type,role,mac,rssi,rate,sig_mode,mcs,bandwidth,smoothing,not_sounding,aggregation,stbc,fec_coding,sgi,noise_floor,ampdu_cnt,channel,secondary_channel,local_timestamp,ant,sig_len,rx_state,real_time_set,real_timestamp,len,CSI_DATA
CSI_DATA,STA,08:3A:F2:51:5D:9D,-42,11,0,0,0,0,0,0,0,0,0,-96,0,6,1,139260,0,34,0,0,0.305864,128,[34 32 2 0 0 0 0 0 0 0 0 0 21 10 21 12 21 12 23 13 21 13 19 13 19 14 17 14 19 15 18 15 20 15 20 16 19 15 18 15 16 15 19 16 16 15 15 15 15 15 15 15 14 14 15 15 13 13 15 13 17 13 16 13 0 0 16 12 16 11 17 11 16 11 15 10 16 10 16 10 15 9 16 9 15 9 17 8 15 7 16 7 16 8 15 7 16 7 17 6 16 6 16 6 15 6 15 6 16 5 15 5 16 4 15 4 15 4 0 0 0 0 0 0 0 0 0 0 ]
CSI_DATA,STA,08:3A:F2:51:5D:9D,-42,11,0,0,0,0,0,0,0,0,0,-96,0,6,1,152844,0,131,0,0,0.319210,128,[-125 48 8 0 0 0 0 0 0 0 0 0 22 -10 22 -9 24 -10 24 -10 24 -9 22 -6 23 -7 22 -5 23 -6 24 -5 25 -6 25 -6 24 -5 23 -5 21 -3 25 -6 22 -3 21 -3 21 -3 20 -3 20 -3 21 -4 18 -2 20 -4 21 -5 20 -5 0 0 19 -6 20 -6 19 -7 18 -7 16 -6 17 -7 18 -7 16 -7 17 -8 17 -7 17 -8 15 -7 16 -8 16 -8 15 -8 15 -9 16 -10 14 -9 14 -9 14 -9 14 -9 14 -10 14 -10 14 -10 13 -9 12 -9 0 0 0 0 0 0 0 0 0 0 ]
CSI_DATA,STA,08:3A:F2:51:5D:9D,-48,11,1,1,1,1,1,0,0,0,0,-96,0,6,1,161580,0,135,0,0,0.327864,384,[-121 112 8 0 0 0 0 0 0 0 0 0 -23 2 -22 2 -25 3 -25 1 -25 1 -22 -1 -24 -1 -22 -1 -23 -1 -24 -2 -25 -3 -26 -2 -25 -3 -24 -4 -22 -5 -25 -2 -21 -3 -22 -4 -21 -3 -21 -4 -21 -4 -22 -4 -19 -5 -21 -4 -23 -4 -20 -2 0 0 -20 -2 -21 -1 -20 0 -20 1 -19 -2 -20 0 -20 -1 -18 1 -19 2 -17 3 -18 3 -17 1 -17 2 -16 3 -17 3 -16 5 -19 5 -15 6 -15 6 -14 6 -16 5 -15 5 -16 6 -15 7 -15 5 -14 6 0 0 0 0 0 0 0 0 0 0 -1 -1 -1 -1 27 1 28 0 26 -3 25 -6 21 6 17 6 20 5 19 7 18 5 17 5 19 3 18 3 19 2 20 3 18 5 20 3 20 2 19 3 16 4 18 -1 18 -3 18 0 15 -3 17 -1 16 0 18 -1 17 -1 17 -2 19 1 17 -2 16 -9 15 -2 16 -2 15 -2 15 -3 14 0 15 -2 14 -2 13 -2 13 -2 13 -2 14 -1 13 0 13 0 11 -1 11 -2 10 -1 11 -2 9 -1 9 -2 9 -1 7 -1 7 -1 7 0 6 0 5 0 6 0 0 0 -1 -1 -1 -1 -1 -1 -1 -1 -1 -1 -1 -1 -1 -1 0 0 0 0 -1 -1 -32 22 -29 19 -32 23 -33 19 -32 21 -32 16 -33 19 -32 16 -34 20 -38 15 -37 13 -39 15 -38 17 -38 13 -34 9 -35 15 -32 16 -35 15 -29 13 -33 12 -31 11 -33 15 -31 11 -32 11 -37 11 -30 13 -25 25 -28 12 -28 14 -26 15 -26 15 -27 12 -25 15 -25 15 -24 16 -23 18 -23 17 -24 19 -23 16 -23 19 -20 17 -18 20 -19 19 -20 22 -16 18 -15 21 -16 21 -14 19 -14 21 -17 21 -17 21 -16 19 -14 18 -4 28 -3 30 -3 28 3 30 -1 -1 ]
CSI_DATA,STA,08:3A:F2:51:5D:9D,-42,11,0,0,0,0,0,0,0,0,0,-96,0,6,1,162445,0,135,0,0,0.338689,128,[-121 112 8 0 0 0 0 0 0 0 0 0 7 -23 8 -23 8 -25 8 -25 9 -24 9 -22 9 -23 10 -21 10 -23 11 -22 11 -24 12 -24 11 -23 11 -22 11 -19 11 -24 11 -19 11 -19 10 -19 10 -19 9 -18 10 -20 10 -17 9 -19 9 -21 8 -20 0 0 7 -19 7 -20 6 -19 6 -20 5 -17 5 -19 4 -19 4 -18 3 -19 4 -18 3 -19 3 -17 3 -18 3 -18 3 -18 2 -18 1 -19 1 -18 1 -18 0 -17 0 -17 0 -18 0 -17 -1 -18 -1 -17 -1 -16 0 0 0 0 0 0 0 0 0 0 ]
CSI_DATA,STA,08:3A:F2:51:5D:9D,-48,11,1,1,1,1,1,0,0,0,0,-96,0,6,1,187523,0,239,0,0,0.354016,384,[-17 -16 14 0 0 0 0 0 0 0 0 0 -10 -18 -10 -17 -11 -19 -10 -21 -10 -20 -8 -18 -8 -20 -7 -19 -7 -20 -7 -20 -6 -22 -7 -22 -6 -21 -5 -21 -4 -19 -6 -22 -4 -19 -4 -19 -4 -18 -4 -18 -4 -18 -4 -19 -2 -18 -4 -18 -4 -20 -5 -17 0 0 -5 -17 -7 -17 -6 -17 -7 -16 -5 -16 -7 -16 -6 -17 -7 -15 -7 -15 -8 -13 -8 -14 -7 -14 -8 -14 -8 -13 -8 -13 -9 -12 -10 -14 -9 -11 -9 -11 -9 -10 -9 -12 -9 -11 -10 -12 -10 -10 -9 -11 -9 -10 0 0 0 0 0 0 0 0 0 0 -1 -1 -1 -1 2 23 4 23 7 23 7 20 -4 18 -3 17 -2 18 -4 18 -1 18 -3 16 -1 17 0 16 1 16 -1 17 -2 17 0 17 1 18 1 16 -1 14 2 15 4 16 1 16 3 15 2 16 1 15 3 15 0 14 3 15 2 16 3 15 9 14 4 15 3 14 3 13 3 13 2 13 3 13 2 12 2 12 2 12 1 11 1 12 1 11 2 11 2 10 1 10 1 9 1 9 0 7 1 8 0 7 0 7 1 6 0 6 0 5 -1 5 0 5 0 0 0 0 -1 -1 -1 -1 -1 -1 -1 -1 -1 -1 0 0 0 0 -1 -1 -1 -1 -27 -19 -25 -19 -28 -21 -27 -23 -28 -23 -24 -24 -26 -26 -23 -24 -26 -23 -22 -27 -22 -28 -23 -28 -24 -29 -22 -28 -17 -26 -21 -26 -23 -26 -21 -26 -20 -24 -20 -26 -18 -25 -20 -23 -15 -24 -18 -25 -19 -28 -19 -23 -28 -16 -20 -24 -20 -20 -19 -19 -19 -19 -19 -21 -21 -19 -20 -19 -21 -18 -21 -17 -19 -16 -22 -16 -20 -17 -22 -16 -22 -14 -21 -12 -21 -12 -24 -12 -19 -11 -21 -10 -22 -11 -21 -9 -21 -10 -22 -12 -21 -9 -21 -10 -22 -10 -25 1 -27 4 -27 2 -26 7 -1 -1 ]
CSI_DATA,STA,08:3A:F2:51:5D:9D,-44,11,0,0,0,0,0,0,0,0,0,-94,0,6,1,1022169,0,37,0,0,1.188805,128,[37 80 2 0 0 0 0 0 0 0 0 0 26 0 26 1 27 2 29 2 26 3 25 4 26 5 24 5 26 5 25 6 27 6 27 6 26 6 25 6 23 7 27 6 23 8 21 8 22 7 22 7 21 7 22 7 19 7 21 5 23 5 22 4 0 0 21 4 22 4 22 3 21 3 19 3 20 2 21 1 19 2 20 0 19 1 21 0 18 0 19 -1 20 0 18 0 19 -1 20 -2 19 -1 18 -1 18 -2 18 -2 18 -2 18 -3 18 -4 17 -3 17 -3 0 0 0 0 0 0 0 0 0 0 ]
CSI_DATA,STA,08:3A:F2:51:5D:9D,-43,11,1,1,0,1,1,0,0,0,0,-94,0,6,1,1033180,0,82,0,0,1.199544,256,[82 -96 4 0 0 0 0 0 0 0 0 0 19 1 19 1 20 1 20 2 19 3 18 3 19 4 18 4 19 4 19 5 19 5 19 5 18 5 18 6 17 6 19 6 16 6 16 6 16 6 16 6 15 6 16 6 15 6 15 5 16 5 15 4 0 0 14 4 15 4 14 3 15 3 14 3 14 3 14 2 13 2 14 1 14 2 14 1 13 1 13 1 13 1 14 1 13 0 14 0 13 0 13 0 13 -1 13 0 13 -1 13 -1 13 -1 12 -1 12 -1 0 0 0 0 0 0 0 0 0 0 -1 -1 -1 -1 0 0 0 0 33 -17 32 -15 33 -7 33 -6 34 -8 35 -6 36 -5 34 -4 35 -3 34 -2 36 -1 34 2 37 0 36 1 34 2 35 1 33 3 34 1 32 2 32 3 30 2 31 2 29 3 30 2 30 3 29 1 29 1 28 0 -1 -1 27 -1 28 -1 25 -1 29 -2 24 -2 26 -3 25 -3 25 -2 25 -4 26 -4 25 -5 24 -5 24 -6 26 -6 23 -7 23 -7 24 -7 22 -8 23 -7 22 -7 23 -8 22 -8 21 -9 22 -8 20 -8 20 -9 16 -15 16 -14 -1 -1 -1 -1 -1 -1 ]
CSI_DATA,STA,08:3A:F2:51:5D:9D,-46,11,1,1,0,1,1,0,0,0,0,-94,0,6,1,1048565,0,110,0,0,1.214854,256,[110 96 6 0 0 0 0 0 0 0 0 0 20 -3 21 -2 21 -2 22 -2 22 -1 21 -1 21 0 20 1 21 1 21 2 21 2 22 2 20 1 20 2 19 2 21 2 19 3 18 3 19 3 18 3 18 2 18 3 17 3 17 2 18 2 17 1 0 0 17 1 16 1 16 1 16 0 15 0 16 -1 15 -1 15 -1 16 -2 15 -1 15 -2 14 -2 15 -2 15 -3 14 -2 15 -3 14 -3 14 -3 14 -3 14 -3 13 -3 14 -4 13 -4 14 -5 13 -5 12 -5 0 0 0 0 0 0 0 0 0 0 -1 -1 -1 -1 -1 -1 0 0 39 -15 36 -11 38 -9 37 -7 40 -8 40 -7 40 -6 38 -5 41 -4 39 -3 41 -2 40 -1 40 0 41 -1 39 0 39 0 37 1 40 -1 37 1 36 2 34 2 36 1 34 1 34 2 33 1 33 0 33 0 32 0 -1 -1 31 -2 31 -2 29 -2 30 -3 27 -2 31 -5 28 -4 28 -5 29 -7 29 -7 29 -7 28 -6 28 -8 27 -8 26 -7 25 -8 26 -9 25 -8 25 -10 25 -9 25 -11 25 -11 24 -11 24 -11 24 -11 23 -12 22 -13 21 -13 -1 -1 -1 -1 -1 -1 ]
CSI_DATA,STA,08:3A:F2:51:5D:9D,-43,11,1,1,0,1,1,0,0,0,0,-94,0,6,1,1049361,0,110,0,0,1.222340,256,[110 96 6 0 0 0 0 0 0 0 0 0 15 11 15 11 16 11 15 12 15 12 13 12 14 13 13 12 14 13 13 14 13 14 14 14 13 14 12 13 11 13 13 14 11 13 11 13 11 13 11 13 10 12 11 13 10 12 10 11 11 11 11 11 0 0 11 10 11 10 11 10 11 9 10 8 11 8 11 8 11 7 12 7 11 8 12 7 11 7 12 6 12 6 11 6 12 6 12 5 11 5 12 5 12 5 11 4 12 4 12 4 12 4 12 4 11 3 0 0 0 0 0 0 0 0 0 0 -1 -1 -1 -1 -1 -1 0 0 37 -4 35 -1 32 9 30 9 34 10 32 11 32 12 30 12 32 12 30 12 32 14 30 15 30 16 32 16 29 15 30 15 28 15 30 15 27 16 27 16 25 15 27 14 25 13 25 14 25 13 26 13 26 13 24 12 -1 -1 24 10 24 9 22 9 25 9 22 8 25 7 23 7 23 6 24 5 24 4 24 5 23 6 24 4 24 5 22 3 21 3 23 1 22 1 23 0 22 1 23 -1 23 0 22 -1 22 0 22 0 22 -1 19 -8 20 -8 -1 -1 -1 -1 -1 -1 ]
CSI_DATA,STA,08:3A:F2:51:5D:9D,-46,11,1,1,0,1,1,0,0,0,0,-94,0,6,1,1057881,0,110,0,0,1.229658,256,[110 96 6 0 0 0 0 0 0 0 0 0 17 -13 18 -12 18 -13 19 -12 19 -11 18 -10 19 -10 19 -9 20 -9 20 -9 20 -10 20 -9 19 -9 19 -9 19 -7 20 -8 19 -7 19 -6 18 -6 18 -6 18 -6 18 -6 16 -5 16 -7 17 -8 16 -7 0 0 15 -7 16 -8 15 -8 15 -7 14 -7 14 -8 14 -8 14 -8 13 -8 13 -8 13 -10 12 -9 12 -10 12 -10 12 -9 12 -10 12 -10 11 -9 11 -9 11 -10 11 -9 11 -10 11 -10 10 -11 10 -11 9 -10 0 0 0 0 0 0 0 0 0 0 -1 -1 -1 -1 -1 -1 0 0 18 -36 18 -34 25 -29 27 -29 28 -29 30 -29 29 -26 29 -26 31 -27 30 -25 32 -24 31 -23 32 -24 33 -25 31 -24 31 -24 32 -21 32 -22 32 -20 31 -18 30 -19 30 -19 29 -18 29 -17 27 -18 27 -20 28 -20 26 -19 -1 -1 25 -19 24 -19 23 -19 24 -19 22 -19 22 -21 21 -19 21 -20 20 -21 20 -22 19 -23 19 -21 18 -23 20 -22 18 -20 17 -21 17 -22 17 -22 15 -22 15 -22 15 -23 15 -22 14 -23 13 -23 13 -23 13 -23 7 -23 7 -25 -1 -1 -1 -1 -1 -1 ]
CSI_DATA,STA,08:3A:F2:51:5D:9D,-46,11,1,1,0,1,1,0,0,0,0,-94,0,6,1,1066725,0,110,0,0,1.237524,256,[110 96 6 0 0 0 0 0 0 0 0 0 8 -5 8 -5 9 -5 8 -5 9 -5 8 -4 8 -4 9 -3 9 -4 9 -3 9 -3 9 -3 9 -3 8 -3 8 -3 9 -3 8 -2 8 -3 8 -2 8 -3 7 -3 8 -2 7 -2 7 -2 7 -3 7 -3 0 0 7 -3 7 -3 6 -3 7 -3 6 -3 6 -3 6 -4 6 -3 6 -4 6 -3 6 -4 5 -3 6 -4 5 -4 5 -4 5 -4 5 -5 5 -4 5 -4 5 -4 5 -5 5 -5 4 -4 4 -5 5 -4 4 -5 0 0 0 0 0 0 0 0 0 0 -1 -1 -1 -1 -1 -1 0 0 4 -17 5 -15 11 -11 11 -13 11 -13 11 -12 11 -13 11 -12 13 -13 12 -10 13 -12 13 -10 13 -11 14 -11 12 -11 12 -11 13 -9 13 -11 12 -9 13 -9 13 -9 13 -9 11 -9 12 -8 11 -8 11 -8 12 -9 11 -9 -1 -1 9 -9 11 -9 10 -8 9 -9 9 -8 8 -10 9 -10 9 -9 8 -10 9 -9 9 -11 8 -10 7 -11 7 -10 7 -10 6 -10 7 -10 7 -10 6 -10 6 -11 7 -11 6 -10 6 -10 5 -11 5 -10 5 -11 1 -12 2 -13 -1 -1 -1 -1 -1 -1 ]
CSI_DATA,STA,08:3A:F2:51:5D:9D,-49,11,1,1,1,1,1,0,0,0,0,-94,0,6,1,1074484,0,110,0,0,1.244773,384,[110 96 6 0 0 0 0 0 0 0 0 0 -20 -6 -19 -5 -21 -6 -22 -8 -21 -8 -18 -8 -19 -8 -18 -8 -19 -9 -19 -10 -20 -11 -20 -11 -19 -11 -18 -11 -17 -11 -20 -11 -16 -10 -17 -10 -16 -9 -16 -10 -16 -10 -17 -10 -15 -10 -16 -10 -17 -11 -16 -8 0 0 -16 -8 -17 -7 -16 -7 -16 -6 -15 -8 -16 -7 -16 -7 -15 -6 -16 -5 -15 -3 -16 -4 -15 -5 -15 -4 -15 -3 -15 -3 -15 -2 -17 -2 -14 0 -14 0 -13 0 -15 -1 -14 -1 -15 -1 -15 0 -14 -1 -13 0 0 0 0 0 0 0 0 0 0 0 -1 -1 -1 -1 18 15 19 15 20 12 19 9 12 15 11 13 12 13 12 14 12 13 10 12 13 12 12 11 14 11 13 12 13 12 13 11 15 11 13 10 11 10 14 8 14 7 14 8 13 6 13 8 12 9 14 7 13 8 14 6 13 9 14 6 16 2 13 6 14 7 13 6 13 5 12 6 12 6 12 5 11 6 11 5 11 5 11 6 10 6 10 5 9 5 9 4 8 4 9 4 7 3 7 3 7 4 6 3 6 3 5 4 5 3 4 3 4 3 0 0 -1 -1 -1 -1 -1 -1 -1 -1 -1 -1 -1 -1 -1 -1 0 0 0 0 -1 -1 -34 4 -33 3 -37 4 -36 1 -37 1 -33 -1 -36 0 -33 -1 -38 -1 -37 -5 -38 -6 -37 -5 -39 -4 -37 -6 -33 -7 -35 -5 -33 -4 -35 -4 -30 -4 -33 -6 -31 -6 -33 -4 -31 -6 -32 -5 -33 -8 -31 -3 -31 6 -30 -4 -30 -2 -29 0 -29 0 -28 -1 -29 0 -28 0 -28 1 -28 3 -26 3 -28 3 -27 1 -27 5 -26 4 -25 7 -24 6 -27 8 -21 7 -21 8 -22 9 -22 8 -22 9 -24 8 -23 8 -22 8 -23 8 -18 17 -18 20 -17 19 -15 22 -1 -1 ]
CSI_DATA,STA,08:3A:F2:51:5D:9D,-49,11,1,1,1,1,1,0,0,0,0,-94,0,6,1,1085254,0,110,0,0,1.255769,384,[110 96 6 0 0 0 0 0 0 0 0 0 -5 22 -6 21 -6 22 -8 23 -8 22 -8 20 -9 21 -9 19 -10 21 -10 20 -11 22 -11 22 -11 21 -12 21 -12 18 -12 21 -11 18 -12 18 -11 18 -11 17 -12 17 -11 18 -11 15 -10 17 -11 19 -9 17 0 0 -10 17 -8 18 -8 18 -7 17 -9 16 -7 17 -8 17 -6 16 -6 17 -4 16 -4 17 -5 16 -4 16 -3 16 -4 16 -2 16 -3 18 -1 15 -1 16 0 15 -2 16 -1 15 -1 16 1 15 -1 15 0 14 0 0 0 0 0 0 0 0 0 0 -1 -1 -1 -1 11 -25 11 -26 7 -27 7 -25 15 -15 13 -14 12 -16 13 -15 12 -15 12 -13 11 -16 10 -15 11 -17 10 -16 12 -16 9 -16 9 -18 9 -17 9 -14 8 -16 6 -17 7 -17 5 -15 7 -15 7 -14 6 -15 7 -16 5 -17 7 -16 5 -17 -2 -19 6 -15 5 -16 5 -14 5 -15 5 -14 5 -15 5 -14 4 -14 5 -13 5 -13 5 -13 5 -12 4 -12 4 -11 4 -11 4 -10 3 -11 4 -9 3 -9 3 -8 3 -8 2 -7 2 -7 2 -6 3 -6 3 -6 -1 -1 -1 -1 -1 -1 -1 -1 -1 -1 -1 -1 -1 -1 -1 -1 -1 -1 0 0 0 0 10 33 8 32 9 34 6 35 7 37 4 32 5 36 4 33 5 38 2 37 0 39 2 37 4 39 1 38 -2 34 0 35 1 33 1 35 0 30 -2 33 -2 31 1 33 -1 31 0 32 -2 34 2 31 16 32 1 30 2 30 3 29 4 28 4 28 4 28 3 28 5 26 6 28 6 25 8 27 6 27 9 26 8 25 11 23 10 23 12 25 9 21 11 20 12 21 10 20 12 20 12 22 12 21 11 20 12 22 24 14 28 13 26 13 27 10 -1 -1 ]
CSI_DATA,STA,08:3A:F2:51:5D:9D,-50,11,1,1,1,1,1,0,0,0,0,-94,0,6,1,1094473,0,110,0,0,1.266723,384,[110 96 6 0 0 0 0 0 0 0 0 0 -12 -19 -12 -19 -13 -20 -12 -23 -11 -22 -9 -20 -9 -21 -8 -20 -8 -22 -8 -22 -8 -23 -8 -24 -8 -23 -7 -23 -5 -22 -8 -23 -6 -21 -5 -21 -6 -20 -5 -20 -5 -20 -6 -21 -3 -19 -5 -20 -5 -22 -6 -19 0 0 -6 -19 -8 -18 -8 -19 -8 -17 -6 -18 -7 -18 -7 -18 -8 -16 -8 -16 -9 -14 -10 -15 -8 -15 -9 -15 -10 -14 -9 -14 -11 -13 -11 -15 -11 -12 -10 -12 -11 -11 -10 -13 -11 -12 -11 -13 -12 -11 -10 -12 -10 -10 0 0 0 0 0 0 0 0 0 0 -1 -1 -1 -1 3 26 5 26 8 26 6 23 -4 20 -3 19 -2 20 -3 21 -2 20 -2 18 -1 19 0 18 0 19 0 19 -1 19 1 19 3 20 2 19 0 17 2 18 4 17 3 17 4 15 2 17 1 17 3 16 2 17 5 16 3 17 4 16 10 14 4 17 4 16 5 15 4 15 3 15 3 15 3 14 3 14 2 14 3 13 2 13 2 13 3 12 2 12 2 10 2 10 2 10 1 9 1 8 1 8 1 7 1 8 1 7 1 6 0 6 0 6 -1 -1 -1 -1 -1 -1 -1 -1 -1 -1 -1 -1 -1 -1 -1 -1 -1 -1 0 0 0 0 -31 -21 -30 -21 -32 -22 -31 -25 -31 -26 -27 -25 -29 -27 -27 -25 -30 -29 -26 -29 -27 -31 -28 -29 -30 -29 -28 -30 -23 -29 -24 -29 -25 -27 -24 -29 -22 -26 -22 -29 -21 -28 -23 -27 -20 -26 -22 -26 -21 -30 -23 -24 -33 -16 -22 -26 -22 -23 -23 -22 -22 -21 -23 -22 -23 -22 -22 -22 -24 -20 -24 -20 -23 -16 -25 -17 -23 -18 -26 -16 -25 -16 -24 -13 -25 -13 -27 -14 -23 -11 -23 -11 -25 -11 -23 -11 -25 -10 -25 -11 -25 -10 -24 -9 -25 -10 -27 0 -31 5 -31 3 -28 7 -1 -1 ]
CSI_DATA,STA,08:3A:F2:51:5D:9D,-49,11,1,1,1,1,1,0,0,0,0,-94,0,6,1,1119882,0,110,0,0,1.286233,384,[110 96 6 0 0 0 0 0 0 0 0 0 1 22 1 22 2 23 -1 25 -1 24 -2 22 -2 23 -3 21 -3 23 -4 22 -5 24 -4 24 -5 23 -5 23 -7 21 -5 24 -5 20 -6 20 -5 20 -6 20 -6 19 -6 20 -7 17 -5 19 -6 21 -4 19 0 0 -4 20 -3 19 -3 20 -2 18 -4 18 -2 18 -3 19 -1 17 -1 18 0 16 1 17 -1 16 0 17 2 16 1 16 3 16 2 17 3 15 3 15 4 14 2 15 3 15 3 15 5 14 3 15 4 13 0 0 0 0 0 0 0 0 0 0 -1 -1 -1 -1 8 -26 7 -26 4 -29 4 -25 12 -17 11 -17 10 -19 11 -19 10 -18 10 -16 9 -18 8 -17 8 -19 8 -18 9 -18 7 -19 7 -20 6 -19 7 -17 6 -18 4 -19 5 -18 3 -17 5 -17 5 -17 4 -17 5 -17 2 -18 5 -18 3 -18 -4 -19 3 -18 3 -17 2 -17 2 -16 3 -16 3 -16 2 -15 2 -15 3 -15 3 -14 4 -14 3 -14 2 -13 3 -13 2 -12 3 -11 2 -12 3 -10 2 -10 2 -9 2 -9 1 -8 1 -7 1 -8 2 -7 2 -7 -1 -1 -1 -1 -1 -1 -1 -1 -1 -1 -1 -1 -1 -1 -1 -1 -1 -1 -1 -1 0 0 17 32 16 32 17 34 15 36 14 36 12 33 13 36 12 33 13 38 9 37 9 39 10 38 12 39 9 38 5 36 7 36 9 35 7 36 7 32 5 34 5 32 7 34 6 32 7 33 5 35 8 31 21 29 7 31 8 30 9 30 9 28 10 28 10 29 9 28 12 27 12 27 11 24 13 26 12 26 15 24 14 25 15 21 15 22 17 24 14 20 15 19 16 19 15 19 17 18 16 20 17 19 15 19 17 20 24 11 29 11 28 9 29 6 -1 -1 ]
CSI_DATA,STA,08:3A:F2:51:5D:9D,-49,11,1,1,1,1,1,0,0,0,0,-94,0,6,1,1122695,0,110,0,0,1.297007,384,[110 96 6 0 0 0 0 0 0 0 0 0 -20 -11 -20 -12 -21 -12 -21 -15 -20 -14 -18 -14 -18 -15 -17 -15 -17 -16 -17 -16 -18 -17 -19 -17 -18 -17 -17 -18 -15 -18 -18 -18 -15 -17 -14 -17 -14 -16 -14 -16 -13 -17 -14 -17 -11 -16 -14 -16 -15 -17 -14 -14 0 0 -15 -15 -15 -13 -15 -14 -15 -12 -13 -14 -14 -14 -14 -14 -14 -12 -15 -12 -14 -9 -16 -9 -14 -10 -15 -10 -15 -9 -15 -9 -16 -8 -17 -9 -15 -6 -15 -7 -14 -6 -15 -8 -15 -7 -15 -7 -16 -5 -15 -7 -14 -5 0 0 0 0 0 0 0 0 0 0 -1 -1 -1 -1 13 23 15 22 18 20 16 17 5 20 6 19 7 19 6 20 6 19 6 17 8 18 8 16 9 17 8 17 7 18 9 16 11 18 9 16 7 16 9 15 11 14 10 15 10 13 9 15 8 15 9 14 8 14 11 13 10 15 11 13 15 8 10 13 9 13 10 12 10 11 9 12 8 12 8 11 8 11 8 11 8 10 8 11 7 11 7 10 6 10 6 8 6 8 6 9 4 7 5 7 4 7 4 6 4 6 3 6 3 5 3 5 3 5 -1 -1 -1 -1 -1 -1 -1 -1 -1 -1 -1 -1 -1 -1 -1 -1 -1 -1 -1 -1 0 0 -37 -4 -37 -6 -39 -6 -39 -8 -39 -9 -36 -10 -39 -10 -35 -10 -40 -11 -37 -14 -39 -16 -38 -13 -41 -13 -39 -15 -34 -17 -35 -15 -35 -13 -35 -15 -32 -13 -32 -16 -31 -15 -33 -15 -30 -15 -33 -14 -33 -17 -32 -12 -36 0 -31 -13 -31 -12 -31 -10 -30 -9 -31 -10 -30 -9 -30 -10 -29 -8 -31 -7 -29 -5 -30 -5 -29 -7 -30 -3 -29 -4 -28 -1 -28 -1 -31 -1 -26 0 -26 1 -27 1 -25 0 -26 1 -27 0 -28 1 -26 0 -27 1 -25 13 -26 16 -26 15 -23 18 -1 -1 ]
CSI_DATA,STA,08:3A:F2:51:5D:9D,-49,11,1,1,1,1,1,0,0,0,0,-94,0,6,1,1135019,0,110,0,0,1.309173,384,[110 96 6 0 0 0 0 0 0 0 0 0 17 9 16 8 19 9 18 10 18 11 15 10 17 11 15 11 16 11 16 13 16 14 16 14 15 14 15 14 13 13 17 14 13 12 13 13 13 12 13 12 12 12 13 12 11 12 12 12 13 13 13 11 0 0 13 11 14 10 14 10 14 8 12 9 14 9 13 10 13 8 14 8 13 6 14 6 12 7 13 7 13 5 13 5 13 4 15 5 12 3 13 3 12 2 13 3 13 3 14 4 13 2 13 4 12 2 0 0 0 0 0 0 0 0 0 0 -1 -1 -1 -1 -19 -17 -19 -18 -21 -14 -19 -11 -10 -17 -9 -15 -11 -16 -10 -16 -11 -15 -9 -14 -11 -14 -10 -13 -12 -14 -11 -15 -11 -15 -12 -13 -14 -14 -12 -14 -10 -13 -12 -12 -13 -10 -13 -11 -12 -9 -12 -11 -11 -12 -12 -10 -12 -11 -14 -9 -13 -12 -13 -10 -16 -4 -12 -10 -12 -9 -12 -8 -13 -8 -12 -9 -12 -9 -11 -9 -11 -8 -11 -8 -10 -8 -10 -8 -9 -9 -9 -8 -9 -8 -9 -6 -8 -6 -9 -7 -7 -5 -7 -5 -7 -6 -6 -5 -6 -5 -5 -5 -5 -5 -5 -5 -5 -4 -1 -1 -1 -1 -1 -1 -1 -1 -1 -1 -1 -1 -1 -1 -1 -1 -1 -1 -1 -1 0 0 31 -2 30 0 34 -2 33 1 35 1 30 3 34 3 30 4 35 3 34 8 34 9 34 8 35 7 34 8 29 9 32 7 30 6 32 7 27 6 29 8 28 8 29 6 27 8 29 7 29 11 28 6 31 -5 27 6 27 4 26 3 26 2 25 3 27 2 25 3 25 0 27 -1 25 0 26 -1 25 1 25 -2 24 -1 23 -5 22 -4 25 -6 20 -4 21 -6 22 -6 20 -6 21 -7 23 -6 22 -6 21 -6 22 -6 18 -16 19 -20 18 -19 15 -22 -1 -1 ]
CSI_DATA,STA,08:3A:F2:51:5D:9D,-50,11,1,1,1,1,1,0,0,0,0,-94,0,6,1,1147244,0,110,0,0,1.320351,384,[110 96 6 0 0 0 0 0 0 0 0 0 -23 3 -22 3 -24 4 -25 1 -25 1 -22 0 -24 0 -22 -1 -23 -2 -24 -2 -25 -3 -25 -2 -25 -3 -24 -4 -22 -5 -25 -3 -22 -4 -22 -4 -21 -4 -21 -4 -21 -5 -21 -4 -19 -5 -21 -4 -22 -4 -20 -3 0 0 -20 -3 -20 -1 -20 -1 -19 0 -19 -3 -19 -1 -20 -2 -18 -1 -19 0 -17 2 -18 2 -17 0 -18 1 -17 2 -17 2 -17 3 -19 4 -15 4 -16 4 -14 5 -16 4 -16 3 -16 4 -15 5 -15 3 -14 5 0 0 0 0 0 0 0 0 0 0 -1 -1 -1 -1 27 4 27 4 26 1 24 -1 18 10 16 9 18 8 17 9 17 8 15 7 17 6 16 5 18 5 18 7 18 8 17 5 19 5 18 6 15 6 17 3 17 2 17 3 15 2 16 3 15 4 17 3 16 3 17 1 17 4 16 1 18 -5 16 1 15 2 15 1 15 1 14 2 15 2 14 2 13 2 13 2 13 1 13 2 12 3 12 2 11 2 10 1 10 2 10 1 8 1 8 0 8 2 7 1 7 1 6 2 6 2 5 1 5 1 0 0 0 0 -1 -1 -1 -1 -1 -1 -1 -1 -1 -1 0 0 0 0 -1 -1 -1 -1 -30 21 -29 19 -32 22 -33 19 -34 19 -31 15 -34 18 -31 16 -35 18 -36 14 -38 13 -37 14 -38 16 -38 13 -35 9 -35 12 -33 12 -34 13 -30 10 -34 9 -31 9 -32 12 -32 9 -33 10 -35 9 -31 12 -27 24 -30 10 -29 11 -28 12 -27 13 -27 12 -27 13 -27 12 -25 14 -26 15 -24 15 -25 15 -26 14 -24 16 -23 15 -20 18 -20 16 -23 20 -18 16 -17 17 -17 18 -17 17 -17 18 -19 18 -19 18 -18 17 -19 18 -8 27 -7 30 -7 28 -2 30 -1 -1 ]
CSI_DATA,STA,08:3A:F2:51:5D:9D,-44,11,0,0,0,0,0,0,0,0,0,-94,0,6,1,1164174,0,37,0,0,1.331934,128,[37 80 2 0 0 0 0 0 0 0 0 0 16 17 15 18 16 18 17 20 15 19 13 19 13 20 12 19 13 20 12 20 14 21 14 22 13 21 12 20 10 20 13 21 10 20 9 19 9 19 9 19 9 18 10 19 8 17 11 17 12 18 11 17 0 0 11 16 12 16 12 16 12 15 11 14 12 14 12 14 11 13 13 13 11 13 13 13 12 12 13 11 13 12 12 12 13 12 14 11 13 11 12 11 13 10 12 10 13 10 13 9 14 9 13 9 12 9 0 0 0 0 0 0 0 0 0 0 ]
CSI_DATA,STA,08:3A:F2:51:5D:9D,-49,11,1,1,1,1,1,0,0,0,0,-94,0,6,1,1164865,0,110,0,0,1.335826,384,[110 96 6 0 0 0 0 0 0 0 0 0 -22 7 -21 7 -23 8 -25 6 -25 6 -22 4 -23 4 -22 3 -23 3 -24 2 -25 2 -25 2 -25 1 -25 0 -23 -1 -25 2 -22 0 -22 0 -21 0 -21 0 -21 -1 -22 0 -20 -2 -21 0 -23 -1 -20 1 0 0 -21 1 -20 2 -20 2 -19 3 -19 1 -19 2 -20 2 -18 3 -18 4 -16 5 -17 5 -17 3 -17 4 -16 5 -16 5 -16 7 -18 7 -14 7 -15 7 -13 7 -15 6 -15 6 -15 7 -14 8 -15 6 -13 7 0 0 0 0 0 0 0 0 0 0 -1 -1 -1 -1 26 2 27 1 26 -1 25 -3 19 8 18 7 19 6 19 7 19 6 17 5 19 4 17 4 19 3 19 5 19 5 18 3 20 2 19 3 17 4 18 1 17 -1 18 1 16 -1 17 2 16 3 17 1 17 2 17 -1 18 2 17 -1 17 -8 16 0 16 0 15 -1 16 -1 15 0 15 0 14 0 14 0 14 0 13 0 13 1 13 1 12 1 11 1 11 -1 10 0 10 0 9 0 9 0 8 1 8 0 7 0 7 0 6 1 5 0 6 0 0 0 0 0 -1 -1 -1 -1 -1 -1 -1 -1 -1 -1 0 0 0 0 -1 -1 -1 -1 -27 26 -27 24 -29 27 -30 24 -32 25 -29 21 -32 23 -30 20 -33 24 -35 19 -37 19 -35 20 -36 21 -36 19 -33 14 -33 17 -31 17 -34 18 -29 15 -33 15 -31 13 -31 16 -31 13 -32 16 -34 13 -29 16 -23 28 -29 14 -28 16 -27 16 -26 17 -26 16 -26 17 -27 16 -24 17 -24 19 -22 19 -23 19 -23 17 -21 20 -22 19 -18 21 -18 20 -20 23 -16 19 -15 19 -16 21 -15 19 -16 20 -17 21 -16 21 -16 20 -16 21 -5 28 -4 30 -4 28 1 30 -1 -1 ]
CSI_DATA,STA,08:3A:F2:51:5D:9D,-49,11,1,1,1,1,1,0,0,0,0,-94,0,6,1,1171673,0,110,0,0,1.346777,384,[110 96 6 0 0 0 0 0 0 0 0 0 -14 -19 -13 -18 -15 -20 -14 -22 -13 -21 -11 -20 -11 -21 -10 -20 -10 -21 -10 -22 -9 -23 -10 -24 -9 -23 -8 -23 -6 -22 -10 -24 -7 -21 -7 -21 -7 -20 -7 -20 -6 -20 -7 -21 -5 -19 -6 -20 -7 -22 -7 -19 0 0 -8 -19 -9 -19 -9 -18 -10 -17 -7 -18 -9 -18 -9 -18 -9 -16 -10 -16 -10 -14 -11 -15 -9 -15 -10 -15 -10 -14 -11 -14 -12 -13 -13 -15 -12 -11 -12 -11 -11 -10 -11 -12 -12 -12 -12 -12 -13 -11 -11 -12 -11 -10 0 0 0 0 0 0 0 0 0 0 -1 -1 -1 -1 0 27 0 28 3 27 5 23 -5 22 -4 20 -3 22 -4 22 -2 21 -3 18 -1 20 -1 19 0 21 -1 21 -2 21 0 20 1 21 0 20 -1 18 2 19 3 18 2 19 4 17 2 18 1 17 3 18 1 18 4 18 1 19 4 17 8 16 3 16 3 17 4 16 4 16 2 15 3 16 3 15 2 14 3 14 2 14 2 14 1 14 1 13 1 12 2 11 1 10 2 12 1 9 2 9 1 9 1 8 1 8 0 8 0 7 0 6 0 6 0 0 0 0 -1 -1 -1 -1 -1 -1 -1 -1 -1 -1 0 0 0 0 -1 -1 -1 -1 -32 -23 -31 -23 -34 -24 -32 -26 -33 -27 -28 -26 -31 -29 -28 -27 -32 -30 -28 -33 -27 -35 -28 -33 -30 -34 -27 -34 -22 -32 -26 -31 -25 -29 -26 -32 -23 -27 -23 -31 -21 -29 -25 -29 -21 -30 -23 -30 -21 -34 -23 -27 -30 -20 -22 -26 -23 -26 -24 -24 -24 -23 -23 -24 -25 -23 -23 -23 -25 -21 -26 -20 -24 -19 -26 -20 -23 -21 -26 -18 -24 -18 -26 -14 -26 -14 -29 -16 -24 -12 -25 -11 -26 -11 -24 -11 -26 -11 -27 -13 -27 -13 -24 -12 -26 -12 -28 -2 -31 0 -29 -1 -30 4 -1 -1 ]
CSI_DATA,STA,08:3A:F2:51:5D:9D,-49,11,1,1,1,1,1,0,0,0,0,-94,0,6,1,1183069,0,110,0,0,1.358671,384,[110 96 6 0 0 0 0 0 0 0 0 0 -15 -17 -15 -17 -17 -19 -16 -21 -15 -20 -12 -19 -13 -20 -12 -19 -12 -20 -12 -21 -12 -22 -13 -22 -12 -22 -11 -22 -9 -21 -12 -22 -10 -20 -9 -20 -10 -19 -9 -19 -8 -20 -9 -20 -7 -18 -10 -19 -10 -21 -10 -17 0 0 -10 -18 -11 -17 -11 -17 -12 -16 -10 -16 -11 -16 -11 -17 -11 -14 -12 -15 -12 -12 -13 -13 -12 -13 -12 -13 -13 -12 -12 -12 -14 -11 -15 -12 -13 -9 -13 -10 -13 -8 -13 -10 -13 -10 -14 -10 -15 -8 -13 -9 -13 -8 0 0 0 0 0 0 0 0 0 0 -1 -1 -1 -1 14 22 15 23 18 20 17 17 4 19 4 18 5 19 4 19 6 18 4 16 7 17 6 15 8 16 7 17 6 18 7 16 9 17 8 16 6 15 9 14 10 12 9 14 9 12 9 13 8 13 9 13 8 14 11 12 9 14 10 13 16 8 9 12 9 12 9 11 9 11 9 11 9 11 8 10 8 10 7 10 8 10 7 10 7 10 7 9 6 9 7 7 5 8 7 8 4 6 5 6 4 6 4 5 4 5 4 5 3 5 2 4 2 4 0 0 -1 -1 -1 -1 -1 -1 -1 -1 -1 -1 -1 -1 -1 -1 0 0 0 0 -1 -1 -34 -12 -32 -13 -35 -14 -34 -16 -35 -16 -30 -16 -34 -17 -31 -16 -35 -18 -33 -21 -33 -23 -33 -21 -35 -21 -33 -21 -27 -21 -30 -21 -29 -19 -31 -19 -26 -18 -28 -20 -26 -19 -29 -18 -27 -19 -28 -19 -29 -22 -28 -16 -36 -5 -26 -17 -27 -15 -27 -14 -27 -13 -27 -13 -28 -13 -26 -13 -27 -11 -28 -10 -27 -9 -28 -9 -27 -10 -28 -7 -27 -8 -26 -4 -26 -5 -29 -4 -24 -4 -24 -2 -25 -1 -23 -2 -25 -1 -27 -2 -27 -2 -25 -2 -25 -2 -26 12 -27 16 -26 14 -24 19 -1 -1 ]
CSI_DATA,STA,08:3A:F2:51:5D:9D,-50,11,1,1,1,1,1,0,0,0,0,-94,0,6,1,1195889,0,110,0,0,1.370194,384,[110 96 6 0 0 0 0 0 0 0 0 0 -19 -12 -19 -12 -21 -13 -21 -15 -20 -15 -17 -14 -18 -15 -17 -15 -17 -16 -17 -16 -18 -17 -18 -17 -17 -18 -17 -18 -14 -17 -17 -18 -14 -17 -14 -17 -14 -16 -14 -16 -13 -16 -14 -16 -12 -16 -14 -16 -15 -17 -14 -14 0 0 -14 -14 -15 -13 -15 -13 -15 -12 -13 -13 -14 -13 -15 -13 -14 -11 -14 -11 -14 -8 -15 -9 -14 -10 -15 -10 -15 -8 -15 -9 -15 -7 -17 -9 -15 -6 -15 -6 -14 -5 -15 -7 -15 -6 -16 -7 -16 -5 -15 -6 -14 -5 0 0 0 0 0 0 0 0 0 0 -1 -1 -1 -1 13 23 14 23 18 21 15 18 5 20 6 19 7 19 6 20 7 18 6 17 8 18 8 16 9 17 8 17 8 18 9 16 11 17 9 17 8 15 9 15 11 13 10 15 10 13 9 14 9 15 10 14 9 14 12 13 10 15 11 13 15 9 11 13 10 12 11 11 10 11 9 12 10 11 8 11 8 11 8 11 8 10 8 11 7 11 8 10 7 9 7 8 6 8 6 9 5 7 4 6 5 7 4 6 4 6 3 6 3 6 2 4 2 5 0 0 -1 -1 -1 -1 -1 -1 -1 -1 -1 -1 -1 -1 -1 -1 0 0 0 0 -1 -1 -37 -6 -37 -7 -39 -8 -40 -10 -39 -11 -36 -11 -38 -12 -35 -12 -39 -13 -37 -16 -38 -17 -38 -15 -40 -16 -39 -17 -34 -18 -34 -17 -34 -15 -34 -16 -32 -14 -33 -17 -31 -16 -33 -15 -29 -16 -32 -15 -32 -19 -31 -13 -36 -3 -31 -14 -30 -12 -31 -10 -30 -10 -31 -11 -30 -10 -30 -10 -30 -8 -31 -7 -29 -5 -30 -5 -29 -7 -30 -4 -30 -5 -28 -1 -29 -2 -31 -2 -27 -1 -25 0 -27 1 -26 0 -27 1 -28 0 -28 1 -26 1 -28 1 -24 11 -26 17 -26 15 -24 16 -1 -1 ]
CSI_DATA,STA,08:3A:F2:51:5D:9D,-46,11,1,1,0,1,1,0,0,0,0,-94,0,6,1,1217199,0,110,0,0,1.383597,256,[110 96 6 0 0 0 0 0 0 0 0 0 19 -14 19 -13 20 -14 20 -14 21 -13 19 -12 21 -12 20 -11 21 -12 22 -11 22 -11 22 -11 21 -10 21 -10 20 -8 22 -11 20 -8 21 -9 19 -9 19 -9 18 -8 19 -9 18 -8 18 -9 18 -10 17 -9 0 0 16 -10 17 -10 16 -10 16 -11 14 -10 14 -11 15 -11 13 -11 13 -12 13 -11 13 -12 12 -11 12 -12 12 -12 12 -13 11 -12 12 -13 11 -13 10 -13 10 -13 10 -13 10 -14 10 -14 9 -14 8 -14 8 -13 0 0 0 0 0 0 0 0 0 0 -1 -1 -1 -1 -1 -1 -1 -1 5 -46 8 -42 21 -35 22 -34 23 -35 24 -36 24 -34 23 -32 25 -35 25 -32 26 -33 28 -32 27 -33 29 -34 26 -31 27 -31 28 -27 27 -31 28 -28 28 -28 24 -26 26 -28 24 -26 24 -26 24 -26 24 -28 24 -28 22 -26 -1 -1 20 -26 19 -27 18 -26 19 -27 16 -25 16 -27 16 -27 15 -27 14 -28 13 -30 12 -29 12 -27 11 -28 13 -27 11 -28 9 -26 10 -29 9 -28 8 -27 7 -27 7 -28 7 -28 5 -28 5 -28 5 -27 5 -27 -6 -29 -6 -28 -1 -1 -1 -1 -1 -1 ]
CSI_DATA,STA,08:3A:F2:51:5D:9D,-46,11,1,1,0,1,1,0,0,0,0,-94,0,6,1,1263138,0,110,0,0,1.429564,256,[110 96 6 0 0 0 0 0 0 0 0 0 -13 -19 -12 -19 -12 -20 -13 -21 -11 -20 -10 -19 -11 -20 -9 -20 -10 -20 -9 -21 -9 -21 -9 -22 -8 -20 -8 -20 -7 -20 -9 -21 -7 -20 -7 -20 -7 -19 -7 -19 -7 -18 -7 -19 -6 -18 -7 -17 -8 -18 -8 -17 0 0 -8 -16 -9 -17 -9 -16 -9 -16 -8 -15 -9 -15 -10 -14 -9 -14 -10 -14 -10 -14 -10 -13 -9 -13 -10 -13 -10 -13 -10 -12 -10 -12 -12 -12 -11 -11 -11 -11 -11 -11 -11 -11 -11 -11 -11 -10 -12 -10 -11 -10 -11 -10 0 0 0 0 0 0 0 0 0 0 -1 -1 -1 -1 -1 -1 -1 -1 -39 -14 -35 -15 -30 -25 -30 -26 -30 -28 -30 -29 -28 -28 -27 -29 -29 -31 -26 -30 -26 -31 -24 -31 -26 -31 -27 -33 -26 -30 -26 -31 -23 -31 -25 -31 -23 -32 -20 -30 -21 -30 -21 -29 -20 -28 -21 -29 -19 -27 -21 -27 -22 -27 -22 -26 -1 -1 -22 -24 -22 -23 -21 -22 -22 -22 -21 -22 -23 -21 -22 -21 -22 -21 -24 -19 -25 -19 -25 -17 -23 -18 -24 -17 -24 -18 -23 -16 -23 -15 -25 -15 -24 -15 -24 -14 -25 -14 -25 -13 -23 -13 -24 -12 -25 -11 -24 -11 -24 -11 -25 -4 -26 -2 -1 -1 -1 -1 -1 -1 ]
CSI_DATA,STA,08:3A:F2:51:5D:9D,-45,11,1,1,0,1,1,0,0,0,0,-94,0,6,1,1263637,0,110,0,0,1.438273,256,[110 96 6 0 0 0 0 0 0 0 0 0 1 -10 2 -10 2 -10 2 -10 2 -9 3 -9 3 -10 3 -9 3 -9 3 -10 3 -10 3 -10 4 -9 4 -9 4 -8 3 -9 3 -8 3 -8 3 -8 3 -8 3 -8 3 -8 3 -8 3 -8 3 -8 3 -8 0 0 2 -7 2 -8 2 -8 1 -8 2 -8 1 -8 1 -8 1 -7 1 -7 1 -8 1 -7 0 -7 0 -7 0 -7 0 -8 0 -7 0 -8 0 -7 0 -7 -1 -7 0 -7 0 -7 -1 -7 -1 -7 0 -7 -1 -6 0 0 0 0 0 0 0 0 0 0 -1 -1 -1 -1 -1 -1 -1 -1 1 -18 0 -19 2 -18 2 -19 4 -19 3 -20 4 -17 5 -17 4 -18 5 -18 6 -18 5 -17 5 -17 5 -18 5 -17 7 -17 6 -16 5 -17 6 -16 6 -15 5 -15 5 -16 6 -15 4 -14 5 -15 4 -16 4 -15 4 -15 -1 -1 4 -14 2 -15 2 -14 2 -14 2 -14 2 -15 1 -14 1 -14 1 -14 0 -14 0 -14 1 -13 1 -13 0 -15 0 -12 0 -13 -2 -13 -1 -12 -1 -14 -1 -12 -2 -13 -1 -14 -2 -12 -2 -13 -2 -13 -2 -13 -2 -9 -2 -11 -1 -1 -1 -1 -1 -1 ]
CSI_DATA,STA,08:3A:F2:51:5D:9D,-45,11,1,1,0,1,1,0,0,0,0,-94,0,6,1,1267961,0,110,0,0,1.445047,256,[110 96 6 0 0 0 0 0 0 0 0 0 4 -11 5 -10 5 -11 5 -11 6 -11 6 -10 6 -10 5 -9 6 -11 6 -10 7 -10 7 -10 7 -10 7 -10 6 -9 7 -10 7 -8 7 -9 6 -9 5 -8 5 -9 6 -8 5 -8 5 -8 5 -9 5 -8 0 0 5 -8 4 -8 5 -8 4 -9 3 -8 3 -9 3 -8 2 -8 3 -9 3 -8 3 -9 3 -9 2 -9 2 -9 2 -8 2 -8 1 -8 2 -8 1 -8 1 -8 1 -7 0 -9 1 -8 0 -9 0 -9 0 -8 0 0 0 0 0 0 0 0 0 0 -1 -1 -1 -1 -1 -1 -1 -1 -2 -12 -1 -10 2 -10 2 -10 2 -11 2 -11 2 -11 3 -10 3 -12 3 -9 3 -11 4 -11 4 -11 5 -11 4 -11 4 -11 4 -9 4 -11 4 -9 4 -9 4 -9 4 -9 3 -9 4 -9 4 -8 3 -9 3 -9 3 -9 -1 -1 2 -9 2 -9 2 -8 1 -8 2 -7 1 -9 1 -8 1 -8 0 -8 1 -9 1 -9 0 -8 0 -8 0 -8 0 -8 0 -8 0 -8 0 -8 -1 -7 -1 -8 0 -7 -1 -7 -1 -9 -2 -8 -1 -7 -2 -7 -3 -7 -4 -7 -1 -1 -1 -1 -1 -1 ]
CSI_DATA,STA,08:3A:F2:51:5D:9D,-45,11,1,1,0,1,1,0,0,0,0,-94,0,6,1,1268433,0,110,0,0,1.451549,256,[110 96 6 0 0 0 0 0 0 0 0 0 8 -5 8 -5 9 -6 8 -5 9 -4 8 -4 8 -3 9 -4 9 -4 8 -3 9 -3 10 -3 8 -3 9 -3 8 -3 9 -2 8 -2 8 -2 8 -2 7 -3 8 -3 8 -2 7 -2 7 -2 7 -2 7 -2 0 0 7 -3 6 -3 6 -3 6 -3 6 -3 7 -4 6 -3 6 -4 7 -4 6 -3 6 -3 6 -3 6 -4 6 -4 6 -4 6 -4 5 -4 5 -4 4 -5 5 -4 4 -4 5 -5 5 -4 5 -4 5 -5 4 -5 0 0 0 0 0 0 0 0 0 0 -1 -1 -1 -1 -1 -1 -1 -1 7 -17 7 -15 12 -12 11 -11 13 -13 12 -12 13 -13 12 -11 13 -12 13 -11 13 -11 14 -10 14 -10 16 -10 14 -9 15 -11 12 -9 14 -10 13 -9 13 -8 13 -8 13 -9 12 -8 12 -8 12 -8 12 -8 12 -8 12 -7 -1 -1 11 -8 10 -9 10 -7 10 -9 10 -7 10 -9 10 -9 9 -9 10 -9 9 -9 10 -10 9 -9 8 -10 9 -10 8 -9 8 -9 7 -10 7 -9 6 -10 8 -10 6 -10 7 -10 7 -10 7 -10 6 -10 5 -10 5 -10 5 -11 -1 -1 -1 -1 -1 -1 ]
CSI_DATA,STA,08:3A:F2:51:5D:9D,-45,11,1,1,0,1,1,0,0,0,0,-94,0,6,1,1268797,0,110,0,0,1.458220,256,[110 96 6 0 0 0 0 0 0 0 0 0 5 7 4 7 5 7 5 7 5 8 4 7 4 8 4 8 4 8 4 9 4 8 4 8 4 8 3 8 3 7 4 8 3 7 3 8 3 7 2 7 3 7 3 8 2 6 3 7 3 7 3 7 0 0 4 6 4 6 4 6 3 6 3 5 4 5 4 5 3 5 5 5 4 6 4 5 4 4 4 4 4 4 5 4 4 4 5 4 4 4 4 4 5 3 4 4 5 3 5 3 5 3 4 3 4 3 0 0 0 0 0 0 0 0 0 0 -1 -1 -1 -1 -1 -1 -1 -1 16 5 15 4 12 9 13 9 13 9 13 9 13 10 12 9 13 10 11 11 12 11 10 12 11 12 12 12 11 12 10 12 10 11 12 11 10 11 9 11 9 10 9 10 8 10 9 10 8 9 10 10 9 9 9 10 -1 -1 10 8 9 8 9 8 10 7 9 7 11 6 9 6 9 6 10 6 11 7 10 6 10 6 11 5 10 5 10 5 10 4 10 4 10 4 10 3 10 3 11 3 10 3 11 3 10 3 10 2 10 2 11 -1 11 -1 -1 -1 -1 -1 -1 -1 ]
CSI_DATA,STA,08:3A:F2:51:5D:9D,-45,11,1,1,0,1,1,0,0,0,0,-94,0,6,1,1269161,0,110,0,0,1.464146,256,[110 96 6 0 0 0 0 0 0 0 0 0 -4 8 -4 8 -3 9 -4 8 -4 9 -4 8 -5 8 -5 7 -5 8 -6 7 -6 8 -6 8 -5 8 -5 7 -5 6 -5 8 -5 7 -6 7 -5 6 -5 6 -4 6 -6 7 -5 6 -5 6 -5 6 -5 6 0 0 -4 6 -4 6 -4 7 -4 6 -3 5 -3 6 -3 6 -3 5 -2 7 -3 6 -3 6 -2 6 -2 7 -2 6 -2 7 -2 7 -2 6 -2 6 -1 6 -1 6 -1 6 -1 6 -1 6 -1 6 0 6 -1 6 0 0 0 0 0 0 0 0 0 0 -1 -1 -1 -1 -1 -1 -1 -1 1 18 2 17 -3 16 -2 16 -2 17 -3 16 -4 17 -4 15 -4 17 -4 15 -5 16 -6 16 -6 16 -7 16 -6 16 -6 16 -6 15 -5 16 -5 15 -6 14 -6 13 -5 14 -6 14 -5 13 -5 13 -5 14 -5 13 -5 12 -1 -1 -4 13 -4 12 -3 11 -2 13 -2 11 -2 13 -2 12 -1 12 -1 13 -1 13 -2 12 -2 12 -1 13 0 12 0 11 0 11 1 11 0 10 2 11 0 11 2 11 2 11 1 12 1 11 1 11 2 11 4 10 4 10 -1 -1 -1 -1 -1 -1 ]
CSI_DATA,STA,08:3A:F2:51:5D:9D,-45,11,1,1,0,1,1,0,0,0,0,-94,0,6,1,1269453,0,110,0,0,1.470639,256,[110 96 6 0 0 0 0 0 0 0 0 0 -12 1 -12 1 -12 1 -13 1 -13 1 -12 0 -12 0 -12 -1 -12 0 -13 -1 -12 0 -13 -1 -11 -1 -11 -1 -11 -2 -12 -1 -11 -2 -11 -2 -11 -1 -11 -2 -10 -1 -11 -1 -10 -2 -10 -2 -11 -2 -10 -1 0 0 -10 0 -10 -1 -10 0 -9 -1 -9 -1 -8 1 -9 1 -8 0 -9 1 -9 0 -9 1 -9 1 -8 1 -8 1 -9 1 -9 1 -8 2 -9 1 -7 1 -8 2 -8 1 -7 2 -8 2 -8 2 -8 3 -7 2 0 0 0 0 0 0 0 0 0 0 -1 -1 0 0 0 0 -1 -1 -17 13 -16 10 -20 6 -20 7 -21 6 -21 6 -20 6 -21 5 -22 6 -21 4 -21 4 -22 3 -23 3 -23 2 -21 3 -21 3 -21 1 -21 4 -21 2 -20 2 -19 2 -19 1 -18 2 -18 2 -18 1 -18 2 -18 2 -18 2 -1 -1 -17 3 -17 3 -15 3 -17 3 -15 3 -15 5 -15 4 -15 4 -15 5 -17 5 -16 6 -15 5 -15 6 -14 5 -14 5 -14 6 -14 6 -14 6 -13 6 -13 6 -13 6 -12 6 -13 7 -12 7 -13 7 -11 8 -10 9 -10 9 -1 -1 -1 -1 -1 -1 ]
CSI_DATA,STA,08:3A:F2:51:5D:9D,-45,11,1,1,0,1,1,0,0,0,0,-94,0,6,1,1269862,0,110,0,0,1.477573,256,[110 96 6 0 0 0 0 0 0 0 0 0 1 -24 1 -23 2 -25 2 -25 3 -25 3 -23 3 -24 4 -23 4 -24 5 -24 5 -24 6 -25 6 -23 6 -23 6 -21 5 -24 6 -21 6 -22 5 -20 5 -21 5 -20 5 -21 5 -19 4 -20 4 -21 4 -20 0 0 3 -19 2 -20 2 -19 2 -19 1 -17 1 -18 0 -19 0 -18 -1 -18 0 -18 -1 -18 -1 -17 -1 -17 -1 -17 -1 -17 -2 -17 -3 -18 -2 -16 -3 -16 -3 -16 -4 -16 -4 -16 -4 -17 -4 -16 -4 -16 -4 -15 0 0 0 0 0 0 0 0 0 0 -1 -1 -1 -1 -1 -1 -1 -1 -21 -42 -17 -39 -8 -42 -8 -41 -8 -44 -8 -44 -7 -44 -5 -42 -6 -46 -3 -43 -4 -44 0 -45 0 -45 1 -47 0 -44 0 -44 1 -41 -1 -44 1 -40 1 -41 1 -38 0 -40 1 -37 -1 -38 1 -37 -1 -38 0 -38 -1 -36 -1 -1 -3 -35 -5 -35 -4 -32 -5 -34 -5 -31 -7 -33 -6 -32 -7 -32 -10 -31 -8 -34 -9 -33 -7 -31 -10 -31 -9 -30 -10 -29 -11 -27 -13 -29 -11 -28 -13 -28 -13 -28 -13 -27 -13 -27 -14 -27 -14 -26 -13 -26 -14 -25 -20 -20 -19 -20 -1 -1 -1 -1 -1 -1 ]
CSI_DATA,STA,08:3A:F2:51:5D:9D,-49,11,1,1,1,1,1,0,0,0,0,-94,0,6,1,1273987,0,110,0,0,1.485036,384,[110 96 6 0 0 0 0 0 0 0 0 0 -20 -6 -19 -6 -21 -7 -21 -9 -21 -8 -18 -8 -20 -9 -18 -9 -19 -10 -18 -10 -19 -12 -20 -12 -19 -12 -18 -13 -16 -12 -19 -12 -16 -11 -16 -12 -16 -11 -16 -11 -16 -11 -16 -11 -14 -11 -15 -11 -17 -12 -15 -10 0 0 -16 -10 -16 -8 -16 -9 -16 -7 -14 -9 -16 -8 -16 -9 -15 -7 -16 -7 -14 -5 -15 -5 -14 -6 -15 -6 -15 -4 -15 -5 -15 -3 -17 -4 -14 -2 -14 -2 -14 -1 -14 -3 -15 -3 -15 -2 -15 -2 -14 -3 -13 -2 0 0 0 0 0 0 0 0 0 0 -1 -1 -1 -1 18 15 19 15 20 12 19 9 9 15 9 14 11 14 10 15 11 14 9 12 11 13 10 11 12 12 11 13 10 14 11 12 14 12 12 12 10 11 12 10 13 8 13 9 12 7 12 10 11 9 12 9 11 10 13 8 12 11 13 8 15 4 12 8 12 8 11 7 11 7 11 8 11 7 10 7 10 6 10 7 9 7 9 7 9 8 9 7 8 7 8 5 7 5 8 6 6 5 6 4 6 5 5 4 5 4 5 4 4 4 3 3 3 3 -1 -1 0 0 0 0 -1 -1 -1 -1 -1 -1 0 0 0 0 -1 -1 -1 -1 -1 -1 -33 4 -32 4 -35 4 -35 1 -36 2 -32 0 -36 0 -33 0 -37 0 -36 -5 -37 -6 -36 -5 -38 -4 -36 -6 -32 -7 -33 -5 -32 -4 -34 -4 -29 -4 -32 -6 -29 -6 -32 -4 -30 -7 -31 -5 -33 -8 -30 -4 -31 7 -29 -4 -29 -3 -28 -2 -27 -1 -28 -1 -28 0 -28 -1 -28 1 -27 2 -25 1 -27 2 -27 0 -27 3 -26 2 -24 6 -24 5 -27 7 -21 5 -21 7 -22 7 -21 6 -22 8 -24 7 -23 7 -22 6 -23 6 -18 17 -18 20 -18 19 -15 23 -1 -1 ]
CSI_DATA,STA,08:3A:F2:51:5D:9D,-49,11,1,2,1,1,1,0,0,0,0,-94,0,6,1,1395963,0,110,0,0,1.562454,384,[110 96 6 0 0 0 0 0 0 0 0 0 -13 15 -13 15 -14 16 -16 16 -16 15 -15 13 -16 14 -16 12 -16 13 -17 12 -18 13 -19 13 -18 12 -18 11 -17 9 -18 13 -17 10 -17 10 -16 10 -16 9 -16 9 -17 10 -16 7 -16 9 -18 10 -15 10 0 0 -15 10 -14 11 -14 11 -13 11 -14 9 -13 10 -14 10 -12 10 -12 11 -10 11 -11 12 -11 10 -10 11 -10 11 -10 11 -9 12 -10 13 -8 12 -8 12 -7 11 -9 12 -8 11 -8 12 -7 12 -8 11 -7 11 0 0 0 0 0 0 0 0 0 0 -1 -1 -1 -1 23 -2 24 -3 23 -6 21 -6 22 0 19 -1 20 -2 20 0 19 -2 18 -1 19 -2 18 -3 19 -4 18 -3 20 -2 18 -4 20 -4 19 -4 17 -2 17 -6 17 -8 18 -4 15 -6 15 -5 17 -4 15 -6 16 -4 15 -7 17 -4 16 -7 14 -9 15 -6 15 -6 13 -6 13 -7 13 -5 13 -5 13 -5 12 -5 13 -5 12 -4 13 -4 12 -4 11 -4 10 -4 10 -4 10 -4 10 -4 9 -3 8 -3 8 -2 7 -3 6 -3 7 -2 6 -2 6 -2 6 -2 -1 -1 -1 -1 -1 -1 -1 -1 -1 -1 -1 -1 -1 -1 -1 -1 -1 -1 -1 -1 0 0 -17 35 -17 31 -17 33 -20 33 -20 32 -20 29 -22 32 -21 28 -22 33 -26 29 -28 30 -26 29 -29 31 -28 29 -26 24 -24 29 -23 28 -27 26 -23 25 -24 23 -25 23 -23 24 -24 21 -24 23 -28 23 -22 25 -17 27 -22 23 -20 24 -19 24 -16 23 -19 23 -18 24 -18 23 -17 23 -16 25 -15 22 -14 26 -14 23 -13 25 -12 23 -10 25 -11 24 -10 27 -9 23 -7 23 -8 22 -6 23 -7 23 -9 23 -7 25 -8 24 -7 23 -1 25 1 27 1 26 5 25 -1 -1 ]
CSI_DATA,STA,08:3A:F2:51:5D:9D,-46,11,1,2,0,1,1,0,0,0,0,-94,0,6,1,1403293,0,110,0,0,1.574182,256,[110 96 6 0 0 0 0 0 0 0 0 0 14 17 13 17 14 18 14 18 13 19 12 18 12 18 11 18 12 19 11 20 11 20 11 21 10 20 10 19 9 19 11 20 8 19 9 19 8 17 9 18 9 17 9 17 8 17 9 16 9 17 9 15 0 0 10 15 10 14 10 14 11 14 10 12 11 12 11 12 11 11 12 12 11 11 12 12 11 11 12 11 12 10 12 10 12 9 13 9 12 9 13 8 12 8 12 7 13 7 13 8 13 7 13 7 13 6 0 0 0 0 0 0 0 0 0 0 -1 -1 -1 -1 -1 -1 -1 -1 44 1 40 4 33 18 32 17 33 18 32 18 34 20 31 20 34 21 30 21 32 21 32 24 32 25 29 24 29 24 29 24 27 24 31 22 26 22 28 23 25 20 26 21 24 21 27 22 25 22 24 20 25 20 24 18 -1 -1 24 15 28 17 23 14 27 15 23 14 26 12 25 11 25 11 26 10 28 12 27 10 26 11 26 9 25 8 25 7 24 7 27 7 24 6 26 5 26 5 26 4 25 4 26 3 25 4 26 3 24 3 26 -9 25 -8 -1 -1 -1 -1 -1 -1 ]
CSI_DATA,STA,08:3A:F2:51:5D:9D,-46,11,1,2,0,1,1,0,0,0,0,-94,0,6,1,1404288,0,110,0,0,1.580992,256,[110 96 6 0 0 0 0 0 0 0 0 0 -14 18 -14 18 -15 19 -15 19 -16 19 -16 16 -16 17 -16 16 -17 17 -18 16 -18 16 -19 16 -18 15 -18 15 -17 14 -18 16 -17 13 -18 13 -17 13 -16 13 -16 13 -17 13 -16 12 -15 12 -16 13 -15 13 0 0 -14 13 -14 13 -13 13 -13 13 -12 12 -12 14 -12 13 -11 13 -11 14 -11 13 -11 14 -10 13 -10 14 -9 14 -10 14 -9 14 -9 14 -9 13 -8 13 -8 14 -8 13 -7 14 -8 15 -7 14 -6 14 -6 13 0 0 0 0 0 0 0 0 0 0 -1 -1 -1 -1 -1 -1 -1 -1 5 44 1 42 -12 38 -11 37 -11 39 -12 36 -14 40 -15 36 -15 40 -15 34 -15 39 -20 37 -22 38 -21 35 -20 35 -19 35 -21 33 -18 37 -18 31 -20 33 -18 30 -17 31 -17 29 -18 33 -18 30 -18 28 -18 29 -17 28 -1 -1 -13 28 -14 31 -13 27 -12 30 -11 25 -8 29 -8 27 -8 27 -7 29 -9 31 -8 29 -8 29 -6 28 -6 26 -5 27 -4 26 -5 28 -4 25 -2 26 -1 27 -2 26 0 25 -2 27 -2 26 -1 27 0 24 12 26 11 24 -1 -1 -1 -1 -1 -1 ]
CSI_DATA,STA,08:3A:F2:51:5D:9D,-45,11,1,2,0,1,1,0,0,0,0,-94,0,6,1,1404733,0,110,0,0,1.588395,256,[110 96 6 0 0 0 0 0 0 0 0 0 -8 5 -8 4 -9 5 -9 4 -9 4 -8 4 -9 3 -8 3 -9 4 -9 3 -9 3 -10 3 -9 3 -9 3 -9 2 -9 3 -8 2 -8 2 -9 2 -8 2 -8 2 -9 2 -8 2 -7 2 -8 3 -8 3 0 0 -7 3 -7 3 -7 3 -7 3 -6 2 -7 3 -7 3 -6 3 -6 3 -7 3 -6 3 -6 3 -6 3 -6 4 -6 4 -6 4 -6 4 -5 4 -5 4 -6 5 -5 4 -5 4 -5 4 -5 4 -5 4 -4 4 0 0 0 0 0 0 0 0 0 0 -1 -1 -1 -1 -1 -1 -1 -1 -8 16 -8 15 -11 13 -10 11 -12 12 -10 12 -13 12 -12 11 -14 11 -12 11 -14 10 -13 10 -15 10 -14 9 -15 9 -14 10 -13 9 -14 10 -13 8 -13 8 -12 7 -11 8 -13 9 -13 8 -12 9 -11 8 -11 7 -11 6 -1 -1 -11 8 -10 8 -9 7 -10 9 -8 7 -9 9 -9 7 -8 9 -9 9 -9 10 -9 9 -9 9 -9 9 -7 9 -8 8 -8 9 -7 9 -7 8 -6 10 -7 10 -6 9 -5 10 -7 9 -6 9 -6 11 -4 10 -4 11 -4 11 -1 -1 -1 -1 -1 -1 ]
CSI_DATA,STA,08:3A:F2:51:5D:9D,-48,11,1,2,0,1,1,0,0,0,0,-94,0,6,1,1404992,0,110,0,0,1.594978,256,[110 96 6 0 0 0 0 0 0 0 0 0 -23 -9 -22 -10 -23 -10 -22 -10 -23 -11 -20 -11 -21 -11 -20 -12 -21 -12 -21 -14 -22 -14 -22 -14 -20 -13 -20 -14 -18 -14 -21 -14 -17 -13 -18 -14 -17 -13 -17 -12 -17 -12 -18 -12 -16 -13 -17 -12 -18 -12 -17 -11 0 0 -16 -10 -18 -10 -16 -9 -17 -9 -15 -8 -17 -8 -17 -8 -16 -8 -17 -7 -17 -7 -17 -7 -16 -6 -16 -6 -16 -6 -17 -6 -16 -5 -17 -5 -16 -5 -16 -4 -16 -4 -16 -4 -16 -4 -17 -4 -16 -3 -16 -3 -15 -3 0 0 0 0 0 0 0 0 0 0 -1 -1 -1 -1 -1 -1 0 0 -45 4 -42 1 -41 -8 -41 -8 -43 -7 -41 -8 -44 -10 -40 -11 -44 -12 -39 -14 -42 -13 -42 -16 -44 -17 -40 -17 -40 -16 -39 -16 -38 -18 -41 -15 -37 -15 -37 -17 -35 -15 -36 -15 -33 -15 -37 -15 -35 -16 -33 -15 -33 -15 -32 -14 -1 -1 -32 -10 -35 -11 -31 -9 -34 -9 -30 -8 -32 -6 -31 -6 -31 -6 -31 -4 -34 -6 -33 -5 -32 -5 -31 -3 -29 -4 -30 -3 -29 -2 -32 -1 -29 -1 -30 0 -30 0 -30 0 -28 0 -30 1 -29 1 -30 1 -28 2 -26 10 -25 10 -1 -1 -1 -1 -1 -1 ]
CSI_DATA,STA,08:3A:F2:51:5D:9D,-47,11,1,2,0,1,1,0,0,0,0,-94,0,6,1,1405395,0,110,0,0,1.602935,256,[110 96 6 0 0 0 0 0 0 0 0 0 10 -19 10 -19 11 -20 11 -20 12 -19 12 -17 12 -18 12 -17 13 -17 13 -17 13 -17 14 -17 13 -16 14 -16 13 -15 14 -17 13 -14 13 -15 13 -14 13 -15 12 -13 12 -14 12 -13 11 -14 12 -14 11 -14 0 0 10 -14 10 -15 9 -13 10 -14 8 -13 9 -14 8 -14 8 -14 8 -14 7 -14 7 -14 7 -13 7 -14 7 -14 6 -14 6 -14 5 -15 5 -14 5 -14 5 -14 4 -14 5 -14 4 -14 4 -14 4 -14 4 -14 0 0 0 0 0 0 0 0 0 0 -1 -1 -1 -1 -1 -1 -1 -1 -3 -41 0 -38 10 -36 9 -36 9 -39 10 -36 11 -39 12 -35 13 -39 14 -34 13 -37 16 -36 18 -38 17 -34 15 -35 16 -34 18 -32 16 -36 16 -31 17 -32 15 -30 15 -30 14 -29 16 -32 16 -29 15 -28 16 -28 13 -28 -1 -1 11 -28 12 -31 10 -27 10 -29 10 -26 7 -28 6 -27 7 -27 5 -27 7 -30 6 -29 5 -28 4 -27 4 -26 4 -27 2 -25 3 -28 2 -25 2 -26 1 -26 1 -26 0 -25 0 -27 0 -26 0 -26 -1 -24 -10 -25 -9 -23 -1 -1 -1 -1 -1 -1 ]
CSI_DATA,STA,08:3A:F2:51:5D:9D,-46,11,1,2,0,1,1,0,0,0,0,-94,0,6,1,1405775,0,110,0,0,1.610326,256,[110 96 6 0 0 0 0 0 0 0 0 0 20 -6 20 -4 22 -5 21 -4 22 -3 20 -2 21 -2 20 -2 21 -2 21 -1 22 -1 22 0 21 0 21 0 20 0 21 0 19 1 19 1 18 1 19 0 18 1 19 0 18 1 18 0 18 0 17 -1 0 0 16 -1 17 -2 16 -2 17 -2 15 -2 16 -3 16 -3 15 -3 15 -3 15 -3 15 -4 14 -4 14 -4 14 -4 14 -4 14 -4 14 -5 13 -5 14 -5 13 -5 13 -5 13 -5 13 -6 13 -6 12 -6 12 -6 0 0 0 0 0 0 0 0 0 0 -1 -1 0 0 0 0 -1 -1 27 -32 26 -26 32 -18 31 -18 33 -19 31 -17 35 -18 34 -15 36 -16 33 -14 35 -16 36 -13 39 -13 36 -11 35 -11 35 -11 35 -10 36 -13 33 -10 34 -9 31 -9 31 -9 30 -9 33 -10 32 -9 30 -8 30 -9 28 -8 -1 -1 27 -11 29 -12 25 -11 28 -13 24 -11 25 -14 23 -13 23 -13 23 -14 25 -15 24 -15 24 -14 23 -15 21 -14 21 -15 20 -15 21 -17 19 -15 20 -17 19 -17 18 -17 19 -16 19 -17 19 -17 19 -18 17 -17 11 -23 12 -22 -1 -1 -1 -1 -1 -1 ]
CSI_DATA,STA,08:3A:F2:51:5D:9D,-43,11,1,2,0,1,1,0,0,0,0,-94,0,6,1,1406067,0,110,0,0,1.617476,256,[110 96 6 0 0 0 0 0 0 0 0 0 19 9 18 10 19 11 19 11 18 12 17 12 17 12 17 12 16 12 16 13 16 13 16 13 16 13 15 13 14 14 16 14 14 14 14 14 13 13 14 13 13 12 13 12 12 12 13 11 14 11 13 11 0 0 13 11 13 10 13 10 13 10 13 8 13 9 13 8 13 8 13 8 13 7 13 7 13 7 13 7 13 7 13 6 13 6 14 5 13 5 13 5 13 5 13 4 14 5 13 4 13 4 13 4 13 4 0 0 0 0 0 0 0 0 0 0 -1 -1 -1 -1 -1 -1 -1 -1 41 -6 37 -4 35 6 34 7 37 8 35 8 36 11 34 11 36 11 34 11 35 13 34 13 36 15 33 15 33 15 33 14 32 15 33 15 31 16 30 15 28 13 29 13 28 14 29 14 28 14 27 12 27 13 26 12 -1 -1 26 10 28 9 25 9 28 8 24 7 27 6 24 6 26 5 26 5 27 5 27 5 26 5 26 4 25 4 23 3 24 3 25 2 24 1 25 0 25 1 25 -1 24 0 24 0 24 0 25 -1 24 -2 22 -9 23 -9 -1 -1 -1 -1 -1 -1 ]
CSI_DATA,STA,08:3A:F2:51:5D:9D,-45,11,1,1,0,1,1,0,0,0,0,-94,0,6,1,1408001,0,110,0,0,1.624105,256,[110 96 6 0 0 0 0 0 0 0 0 0 15 -16 15 -15 16 -16 16 -15 17 -14 16 -13 17 -14 17 -13 17 -13 18 -12 18 -12 18 -12 17 -11 18 -12 17 -11 18 -12 17 -10 17 -10 16 -10 16 -10 16 -10 16 -11 15 -9 15 -10 15 -11 14 -11 0 0 13 -10 13 -11 13 -11 13 -11 12 -11 12 -11 11 -12 11 -11 10 -12 10 -12 10 -12 9 -11 10 -12 10 -12 9 -12 9 -12 9 -13 8 -13 8 -13 7 -13 8 -13 7 -13 7 -13 7 -13 7 -13 6 -12 0 0 0 0 0 0 0 0 0 0 -1 -1 0 0 0 0 -1 -1 -2 -42 0 -38 13 -34 14 -32 13 -35 15 -33 15 -35 16 -32 17 -34 16 -32 17 -34 20 -31 21 -32 22 -33 19 -31 20 -32 20 -28 19 -32 19 -27 19 -28 18 -26 18 -28 17 -26 16 -27 17 -27 17 -27 17 -27 16 -25 -1 -1 14 -26 12 -26 12 -24 12 -27 11 -23 9 -27 10 -25 8 -25 8 -26 9 -27 8 -27 9 -25 8 -26 8 -26 6 -25 5 -24 3 -26 4 -24 3 -26 3 -25 2 -26 2 -25 2 -25 2 -25 3 -25 2 -24 -9 -23 -8 -24 -1 -1 -1 -1 -1 -1 ]
CSI_DATA,STA,08:3A:F2:51:5D:9D,-44,11,0,0,0,0,0,0,0,0,0,-94,0,6,1,1415200,0,110,0,0,1.631561,128,[110 96 6 0 0 0 0 0 0 0 0 0 10 -1 10 0 11 0 11 0 10 0 10 1 10 1 10 1 10 1 10 2 11 1 11 1 11 1 10 1 9 2 10 2 9 2 9 2 9 2 8 2 8 2 8 2 7 2 8 1 9 1 9 1 0 0 8 1 8 0 9 0 8 0 8 0 8 0 8 0 8 0 8 -1 7 -1 8 -1 7 -1 7 -1 8 -1 7 -1 7 -1 7 -1 7 -2 7 -1 7 -2 7 -1 7 -2 7 -2 7 -3 6 -2 6 -2 0 0 0 0 0 0 0 0 0 0 ]
CSI_DATA,STA,08:3A:F2:51:5D:9D,-47,11,1,2,0,1,1,0,0,0,0,-94,0,6,1,1513384,0,110,0,0,1.680174,256,[110 96 6 0 0 0 0 0 0 0 0 0 21 -3 22 -2 22 -2 23 -2 22 -1 21 0 22 0 21 1 22 1 21 2 22 1 22 1 22 1 21 2 20 2 22 2 20 3 19 3 19 3 19 2 18 2 19 3 17 2 17 1 18 1 18 1 0 0 17 0 17 0 17 0 17 -1 16 -1 16 -1 16 -1 15 -2 16 -2 15 -2 16 -3 15 -3 15 -3 15 -3 14 -3 15 -4 14 -4 14 -4 14 -4 14 -5 13 -5 14 -5 14 -6 13 -6 13 -6 13 -6 0 0 0 0 0 0 0 0 0 0 -1 -1 -1 -1 -1 -1 -1 -1 34 -25 33 -20 36 -13 37 -12 38 -11 39 -11 39 -10 39 -9 41 -9 37 -7 40 -7 39 -7 42 -7 39 -6 39 -6 38 -5 39 -3 39 -4 38 -2 36 -1 35 -2 35 -3 33 -3 36 -2 33 -3 32 -3 32 -4 31 -4 -1 -1 31 -6 32 -6 30 -6 31 -7 28 -7 29 -9 27 -9 27 -9 28 -10 29 -11 28 -12 26 -11 26 -12 25 -11 24 -12 24 -12 25 -12 24 -13 23 -13 23 -14 23 -14 22 -13 22 -16 21 -15 22 -16 20 -15 17 -19 18 -19 -1 -1 -1 -1 -1 -1 ]
CSI_DATA,STA,08:3A:F2:51:5D:9D,-45,11,1,2,0,1,1,0,0,0,0,-94,0,6,1,1514144,0,110,0,0,1.687800,256,[110 96 6 0 0 0 0 0 0 0 0 0 -12 2 -12 1 -12 2 -12 1 -12 1 -12 0 -13 1 -12 0 -12 0 -13 0 -12 0 -13 0 -12 0 -12 0 -11 -1 -12 0 -11 -1 -11 -1 -11 0 -11 -1 -10 -1 -11 -1 -10 -1 -11 -1 -11 -1 -11 0 0 0 -10 0 -10 0 -10 1 -9 0 -9 0 -9 1 -9 1 -9 0 -9 2 -9 1 -9 2 -8 2 -7 2 -8 2 -8 2 -8 3 -9 2 -9 3 -7 2 -7 4 -8 2 -7 2 -7 3 -7 3 -7 3 -6 3 0 0 0 0 0 0 0 0 0 0 -1 -1 -1 -1 -1 -1 -1 -1 -16 14 -15 11 -20 7 -20 7 -20 6 -20 7 -21 6 -21 6 -23 7 -20 4 -21 5 -21 4 -23 5 -21 5 -21 4 -20 4 -21 2 -22 4 -21 1 -19 1 -20 2 -19 2 -18 2 -20 2 -18 2 -18 2 -18 2 -17 2 -1 -1 -17 3 -18 4 -17 4 -17 3 -15 3 -15 4 -15 6 -15 4 -15 6 -16 6 -15 7 -15 7 -13 7 -13 6 -14 6 -14 7 -15 6 -14 7 -13 6 -12 8 -13 7 -12 6 -12 8 -12 8 -12 8 -11 7 -10 10 -9 10 -1 -1 -1 -1 -1 -1 ]
CSI_DATA,STA,08:3A:F2:51:5D:9D,-46,11,1,2,0,1,1,0,0,0,0,-94,0,6,1,1518484,0,110,0,0,1.694719,256,[110 96 6 0 0 0 0 0 0 0 0 0 -22 4 -21 3 -23 3 -23 3 -23 2 -22 1 -22 1 -22 1 -22 0 -22 0 -23 0 -23 0 -22 0 -22 0 -21 -1 -22 0 -21 -2 -21 -1 -20 -2 -20 -1 -19 -1 -20 -1 -18 -1 -19 0 -19 0 -18 0 0 0 -18 0 -18 1 -18 1 -17 2 -16 2 -17 3 -17 3 -16 3 -16 3 -16 3 -16 4 -15 4 -15 4 -15 5 -15 4 -15 5 -15 5 -14 5 -14 5 -14 6 -14 5 -14 6 -14 6 -13 7 -13 7 -13 7 0 0 0 0 0 0 0 0 0 0 -1 -1 -1 -1 -1 -1 -1 -1 -30 27 -29 23 -35 16 -36 16 -37 13 -38 14 -38 12 -38 11 -40 12 -38 9 -39 10 -38 10 -40 11 -38 10 -38 9 -38 9 -39 7 -38 8 -38 7 -36 4 -35 6 -35 5 -34 5 -36 5 -32 6 -32 7 -32 8 -31 8 -1 -1 -30 9 -32 10 -29 10 -30 10 -28 9 -28 11 -27 12 -28 11 -26 12 -27 14 -26 15 -25 15 -23 15 -24 14 -23 13 -23 15 -25 14 -23 16 -22 15 -22 16 -23 16 -21 14 -20 17 -19 17 -19 18 -19 17 -14 21 -12 23 -1 -1 -1 -1 -1 -1 ]
CSI_DATA,STA,08:3A:F2:51:5D:9D,-45,11,1,2,0,1,1,0,0,0,0,-94,0,6,1,1519183,0,110,0,0,1.701993,256,[110 96 6 0 0 0 0 0 0 0 0 0 -4 -9 -5 -9 -4 -9 -5 -10 -5 -9 -3 -9 -4 -9 -3 -10 -3 -9 -3 -10 -4 -10 -3 -10 -3 -10 -3 -10 -2 -9 -3 -10 -2 -9 -2 -9 -2 -9 -2 -9 -2 -8 -2 -9 -2 -8 -3 -9 -3 -9 -3 -8 0 0 -2 -8 -3 -8 -3 -8 -3 -8 -3 -8 -2 -7 -3 -7 -3 -7 -3 -7 -3 -7 -4 -7 -4 -6 -4 -6 -3 -6 -4 -7 -4 -6 -4 -6 -4 -6 -4 -6 -4 -6 -4 -6 -4 -6 -5 -6 -5 -6 -4 -6 -4 -5 0 0 0 0 0 0 0 0 0 0 -1 -1 -1 -1 -1 -1 -1 -1 -14 -12 -12 -12 -11 -15 -11 -15 -9 -16 -11 -16 -10 -15 -9 -16 -9 -16 -8 -16 -8 -16 -8 -16 -8 -17 -7 -16 -8 -16 -7 -17 -7 -16 -7 -17 -7 -16 -5 -15 -6 -15 -6 -15 -5 -15 -6 -16 -6 -15 -6 -15 -7 -14 -6 -14 -1 -1 -6 -13 -8 -14 -7 -13 -7 -13 -6 -12 -7 -13 -8 -11 -7 -13 -7 -12 -9 -12 -9 -11 -9 -11 -8 -11 -8 -10 -8 -10 -9 -10 -9 -10 -9 -10 -9 -11 -9 -10 -8 -10 -8 -10 -9 -8 -10 -8 -10 -9 -9 -9 -10 -5 -9 -5 -1 -1 -1 -1 -1 -1 ]
CSI_DATA,STA,08:3A:F2:51:5D:9D,-46,11,1,2,0,1,1,0,0,0,0,-94,0,6,1,1519595,0,110,0,0,1.709399,256,[110 96 6 0 0 0 0 0 0 0 0 0 19 -10 20 -9 20 -9 21 -9 20 -8 20 -7 21 -6 20 -5 21 -6 21 -5 21 -7 22 -6 21 -6 20 -6 20 -4 21 -5 19 -4 19 -4 19 -4 18 -3 18 -4 19 -4 17 -3 17 -4 18 -5 17 -5 0 0 16 -5 16 -6 16 -6 15 -6 15 -6 15 -7 15 -7 14 -6 14 -7 14 -7 14 -8 13 -8 13 -8 13 -9 13 -8 13 -9 13 -9 12 -9 12 -8 12 -9 12 -9 11 -9 11 -10 10 -10 10 -10 9 -10 0 0 0 0 0 0 0 0 0 0 -1 -1 -1 -1 -1 -1 -1 -1 28 -30 27 -27 32 -22 33 -21 34 -20 35 -21 36 -19 36 -18 37 -18 35 -15 38 -15 36 -15 39 -17 37 -16 36 -16 36 -15 37 -13 37 -14 37 -12 34 -10 34 -11 33 -11 33 -11 35 -10 31 -11 30 -12 30 -12 29 -12 -1 -1 28 -14 29 -14 27 -14 28 -15 25 -14 26 -16 25 -16 24 -16 25 -16 24 -18 24 -19 23 -18 22 -19 22 -18 21 -17 21 -18 21 -18 20 -19 20 -19 20 -20 20 -20 18 -19 18 -20 17 -20 17 -22 16 -21 13 -21 13 -24 -1 -1 -1 -1 -1 -1 ]
CSI_DATA,STA,08:3A:F2:51:5D:9D,-45,11,1,2,0,1,1,0,0,0,0,-94,0,6,1,1523328,0,110,0,0,1.716789,256,[110 96 6 0 0 0 0 0 0 0 0 0 3 -9 3 -9 3 -9 4 -9 3 -9 4 -8 4 -9 4 -8 4 -9 5 -8 5 -9 5 -9 4 -9 4 -8 5 -7 5 -8 5 -7 5 -8 5 -8 4 -7 4 -7 4 -7 4 -6 4 -7 4 -8 4 -7 0 0 3 -7 3 -7 3 -7 3 -7 3 -7 2 -6 3 -7 2 -7 2 -7 2 -7 2 -7 2 -6 1 -7 1 -7 1 -7 1 -7 1 -7 1 -7 1 -7 0 -7 1 -7 1 -6 1 -8 0 -7 0 -7 0 -6 0 0 0 0 0 0 0 0 0 0 -1 -1 -1 -1 -1 -1 -1 -1 -1 -18 -2 -17 2 -17 3 -16 3 -18 4 -17 4 -17 5 -18 6 -17 4 -16 6 -17 6 -16 7 -17 7 -17 5 -17 5 -16 6 -16 6 -16 6 -16 7 -14 7 -15 5 -14 6 -15 7 -14 5 -13 5 -13 5 -13 6 -13 -1 -1 4 -14 4 -14 4 -13 2 -13 3 -12 2 -14 3 -13 2 -13 2 -14 2 -14 1 -14 1 -13 0 -14 0 -13 1 -13 0 -13 1 -12 0 -12 0 -13 0 -14 0 -12 -1 -13 -1 -13 -2 -13 -2 -13 -3 -12 -3 -12 -4 -12 -1 -1 -1 -1 -1 -1 ]
CSI_DATA,STA,08:3A:F2:51:5D:9D,-46,11,1,2,0,1,1,0,0,0,0,-94,0,6,1,1523641,0,110,0,0,1.723441,256,[110 96 6 0 0 0 0 0 0 0 0 0 11 -15 12 -15 13 -16 13 -16 13 -14 14 -14 14 -13 14 -13 14 -13 14 -13 14 -14 15 -14 14 -13 14 -13 14 -12 15 -13 14 -11 14 -11 14 -11 13 -11 13 -11 13 -11 12 -10 11 -11 12 -11 11 -12 0 0 11 -11 10 -12 10 -11 10 -12 9 -11 9 -12 9 -12 8 -12 8 -12 7 -11 7 -12 7 -12 7 -12 7 -13 6 -12 6 -12 6 -13 5 -12 5 -13 5 -12 5 -12 5 -13 4 -13 4 -13 4 -12 4 -13 0 0 0 0 0 0 0 0 0 0 -1 -1 -1 -1 -1 -1 0 0 4 -18 5 -17 8 -16 8 -16 9 -16 9 -16 10 -15 10 -15 10 -15 10 -14 11 -15 10 -14 11 -15 10 -14 10 -14 11 -15 11 -14 11 -14 11 -13 11 -12 10 -12 10 -12 10 -12 11 -12 9 -12 9 -12 8 -12 8 -12 -1 -1 8 -12 8 -13 7 -12 7 -13 6 -12 6 -13 5 -12 6 -12 5 -12 4 -13 4 -13 4 -13 4 -13 4 -12 3 -12 3 -12 3 -12 3 -12 3 -12 2 -12 2 -12 2 -12 1 -12 1 -12 1 -12 1 -12 -1 -11 -2 -12 -1 -1 -1 -1 -1 -1 ]
CSI_DATA,STA,08:3A:F2:51:5D:9D,-43,11,1,2,0,1,1,0,0,0,0,-94,0,6,1,1524039,0,110,0,0,1.730695,256,[110 96 6 0 0 0 0 0 0 0 0 0 9 21 8 21 8 22 8 23 7 23 6 22 6 22 5 22 5 23 5 23 5 23 4 23 4 23 4 23 3 22 4 23 2 21 2 21 2 21 3 21 2 19 3 21 1 19 3 19 4 20 4 19 0 0 4 18 5 19 5 18 5 18 5 17 5 16 6 16 5 16 6 15 6 16 7 15 6 14 6 15 7 15 7 14 7 14 8 15 8 14 7 14 8 13 8 13 8 13 9 13 9 12 8 12 8 12 0 0 0 0 0 0 0 0 0 0 -1 -1 -1 -1 -1 -1 -1 -1 30 33 28 32 23 36 23 36 22 37 21 37 20 38 18 39 19 40 16 38 17 41 15 40 16 42 13 39 14 40 14 41 12 41 14 40 12 39 11 37 11 36 12 37 10 35 11 38 10 35 11 34 11 34 11 32 -1 -1 12 31 15 33 14 30 15 31 14 28 16 29 15 26 15 28 16 27 17 26 17 26 17 26 18 25 17 25 17 22 17 22 19 23 18 21 19 23 19 21 20 21 19 21 19 19 19 20 20 21 20 20 21 12 22 14 -1 -1 -1 -1 -1 -1 ]
CSI_DATA,STA,08:3A:F2:51:5D:9D,-46,11,1,2,0,1,1,0,0,0,0,-94,0,6,1,1524334,0,110,0,0,1.737302,256,[110 96 6 0 0 0 0 0 0 0 0 0 -17 13 -18 12 -18 13 -19 13 -18 12 -18 10 -19 11 -19 10 -19 10 -20 10 -20 10 -20 9 -19 9 -19 9 -19 7 -20 10 -19 7 -19 7 -18 7 -18 7 -17 7 -18 8 -17 6 -17 7 -17 8 -16 8 0 0 -15 8 -16 8 -15 8 -15 8 -14 7 -14 8 -14 9 -13 9 -13 9 -14 9 -13 10 -12 9 -12 9 -12 9 -12 10 -11 10 -12 10 -11 10 -11 9 -10 10 -11 10 -10 10 -10 11 -9 11 -9 10 -9 10 0 0 0 0 0 0 0 0 0 0 -1 -1 -1 -1 -1 -1 -1 -1 -10 38 -10 36 -21 30 -22 30 -23 30 -24 29 -25 29 -25 28 -27 29 -26 26 -27 28 -27 26 -29 28 -27 25 -27 25 -28 25 -29 23 -28 25 -28 23 -27 21 -26 21 -26 21 -26 19 -28 21 -25 20 -23 20 -24 20 -23 20 -1 -1 -22 20 -23 22 -20 20 -21 22 -19 20 -19 21 -17 21 -18 21 -17 21 -18 22 -16 23 -16 23 -15 23 -15 21 -14 21 -14 22 -15 22 -13 22 -13 22 -12 23 -12 23 -12 21 -11 23 -11 22 -11 23 -10 22 -2 23 -1 25 -1 -1 -1 -1 -1 -1 ]
CSI_DATA,STA,08:3A:F2:51:5D:9D,-49,11,1,2,1,1,1,0,0,0,0,-94,0,6,1,1636907,0,110,0,0,1.803417,384,[110 96 6 0 0 0 0 0 0 0 0 0 -23 3 -22 3 -24 3 -26 1 -25 1 -22 0 -24 0 -22 -1 -24 -1 -24 -2 -25 -2 -26 -2 -25 -3 -24 -3 -22 -4 -25 -2 -22 -3 -22 -4 -21 -3 -21 -4 -21 -4 -22 -4 -19 -5 -21 -3 -23 -4 -21 -2 0 0 -21 -1 -20 0 -20 0 -20 1 -19 -2 -20 0 -20 0 -18 1 -19 2 -17 3 -18 4 -17 2 -17 3 -17 4 -17 3 -16 5 -18 5 -15 6 -15 6 -14 6 -16 5 -15 5 -16 6 -15 7 -15 5 -13 6 0 0 0 0 0 0 0 0 0 0 -1 -1 -1 -1 26 7 27 7 26 4 24 1 21 10 18 9 19 8 19 10 19 8 17 7 19 7 18 5 20 5 19 6 20 7 19 5 21 5 20 5 17 6 19 2 19 0 19 3 17 1 17 2 17 3 17 1 17 3 18 1 19 3 19 0 18 -4 18 0 17 0 16 0 15 -1 15 1 15 0 15 1 14 0 14 0 13 0 14 1 13 1 13 1 12 0 11 0 10 0 11 0 9 0 8 -1 9 0 8 -1 8 0 6 1 7 1 6 1 6 1 -1 -1 -1 -1 -1 -1 -1 -1 -1 -1 -1 -1 -1 -1 -1 -1 -1 -1 0 0 0 0 -37 20 -34 18 -36 20 -38 17 -38 17 -35 14 -39 16 -35 14 -39 17 -40 11 -43 10 -42 10 -45 11 -43 10 -38 7 -39 12 -36 12 -40 9 -35 10 -35 7 -35 7 -35 10 -34 6 -35 8 -39 6 -35 10 -31 20 -34 10 -33 12 -31 11 -28 12 -30 10 -30 12 -30 11 -28 13 -29 16 -26 13 -27 16 -27 14 -26 16 -24 16 -23 18 -23 17 -24 20 -20 16 -18 18 -20 17 -18 18 -19 19 -20 18 -21 20 -20 19 -19 18 -12 26 -11 29 -11 27 -5 28 -1 -1 ]
CSI_DATA,STA,08:3A:F2:51:5D:9D,-49,11,1,2,1,1,1,0,0,0,0,-94,0,6,1,1640652,0,110,0,0,1.814799,384,[110 96 6 0 0 0 0 0 0 0 0 0 17 14 16 14 18 15 18 18 17 17 14 16 15 17 14 17 14 17 13 18 14 20 15 19 14 19 13 19 11 19 14 20 11 18 11 18 11 17 10 17 10 18 11 18 8 16 11 17 11 18 11 16 0 0 11 16 12 15 12 15 12 13 10 14 12 14 12 15 11 12 12 13 12 10 14 11 12 11 13 11 13 10 13 10 13 8 15 10 13 7 13 8 13 6 13 8 13 7 14 8 14 6 13 7 12 6 0 0 0 0 0 0 0 0 0 0 -1 -1 -1 -1 -11 -26 -12 -27 -14 -25 -14 -21 -5 -24 -4 -21 -6 -22 -5 -23 -6 -21 -4 -19 -7 -20 -7 -18 -8 -20 -8 -20 -6 -21 -8 -19 -9 -22 -8 -20 -6 -19 -9 -18 -11 -16 -9 -19 -10 -16 -9 -16 -8 -17 -10 -15 -8 -17 -10 -16 -9 -18 -10 -16 -14 -13 -10 -16 -11 -16 -10 -14 -10 -13 -8 -14 -9 -14 -9 -14 -9 -13 -9 -13 -8 -12 -7 -13 -7 -13 -7 -12 -6 -11 -7 -11 -6 -10 -8 -11 -5 -8 -5 -8 -5 -8 -5 -8 -5 -8 -4 -7 -4 -7 -3 -7 -3 -6 -1 -1 -1 -1 -1 -1 -1 -1 -1 -1 -1 -1 -1 -1 -1 -1 -1 -1 0 0 0 0 39 13 35 12 38 12 37 15 37 15 32 15 37 17 33 16 38 17 34 21 36 24 34 22 38 25 35 24 29 23 33 21 32 18 32 23 29 18 28 20 28 20 29 18 26 21 28 21 29 24 29 19 34 10 28 18 29 16 28 14 26 12 27 15 28 14 27 14 28 11 29 10 25 10 28 10 26 11 28 9 27 8 28 5 26 6 30 4 24 4 25 2 25 3 25 1 26 1 26 3 27 2 26 2 24 2 26 -8 29 -10 28 -11 26 -15 -1 -1 ]
CSI_DATA,STA,08:3A:F2:51:5D:9D,-49,11,1,2,1,1,1,0,0,0,0,-94,0,6,1,1641189,0,110,0,0,1.825416,384,[110 96 6 0 0 0 0 0 0 0 0 0 -11 19 -11 19 -12 20 -15 21 -14 20 -14 18 -14 18 -14 17 -15 18 -15 17 -17 18 -17 18 -17 17 -17 16 -17 14 -17 18 -16 15 -16 14 -15 14 -15 14 -16 13 -16 14 -15 11 -15 13 -17 15 -14 14 0 0 -14 14 -13 15 -13 15 -12 15 -13 13 -12 14 -13 15 -10 14 -11 15 -8 14 -9 15 -9 14 -9 14 -8 15 -8 14 -7 15 -8 16 -5 15 -5 15 -4 14 -6 15 -6 15 -6 15 -4 15 -6 14 -4 14 0 0 0 0 0 0 0 0 0 0 -1 -1 -1 -1 18 -20 18 -21 15 -22 12 -21 19 -12 17 -10 16 -12 18 -11 16 -11 14 -10 15 -12 14 -11 14 -13 14 -13 16 -12 13 -12 16 -14 14 -13 14 -11 12 -14 10 -15 13 -13 9 -13 10 -12 11 -12 9 -13 11 -12 10 -13 12 -13 11 -14 5 -18 10 -14 10 -13 9 -12 8 -13 9 -11 8 -12 8 -11 7 -11 8 -12 8 -10 8 -10 8 -9 7 -9 7 -9 6 -9 7 -8 6 -9 6 -6 5 -8 5 -7 4 -7 4 -6 4 -5 4 -5 4 -5 5 -4 -1 -1 -1 -1 -1 -1 -1 -1 -1 -1 -1 -1 -1 -1 -1 -1 -1 -1 -1 -1 0 0 0 38 -1 35 0 37 -3 36 -3 37 -4 33 -4 37 -5 33 -4 38 -9 36 -11 39 -10 37 -11 41 -11 38 -13 32 -9 36 -7 34 -11 35 -9 31 -10 30 -10 30 -8 31 -11 29 -11 30 -14 33 -8 32 5 36 -8 30 -7 30 -6 28 -4 26 -6 27 -5 28 -5 27 -2 27 -1 29 -2 26 -1 28 -2 26 0 27 1 26 3 25 1 25 4 27 2 23 5 22 4 23 6 22 6 23 5 24 5 25 5 24 4 22 18 21 22 22 20 20 24 16 -1 -1 ]
CSI_DATA,STA,08:3A:F2:51:5D:9D,-49,11,1,2,1,1,1,0,0,0,0,-94,0,6,1,1641631,0,110,0,0,1.835883,384,[110 96 6 0 0 0 0 0 0 0 0 0 -20 -6 -19 -6 -21 -6 -22 -8 -21 -8 -19 -8 -20 -9 -18 -9 -19 -9 -19 -10 -20 -11 -20 -11 -20 -11 -19 -12 -17 -12 -19 -11 -17 -11 -16 -11 -16 -10 -16 -11 -15 -11 -16 -11 -14 -11 -15 -10 -17 -11 -16 -9 0 0 -16 -9 -16 -8 -17 -8 -16 -7 -15 -9 -16 -8 -16 -8 -15 -7 -16 -6 -14 -4 -16 -4 -14 -5 -15 -5 -15 -4 -15 -4 -15 -3 -16 -4 -14 -2 -14 -2 -14 -1 -15 -2 -15 -2 -15 -2 -15 -1 -14 -2 -14 -1 0 0 0 0 0 0 0 0 0 0 -1 -1 -1 -1 19 13 20 13 22 10 19 8 12 14 11 13 12 13 11 14 11 12 10 11 12 11 11 10 13 10 12 11 12 12 12 10 14 12 13 11 11 10 13 8 14 6 12 9 12 7 12 8 12 9 12 7 11 8 13 7 12 9 13 7 16 2 12 7 13 7 12 6 11 5 11 7 11 6 10 5 10 5 10 5 9 5 10 6 9 6 9 6 8 5 8 4 7 4 8 4 6 4 6 3 5 3 5 3 5 3 5 3 5 3 4 2 4 2 -1 -1 -1 -1 -1 -1 -1 -1 -1 -1 -1 -1 -1 -1 -1 -1 -1 -1 0 0 0 0 -35 6 -32 6 -33 6 -36 4 -34 4 -32 2 -35 3 -32 2 -36 3 -35 -1 -37 -3 -35 -2 -39 -3 -37 -3 -33 -5 -33 -2 -32 -1 -34 -4 -31 -2 -30 -4 -30 -4 -30 -2 -28 -5 -30 -4 -33 -6 -30 -2 -30 10 -29 -2 -29 0 -28 0 -25 1 -27 0 -27 1 -26 1 -26 2 -27 4 -23 3 -26 5 -25 3 -25 5 -24 5 -23 7 -23 6 -25 8 -21 7 -20 8 -20 7 -19 9 -20 9 -21 8 -22 9 -21 8 -20 8 -16 18 -17 22 -16 21 -13 24 -1 -1 ]
CSI_DATA,STA,08:3A:F2:51:5D:9D,-49,11,1,2,1,1,1,0,0,0,0,-94,0,6,1,1642051,0,110,0,0,1.846307,384,[110 96 6 0 0 0 0 0 0 0 0 0 -9 -21 -8 -21 -9 -23 -8 -25 -7 -24 -6 -22 -5 -23 -4 -22 -4 -23 -4 -23 -3 -25 -4 -25 -4 -25 -2 -24 -1 -23 -3 -25 -2 -22 -1 -22 -2 -21 -2 -21 -1 -21 -2 -22 1 -19 -2 -21 -2 -22 -3 -20 0 0 -2 -20 -4 -20 -4 -20 -5 -19 -3 -19 -4 -19 -4 -20 -5 -18 -5 -18 -6 -16 -7 -17 -5 -16 -6 -17 -7 -16 -7 -16 -8 -15 -9 -17 -9 -14 -8 -14 -8 -13 -8 -15 -8 -14 -9 -15 -10 -14 -8 -14 -8 -13 0 0 0 0 0 0 0 0 0 0 -1 -1 -1 -1 -1 26 0 27 3 27 3 24 -7 21 -6 19 -5 20 -7 21 -5 19 -5 18 -5 19 -3 17 -3 19 -3 19 -5 20 -2 18 -2 21 -2 20 -3 18 0 18 2 18 -2 18 1 17 -1 16 -1 17 1 16 -1 16 2 17 -1 18 1 18 8 17 1 17 1 17 1 16 1 14 1 15 1 14 0 14 1 13 0 14 0 12 0 13 0 12 0 12 0 11 0 11 -1 11 0 10 -1 9 0 8 -1 8 0 7 0 7 0 6 0 7 -1 6 -1 6 -1 -1 -1 -1 -1 -1 -1 -1 -1 -1 -1 -1 -1 -1 -1 -1 -1 -1 0 0 0 0 -30 -28 -28 -26 -28 -27 -28 -31 -26 -30 -24 -29 -26 -31 -23 -29 -27 -32 -23 -33 -23 -36 -23 -34 -25 -37 -23 -36 -18 -33 -21 -33 -22 -31 -18 -34 -19 -30 -17 -30 -17 -31 -19 -29 -15 -29 -17 -30 -17 -34 -20 -29 -30 -22 -18 -29 -20 -27 -20 -26 -18 -23 -19 -25 -19 -24 -19 -24 -20 -23 -22 -22 -19 -19 -22 -21 -20 -20 -22 -20 -22 -19 -22 -17 -22 -18 -25 -18 -21 -15 -21 -14 -21 -14 -22 -13 -23 -13 -22 -14 -24 -15 -22 -14 -22 -13 -27 -4 -32 -1 -31 -1 -30 3 -1 -1 ]
CSI_DATA,STA,08:3A:F2:51:5D:9D,-50,11,1,2,1,1,1,0,0,0,0,-94,0,6,1,1642498,0,110,0,0,1.857270,384,[110 96 6 0 0 0 0 0 0 0 0 0 19 -12 19 -12 20 -13 22 -12 21 -11 20 -9 21 -9 20 -8 21 -8 21 -8 23 -8 23 -9 22 -8 22 -7 21 -5 23 -7 21 -6 20 -5 20 -5 19 -5 20 -5 20 -5 18 -3 20 -5 21 -5 18 -6 0 0 19 -6 18 -7 18 -7 17 -8 17 -6 17 -7 18 -7 15 -7 16 -8 13 -9 14 -10 14 -8 14 -9 13 -9 14 -9 13 -11 14 -11 11 -11 12 -11 10 -11 12 -10 12 -10 12 -11 11 -12 12 -10 10 -11 0 0 0 0 0 0 0 0 0 0 -1 -1 -1 -1 -28 -2 -29 -1 -28 2 -25 3 -24 -5 -22 -5 -22 -4 -23 -6 -21 -4 -20 -4 -21 -3 -20 -1 -21 -1 -21 -2 -22 -3 -21 -1 -23 -1 -22 -1 -19 -2 -20 1 -20 3 -20 0 -19 2 -18 1 -19 0 -18 1 -18 0 -19 2 -19 0 -19 3 -18 8 -19 2 -18 2 -17 2 -16 3 -16 1 -17 2 -16 1 -16 2 -15 2 -14 2 -14 1 -14 0 -13 0 -13 0 -12 2 -12 1 -12 1 -11 1 -10 1 -10 0 -9 1 -8 0 -8 -1 -8 0 -8 0 -8 -1 -1 -1 -1 -1 -1 -1 -1 -1 -1 -1 -1 -1 -1 -1 -1 -1 -1 -1 0 0 0 0 25 -33 23 -32 25 -32 27 -32 27 -29 26 -27 28 -29 26 -27 29 -30 31 -26 34 -27 32 -26 36 -28 34 -26 32 -21 31 -25 29 -26 33 -22 29 -22 29 -20 30 -20 27 -21 28 -18 29 -21 32 -20 27 -23 20 -29 27 -22 26 -22 24 -22 21 -21 24 -21 23 -22 22 -21 21 -23 20 -24 17 -21 19 -24 19 -22 18 -24 16 -24 15 -25 16 -24 15 -27 13 -23 11 -23 12 -23 10 -24 11 -25 11 -24 12 -26 12 -24 11 -24 3 -27 1 -31 1 -31 -3 -29 -1 -1 ]
CSI_DATA,STA,08:3A:F2:51:5D:9D,-43,11,1,2,0,1,1,0,0,0,0,-94,0,6,1,1642949,0,110,0,0,1.867985,256,[110 96 6 0 0 0 0 0 0 0 0 0 18 2 19 2 20 3 20 3 19 4 18 4 18 4 18 4 19 4 18 6 19 6 19 6 18 5 18 6 17 6 18 6 16 7 16 7 16 6 15 5 15 5 16 6 14 5 15 5 16 5 15 4 0 0 15 4 15 4 15 4 14 3 13 3 14 2 14 2 13 1 14 1 14 1 14 1 13 1 13 1 13 0 13 1 13 0 13 0 13 -1 13 -1 13 -2 12 -1 13 -2 13 -2 13 -2 12 -2 12 -3 0 0 0 0 0 0 0 0 0 0 -1 -1 -1 -1 -1 -1 -1 -1 29 -23 28 -19 32 -8 32 -8 33 -7 33 -7 34 -5 33 -5 34 -5 32 -4 34 -4 33 -3 36 -2 33 -2 33 -2 33 -1 33 0 34 -1 32 1 31 1 29 0 29 -1 28 0 30 1 28 0 27 0 28 0 26 -1 -1 -1 26 -2 28 -2 25 -2 27 -3 24 -4 25 -5 23 -6 23 -6 24 -6 25 -7 25 -7 24 -7 23 -7 22 -7 22 -7 22 -8 22 -8 21 -9 21 -9 21 -10 21 -10 19 -9 20 -11 20 -10 20 -11 19 -11 15 -17 16 -18 -1 -1 -1 -1 -1 -1 ]
CSI_DATA,STA,08:3A:F2:51:5D:9D,-46,11,1,2,0,1,1,0,0,0,0,-94,0,6,1,1643307,0,110,0,0,1.874661,256,[110 96 6 0 0 0 0 0 0 0 0 0 -6 20 -6 20 -7 21 -7 21 -8 21 -8 20 -9 20 -9 19 -10 19 -10 19 -10 20 -10 20 -10 19 -10 19 -10 18 -11 19 -11 17 -11 17 -11 16 -10 16 -10 16 -10 16 -9 15 -9 15 -9 16 -8 16 0 0 -8 16 -8 16 -7 15 -7 15 -6 14 -6 15 -6 15 -5 14 -5 15 -5 14 -4 15 -4 15 -3 15 -3 15 -4 14 -3 15 -3 15 -3 14 -2 14 -2 14 -2 14 -2 14 -2 14 -1 14 -1 14 0 14 0 0 0 0 0 0 0 0 0 0 -1 -1 -1 -1 -1 -1 -1 -1 23 33 20 33 4 35 4 34 4 35 3 35 2 36 1 35 1 37 0 34 0 35 -2 36 -3 38 -3 35 -3 36 -4 35 -4 34 -3 35 -5 33 -5 33 -4 31 -3 31 -4 30 -5 32 -4 30 -5 29 -4 29 -3 28 -1 -1 -1 27 -1 30 -1 27 0 28 0 25 2 26 3 25 2 25 3 26 4 27 4 27 4 25 5 25 4 24 5 23 5 23 6 25 5 23 7 23 7 23 7 23 7 21 8 22 7 22 8 23 8 21 18 17 18 16 -1 -1 -1 -1 -1 -1 ]
CSI_DATA,STA,08:3A:F2:51:5D:9D,-47,11,1,2,0,1,1,0,0,0,0,-94,0,6,1,1643710,0,110,0,0,1.881494,256,[110 96 6 0 0 0 0 0 0 0 0 0 -3 21 -3 21 -4 21 -4 21 -5 22 -5 20 -6 21 -6 20 -7 20 -7 21 -7 21 -7 21 -7 20 -7 20 -8 18 -8 20 -8 18 -9 18 -8 17 -8 17 -8 17 -8 17 -8 16 -7 17 -7 18 -6 17 0 0 -5 16 -5 17 -5 16 -5 16 -4 15 -3 15 -4 16 -4 15 -2 15 -3 15 -2 16 -2 15 -1 15 -1 15 -2 15 -1 15 -1 15 -1 14 -1 14 0 14 0 14 0 14 1 14 1 14 2 14 1 13 0 0 0 0 0 0 0 0 0 0 -1 -1 -1 -1 -1 -1 -1 -1 21 35 19 33 6 36 6 37 5 38 5 38 2 39 2 38 1 39 0 37 -2 39 -1 38 -2 40 -2 38 -1 38 -2 37 -4 37 -4 38 -5 37 -7 34 -4 34 -4 33 -4 33 -6 34 -3 32 -3 30 -3 31 -2 29 -1 -1 -1 30 -1 31 -1 29 0 30 1 27 3 29 2 27 3 27 3 28 5 28 5 28 5 27 6 27 5 26 4 25 5 26 6 25 6 25 8 24 7 25 8 24 7 23 8 23 8 23 10 24 10 22 13 19 16 20 -1 -1 -1 -1 -1 -1 ]
CSI_DATA,STA,08:3A:F2:51:5D:9D,-49,11,1,2,1,1,1,0,0,0,0,-94,0,6,1,1776557,0,110,0,0,1.943043,384,[110 96 6 0 0 0 0 0 0 0 0 0 -14 14 -15 13 -16 15 -18 14 -17 13 -16 12 -17 12 -16 11 -17 11 -18 11 -19 12 -19 12 -19 11 -19 10 -18 8 -19 11 -18 9 -18 8 -17 8 -17 8 -17 8 -18 8 -16 6 -17 8 -18 9 -16 9 0 0 -16 9 -15 10 -15 10 -14 10 -15 8 -14 9 -15 9 -13 9 -13 10 -11 10 -11 11 -11 10 -11 10 -10 10 -11 10 -10 12 -11 12 -9 11 -9 11 -7 11 -9 11 -9 11 -9 12 -7 12 -9 11 -7 11 0 0 0 0 0 0 0 0 0 0 -1 -1 -1 -1 20 -12 21 -14 19 -18 18 -14 18 -5 17 -4 16 -9 11 -4 12 -5 14 -2 16 -7 15 -6 15 -7 15 -7 16 -7 14 -7 16 -8 15 -7 14 -6 13 -8 12 -10 14 -8 12 -9 12 -8 13 -7 11 -8 12 -7 11 -9 13 -8 12 -10 8 -15 12 -9 12 -8 10 -9 10 -8 11 -8 11 -8 10 -7 10 -8 9 -7 9 -7 9 -7 9 -6 9 -6 8 -6 8 -6 7 -6 7 -6 6 -5 6 -5 6 -4 6 -5 5 -4 4 -3 5 -3 5 -3 4 -3 -1 -1 -1 -1 -1 -1 -1 -1 -1 -1 -1 -1 -1 -1 -1 -1 -1 -1 0 0 0 0 -9 33 -9 31 -10 31 -12 32 -13 30 -12 29 -14 31 -13 28 -14 32 -17 28 -19 31 -17 30 -19 32 -18 31 -18 26 -17 28 -15 29 -19 26 -16 26 -17 23 -17 24 -15 24 -16 22 -16 24 -19 25 -15 25 -3 31 -15 25 -14 24 -12 24 -11 21 -12 23 -12 23 -12 22 -10 23 -9 25 -8 21 -7 24 -8 22 -6 24 -6 23 -5 23 -5 23 -4 24 -4 22 -2 20 -3 21 -1 21 -1 21 -2 21 -2 23 -1 22 -1 21 9 22 13 24 14 24 15 21 -1 -1 ]
CSI_DATA,STA,08:3A:F2:51:5D:9D,-46,11,1,1,0,1,1,0,0,0,0,-94,0,6,1,1783974,0,110,0,0,1.954122,256,[110 96 6 0 0 0 0 0 0 0 0 0 -14 -15 -13 -16 -13 -17 -13 -17 -12 -17 -11 -17 -10 -17 -10 -18 -10 -18 -10 -18 -10 -18 -10 -19 -9 -18 -9 -18 -8 -18 -9 -18 -7 -17 -7 -17 -7 -17 -7 -17 -6 -16 -7 -17 -6 -16 -8 -15 -8 -16 -8 -15 0 0 -7 -15 -8 -15 -8 -14 -8 -14 -8 -13 -8 -14 -8 -13 -8 -13 -8 -12 -9 -12 -9 -12 -9 -11 -9 -11 -9 -12 -9 -11 -9 -11 -10 -11 -10 -11 -9 -11 -10 -10 -10 -10 -9 -10 -10 -10 -10 -9 -10 -9 -10 -9 0 0 0 0 0 0 0 0 0 0 -1 -1 -1 -1 0 0 0 0 -37 -6 -36 -6 -30 -18 -30 -19 -30 -21 -32 -22 -27 -22 -29 -23 -28 -24 -26 -23 -26 -25 -24 -24 -26 -25 -27 -26 -26 -24 -26 -25 -24 -26 -24 -25 -23 -26 -20 -24 -21 -24 -22 -24 -20 -24 -20 -23 -20 -22 -22 -21 -22 -21 -21 -21 -1 -1 -20 -20 -20 -18 -20 -18 -21 -18 -20 -17 -21 -18 -20 -17 -22 -17 -21 -16 -22 -14 -22 -13 -20 -14 -22 -14 -22 -15 -20 -12 -21 -12 -22 -12 -22 -11 -22 -12 -21 -11 -23 -11 -21 -12 -21 -9 -21 -9 -21 -9 -22 -9 -20 0 -23 0 -1 -1 -1 -1 -1 -1 ]
CSI_DATA,STA,08:3A:F2:51:5D:9D,-46,11,1,1,0,1,1,0,0,0,0,-94,0,6,1,1784427,0,110,0,0,1.962212,256,[110 96 6 0 0 0 0 0 0 0 0 0 14 -14 14 -14 15 -14 15 -14 15 -13 15 -12 15 -12 16 -11 16 -11 17 -11 16 -12 17 -11 16 -11 16 -10 15 -9 16 -11 15 -9 16 -9 15 -9 15 -9 14 -9 15 -9 14 -8 13 -9 14 -10 13 -9 0 0 12 -9 12 -10 11 -10 12 -10 11 -9 11 -10 10 -11 10 -10 10 -10 10 -10 9 -11 9 -10 9 -11 9 -11 9 -11 8 -11 8 -12 7 -11 8 -11 7 -11 7 -11 7 -11 7 -12 6 -12 6 -11 6 -11 0 0 0 0 0 0 0 0 0 0 -1 -1 -1 -1 -1 -1 -1 -1 7 -36 8 -35 16 -31 18 -31 20 -30 20 -32 19 -28 21 -29 22 -30 23 -28 24 -27 23 -26 22 -28 24 -29 22 -27 23 -27 24 -26 24 -25 24 -25 22 -22 22 -22 22 -24 22 -22 22 -22 20 -21 19 -24 19 -24 19 -23 -1 -1 18 -22 16 -23 15 -22 16 -23 15 -22 15 -23 14 -22 15 -23 14 -23 12 -24 11 -24 11 -22 10 -24 12 -24 10 -22 9 -23 9 -23 8 -23 9 -24 8 -22 7 -24 8 -23 6 -22 5 -23 6 -23 5 -24 -1 -20 -1 -23 -1 -1 -1 -1 -1 -1 ]
CSI_DATA,STA,08:3A:F2:51:5D:9D,-45,11,1,1,0,1,1,0,0,0,0,-94,0,6,1,1784764,0,110,0,0,1.969625,256,[110 96 6 0 0 0 0 0 0 0 0 0 6 -6 6 -6 6 -6 7 -6 6 -5 7 -5 6 -5 7 -5 7 -5 7 -5 7 -5 7 -4 7 -4 7 -4 7 -4 7 -4 7 -3 7 -4 6 -3 7 -3 6 -4 6 -4 6 -4 6 -4 6 -4 6 -4 0 0 6 -4 5 -4 5 -4 5 -4 5 -4 5 -4 5 -4 5 -4 5 -4 5 -4 4 -4 4 -4 4 -4 5 -4 4 -4 4 -4 4 -5 4 -4 4 -5 4 -4 3 -5 4 -5 3 -5 4 -4 4 -4 4 -5 0 0 0 0 0 0 0 0 0 0 -1 -1 -1 -1 -1 -1 -1 -1 8 -13 8 -13 9 -12 10 -12 10 -12 12 -12 11 -11 11 -11 12 -11 12 -10 13 -10 12 -9 13 -11 13 -10 12 -10 13 -10 12 -9 13 -9 13 -8 12 -8 12 -8 12 -8 12 -7 11 -8 11 -7 11 -9 11 -8 10 -8 -1 -1 11 -9 9 -8 9 -8 9 -8 9 -8 9 -9 8 -8 9 -9 8 -9 8 -8 8 -9 8 -8 8 -10 8 -9 7 -8 6 -9 6 -9 7 -9 6 -10 6 -10 6 -9 6 -9 5 -9 5 -9 5 -10 5 -10 3 -9 4 -10 -1 -1 -1 -1 -1 -1 ]
CSI_DATA,STA,08:3A:F2:51:5D:9D,-47,11,1,1,0,1,1,0,0,0,0,-94,0,6,1,1785065,0,110,0,0,1.976175,256,[110 96 6 0 0 0 0 0 0 0 0 0 15 14 15 14 16 14 16 15 15 15 14 16 14 16 13 16 14 16 13 17 13 17 13 17 13 17 13 16 11 16 13 17 11 16 10 16 10 16 10 15 10 15 10 15 10 14 10 14 11 14 11 14 0 0 11 13 11 13 11 12 11 12 11 11 12 11 11 11 11 10 12 10 11 10 12 9 12 9 12 9 12 9 12 9 12 8 12 8 12 8 12 7 12 7 12 7 12 6 12 6 13 6 12 5 12 5 0 0 0 0 0 0 0 0 0 0 -1 -1 -1 -1 -1 -1 -1 -1 39 5 38 7 34 16 33 17 35 18 35 19 33 19 32 20 35 21 31 21 33 22 30 23 31 24 32 25 31 22 31 23 28 23 30 23 29 24 26 23 26 22 27 22 25 22 25 22 24 20 26 20 26 20 26 19 -1 -1 25 17 24 16 24 15 25 16 24 15 26 13 24 14 25 13 27 12 26 12 26 10 25 11 26 10 26 11 24 8 24 8 25 7 25 8 25 7 25 7 25 6 25 5 25 5 25 4 24 4 25 4 24 -3 25 -4 -1 -1 -1 -1 -1 -1 ]
CSI_DATA,STA,08:3A:F2:51:5D:9D,-46,11,1,1,0,1,1,0,0,0,0,-94,0,6,1,1785466,0,110,0,0,1.982934,256,[110 96 6 0 0 0 0 0 0 0 0 0 -13 17 -14 16 -14 17 -14 17 -15 16 -15 15 -15 15 -15 14 -16 15 -17 14 -17 15 -18 14 -17 14 -16 14 -16 13 -17 14 -16 12 -16 11 -16 12 -15 12 -15 11 -15 12 -14 10 -14 11 -14 12 -14 12 0 0 -13 12 -13 12 -12 12 -12 12 -11 11 -11 12 -11 12 -10 11 -10 13 -10 12 -10 13 -9 12 -9 13 -9 13 -9 12 -8 13 -8 13 -8 13 -7 12 -7 13 -7 12 -6 13 -6 13 -6 13 -6 13 -5 12 0 0 0 0 0 0 0 0 0 0 -1 -1 -1 -1 -1 -1 -1 -1 -4 40 -4 39 -14 36 -16 36 -17 36 -17 37 -18 34 -19 34 -21 36 -21 33 -22 34 -22 30 -22 33 -24 34 -21 33 -22 33 -23 31 -23 31 -24 30 -22 26 -22 27 -21 29 -22 27 -21 27 -19 26 -19 28 -19 27 -18 27 -1 -1 -18 27 -15 26 -15 26 -15 26 -14 25 -14 28 -13 25 -13 26 -12 27 -11 27 -10 27 -11 26 -9 27 -10 27 -9 24 -8 25 -7 26 -7 26 -6 26 -6 26 -6 26 -6 26 -4 24 -4 25 -4 25 -4 26 3 22 3 24 -1 -1 -1 -1 -1 -1 ]
CSI_DATA,STA,08:3A:F2:51:5D:9D,-45,11,1,1,0,1,1,0,0,0,0,-94,0,6,1,1785857,0,110,0,0,1.990395,256,[110 96 6 0 0 0 0 0 0 0 0 0 -12 4 -11 4 -12 3 -12 3 -12 3 -11 2 -11 2 -11 2 -11 2 -12 2 -12 2 -12 1 -12 1 -12 1 -11 0 -12 1 -11 0 -11 1 -11 0 -11 1 -10 0 -10 1 -10 0 -10 1 -10 1 -9 2 0 0 -9 1 -10 2 -9 2 -9 2 -9 2 -9 2 -9 3 -9 2 -8 3 -8 3 -8 3 -7 3 -8 3 -8 3 -7 3 -8 3 -8 4 -8 4 -7 3 -7 3 -7 4 -7 4 -7 4 -7 4 -7 4 -7 3 0 0 0 0 0 0 0 0 0 0 -1 -1 -1 -1 -1 -1 -1 -1 -13 16 -16 15 -19 11 -18 13 -19 10 -20 11 -17 10 -18 8 -19 11 -20 9 -18 9 -20 9 -19 8 -20 8 -19 8 -19 8 -20 6 -18 8 -19 6 -18 7 -18 7 -20 6 -17 4 -18 7 -17 6 -17 7 -18 7 -16 7 -1 -1 -14 7 -15 8 -14 8 -15 7 -15 7 -14 8 -13 8 -15 8 -12 8 -13 11 -12 10 -11 9 -11 8 -12 8 -10 9 -10 9 -12 10 -10 11 -10 8 -9 10 -11 11 -10 8 -8 11 -8 10 -9 9 -10 9 -3 12 -3 12 -1 -1 -1 -1 -1 -1 ]
CSI_DATA,STA,08:3A:F2:51:5D:9D,-43,11,1,1,0,1,1,0,0,0,0,-94,0,6,1,1786309,0,110,0,0,1.997235,256,[110 96 6 0 0 0 0 0 0 0 0 0 -10 -20 -10 -20 -10 -20 -10 -21 -9 -21 -8 -20 -8 -21 -7 -21 -7 -20 -7 -22 -7 -22 -7 -22 -6 -21 -6 -21 -5 -20 -6 -21 -5 -20 -5 -20 -5 -19 -5 -19 -5 -18 -5 -19 -4 -18 -5 -18 -6 -19 -6 -18 0 0 -6 -17 -7 -17 -7 -16 -7 -17 -7 -16 -7 -15 -8 -15 -7 -15 -8 -14 -8 -15 -8 -15 -8 -13 -8 -13 -8 -14 -9 -13 -9 -13 -10 -14 -9 -13 -9 -13 -9 -12 -9 -12 -9 -12 -10 -12 -10 -11 -9 -11 -9 -11 0 0 0 0 0 0 0 0 0 0 -1 -1 -1 -1 -1 -1 -1 -1 -15 -14 -14 -14 -12 -17 -12 -17 -12 -17 -12 -18 -11 -17 -11 -18 -11 -19 -10 -18 -10 -19 -8 -19 -9 -19 -10 -20 -9 -19 -9 -19 -8 -19 -8 -19 -8 -19 -7 -18 -7 -18 -7 -18 -6 -17 -7 -17 -6 -16 -8 -16 -8 -16 -8 -16 -1 -1 -8 -15 -8 -15 -8 -14 -8 -14 -8 -14 -9 -14 -9 -13 -9 -13 -9 -13 -9 -13 -10 -12 -9 -12 -10 -12 -10 -12 -9 -11 -10 -11 -10 -11 -10 -11 -10 -10 -10 -10 -11 -10 -10 -10 -11 -9 -11 -9 -11 -9 -11 -9 -11 -7 -12 -7 -1 -1 -1 -1 -1 -1 ]
CSI_DATA,STA,08:3A:F2:51:5D:9D,-45,11,1,1,0,1,1,0,0,0,0,-94,0,6,1,1786619,0,110,0,0,2.5098,256,[110 96 6 0 0 0 0 0 0 0 0 0 5 -11 5 -10 5 -11 5 -11 5 -11 6 -10 7 -10 6 -9 6 -10 6 -10 7 -10 6 -10 7 -9 6 -9 6 -8 7 -10 6 -8 7 -9 6 -9 6 -8 5 -8 7 -9 6 -8 5 -8 6 -9 6 -8 0 0 5 -8 5 -8 4 -8 4 -8 4 -7 4 -8 4 -8 3 -7 3 -9 4 -8 3 -9 2 -8 2 -8 2 -8 2 -9 2 -8 2 -8 2 -8 2 -7 1 -8 2 -8 1 -8 1 -8 1 -9 1 -7 0 -7 0 0 0 0 0 0 0 0 0 0 -1 -1 -1 -1 -1 -1 -1 -1 -5 -10 -4 -10 0 -10 0 -10 0 -10 0 -10 0 -10 1 -10 1 -11 1 -10 1 -10 1 -10 2 -11 1 -11 1 -10 1 -10 2 -10 1 -10 2 -9 2 -10 2 -9 2 -9 2 -9 2 -9 1 -9 1 -9 2 -9 1 -8 -1 -1 0 -8 0 -8 0 -8 0 -8 0 -7 -1 -8 0 -8 0 -8 -1 -8 -1 -8 -1 -8 -1 -7 -1 -7 -1 -8 -1 -7 -2 -7 -2 -7 -2 -7 -2 -7 -2 -7 -2 -7 -2 -7 -2 -7 -3 -7 -2 -6 -2 -7 -5 -5 -5 -5 -1 -1 -1 -1 -1 -1 ]
CSI_DATA,STA,08:3A:F2:51:5D:9D,-44,11,0,0,0,0,0,0,0,0,0,-94,0,6,1,1788464,0,110,0,0,2.11680,128,[110 96 6 0 0 0 0 0 0 0 0 0 -8 -21 -7 -21 -8 -23 -8 -23 -7 -23 -5 -21 -6 -22 -5 -21 -5 -22 -4 -23 -5 -24 -4 -24 -4 -22 -4 -22 -2 -20 -4 -24 -2 -21 -2 -21 -2 -20 -2 -20 -2 -19 -3 -21 -1 -18 -3 -19 -4 -20 -4 -19 0 0 -5 -18 -5 -19 -5 -18 -5 -18 -4 -16 -6 -17 -6 -17 -5 -16 -7 -16 -6 -16 -7 -16 -6 -14 -7 -15 -7 -15 -7 -15 -7 -15 -9 -16 -8 -14 -7 -14 -8 -13 -8 -14 -8 -14 -9 -14 -9 -13 -8 -13 -8 -12 0 0 0 0 0 0 0 0 0 0 ]
CSI_DATA,STA,08:3A:F2:51:5D:9D,-49,11,1,1,1,1,1,0,0,0,0,-94,0,6,1,1905754,0,110,0,0,2.72255,384,[110 96 6 0 0 0 0 0 0 0 0 0 -21 1 -20 0 -22 0 -23 -1 -22 -1 -20 -2 -21 -2 -20 -3 -21 -4 -21 -4 -22 -5 -23 -4 -22 -5 -21 -6 -20 -6 -22 -5 -19 -5 -19 -6 -18 -5 -18 -5 -18 -6 -19 -6 -17 -6 -18 -5 -20 -6 -18 -4 0 0 -18 -4 -18 -3 -18 -3 -18 -2 -17 -4 -17 -3 -18 -3 -16 -2 -17 -2 -15 0 -16 0 -15 -1 -16 0 -15 1 -16 0 -15 2 -17 1 -14 3 -14 2 -13 3 -15 2 -14 2 -15 2 -14 4 -14 2 -13 3 0 0 0 0 0 0 0 0 0 0 -1 -1 -1 -1 20 13 21 11 23 9 19 7 14 13 13 12 14 12 15 13 14 11 13 10 15 10 14 9 16 9 14 9 15 10 15 8 17 8 15 8 14 8 15 7 16 5 14 7 14 5 14 6 13 7 14 6 13 6 15 4 15 7 15 4 17 0 15 5 14 5 14 4 14 4 13 5 13 4 12 4 12 5 12 4 11 3 11 4 11 5 11 4 10 4 9 3 9 3 9 3 8 3 7 2 7 3 6 2 6 2 6 2 5 2 5 2 5 2 -1 -1 -1 -1 -1 -1 -1 -1 -1 -1 -1 -1 -1 -1 -1 -1 -1 -1 0 0 0 0 -32 13 -33 13 -34 12 -37 11 -36 10 -33 8 -35 9 -33 8 -38 8 -36 5 -38 4 -37 6 -39 7 -39 5 -35 2 -36 3 -35 4 -35 3 -32 3 -33 2 -32 2 -34 3 -31 2 -32 3 -34 1 -31 5 -29 14 -31 4 -30 4 -30 6 -28 6 -29 6 -29 6 -28 6 -28 8 -28 8 -25 9 -27 10 -26 8 -26 11 -26 10 -23 12 -24 12 -25 13 -21 12 -19 12 -20 13 -20 13 -21 13 -22 13 -21 13 -20 12 -21 13 -15 19 -16 24 -14 24 -12 24 -1 -1 ]
CSI_DATA,STA,08:3A:F2:51:5D:9D,-50,11,1,1,1,1,1,0,0,0,0,-94,0,6,1,1912678,0,110,0,0,2.83531,384,[110 96 6 0 0 0 0 0 0 0 0 0 21 4 21 5 22 5 24 7 21 7 20 7 20 8 19 8 20 9 20 9 21 10 21 10 21 10 20 11 18 11 20 10 18 10 16 10 17 10 17 10 16 11 17 11 14 10 17 9 18 11 17 8 0 0 17 9 17 7 18 7 17 6 16 8 17 7 17 7 15 6 16 5 15 3 16 3 15 4 16 4 16 3 15 3 16 1 17 2 15 0 15 1 14 0 15 1 15 1 15 1 15 -1 15 1 14 -1 0 0 0 0 0 0 0 0 0 0 -1 -1 -1 -1 -18 -21 -19 -19 -22 -18 -19 -15 -12 -19 -12 -19 -13 -18 -13 -20 -13 -18 -12 -17 -13 -16 -13 -15 -15 -16 -14 -16 -13 -17 -15 -15 -16 -15 -15 -15 -13 -15 -14 -13 -16 -12 -15 -13 -15 -12 -15 -13 -14 -13 -15 -12 -14 -12 -16 -11 -15 -13 -16 -11 -18 -6 -15 -11 -15 -11 -15 -10 -15 -10 -14 -11 -14 -10 -13 -10 -13 -10 -13 -9 -12 -8 -12 -10 -11 -10 -11 -9 -11 -9 -10 -8 -10 -8 -10 -8 -8 -7 -8 -6 -8 -7 -7 -6 -7 -6 -6 -6 -6 -6 -6 -5 -6 -5 -1 -1 -1 -1 -1 -1 -1 -1 -1 -1 -1 -1 -1 -1 -1 -1 -1 -1 0 0 0 0 37 -5 37 -4 39 -4 41 -2 40 -1 37 1 39 1 37 2 41 2 39 5 40 6 40 4 42 4 41 5 37 7 37 7 38 5 36 7 34 5 35 7 33 7 35 6 32 7 35 5 35 8 33 3 34 -6 33 5 31 3 32 2 31 1 32 2 32 1 30 1 30 -1 30 -1 27 -3 30 -3 29 -1 30 -5 30 -4 27 -7 28 -7 29 -7 25 -7 24 -7 25 -9 24 -8 25 -9 25 -8 26 -9 24 -9 25 -9 21 -17 23 -20 22 -20 19 -21 -1 -1 ]
CSI_DATA,STA,08:3A:F2:51:5D:9D,-45,11,1,1,0,1,1,0,0,0,0,-94,0,6,1,1923958,0,110,0,0,2.96462,256,[110 96 6 0 0 0 0 0 0 0 0 0 -10 -23 -9 -23 -9 -24 -9 -24 -8 -24 -6 -23 -7 -24 -6 -24 -6 -24 -5 -24 -6 -25 -5 -25 -5 -24 -4 -24 -3 -23 -5 -24 -3 -22 -3 -23 -3 -22 -3 -22 -3 -21 -3 -22 -2 -20 -4 -21 -4 -21 -5 -20 0 0 -5 -20 -5 -20 -5 -19 -5 -19 -5 -18 -6 -18 -6 -18 -6 -17 -7 -17 -6 -17 -7 -17 -7 -16 -7 -16 -7 -16 -8 -16 -8 -16 -9 -16 -8 -15 -8 -15 -9 -14 -9 -14 -9 -14 -10 -14 -9 -14 -9 -14 -9 -13 0 0 0 0 0 0 0 0 0 0 -1 -1 -1 -1 -1 -1 -1 -1 -26 -39 -22 -37 -21 -40 -19 -40 -22 -42 -21 -42 -19 -43 -16 -41 -18 -45 -15 -42 -16 -44 -12 -44 -12 -45 -13 -47 -13 -44 -12 -45 -9 -42 -13 -45 -10 -42 -10 -42 -9 -40 -11 -41 -8 -39 -10 -39 -9 -38 -11 -39 -10 -39 -10 -36 -1 -1 -11 -35 -13 -34 -12 -32 -14 -34 -12 -30 -16 -33 -14 -31 -15 -31 -17 -30 -16 -32 -17 -31 -15 -30 -18 -29 -16 -29 -17 -27 -17 -26 -19 -27 -18 -26 -19 -25 -19 -25 -20 -25 -19 -24 -20 -24 -20 -23 -20 -24 -20 -23 -22 -18 -22 -19 -1 -1 -1 -1 -1 -1 ]
CSI_DATA,STA,08:3A:F2:51:5D:9D,-45,11,1,1,0,1,1,0,0,0,0,-94,0,6,1,1924270,0,110,0,0,2.105040,256,[110 96 6 0 0 0 0 0 0 0 0 0 17 -20 18 -20 18 -22 19 -21 19 -21 18 -18 19 -20 19 -18 20 -18 21 -17 21 -18 22 -18 20 -18 21 -16 20 -15 22 -18 20 -15 21 -15 19 -14 19 -15 19 -14 19 -14 18 -13 18 -14 18 -15 17 -15 0 0 16 -15 17 -15 15 -15 16 -15 14 -14 14 -16 14 -16 13 -15 13 -16 13 -16 13 -16 11 -15 11 -15 11 -16 11 -16 11 -16 10 -17 10 -16 10 -16 9 -16 9 -16 9 -16 9 -17 8 -17 8 -16 7 -16 0 0 0 0 0 0 0 0 0 0 -1 -1 -1 -1 -1 -1 -1 -1 27 -45 28 -39 30 -38 31 -38 30 -43 30 -41 33 -41 33 -38 37 -40 34 -35 37 -38 39 -33 40 -34 42 -36 38 -35 38 -34 37 -30 38 -35 36 -31 37 -29 35 -28 34 -31 35 -28 34 -28 33 -27 33 -29 34 -28 32 -27 -1 -1 29 -30 28 -29 26 -27 27 -30 24 -26 24 -32 25 -29 22 -30 22 -32 24 -31 22 -32 22 -30 20 -32 20 -31 19 -30 17 -30 16 -32 17 -30 15 -32 15 -31 15 -32 13 -32 14 -32 14 -32 14 -32 12 -31 10 -31 9 -30 -1 -1 -1 -1 -1 -1 ]
CSI_DATA,STA,08:3A:F2:51:5D:9D,-45,11,1,1,0,1,1,0,0,0,0,-94,0,6,1,1924625,0,110,0,0,2.112684,256,[110 96 6 0 0 0 0 0 0 0 0 0 26 2 27 3 27 2 27 3 27 3 25 4 26 4 25 6 26 5 26 7 27 7 27 8 25 7 25 7 24 8 26 7 23 7 23 9 23 8 22 7 21 7 22 7 20 8 21 7 22 7 21 6 0 0 20 5 21 4 21 4 21 4 19 3 20 3 20 2 19 2 20 1 20 1 20 1 18 1 18 1 19 1 18 0 18 -1 19 -1 18 -1 18 -1 18 -2 18 -1 18 -2 18 -3 18 -3 17 -3 16 -3 0 0 0 0 0 0 0 0 0 0 -1 -1 -1 -1 -1 -1 -1 -1 47 -21 44 -15 47 -7 47 -5 50 -8 49 -5 50 -5 48 -3 52 -3 47 -1 50 -1 49 5 51 4 53 5 50 3 49 2 46 5 50 2 46 4 46 6 44 5 44 3 42 4 42 4 40 4 42 4 42 4 40 4 -1 -1 39 0 39 -1 36 -1 38 -1 35 -1 37 -5 36 -3 36 -5 37 -6 38 -6 37 -7 35 -5 35 -7 35 -7 33 -8 32 -9 33 -10 32 -8 31 -12 32 -11 32 -12 30 -12 32 -12 30 -13 30 -12 29 -13 26 -19 25 -19 -1 -1 -1 -1 -1 -1 ]
CSI_DATA,STA,08:3A:F2:51:5D:9D,-45,11,1,1,0,1,1,0,0,0,0,-94,0,6,1,1924944,0,110,0,0,2.119346,256,[110 96 6 0 0 0 0 0 0 0 0 0 5 23 4 22 5 23 4 23 4 24 3 22 3 23 2 23 3 24 1 24 2 24 1 25 1 23 1 23 0 22 2 24 0 21 0 22 0 21 0 21 0 20 1 21 -1 19 1 20 1 20 1 19 0 0 3 18 3 19 3 18 3 18 3 16 4 17 5 17 4 16 6 16 5 16 6 16 5 16 6 15 6 15 6 15 7 14 7 15 6 14 7 14 8 14 8 13 8 13 9 14 8 13 8 13 8 12 0 0 0 0 0 0 0 0 0 0 -1 -1 -1 -1 -1 -1 -1 -1 33 30 29 30 21 37 20 36 21 38 20 38 19 38 18 38 19 41 15 39 17 40 13 41 15 42 15 43 14 40 14 40 11 39 15 40 12 38 10 38 11 36 12 37 10 35 11 35 10 34 12 35 12 35 12 34 -1 -1 13 32 14 31 14 29 14 30 13 28 17 28 15 28 15 27 17 27 18 28 19 26 17 26 19 24 18 25 18 23 19 22 20 23 19 22 20 21 20 21 21 21 20 20 22 20 21 19 21 19 21 18 24 12 25 12 -1 -1 -1 -1 -1 -1 ]
CSI_DATA,STA,08:3A:F2:51:5D:9D,-45,11,1,1,0,1,1,0,0,0,0,-94,0,6,1,1925335,0,110,0,0,2.125952,256,[110 96 6 0 0 0 0 0 0 0 0 0 -14 19 -14 18 -15 20 -15 18 -16 19 -15 16 -16 18 -17 16 -16 17 -18 17 -18 17 -19 16 -18 16 -18 15 -17 13 -18 17 -17 13 -18 14 -17 13 -17 14 -16 12 -17 14 -17 12 -16 13 -16 13 -15 13 0 0 -14 13 -15 14 -13 13 -14 14 -12 12 -12 14 -12 14 -11 13 -11 14 -11 14 -11 14 -10 13 -10 13 -9 14 -10 14 -9 13 -9 15 -9 14 -8 14 -8 14 -8 14 -7 14 -8 14 -7 14 -7 14 -7 13 0 0 0 0 0 0 0 0 0 0 -1 -1 -1 -1 -1 -1 -1 -1 -1 47 -3 43 -14 40 -14 37 -14 41 -14 40 -17 41 -16 37 -18 42 -18 37 -18 39 -23 37 -24 38 -24 39 -22 37 -22 37 -22 33 -21 37 -21 33 -23 34 -20 31 -21 33 -21 30 -20 31 -21 30 -20 32 -20 31 -19 30 -1 -1 -16 29 -15 30 -14 28 -14 31 -13 27 -11 31 -13 29 -11 28 -9 30 -11 31 -10 30 -11 29 -9 29 -9 28 -7 28 -7 26 -5 29 -6 27 -4 29 -5 28 -4 28 -3 27 -4 28 -3 28 -4 27 -3 27 7 27 7 26 -1 -1 -1 -1 -1 -1 ]
CSI_DATA,STA,08:3A:F2:51:5D:9D,-45,11,1,1,0,1,1,0,0,0,0,-94,0,6,1,1926207,0,110,0,0,2.133420,256,[110 96 6 0 0 0 0 0 0 0 0 0 -3 -27 -3 -26 -3 -28 -3 -27 -2 -29 -1 -26 -1 -28 0 -27 -1 -28 2 -28 1 -29 2 -29 1 -27 2 -26 3 -25 1 -28 2 -24 2 -26 2 -24 1 -25 1 -24 1 -25 3 -23 1 -23 1 -24 0 -23 0 0 -1 -22 -1 -23 -2 -21 -2 -22 -2 -20 -3 -21 -3 -21 -3 -20 -4 -20 -4 -20 -4 -20 -4 -19 -5 -19 -5 -19 -6 -19 -6 -18 -7 -19 -7 -18 -7 -18 -7 -17 -7 -17 -8 -18 -8 -18 -8 -17 -8 -17 -8 -16 0 0 0 0 0 0 0 0 0 0 -1 -1 -1 -1 -1 -1 -1 -1 -37 -39 -31 -35 -19 -44 -17 -42 -22 -46 -19 -44 -20 -47 -16 -44 -17 -49 -14 -45 -16 -48 -11 -49 -11 -50 -11 -52 -12 -48 -12 -48 -9 -44 -13 -48 -9 -44 -9 -45 -9 -42 -11 -44 -9 -41 -10 -41 -9 -41 -11 -41 -10 -42 -9 -39 -1 -1 -12 -38 -14 -37 -12 -34 -16 -36 -13 -32 -17 -34 -15 -34 -16 -32 -18 -32 -18 -35 -19 -33 -17 -33 -19 -31 -18 -30 -19 -29 -19 -27 -22 -28 -19 -27 -22 -26 -22 -26 -22 -26 -22 -25 -23 -26 -23 -25 -22 -25 -22 -23 -28 -16 -28 -16 -1 -1 -1 -1 -1 -1 ]
CSI_DATA,STA,08:3A:F2:51:5D:9D,-50,11,1,1,1,1,1,0,0,0,0,-94,0,6,1,1928413,0,110,0,0,2.141284,384,[110 96 6 0 0 0 0 0 0 0 0 0 -20 -12 -19 -12 -21 -13 -21 -15 -20 -15 -17 -14 -19 -15 -17 -15 -18 -15 -17 -16 -18 -18 -19 -18 -18 -17 -17 -18 -15 -17 -18 -18 -15 -16 -14 -17 -15 -16 -14 -16 -14 -16 -15 -16 -12 -16 -14 -15 -15 -17 -15 -14 0 0 -15 -14 -16 -13 -16 -13 -16 -12 -14 -13 -15 -13 -15 -13 -14 -11 -16 -11 -15 -8 -16 -9 -14 -10 -15 -9 -15 -8 -15 -9 -16 -7 -17 -8 -15 -5 -15 -6 -14 -5 -15 -6 -15 -6 -16 -6 -16 -4 -15 -6 -14 -5 0 0 0 0 0 0 0 0 0 0 -1 -1 -1 -1 12 24 14 24 16 21 16 18 5 22 6 19 8 20 6 21 8 20 6 18 8 19 8 16 9 18 8 18 8 19 9 17 11 18 10 17 8 16 10 16 11 14 11 15 11 12 11 15 9 15 11 14 10 15 12 13 10 15 11 14 14 10 10 13 11 13 11 12 11 12 10 11 11 11 10 11 9 11 9 11 9 11 8 11 8 11 8 10 7 9 7 9 6 8 8 9 5 7 6 7 5 7 5 6 5 6 4 6 4 6 3 5 3 5 -1 -1 -1 -1 -1 -1 -1 -1 -1 -1 -1 -1 -1 -1 -1 -1 -1 -1 0 0 0 0 -39 -9 -37 -9 -41 -9 -40 -12 -41 -12 -36 -12 -40 -13 -36 -13 -41 -14 -38 -18 -39 -21 -39 -19 -41 -19 -39 -20 -33 -20 -36 -18 -35 -16 -36 -19 -32 -15 -34 -18 -31 -17 -34 -16 -31 -18 -33 -17 -33 -21 -32 -16 -36 -7 -31 -16 -32 -13 -31 -12 -31 -11 -30 -11 -32 -10 -31 -11 -31 -8 -32 -8 -30 -8 -32 -7 -30 -9 -31 -6 -30 -6 -30 -2 -28 -3 -33 -1 -26 -1 -27 1 -28 1 -26 0 -28 2 -29 0 -29 0 -28 -1 -28 0 -27 10 -28 13 -27 12 -25 17 -1 -1 ]
CSI_DATA,STA,08:3A:F2:51:5D:9D,-49,11,1,1,1,1,1,0,0,0,0,-94,0,6,1,1931099,0,110,0,0,2.152270,384,[110 96 6 0 0 0 0 0 0 0 0 0 13 -19 12 -18 14 -20 16 -20 16 -19 15 -16 16 -17 15 -16 16 -16 17 -16 19 -16 19 -16 18 -15 19 -14 18 -12 19 -15 17 -13 18 -12 16 -12 17 -12 17 -12 17 -12 17 -9 18 -12 18 -13 16 -12 0 0 15 -12 15 -13 14 -13 13 -13 15 -10 14 -14 14 -12 13 -11 14 -14 10 -14 11 -12 11 -11 9 -12 11 -11 11 -13 8 -13 11 -16 8 -15 10 -15 7 -14 8 -12 9 -12 10 -13 7 -13 8 -13 6 -14 0 0 0 0 0 0 0 0 0 0 -1 -1 -1 -1 -27 8 -26 7 -24 9 -23 8 -22 -1 -21 -1 -21 1 -22 0 -22 1 -20 0 -21 2 -19 3 -21 3 -21 2 -22 1 -21 3 -22 4 -20 3 -18 2 -19 4 -18 6 -19 5 -16 5 -18 5 -17 3 -17 5 -18 4 -18 6 -19 4 -17 6 -15 10 -17 5 -17 5 -16 5 -16 6 -15 4 -16 5 -15 4 -15 4 -14 4 -15 4 -14 3 -14 2 -13 2 -13 2 -12 3 -11 2 -12 3 -10 2 -9 3 -10 1 -9 2 -8 1 -8 0 -8 0 -7 0 -7 0 -1 -1 -1 -1 -1 -1 -1 -1 -1 -1 -1 -1 -1 -1 -1 -1 -1 -1 0 0 0 0 10 -38 11 -36 11 -40 14 -38 15 -40 15 -35 16 -38 15 -35 17 -39 21 -36 24 -36 22 -36 21 -38 23 -36 22 -30 22 -34 20 -32 21 -33 18 -28 22 -30 20 -29 20 -30 22 -28 22 -30 25 -30 19 -30 12 -35 18 -29 16 -29 14 -28 16 -30 15 -24 14 -30 14 -27 14 -27 13 -29 9 -29 11 -31 11 -26 8 -28 9 -27 4 -29 6 -26 6 -35 5 -24 7 -27 2 -26 1 -25 2 -24 7 -30 6 -25 4 -28 3 -28 1 -27 -9 -30 -8 -28 -12 -32 -1 -1 ]
CSI_DATA,STA,08:3A:F2:51:5D:9D,-50,11,1,1,1,1,1,0,0,0,0,-94,0,6,1,1931441,0,110,0,0,2.162973,384,[110 96 6 0 0 0 0 0 0 0 0 0 19 0 19 0 21 -1 22 1 21 1 19 2 20 3 19 3 19 4 19 4 21 5 21 5 21 5 20 6 18 6 21 6 17 5 17 6 17 5 17 5 17 6 17 6 15 6 16 6 18 6 17 4 0 0 16 4 17 3 16 5 15 2 15 4 14 1 17 1 14 2 16 0 15 0 14 1 14 1 16 0 15 1 15 0 14 -1 15 -2 13 -4 12 -3 13 -4 14 -1 16 -3 14 0 13 -3 14 -1 13 -4 0 0 0 0 0 0 0 0 0 0 -1 -1 -1 -1 -25 -5 -25 -6 -22 -1 -22 2 -15 -10 -14 -9 -16 -9 -15 -11 -15 -9 -13 -8 -15 -7 -14 -6 -16 -7 -16 -8 -15 -9 -15 -7 -17 -7 -16 -7 -13 -7 -15 -5 -15 -4 -16 -5 -14 -3 -15 -5 -14 -5 -15 -4 -15 -6 -16 -3 -16 -6 -15 -3 -16 3 -14 -4 -15 -3 -13 -3 -13 -3 -13 -3 -14 -3 -13 -3 -13 -3 -12 -3 -12 -4 -12 -4 -11 -5 -11 -4 -11 -4 -10 -3 -9 -3 -10 -3 -8 -3 -8 -2 -8 -3 -7 -2 -7 -3 -7 -3 -7 -3 -6 -3 -6 -3 -1 -1 -1 -1 -1 -1 -1 -1 -1 -1 -1 -1 -1 -1 -1 -1 -1 -1 0 0 0 0 24 -18 23 -15 25 -18 25 -15 27 -17 25 -13 27 -15 24 -13 28 -16 29 -12 32 -10 30 -11 31 -14 31 -11 27 -7 28 -10 26 -11 28 -11 24 -8 27 -9 25 -7 25 -10 25 -8 27 -9 29 -7 25 -9 22 -24 25 -9 24 -9 20 -9 22 -10 22 -11 21 -15 20 -9 19 -12 21 -16 17 -14 19 -11 23 -10 18 -12 20 -12 18 -15 17 -15 20 -17 15 -14 14 -17 14 -17 15 -15 16 -13 17 -16 15 -16 14 -12 15 -15 5 -22 10 -25 5 -24 4 -27 -1 -1 ]
CSI_DATA,STA,08:3A:F2:51:5D:9D,-44,11,0,0,0,0,0,0,0,0,0,-94,0,6,1,1961890,0,110,0,0,2.173480,128,[110 96 6 0 0 0 0 0 0 0 0 0 -8 20 -8 20 -9 22 -9 22 -10 21 -10 18 -10 20 -10 18 -11 19 -12 19 -12 20 -13 20 -13 19 -12 18 -12 16 -13 20 -12 16 -12 15 -12 15 -12 16 -11 15 -12 16 -11 13 -10 15 -11 17 -10 16 0 0 -9 16 -9 16 -9 16 -8 16 -8 14 -7 16 -7 16 -7 15 -6 16 -7 15 -7 16 -6 14 -6 15 -6 15 -6 15 -5 15 -5 16 -5 14 -4 15 -4 14 -4 14 -4 15 -4 15 -4 15 -4 14 -3 13 0 0 0 0 0 0 0 0 0 0 ]
CSI_DATA,STA,08:3A:F2:51:5D:9D,-46,11,1,2,0,1,1,0,0,0,0,-94,0,6,1,2096684,0,110,0,0,2.263196,256,[110 96 6 0 0 0 0 0 0 0 0 0 -17 -14 -17 -14 -18 -14 -18 -16 -17 -15 -16 -16 -16 -16 -14 -16 -15 -16 -14 -17 -15 -17 -15 -18 -14 -17 -14 -17 -13 -17 -14 -17 -12 -17 -12 -17 -12 -17 -12 -16 -11 -15 -12 -16 -11 -15 -11 -15 -12 -15 -13 -15 0 0 -12 -14 -12 -13 -12 -13 -12 -12 -12 -12 -13 -12 -12 -12 -12 -11 -13 -11 -12 -11 -13 -11 -12 -10 -13 -10 -13 -10 -13 -10 -13 -10 -13 -9 -13 -9 -13 -8 -13 -8 -13 -8 -13 -8 -13 -8 -14 -7 -13 -7 -13 -7 0 0 0 0 0 0 0 0 0 0 -1 -1 0 0 0 0 -1 -1 -42 3 -40 0 -36 -13 -35 -12 -37 -13 -35 -13 -36 -16 -34 -16 -36 -16 -32 -16 -34 -17 -34 -19 -35 -22 -32 -20 -33 -20 -32 -21 -31 -21 -33 -20 -29 -20 -29 -21 -28 -19 -29 -18 -27 -17 -29 -19 -27 -19 -26 -18 -27 -18 -26 -17 -1 -1 -26 -14 -29 -15 -26 -13 -28 -14 -25 -12 -27 -11 -25 -9 -26 -10 -26 -10 -28 -10 -28 -10 -26 -9 -27 -9 -25 -9 -25 -7 -25 -7 -27 -7 -25 -6 -26 -6 -26 -4 -26 -5 -24 -5 -26 -4 -25 -4 -26 -5 -24 -4 -25 7 -24 6 -1 -1 -1 -1 -1 -1 ]
CSI_DATA,STA,08:3A:F2:51:5D:9D,-49,11,1,2,1,1,1,0,0,0,0,-94,0,6,1,2098243,0,110,0,0,2.272315,384,[110 96 6 0 0 0 0 0 0 0 0 0 -11 20 -11 19 -11 21 -14 21 -13 21 -13 18 -14 19 -14 17 -15 17 -15 17 -17 18 -17 19 -17 18 -17 17 -17 15 -17 17 -16 15 -16 14 -15 14 -16 14 -16 13 -16 14 -15 12 -16 13 -17 15 -14 14 0 0 -15 14 -13 15 -14 15 -12 15 -14 13 -12 14 -13 14 -12 13 -11 14 -8 14 -9 15 -10 13 -10 14 -9 14 -9 14 -8 15 -9 16 -6 14 -6 14 -5 14 -7 14 -7 14 -7 15 -5 15 -7 14 -5 14 0 0 0 0 0 0 0 0 0 0 -1 -1 -1 -1 25 -10 26 -12 22 -13 20 -14 24 -6 20 -5 21 -7 22 -5 20 -7 18 -5 20 -8 18 -7 19 -9 19 -8 21 -7 18 -9 21 -9 19 -8 18 -6 17 -11 15 -11 18 -10 15 -10 15 -9 16 -8 14 -10 16 -8 15 -11 18 -9 16 -11 12 -14 14 -10 15 -11 13 -10 13 -10 13 -8 13 -9 12 -9 12 -8 12 -9 11 -8 12 -7 12 -7 12 -7 11 -6 9 -7 9 -6 10 -7 8 -5 7 -5 7 -5 6 -5 6 -5 7 -4 7 -3 5 -4 5 -3 -1 -1 0 0 0 0 -1 -1 -1 -1 -1 -1 0 0 0 0 -1 -1 -1 -1 -1 -1 -8 42 -8 37 -8 41 -12 40 -12 41 -12 35 -13 40 -13 36 -13 41 -18 39 -21 40 -19 38 -21 41 -21 39 -21 33 -18 37 -16 34 -21 36 -16 32 -19 32 -19 31 -16 32 -19 30 -20 31 -23 33 -17 32 -9 34 -17 30 -15 33 -13 30 -11 29 -14 29 -12 30 -12 29 -11 29 -8 31 -8 27 -8 30 -9 27 -8 30 -7 28 -3 30 -5 27 -3 32 -3 26 -1 26 -2 26 0 26 0 26 -2 28 -2 28 -1 27 -2 25 8 28 10 29 9 27 15 26 -1 -1 ]
CSI_DATA,STA,08:3A:F2:51:5D:9D,-49,11,1,2,1,1,1,0,0,0,0,-94,0,6,1,2098646,0,110,0,0,2.283137,384,[110 96 6 0 0 0 0 0 0 0 0 0 -12 -17 -12 -17 -13 -18 -12 -20 -11 -20 -9 -18 -9 -19 -8 -18 -9 -20 -8 -20 -8 -21 -9 -21 -8 -21 -7 -21 -5 -20 -8 -22 -6 -19 -5 -19 -5 -18 -5 -18 -5 -19 -5 -19 -3 -17 -5 -18 -5 -20 -6 -17 0 0 -6 -18 -7 -17 -7 -17 -7 -16 -6 -16 -7 -16 -7 -17 -7 -15 -7 -16 -8 -13 -9 -14 -7 -14 -8 -14 -9 -13 -8 -13 -9 -12 -10 -14 -9 -11 -9 -11 -9 -10 -9 -12 -9 -12 -10 -12 -10 -11 -9 -12 -9 -10 0 0 0 0 0 0 0 0 0 0 -1 -1 -1 -1 -2 23 -1 24 2 23 3 21 -6 19 -6 17 -4 18 -6 19 -4 18 -4 16 -4 18 -3 16 -2 17 -2 18 -4 18 -2 17 -2 19 -2 18 -3 16 0 17 2 16 -1 17 1 15 -1 15 -1 15 1 15 -1 15 1 15 -1 16 1 16 6 15 1 15 1 15 1 14 1 13 0 13 1 13 0 13 0 12 0 12 0 11 -1 12 0 11 0 11 0 10 0 10 0 9 0 10 -2 8 0 7 -1 7 0 7 0 7 -1 6 -1 6 -2 5 -1 5 -1 -1 0 0 0 0 -1 -1 -1 -1 -1 -1 0 0 0 0 -1 -1 -1 -1 -1 -1 -31 -23 -28 -22 -30 -23 -28 -25 -28 -26 -25 -24 -28 -27 -24 -25 -28 -28 -25 -30 -25 -32 -24 -30 -26 -34 -24 -33 -19 -29 -23 -29 -22 -27 -21 -31 -20 -26 -18 -27 -18 -28 -19 -26 -17 -27 -19 -28 -18 -31 -20 -26 -25 -20 -18 -26 -21 -24 -19 -22 -19 -21 -19 -23 -20 -22 -19 -21 -21 -21 -22 -20 -18 -18 -22 -19 -19 -18 -22 -18 -21 -17 -22 -16 -21 -16 -25 -16 -20 -13 -20 -12 -20 -13 -21 -11 -22 -11 -21 -13 -23 -12 -21 -13 -20 -12 -26 -4 -28 -2 -26 -3 -27 1 -1 -1 ]
CSI_DATA,STA,08:3A:F2:51:5D:9D,-49,11,1,2,1,1,1,0,0,0,0,-94,0,6,1,2101745,0,110,0,0,2.294135,384,[110 96 6 0 0 0 0 0 0 0 0 0 19 5 18 5 20 6 21 8 19 8 17 8 18 9 17 9 17 10 17 10 18 11 19 11 18 11 17 12 15 12 18 12 15 11 14 12 15 11 14 11 14 11 14 12 12 11 14 11 15 12 14 10 0 0 14 10 14 9 15 9 14 8 13 9 14 9 14 9 13 7 14 7 13 5 14 6 13 6 14 6 13 5 13 6 14 4 15 6 13 3 13 4 13 2 13 4 13 4 14 4 14 2 13 4 12 2 0 0 0 0 0 0 0 0 0 0 -1 -1 -1 -1 -13 -22 -14 -22 -16 -20 -14 -17 -8 -20 -7 -19 -8 -19 -8 -20 -7 -18 -7 -17 -8 -18 -8 -15 -9 -17 -9 -17 -8 -18 -9 -16 -11 -19 -10 -17 -8 -16 -10 -15 -11 -14 -9 -16 -11 -14 -9 -14 -9 -15 -10 -13 -8 -14 -11 -14 -10 -16 -11 -14 -14 -10 -10 -14 -10 -14 -10 -13 -9 -12 -9 -13 -9 -13 -9 -12 -9 -12 -8 -12 -8 -10 -8 -11 -7 -11 -7 -11 -6 -10 -7 -10 -6 -9 -6 -10 -5 -8 -5 -8 -4 -7 -4 -7 -4 -7 -4 -7 -4 -7 -3 -6 -3 -6 -1 -1 0 0 0 0 -1 -1 -1 -1 -1 -1 0 0 0 0 -1 -1 -1 -1 -1 -1 37 -3 35 -3 35 -2 38 0 35 2 33 2 36 2 34 2 38 3 35 6 38 8 36 7 40 9 37 9 33 10 34 8 34 7 33 11 31 8 30 9 31 9 30 8 28 10 30 9 32 12 30 7 31 -1 30 8 29 7 29 6 25 4 27 6 27 5 27 5 27 3 28 2 24 2 27 1 25 2 27 0 26 0 25 -1 25 -1 27 -2 23 -2 23 -3 23 -2 22 -4 23 -4 23 -3 25 -4 23 -3 23 -3 21 -11 24 -15 24 -15 21 -16 -1 -1 ]
CSI_DATA,STA,08:3A:F2:51:5D:9D,-49,11,1,2,1,1,1,0,0,0,0,-94,0,6,1,2102123,0,110,0,0,2.304307,384,[110 96 6 0 0 0 0 0 0 0 0 0 -2 20 -3 19 -3 21 -5 22 -5 21 -5 19 -6 20 -7 18 -7 19 -7 19 -8 20 -8 21 -8 20 -8 19 -9 17 -8 20 -8 17 -9 17 -8 16 -9 16 -9 16 -9 17 -9 15 -8 16 -9 18 -7 16 0 0 -7 16 -6 16 -6 17 -5 16 -6 15 -5 16 -6 16 -5 15 -4 16 -3 14 -2 15 -3 14 -2 15 -2 14 -2 14 -1 14 -1 16 0 13 0 14 1 13 -1 14 0 14 0 14 2 14 0 13 1 13 0 0 0 0 0 0 0 0 0 0 -1 -1 -1 -1 15 -19 15 -20 12 -21 11 -20 16 -14 14 -13 13 -14 15 -13 13 -13 13 -12 13 -14 11 -13 12 -15 11 -15 13 -15 11 -15 12 -17 11 -15 11 -13 9 -16 7 -16 11 -15 7 -15 8 -14 9 -14 7 -14 9 -13 7 -15 9 -15 8 -16 3 -17 7 -15 7 -15 6 -14 6 -13 7 -13 6 -13 6 -12 5 -12 6 -13 6 -11 7 -12 6 -11 6 -11 5 -10 5 -10 5 -9 4 -10 4 -8 4 -8 4 -7 3 -7 3 -7 3 -6 3 -6 4 -5 3 -5 0 0 0 0 -1 -1 -1 -1 -1 -1 -1 -1 -1 -1 0 0 0 0 -1 -1 -1 -1 8 36 7 33 7 35 5 36 4 36 3 33 3 37 2 33 4 37 -1 36 -2 39 -1 37 -2 41 -2 39 -5 33 -1 36 0 34 -4 35 -2 31 -4 31 -4 31 -2 31 -4 30 -3 32 -6 34 -1 32 7 31 -2 31 0 30 1 29 1 26 0 27 1 28 1 27 2 27 4 28 3 25 5 27 4 25 6 26 6 25 7 24 6 24 9 26 8 22 8 20 8 21 10 21 10 21 9 22 10 22 9 21 9 21 17 18 20 18 20 17 22 15 -1 -1 ]
CSI_DATA,STA,08:3A:F2:51:5D:9D,-49,11,1,2,1,1,1,0,0,0,0,-94,0,6,1,2102507,0,110,0,0,2.314241,384,[110 96 6 0 0 0 0 0 0 0 0 0 -20 11 -20 10 -22 12 -24 10 -23 9 -21 7 -23 7 -22 6 -23 6 -23 6 -24 5 -25 6 -24 5 -24 4 -23 2 -25 5 -22 3 -22 2 -21 3 -21 2 -21 1 -22 2 -20 0 -21 2 -23 2 -20 3 0 0 -20 3 -20 4 -20 4 -19 5 -19 2 -19 4 -20 3 -18 4 -18 5 -16 6 -17 7 -16 5 -17 6 -16 6 -16 6 -16 8 -17 7 -14 8 -14 8 -13 8 -15 7 -15 7 -15 7 -14 8 -14 7 -13 7 0 0 0 0 0 0 0 0 0 0 -1 -1 -1 -1 26 7 26 5 27 1 25 1 21 9 19 8 19 7 20 9 19 7 18 7 19 6 18 5 20 5 19 6 20 7 19 4 22 5 20 5 17 6 19 3 19 0 18 4 18 2 17 3 17 4 17 3 17 4 17 1 18 4 18 1 18 -4 18 2 17 2 16 2 15 1 15 3 15 2 14 2 14 2 14 2 13 2 13 3 12 3 12 3 12 2 11 2 11 2 11 2 9 2 8 1 8 2 8 1 7 2 7 2 6 2 6 2 5 2 -1 -1 0 0 0 0 -1 -1 -1 -1 -1 -1 0 0 0 0 -1 -1 -1 -1 -1 -1 -27 32 -25 30 -27 30 -30 30 -30 28 -28 25 -31 27 -29 24 -32 28 -34 24 -36 24 -34 23 -38 26 -37 23 -34 18 -34 21 -32 22 -36 18 -31 19 -32 16 -32 16 -31 17 -31 15 -31 17 -35 16 -30 19 -23 27 -30 17 -29 19 -27 18 -25 17 -27 17 -27 17 -26 17 -25 19 -25 20 -21 17 -23 21 -22 18 -22 21 -21 20 -20 21 -20 20 -21 23 -17 20 -16 19 -17 20 -16 21 -16 21 -17 20 -17 22 -17 21 -17 20 -9 27 -7 30 -7 30 -4 29 -1 -1 ]
CSI_DATA,STA,08:3A:F2:51:5D:9D,-49,11,1,2,1,1,1,0,0,0,0,-94,0,6,1,2102943,0,110,0,0,2.324341,384,[110 96 6 0 0 0 0 0 0 0 0 0 -17 -16 -17 -16 -19 -17 -18 -19 -17 -19 -15 -17 -15 -19 -14 -18 -14 -19 -14 -19 -14 -21 -15 -21 -14 -21 -13 -21 -11 -20 -14 -22 -12 -20 -10 -19 -11 -19 -11 -19 -10 -19 -11 -19 -8 -18 -11 -18 -12 -20 -11 -17 0 0 -11 -17 -13 -16 -13 -17 -13 -15 -10 -16 -12 -16 -12 -16 -12 -14 -13 -14 -12 -12 -14 -12 -12 -13 -13 -13 -13 -12 -13 -12 -14 -11 -15 -12 -14 -9 -13 -9 -13 -8 -13 -10 -14 -10 -14 -10 -15 -8 -13 -9 -13 -8 0 0 0 0 0 0 0 0 0 0 -1 -1 -1 -1 14 23 15 23 19 21 16 18 4 20 4 19 5 19 4 20 5 18 5 17 6 18 6 15 7 17 7 17 6 18 7 16 9 19 8 17 6 16 9 15 10 13 7 16 9 13 7 14 7 15 8 13 7 14 10 13 8 15 9 13 16 9 9 13 8 14 9 12 8 11 8 12 8 12 7 11 7 11 7 11 6 10 6 11 6 10 6 10 6 9 6 8 4 8 5 8 4 7 4 6 3 6 4 6 3 6 3 6 3 6 2 5 1 5 0 0 0 0 -1 -1 -1 -1 -1 -1 -1 -1 -1 -1 0 0 0 0 -1 -1 -1 -1 -38 -8 -36 -8 -37 -9 -38 -12 -36 -13 -34 -12 -36 -13 -33 -12 -38 -14 -34 -16 -37 -19 -35 -17 -39 -19 -36 -19 -31 -19 -33 -18 -33 -15 -32 -20 -30 -16 -29 -17 -29 -18 -29 -15 -27 -17 -29 -16 -31 -20 -30 -14 -36 -1 -29 -16 -30 -14 -29 -12 -26 -11 -28 -13 -28 -12 -27 -11 -28 -10 -29 -9 -25 -8 -29 -6 -26 -7 -27 -6 -27 -6 -27 -4 -27 -5 -29 -3 -25 -3 -24 -2 -24 -2 -24 -1 -25 -1 -25 -1 -27 -1 -25 -1 -24 -1 -25 12 -28 16 -27 16 -24 18 -1 -1 ]
CSI_DATA,STA,08:3A:F2:51:5D:9D,-49,11,1,2,1,1,1,0,0,0,0,-94,0,6,1,2103351,0,110,0,0,2.335283,384,[110 96 6 0 0 0 0 0 0 0 0 0 6 -23 6 -22 6 -24 8 -24 9 -23 8 -21 10 -22 9 -20 10 -21 11 -21 12 -22 12 -23 12 -22 12 -21 13 -19 12 -22 12 -19 12 -18 11 -18 12 -17 12 -17 12 -18 12 -15 11 -18 12 -19 10 -18 0 0 10 -17 9 -18 9 -18 7 -18 9 -16 8 -17 9 -18 7 -16 7 -18 4 -17 5 -18 5 -16 5 -17 4 -17 5 -17 3 -17 4 -18 1 -16 2 -16 1 -15 3 -16 2 -16 2 -17 0 -16 2 -16 1 -15 0 0 0 0 0 0 0 0 0 0 -1 -1 -1 -1 -13 24 -12 24 -10 26 -8 23 -17 13 -15 12 -15 13 -16 12 -14 12 -13 11 -14 14 -11 12 -12 14 -13 13 -14 14 -12 13 -13 16 -12 14 -12 12 -9 14 -8 15 -11 14 -8 13 -10 12 -10 12 -8 13 -10 12 -8 13 -11 13 -8 15 0 18 -9 14 -8 13 -7 13 -7 12 -8 12 -7 12 -7 11 -7 10 -7 11 -7 10 -8 11 -7 10 -6 9 -6 9 -6 9 -7 8 -6 8 -6 7 -5 6 -6 6 -5 6 -4 5 -4 5 -4 5 -4 5 -5 4 0 0 0 0 -1 -1 -1 -1 -1 -1 -1 -1 -1 -1 0 0 0 0 -1 -1 -1 -1 -11 -37 -11 -34 -10 -35 -8 -37 -7 -36 -6 -33 -7 -37 -5 -33 -7 -38 -3 -37 -2 -40 -3 -37 -1 -41 -1 -40 2 -35 -2 -36 -4 -35 1 -37 -1 -32 1 -32 1 -32 -1 -31 2 -31 1 -32 2 -35 -2 -32 -18 -32 -1 -32 -2 -31 -3 -29 -3 -27 -3 -29 -3 -28 -3 -28 -6 -27 -7 -29 -6 -25 -8 -27 -6 -25 -8 -26 -8 -25 -10 -24 -8 -25 -11 -26 -10 -22 -10 -21 -10 -22 -11 -21 -12 -22 -11 -22 -12 -23 -11 -22 -11 -22 -24 -16 -28 -15 -27 -15 -28 -11 -1 -1 ]
CSI_DATA,STA,08:3A:F2:51:5D:9D,-49,11,1,2,1,1,1,0,0,0,0,-94,0,6,1,2103820,0,110,0,0,2.346068,384,[110 96 6 0 0 0 0 0 0 0 0 0 20 -2 19 -2 21 -2 22 0 21 0 19 1 20 1 19 2 20 2 20 3 21 3 22 3 21 3 20 4 19 5 21 4 19 4 18 5 18 4 17 4 17 5 18 5 16 5 17 4 19 5 17 3 0 0 17 3 17 2 17 2 16 1 16 3 16 1 17 2 15 1 16 0 14 -1 15 -1 15 0 15 -1 14 -2 14 -1 14 -3 16 -2 13 -3 14 -3 12 -4 14 -3 14 -3 14 -3 13 -5 13 -3 12 -4 0 0 0 0 0 0 0 0 0 0 -1 -1 -1 -1 -22 -13 -22 -12 -24 -9 -20 -8 -17 -14 -15 -13 -16 -13 -16 -14 -15 -12 -14 -11 -16 -11 -15 -10 -16 -10 -16 -10 -17 -11 -16 -9 -18 -11 -17 -10 -15 -10 -16 -8 -17 -6 -16 -10 -16 -6 -15 -8 -15 -9 -15 -7 -14 -8 -16 -6 -16 -8 -16 -6 -17 -1 -16 -6 -16 -7 -15 -6 -14 -5 -14 -7 -14 -6 -14 -6 -13 -6 -13 -6 -12 -5 -13 -5 -12 -6 -11 -6 -11 -6 -11 -5 -10 -5 -11 -6 -9 -5 -8 -4 -8 -4 -8 -4 -7 -4 -7 -4 -7 -4 -6 -3 -6 -3 0 0 0 0 -1 -1 -1 -1 -1 -1 -1 -1 -1 -1 0 0 0 0 -1 -1 -1 -1 31 -18 29 -17 30 -17 33 -16 32 -14 30 -12 34 -13 31 -12 34 -13 34 -10 37 -9 34 -10 38 -10 36 -9 33 -5 34 -8 33 -10 34 -5 31 -7 30 -5 31 -5 30 -6 28 -4 30 -6 33 -4 30 -8 26 -17 29 -7 29 -8 28 -8 24 -8 27 -8 27 -8 26 -8 25 -9 26 -11 21 -10 24 -12 23 -10 24 -12 22 -12 21 -14 21 -13 23 -15 19 -13 18 -13 19 -13 18 -15 18 -15 19 -14 19 -15 18 -15 18 -14 13 -20 13 -25 13 -24 10 -25 -1 -1 ]
CSI_DATA,STA,08:3A:F2:51:5D:9D,-43,11,1,2,0,1,1,0,0,0,0,-94,0,6,1,2149484,0,110,0,0,2.356862,256,[110 96 6 0 0 0 0 0 0 0 0 0 -14 -17 -13 -18 -15 -19 -14 -18 -14 -19 -12 -18 -12 -19 -11 -19 -12 -20 -11 -20 -11 -20 -11 -21 -11 -20 -10 -20 -9 -19 -11 -21 -9 -19 -9 -19 -9 -18 -9 -18 -8 -17 -9 -18 -8 -17 -9 -17 -9 -17 -9 -16 0 0 -9 -16 -10 -16 -10 -15 -10 -15 -10 -13 -10 -14 -10 -14 -10 -13 -11 -13 -10 -13 -11 -13 -11 -12 -11 -12 -11 -12 -11 -12 -11 -11 -12 -11 -11 -10 -12 -10 -12 -10 -12 -10 -12 -10 -12 -10 -12 -9 -12 -9 -12 -8 0 0 0 0 0 0 0 0 0 0 -1 -1 -1 -1 -1 -1 0 0 -38 -20 -34 -19 -31 -26 -30 -26 -31 -27 -30 -27 -31 -29 -28 -29 -29 -31 -26 -30 -28 -32 -26 -32 -28 -34 -25 -32 -25 -32 -25 -32 -23 -32 -26 -32 -22 -31 -22 -31 -22 -29 -22 -29 -20 -29 -22 -30 -21 -29 -21 -27 -20 -27 -20 -26 -1 -1 -21 -24 -24 -25 -21 -22 -24 -23 -21 -21 -24 -21 -23 -20 -23 -20 -24 -19 -25 -20 -25 -19 -24 -18 -24 -17 -22 -17 -23 -16 -23 -15 -25 -16 -23 -15 -25 -15 -24 -14 -25 -14 -24 -13 -25 -13 -24 -13 -25 -13 -24 -11 -25 -5 -24 -6 -1 -1 -1 -1 -1 -1 ]
CSI_DATA,STA,08:3A:F2:51:5D:9D,-45,11,1,1,0,1,1,0,0,0,0,-94,0,6,1,2189385,0,110,0,0,2.365166,256,[110 96 6 0 0 0 0 0 0 0 0 0 -8 -9 -8 -10 -8 -10 -8 -11 -7 -10 -6 -10 -7 -11 -6 -11 -6 -10 -6 -11 -6 -11 -6 -11 -5 -11 -5 -11 -6 -11 -6 -11 -5 -10 -5 -10 -5 -9 -5 -10 -4 -10 -5 -10 -5 -10 -5 -9 -5 -9 -5 -9 0 0 -5 -8 -6 -9 -6 -8 -6 -9 -5 -8 -6 -8 -6 -7 -6 -7 -6 -7 -6 -7 -6 -7 -5 -7 -6 -7 -6 -6 -6 -6 -6 -7 -7 -6 -6 -5 -6 -6 -6 -6 -7 -5 -6 -6 -7 -5 -7 -5 -6 -6 -6 -5 0 0 0 0 0 0 0 0 0 0 -1 -1 -1 -1 -1 -1 -1 -1 -12 -4 -11 -4 -9 -7 -9 -6 -9 -6 -9 -7 -9 -7 -8 -7 -9 -7 -8 -7 -8 -7 -8 -8 -8 -8 -8 -9 -7 -8 -7 -8 -7 -8 -8 -8 -7 -7 -7 -8 -6 -7 -7 -8 -6 -7 -7 -6 -7 -7 -6 -7 -7 -7 -6 -7 -1 -1 -6 -6 -7 -6 -6 -5 -7 -6 -6 -5 -7 -5 -6 -5 -7 -5 -7 -4 -7 -5 -7 -4 -7 -5 -7 -4 -7 -4 -7 -3 -7 -4 -8 -4 -7 -3 -7 -3 -7 -3 -7 -3 -7 -3 -7 -2 -7 -3 -7 -3 -7 -2 -7 0 -8 0 -1 -1 -1 -1 -1 -1 ]
CSI_DATA,STA,08:3A:F2:51:5D:9D,-45,11,1,2,0,1,1,0,0,0,0,-94,0,6,1,2189785,0,110,0,0,2.372242,256,[110 96 6 0 0 0 0 0 0 0 0 0 2 -10 2 -9 2 -10 2 -10 3 -10 2 -9 3 -9 3 -9 3 -10 4 -9 4 -10 4 -10 4 -9 4 -9 4 -8 3 -9 4 -8 4 -9 4 -8 3 -8 3 -8 3 -8 3 -8 3 -8 3 -8 3 -8 0 0 2 -8 2 -8 2 -8 2 -7 1 -7 1 -8 1 -8 1 -7 0 -8 1 -7 0 -8 0 -7 1 -7 0 -7 1 -8 0 -8 0 -8 0 -7 0 -7 -1 -7 -1 -7 -1 -7 -1 -8 -1 -7 -1 -7 -1 -7 0 0 0 0 0 0 0 0 0 0 -1 -1 -1 -1 -1 -1 -1 -1 -10 -15 -7 -16 -2 -17 -2 -16 -3 -16 -3 -17 -2 -17 -1 -16 -2 -17 0 -16 -1 -17 1 -17 1 -18 1 -17 1 -17 1 -17 2 -16 0 -17 1 -16 1 -16 1 -15 1 -15 1 -14 1 -16 1 -15 1 -14 0 -14 1 -14 -1 -1 -1 -14 0 -14 -1 -13 -1 -14 -1 -12 -3 -14 -2 -12 -2 -12 -4 -12 -3 -13 -3 -13 -3 -13 -3 -12 -3 -12 -4 -12 -4 -12 -5 -12 -4 -12 -5 -11 -5 -11 -5 -11 -4 -11 -5 -12 -5 -11 -5 -11 -5 -11 -9 -8 -8 -8 -1 -1 -1 -1 -1 -1 ]
CSI_DATA,STA,08:3A:F2:51:5D:9D,-45,11,1,2,0,1,1,0,0,0,0,-94,0,6,1,2190161,0,110,0,0,2.379196,256,[110 96 6 0 0 0 0 0 0 0 0 0 11 -3 11 -2 12 -3 11 -2 12 -1 11 -1 11 -1 11 -1 11 -1 12 0 11 -1 11 0 11 0 11 0 11 0 11 0 10 0 10 0 10 0 10 0 9 0 10 0 9 0 9 0 10 -1 9 -1 0 0 9 -1 9 -1 8 -1 9 -2 8 -2 8 -2 8 -3 8 -2 8 -2 8 -2 8 -3 7 -2 7 -3 8 -3 7 -3 7 -3 8 -4 7 -3 7 -3 6 -3 7 -4 7 -4 7 -4 6 -4 6 -3 6 -3 0 0 0 0 0 0 0 0 0 0 -1 -1 -1 -1 -1 -1 -1 -1 13 -17 14 -16 17 -10 16 -10 17 -11 16 -10 19 -10 17 -9 18 -9 17 -8 17 -9 20 -7 20 -8 19 -7 19 -7 18 -6 19 -6 18 -7 17 -6 17 -6 17 -6 17 -7 16 -7 17 -6 16 -6 15 -5 16 -6 14 -6 -1 -1 14 -8 15 -8 13 -8 14 -8 12 -6 12 -9 12 -8 12 -8 12 -9 13 -10 12 -9 12 -8 11 -10 11 -9 9 -10 10 -9 11 -10 9 -10 10 -10 9 -10 9 -11 9 -10 9 -11 9 -11 9 -10 7 -10 3 -13 3 -13 -1 -1 -1 -1 -1 -1 ]
CSI_DATA,STA,08:3A:F2:51:5D:9D,-45,11,1,2,0,1,1,0,0,0,0,-94,0,6,1,2190837,0,110,0,0,2.385918,256,[110 96 6 0 0 0 0 0 0 0 0 0 -4 11 -4 10 -4 11 -4 11 -5 11 -5 10 -5 10 -5 10 -5 10 -6 10 -6 10 -6 10 -6 9 -6 9 -7 9 -6 9 -7 8 -6 9 -6 8 -5 8 -5 7 -6 8 -6 8 -5 8 -5 9 -5 8 0 0 -5 7 -4 8 -4 8 -4 8 -4 7 -4 7 -3 7 -4 7 -3 8 -3 8 -3 8 -3 7 -3 7 -3 7 -2 7 -2 7 -2 8 -2 7 -2 7 -1 7 -2 7 -3 7 -1 7 -2 7 -2 6 -2 6 0 0 0 0 0 0 0 0 0 0 -1 -1 -1 -1 -1 -1 -1 -1 3 21 2 21 -2 20 -2 19 -3 21 -3 20 -4 21 -5 21 -4 21 -5 19 -5 20 -6 20 -7 20 -8 19 -8 20 -7 19 -8 19 -7 19 -8 19 -7 18 -7 17 -6 18 -6 16 -6 17 -6 18 -6 16 -6 16 -5 15 -1 -1 -5 15 -4 17 -3 14 -3 17 -3 14 -3 15 -1 13 -2 15 -2 15 -3 16 -2 15 -2 14 -1 14 -2 14 0 13 -1 12 0 15 1 13 0 15 0 13 1 14 0 14 0 13 1 13 0 13 1 13 5 10 3 11 -1 -1 -1 -1 -1 -1 ]
CSI_DATA,STA,08:3A:F2:51:5D:9D,-45,11,1,2,0,1,1,0,0,0,0,-94,0,6,1,2191222,0,110,0,0,2.392519,256,[110 96 6 0 0 0 0 0 0 0 0 0 -12 1 -11 1 -12 1 -12 1 -12 0 -12 0 -13 0 -12 0 -12 0 -12 -1 -12 0 -12 -1 -12 -1 -12 -1 -12 -2 -12 -1 -11 -2 -11 -1 -11 -1 -11 -1 -10 -1 -11 -1 -10 -2 -10 -1 -10 -1 -10 -1 0 0 -9 0 -10 0 -10 0 -10 0 -9 0 -10 0 -9 1 -9 1 -9 1 -9 1 -9 1 -8 1 -8 2 -9 1 -8 2 -8 2 -9 2 -8 2 -8 2 -7 2 -8 3 -8 2 -8 3 -7 3 -7 2 -7 2 0 0 0 0 0 0 0 0 0 0 -1 -1 -1 -1 -1 -1 -1 -1 -12 19 -12 14 -17 8 -17 8 -17 10 -17 8 -18 10 -18 7 -20 9 -17 7 -19 9 -20 6 -21 7 -20 6 -19 7 -18 5 -18 5 -19 8 -17 4 -19 5 -17 5 -17 5 -16 5 -18 6 -17 4 -16 4 -17 3 -16 5 -1 -1 -14 6 -17 6 -15 6 -15 6 -13 5 -12 8 -13 7 -13 6 -12 9 -14 8 -13 8 -13 9 -11 10 -11 8 -12 9 -10 9 -13 8 -11 8 -10 8 -10 10 -11 8 -8 8 -10 10 -10 10 -9 9 -8 9 -5 15 -3 14 -1 -1 -1 -1 -1 -1 ]
CSI_DATA,STA,08:3A:F2:51:5D:9D,-49,11,1,2,1,1,1,0,0,0,0,-94,0,6,1,2255611,0,110,0,0,2.422072,384,[110 96 6 0 0 0 0 0 0 0 0 0 -8 21 -7 21 -8 23 -10 23 -10 22 -10 19 -11 21 -11 19 -11 20 -12 20 -14 21 -14 21 -14 20 -15 19 -14 17 -14 21 -13 17 -14 17 -12 17 -13 16 -13 16 -13 17 -14 14 -13 16 -14 17 -12 16 0 0 -12 16 -10 17 -10 17 -9 17 -10 15 -9 16 -10 17 -8 15 -8 17 -6 16 -7 16 -7 15 -7 16 -5 15 -6 16 -4 16 -5 18 -3 15 -3 15 -2 15 -4 15 -4 15 -4 16 -2 15 -4 15 -3 14 0 0 0 0 0 0 0 0 0 0 -1 -1 -1 -1 16 -22 16 -24 13 -23 10 -23 18 -14 16 -12 15 -14 17 -12 15 -13 14 -11 14 -14 13 -12 13 -15 14 -14 16 -14 13 -13 15 -15 13 -14 12 -12 10 -15 8 -16 12 -15 8 -14 10 -13 11 -13 8 -14 11 -13 9 -15 12 -14 10 -16 3 -20 9 -14 9 -14 7 -13 7 -13 8 -12 8 -13 7 -12 7 -12 7 -12 7 -11 8 -11 7 -10 7 -10 6 -9 6 -10 6 -9 5 -9 6 -8 4 -8 5 -7 4 -7 3 -6 4 -6 4 -6 4 -5 4 -5 0 0 0 0 -1 -1 -1 -1 -1 -1 -1 -1 -1 -1 0 0 0 0 -1 -1 -1 -1 6 39 5 36 5 38 2 38 3 39 1 35 1 40 -1 35 2 40 -4 39 -7 41 -6 39 -7 43 -7 40 -8 35 -3 37 -2 35 -6 38 -4 32 -6 33 -7 32 -3 33 -8 31 -7 33 -10 36 -5 33 9 35 -5 32 -2 32 -1 29 0 28 -2 29 -1 29 -2 29 1 28 3 30 0 27 2 29 1 27 3 27 4 26 7 26 5 25 8 27 6 23 8 22 7 23 9 22 9 22 7 24 8 25 7 24 7 22 20 19 24 19 22 18 27 14 -1 -1 ]
CSI_DATA,STA,08:3A:F2:51:5D:9D,-49,11,1,2,1,1,1,0,0,0,0,-94,0,6,1,2354174,0,110,0,0,2.520523,384,[110 96 6 0 0 0 0 0 0 0 0 0 -23 6 -22 5 -24 6 -26 5 -25 4 -22 3 -24 3 -23 2 -24 2 -24 1 -26 0 -26 1 -25 0 -25 -1 -22 -2 -26 0 -23 -1 -23 -2 -22 -1 -22 -1 -21 -1 -22 -1 -20 -3 -21 -1 -23 -1 -21 0 0 0 -21 0 -21 2 -20 2 -20 3 -19 0 -20 2 -20 2 -18 3 -19 3 -17 5 -18 5 -17 3 -17 4 -16 5 -17 5 -16 6 -18 7 -15 7 -15 7 -13 7 -15 6 -15 7 -16 7 -14 8 -15 6 -13 7 0 0 0 0 0 0 0 0 0 0 -1 -1 -1 -1 26 5 28 6 27 2 25 0 22 9 19 8 21 7 20 9 20 7 18 7 20 6 18 5 20 4 20 5 20 7 19 5 22 5 20 4 17 5 20 1 18 -1 20 2 17 0 17 1 18 3 16 -1 18 2 18 0 19 3 19 -1 18 -5 18 0 18 -1 15 -1 16 -2 15 0 16 -1 15 -1 14 -1 15 -1 14 0 14 1 13 1 12 0 12 0 12 -1 10 0 11 -1 9 0 9 -1 9 0 8 -1 7 -1 7 0 7 0 7 1 6 0 -1 -1 -1 -1 -1 -1 -1 -1 -1 -1 -1 -1 -1 -1 -1 -1 -1 -1 -1 -1 0 0 -36 24 -33 20 -35 24 -37 20 -38 21 -35 17 -39 20 -35 17 -39 21 -41 14 -44 13 -41 13 -45 15 -43 13 -38 9 -40 16 -36 15 -41 12 -34 12 -35 10 -36 11 -34 13 -35 9 -36 10 -39 8 -35 12 -32 20 -34 11 -33 14 -29 13 -28 15 -29 12 -30 15 -29 14 -28 16 -28 18 -26 14 -27 18 -26 15 -25 17 -23 17 -22 20 -22 18 -23 23 -19 18 -18 19 -19 19 -17 20 -17 21 -20 19 -20 21 -19 20 -18 19 -11 27 -9 30 -9 28 -3 30 -1 -1 ]
CSI_DATA,STA,08:3A:F2:51:5D:9D,-50,11,1,2,1,1,1,0,0,0,0,-94,0,6,1,2360258,0,110,0,0,2.531785,384,[110 96 6 0 0 0 0 0 0 0 0 0 -20 1 -20 1 -21 1 -23 0 -22 -1 -20 -1 -21 -2 -20 -2 -20 -3 -20 -3 -22 -4 -22 -4 -21 -4 -21 -5 -19 -6 -22 -5 -19 -5 -18 -6 -18 -5 -18 -5 -18 -6 -18 -6 -16 -6 -18 -5 -19 -6 -18 -4 0 0 -18 -4 -17 -3 -18 -3 -17 -2 -16 -4 -17 -3 -17 -3 -16 -2 -17 -2 -15 0 -16 0 -15 -1 -15 -1 -15 0 -15 0 -15 1 -16 1 -14 2 -14 2 -13 2 -14 1 -14 1 -14 2 -14 3 -14 2 -13 2 0 0 0 0 0 0 0 0 0 0 -1 -1 -1 -1 17 15 18 15 19 12 18 10 14 15 12 13 13 13 12 14 13 13 11 12 14 12 12 11 14 11 14 11 14 12 14 10 15 12 14 11 12 11 15 8 15 7 14 9 13 7 13 8 13 9 13 7 12 8 14 7 13 9 14 7 16 3 13 7 14 7 13 6 12 5 11 7 12 6 12 6 11 6 11 6 10 5 10 6 10 6 10 6 9 5 9 4 8 4 9 5 7 4 6 3 6 4 6 3 6 3 5 4 5 3 4 3 4 3 -1 -1 0 0 0 0 -1 -1 -1 -1 -1 -1 0 0 0 0 -1 -1 -1 -1 -1 -1 -37 13 -34 11 -36 12 -37 9 -37 9 -34 6 -37 7 -35 6 -38 7 -38 4 -40 2 -39 3 -42 2 -40 1 -36 -1 -36 3 -35 3 -37 -1 -33 1 -33 -1 -33 -1 -33 1 -32 -2 -33 -1 -36 -3 -33 1 -31 8 -32 1 -31 3 -30 3 -28 4 -29 2 -29 3 -29 4 -28 5 -29 7 -26 6 -27 7 -26 5 -27 7 -25 7 -25 9 -24 8 -27 11 -22 9 -21 10 -21 9 -21 11 -22 11 -23 10 -23 11 -22 11 -21 10 -18 17 -19 19 -18 19 -15 21 -1 -1 ]
CSI_DATA,STA,08:3A:F2:51:5D:9D,-49,11,1,2,1,1,1,0,0,0,0,-94,0,6,1,2361187,0,110,0,0,2.542046,384,[110 96 6 0 0 0 0 0 0 0 0 0 18 -13 18 -12 20 -14 22 -13 21 -12 19 -10 21 -10 20 -9 20 -10 21 -8 23 -9 23 -9 22 -8 22 -7 21 -5 23 -8 20 -6 20 -6 19 -6 19 -6 19 -5 20 -6 18 -4 19 -6 21 -6 18 -7 0 0 18 -7 17 -8 18 -8 17 -9 17 -7 17 -9 17 -8 15 -9 16 -9 13 -10 14 -10 14 -9 14 -9 13 -11 13 -10 12 -11 14 -12 11 -11 11 -12 10 -12 11 -11 11 -12 11 -12 10 -13 11 -11 9 -12 0 0 0 0 0 0 0 0 0 0 -1 -1 -1 -1 -27 3 -28 3 -27 7 -24 7 -24 -2 -22 -2 -22 -1 -23 -3 -22 -1 -20 -2 -22 0 -19 1 -21 2 -21 1 -22 -1 -20 2 -23 2 -22 2 -19 1 -19 4 -19 5 -20 3 -18 5 -18 3 -18 3 -17 5 -18 3 -17 5 -19 3 -18 6 -17 11 -18 5 -17 5 -15 5 -16 5 -15 4 -16 4 -15 4 -14 4 -15 4 -14 4 -14 4 -13 2 -13 2 -12 2 -12 3 -12 2 -11 4 -10 2 -9 2 -10 2 -9 2 -8 2 -8 1 -7 1 -8 1 -7 0 -1 -1 -1 -1 -1 -1 -1 -1 -1 -1 -1 -1 -1 -1 -1 -1 -1 -1 -1 -1 0 0 23 -35 21 -32 22 -34 24 -33 25 -32 24 -29 26 -32 24 -28 26 -33 29 -28 32 -29 30 -28 33 -31 32 -29 29 -23 29 -27 26 -27 31 -25 26 -24 27 -22 27 -22 25 -24 27 -21 27 -22 30 -23 25 -24 18 -32 25 -23 23 -25 21 -23 19 -23 21 -23 21 -24 20 -23 18 -24 18 -27 16 -22 16 -25 17 -23 16 -26 14 -25 13 -26 13 -25 12 -29 10 -24 9 -24 10 -24 8 -25 8 -26 10 -25 9 -27 9 -26 8 -25 0 -28 -3 -31 -3 -30 -7 -29 -1 -1 ]
CSI_DATA,STA,08:3A:F2:51:5D:9D,-49,11,1,2,1,1,1,0,0,0,0,-94,0,6,1,2361602,0,110,0,0,2.552710,384,[110 96 6 0 0 0 0 0 0 0 0 0 22 -5 21 -5 23 -5 25 -3 24 -3 21 -2 23 -2 22 -1 23 -1 23 0 24 1 25 0 24 1 23 2 22 3 24 2 21 2 20 3 20 2 20 3 20 3 21 3 18 4 20 3 22 3 19 1 0 0 19 2 19 0 20 1 18 0 18 2 19 0 19 1 17 -1 18 -1 16 -2 17 -3 16 -1 17 -2 16 -3 16 -3 16 -4 17 -3 14 -5 15 -4 14 -6 15 -4 15 -4 15 -4 15 -6 15 -4 14 -5 0 0 0 0 0 0 0 0 0 0 -1 -1 -1 -1 -23 -15 -24 -16 -25 -12 -23 -10 -19 -17 -17 -15 -18 -15 -18 -16 -17 -14 -15 -13 -18 -13 -16 -11 -19 -12 -18 -12 -18 -14 -18 -11 -20 -13 -19 -12 -16 -12 -18 -9 -19 -8 -18 -11 -18 -8 -17 -9 -17 -10 -17 -8 -16 -9 -18 -8 -18 -10 -18 -8 -19 -2 -17 -8 -18 -8 -16 -7 -15 -6 -15 -7 -15 -7 -15 -7 -15 -7 -15 -7 -14 -6 -14 -7 -13 -7 -12 -7 -11 -7 -12 -5 -11 -5 -12 -6 -10 -5 -9 -5 -9 -5 -8 -4 -8 -5 -7 -5 -7 -5 -7 -4 -6 -4 -1 -1 0 0 0 0 -1 -1 -1 -1 -1 -1 0 0 0 0 -1 -1 -1 -1 -1 -1 38 -21 34 -19 37 -20 39 -17 39 -16 36 -14 40 -16 37 -14 41 -16 41 -11 44 -10 42 -10 46 -10 43 -8 39 -6 40 -9 38 -10 40 -6 36 -8 36 -5 36 -6 35 -7 34 -4 36 -5 39 -4 35 -8 33 -15 34 -7 34 -9 32 -9 29 -9 31 -8 31 -9 31 -9 30 -11 30 -12 26 -10 28 -13 28 -11 29 -13 27 -13 26 -15 25 -14 27 -17 22 -14 21 -15 22 -15 21 -17 21 -17 23 -16 23 -17 22 -16 21 -15 17 -22 17 -26 17 -25 13 -27 -1 -1 ]
CSI_DATA,STA,08:3A:F2:51:5D:9D,-49,11,1,2,1,1,1,0,0,0,0,-94,0,6,1,2361995,0,110,0,0,2.563428,384,[110 96 6 0 0 0 0 0 0 0 0 0 6 19 6 18 7 19 5 22 5 21 3 19 3 20 3 19 2 20 2 20 2 21 2 22 1 21 1 21 0 19 1 21 0 19 0 19 1 18 0 18 -1 18 0 19 -1 16 0 18 0 19 1 17 0 0 1 17 2 17 3 17 3 16 1 16 3 16 2 17 3 15 3 16 4 13 5 14 4 14 5 14 5 13 4 13 6 13 6 14 6 12 6 12 7 11 6 12 6 12 7 12 8 11 6 12 7 10 0 0 0 0 0 0 0 0 0 0 -1 -1 -1 -1 1 -25 1 -25 -2 -24 -3 -22 6 -20 5 -18 4 -19 5 -19 4 -18 4 -17 3 -19 2 -16 2 -18 2 -18 4 -19 1 -18 2 -20 1 -19 2 -17 0 -17 -2 -17 1 -18 -2 -16 -1 -16 0 -16 -2 -16 0 -16 -2 -16 0 -17 -2 -17 -7 -16 -2 -16 -2 -16 -2 -15 -2 -14 -1 -14 -2 -14 -2 -14 -2 -13 -2 -13 -1 -13 -1 -13 -1 -12 -1 -12 -1 -11 -1 -11 -1 -10 -2 -11 -1 -9 -1 -9 -1 -8 -1 -8 -1 -8 -1 -7 -1 -7 0 -7 0 -6 -1 -1 0 0 0 0 -1 -1 -1 -1 -1 -1 0 0 0 0 -1 -1 -1 -1 -1 -1 25 26 23 24 23 25 22 27 22 27 19 25 21 28 18 26 22 29 18 30 17 33 17 31 19 34 17 33 13 30 17 29 17 27 15 30 15 26 13 27 13 27 15 26 11 26 13 27 12 31 15 26 24 21 14 26 16 24 15 23 14 20 14 22 15 22 15 21 16 20 18 20 15 18 18 19 16 18 18 18 17 16 18 15 18 16 21 16 17 13 17 12 17 13 18 11 19 11 18 13 20 13 18 12 18 12 23 4 27 2 26 2 26 -2 -1 -1 ]
CSI_DATA,STA,08:3A:F2:51:5D:9D,-49,11,1,2,1,1,1,0,0,0,0,-94,0,6,1,2362471,0,110,0,0,2.573391,384,[110 96 6 0 0 0 0 0 0 0 0 0 -19 14 -18 13 -20 14 -22 13 -21 13 -19 10 -21 11 -20 10 -21 10 -22 10 -23 9 -24 10 -23 9 -23 8 -22 6 -23 9 -21 7 -21 7 -20 7 -20 6 -20 6 -21 7 -19 5 -20 7 -22 7 -19 8 0 0 -19 8 -18 9 -18 9 -17 9 -17 7 -17 8 -18 8 -16 8 -16 10 -14 10 -14 10 -15 9 -15 9 -13 10 -14 10 -13 11 -14 12 -11 11 -11 11 -10 11 -12 11 -11 11 -12 12 -10 12 -11 11 -9 11 0 0 0 0 0 0 0 0 0 0 -1 -1 -1 -1 26 2 28 1 27 -3 24 -3 24 3 21 2 22 2 22 3 21 2 19 2 21 0 20 0 21 -1 21 -1 22 0 20 -2 23 -1 20 -2 19 0 20 -4 19 -5 20 -2 18 -5 17 -3 18 -2 17 -4 17 -3 17 -5 19 -3 18 -6 16 -8 17 -5 18 -5 16 -5 15 -5 15 -3 15 -4 15 -4 14 -4 15 -5 13 -4 14 -3 13 -2 13 -2 12 -3 12 -3 11 -3 11 -3 10 -3 9 -3 8 -2 8 -3 8 -2 7 -1 6 -1 7 -2 6 -2 -1 -1 0 0 0 0 -1 -1 -1 -1 -1 -1 0 0 0 0 -1 -1 -1 -1 -1 -1 -27 34 -25 31 -27 33 -29 32 -30 31 -27 27 -30 30 -28 28 -31 31 -33 27 -36 27 -34 27 -37 29 -37 26 -34 21 -33 25 -31 25 -35 23 -30 22 -31 21 -31 21 -30 22 -31 19 -30 21 -34 21 -29 23 -24 27 -29 22 -27 23 -25 22 -23 21 -25 21 -24 22 -23 22 -23 23 -22 25 -19 23 -20 24 -20 22 -19 24 -18 24 -17 26 -16 24 -17 28 -13 24 -12 23 -12 23 -11 24 -12 24 -13 25 -13 25 -12 24 -12 23 -5 27 -4 31 -3 29 1 29 -1 -1 ]
CSI_DATA,STA,08:3A:F2:51:5D:9D,-49,11,1,2,1,1,1,0,0,0,0,-94,0,6,1,2362843,0,110,0,0,2.583927,384,[110 96 6 0 0 0 0 0 0 0 0 0 -21 -10 -20 -10 -22 -11 -23 -14 -21 -13 -19 -13 -20 -14 -18 -13 -19 -15 -19 -15 -19 -16 -20 -16 -19 -16 -18 -17 -16 -17 -19 -17 -16 -16 -15 -16 -16 -15 -15 -15 -15 -15 -16 -15 -13 -15 -15 -15 -17 -16 -16 -13 0 0 -16 -14 -16 -12 -16 -13 -16 -11 -15 -12 -16 -12 -16 -12 -15 -10 -16 -10 -15 -8 -16 -8 -15 -9 -16 -9 -16 -7 -16 -8 -16 -6 -18 -7 -16 -5 -15 -5 -15 -4 -16 -6 -16 -6 -16 -5 -16 -3 -15 -5 -15 -4 0 0 0 0 0 0 0 0 0 0 -1 -1 -1 -1 16 21 19 22 19 19 18 15 9 20 8 18 9 18 8 20 9 18 8 16 10 17 10 14 11 15 10 16 10 17 11 15 12 17 11 16 9 15 12 13 13 11 11 14 13 11 11 12 11 13 12 11 10 12 12 12 11 14 13 12 16 7 12 11 12 12 11 10 11 9 10 11 11 10 10 10 10 9 10 9 9 9 9 9 8 9 8 9 8 8 8 7 7 7 8 7 6 6 6 6 5 6 5 5 5 5 5 5 4 5 4 4 3 4 -1 -1 0 0 0 0 -1 -1 -1 -1 -1 -1 0 0 0 0 -1 -1 -1 -1 -1 -1 -41 -2 -38 -2 -40 -3 -40 -6 -40 -6 -36 -7 -40 -7 -37 -7 -41 -7 -39 -11 -41 -14 -40 -12 -43 -14 -41 -14 -35 -15 -38 -11 -36 -10 -37 -14 -34 -11 -33 -13 -33 -13 -33 -10 -32 -14 -33 -13 -35 -16 -34 -10 -37 1 -32 -11 -33 -9 -31 -7 -29 -6 -30 -8 -31 -7 -30 -6 -31 -5 -31 -3 -28 -3 -31 -2 -29 -4 -30 -2 -29 -1 -29 1 -28 0 -31 2 -26 2 -25 3 -25 2 -25 4 -26 4 -27 3 -28 4 -26 3 -25 3 -24 15 -26 18 -25 17 -22 21 -1 -1 ]
CSI_DATA,STA,08:3A:F2:51:5D:9D,-49,11,1,2,1,1,1,0,0,0,0,-94,0,6,1,2363286,0,110,0,0,2.594761,384,[110 96 6 0 0 0 0 0 0 0 0 0 -2 -21 -2 -21 -3 -22 -1 -23 -1 -22 0 -20 1 -21 1 -20 2 -21 2 -21 3 -22 2 -23 2 -22 3 -22 4 -20 3 -22 4 -20 4 -19 3 -19 4 -18 4 -18 4 -19 5 -17 3 -18 4 -20 2 -18 0 0 3 -18 1 -18 1 -18 0 -17 2 -17 1 -17 1 -18 0 -16 0 -17 -2 -15 -2 -16 -1 -15 -2 -16 -2 -15 -2 -15 -3 -16 -3 -16 -4 -14 -3 -14 -4 -13 -3 -14 -4 -14 -4 -14 -5 -14 -4 -14 -4 -13 0 0 0 0 0 0 0 0 0 0 -1 -1 -1 -1 -18 17 -17 17 -14 20 -12 17 -17 14 -15 13 -14 14 -16 14 -14 14 -13 12 -13 15 -11 14 -12 15 -12 15 -14 15 -11 15 -12 17 -12 15 -11 13 -10 15 -8 16 -11 14 -8 15 -9 14 -9 14 -8 14 -9 13 -7 15 -9 15 -8 16 -5 16 -8 15 -8 15 -6 14 -6 13 -7 12 -6 13 -6 12 -7 12 -7 12 -6 11 -7 12 -6 11 -6 10 -6 10 -5 10 -6 9 -5 9 -6 8 -5 7 -6 7 -4 7 -4 6 -4 5 -4 5 -4 5 -4 4 -1 -1 0 0 0 0 -1 -1 -1 -1 -1 -1 0 0 0 0 -1 -1 -1 -1 -1 -1 -13 -38 -12 -36 -12 -37 -10 -39 -8 -37 -7 -36 -8 -39 -7 -36 -7 -40 -4 -38 -3 -41 -4 -40 -3 -43 -2 -42 0 -37 -3 -38 -3 -38 1 -38 -2 -34 0 -33 -1 -34 -2 -34 0 -32 -1 -34 1 -36 -3 -34 -7 -32 -2 -33 -4 -32 -5 -31 -5 -28 -4 -31 -5 -30 -5 -30 -7 -29 -8 -30 -7 -25 -9 -28 -7 -27 -9 -28 -10 -27 -11 -26 -10 -26 -13 -27 -11 -23 -12 -22 -11 -22 -13 -21 -13 -22 -12 -22 -13 -23 -13 -23 -12 -22 -17 -19 -20 -21 -20 -19 -21 -16 -1 -1 ]
CSI_DATA,STA,08:3A:F2:51:5D:9D,-44,11,0,0,0,0,0,0,0,0,0,-94,0,6,1,2380494,0,110,0,0,2.605631,128,[110 96 6 0 0 0 0 0 0 0 0 0 -25 3 -24 2 -27 3 -27 3 -27 1 -24 -1 -26 0 -24 -1 -25 -1 -26 -3 -27 -2 -27 -3 -26 -2 -25 -2 -22 -3 -27 -1 -22 -3 -23 -4 -22 -3 -22 -3 -21 -3 -23 -3 -20 -4 -21 -2 -23 -2 -21 -1 0 0 -21 0 -22 0 -21 1 -21 1 -18 1 -20 2 -20 2 -19 2 -20 3 -19 1 -20 3 -18 2 -18 3 -18 3 -18 3 -18 4 -19 5 -17 4 -17 5 -17 5 -17 5 -17 5 -17 5 -17 6 -16 5 -15 5 0 0 0 0 0 0 0 0 0 0 ]
CSI_DATA,STA,08:3A:F2:51:5D:9D,-49,11,1,2,1,1,1,0,0,0,0,-94,0,6,1,2389461,0,110,0,0,2.609480,384,[110 96 6 0 0 0 0 0 0 0 0 0 -23 -6 -23 -6 -25 -6 -25 -8 -24 -8 -21 -9 -23 -9 -21 -9 -22 -10 -22 -11 -23 -12 -23 -12 -22 -12 -22 -13 -19 -13 -23 -12 -19 -12 -19 -12 -18 -11 -19 -11 -18 -12 -19 -12 -16 -12 -18 -11 -20 -12 -18 -10 0 0 -19 -10 -19 -9 -19 -9 -19 -7 -17 -9 -18 -8 -19 -8 -17 -7 -18 -7 -17 -4 -18 -4 -17 -6 -17 -5 -17 -4 -17 -4 -18 -3 -19 -3 -16 -1 -17 -1 -16 0 -17 -2 -16 -2 -17 -2 -17 -1 -16 -2 -15 -1 0 0 0 0 0 0 0 0 0 0 -1 -1 -1 -1 16 23 17 23 18 19 19 16 12 21 11 18 12 19 10 20 12 18 10 16 13 18 12 15 14 16 13 17 12 18 13 16 14 18 13 16 10 15 15 13 15 11 14 15 13 11 13 13 12 13 14 11 12 13 14 12 13 15 15 12 17 9 14 11 14 12 13 10 13 9 12 10 12 10 12 10 11 9 12 9 11 9 11 10 10 10 9 9 9 8 10 7 8 7 9 7 7 6 7 6 6 6 7 5 6 5 5 5 5 5 5 5 4 5 0 0 0 0 -1 -1 -1 -1 -1 -1 -1 -1 -1 -1 0 0 0 0 -1 -1 -1 -1 -45 1 -41 1 -44 2 -43 -2 -44 -2 -40 -3 -44 -3 -40 -3 -45 -3 -43 -9 -46 -11 -43 -10 -47 -12 -44 -12 -38 -13 -42 -8 -39 -7 -42 -11 -36 -8 -37 -10 -37 -10 -37 -7 -36 -12 -37 -11 -39 -15 -37 -8 -37 -1 -36 -8 -37 -6 -34 -5 -32 -3 -33 -6 -34 -4 -33 -4 -33 -2 -34 -1 -31 -1 -33 0 -31 -2 -32 0 -30 1 -31 5 -30 3 -33 6 -27 4 -26 6 -27 5 -26 7 -27 7 -29 5 -29 6 -28 6 -26 5 -25 14 -27 17 -25 16 -23 21 -1 -1 ]
CSI_DATA,STA,08:3A:F2:51:5D:9D,-49,11,1,2,1,1,1,0,0,0,0,-94,0,6,1,2392867,0,110,0,0,2.620217,384,[110 96 6 0 0 0 0 0 0 0 0 0 18 -10 18 -9 19 -11 20 -9 20 -9 18 -7 20 -7 19 -6 20 -6 20 -5 21 -5 22 -6 21 -5 21 -4 19 -3 22 -5 19 -3 19 -2 18 -3 18 -2 18 -2 19 -2 17 -1 18 -3 19 -3 17 -4 0 0 18 -4 17 -5 17 -4 16 -5 16 -3 16 -5 17 -4 15 -5 15 -5 13 -6 14 -7 14 -5 14 -6 13 -7 14 -6 13 -8 14 -8 11 -8 12 -8 10 -8 12 -8 12 -8 12 -8 11 -9 12 -8 10 -8 0 0 0 0 0 0 0 0 0 0 -1 -1 -1 -1 -25 -5 -26 -4 -25 -2 -23 1 -21 -8 -19 -7 -20 -7 -20 -8 -19 -6 -17 -6 -19 -5 -18 -4 -19 -4 -19 -4 -20 -6 -19 -4 -20 -5 -19 -4 -18 -5 -18 -1 -17 0 -19 -3 -16 -1 -17 -2 -17 -3 -17 0 -17 -3 -17 -1 -18 -3 -18 -1 -16 4 -17 -1 -18 -1 -16 0 -15 0 -15 -2 -15 -1 -15 -1 -14 -1 -14 0 -14 0 -14 -1 -13 -2 -12 -2 -11 -1 -11 -1 -10 -1 -12 -1 -10 -1 -9 -1 -9 -1 -9 -1 -8 -1 -7 -2 -8 -2 -7 -1 -6 -1 0 0 0 0 -1 -1 -1 -1 -1 -1 -1 -1 -1 -1 0 0 0 0 -1 -1 -1 -1 27 -28 25 -25 26 -27 28 -24 30 -24 27 -22 30 -24 27 -21 31 -24 33 -20 36 -19 33 -19 37 -20 35 -19 32 -15 32 -19 29 -19 33 -16 28 -16 29 -14 29 -14 28 -16 29 -13 29 -14 32 -13 28 -16 25 -23 27 -15 26 -17 24 -16 22 -16 24 -15 24 -17 23 -16 22 -18 22 -19 19 -16 21 -19 21 -16 20 -19 18 -19 17 -21 17 -19 17 -23 14 -18 13 -19 14 -19 13 -20 13 -21 14 -20 15 -21 14 -20 13 -19 6 -25 6 -26 6 -26 2 -27 -1 -1 ]
CSI_DATA,STA,08:3A:F2:51:5D:9D,-44,11,0,0,0,0,0,0,0,0,0,-94,0,6,1,2407770,0,110,0,0,2.631057,128,[110 96 6 0 0 0 0 0 0 0 0 0 -13 3 -13 3 -14 3 -14 3 -14 2 -13 1 -14 2 -13 0 -14 1 -14 0 -14 1 -15 0 -14 1 -14 0 -13 0 -14 0 -13 -1 -12 -1 -12 -1 -13 -1 -12 -1 -12 0 -11 -2 -12 0 -12 0 -12 1 0 0 -11 0 -12 1 -11 1 -11 1 -10 1 -11 1 -11 2 -10 1 -10 2 -10 1 -10 2 -9 1 -9 2 -10 1 -10 2 -10 2 -10 2 -9 2 -9 2 -9 2 -9 3 -9 2 -9 3 -9 3 -9 2 -8 2 0 0 0 0 0 0 0 0 0 0 ]
CSI_DATA,STA,08:3A:F2:51:5D:9D,-49,11,1,2,1,1,1,0,0,0,0,-94,0,6,1,2412281,0,110,0,0,2.634721,384,[110 96 6 0 0 0 0 0 0 0 0 0 -19 -10 -18 -10 -20 -10 -20 -12 -19 -12 -17 -11 -18 -12 -17 -12 -17 -13 -17 -14 -17 -15 -18 -15 -17 -15 -16 -15 -15 -15 -18 -15 -15 -14 -14 -14 -14 -13 -14 -13 -14 -14 -15 -14 -12 -14 -14 -14 -15 -15 -14 -12 0 0 -14 -12 -15 -11 -15 -11 -15 -10 -13 -11 -15 -10 -15 -11 -14 -9 -15 -9 -14 -7 -15 -7 -14 -8 -14 -8 -14 -6 -14 -7 -15 -5 -16 -6 -14 -4 -14 -4 -13 -3 -14 -5 -14 -5 -15 -5 -15 -3 -14 -5 -13 -3 0 0 0 0 0 0 0 0 0 0 -1 -1 -1 -1 11 21 12 21 15 20 14 16 7 19 7 18 7 17 7 19 8 17 7 16 8 17 8 15 10 15 9 16 8 17 9 15 10 17 10 16 8 15 11 13 12 12 10 14 11 12 9 12 9 13 10 11 8 13 11 11 10 14 12 12 13 8 11 11 11 12 11 10 10 9 9 10 10 10 9 10 9 9 9 9 7 9 8 9 8 9 8 9 7 8 7 7 6 7 7 7 5 6 5 6 4 6 5 5 4 5 3 5 3 5 3 4 3 4 0 0 -1 -1 -1 -1 -1 -1 -1 -1 -1 -1 -1 -1 -1 -1 0 0 0 0 -1 -1 -38 -6 -36 -6 -37 -7 -38 -10 -37 -10 -34 -10 -37 -11 -34 -11 -38 -11 -36 -15 -37 -17 -36 -16 -39 -18 -37 -17 -32 -17 -35 -14 -34 -13 -33 -17 -31 -14 -30 -15 -30 -16 -31 -13 -28 -16 -30 -15 -31 -19 -31 -13 -33 -5 -30 -13 -31 -11 -29 -10 -27 -8 -28 -10 -29 -10 -28 -9 -29 -8 -30 -6 -26 -7 -28 -5 -27 -6 -28 -4 -27 -3 -27 -1 -27 -2 -30 -1 -25 0 -24 1 -24 0 -25 2 -25 2 -25 0 -26 2 -25 1 -24 1 -23 9 -25 13 -25 11 -22 15 -1 -1 ]
CSI_DATA,STA,08:3A:F2:51:5D:9D,-49,11,1,2,1,1,1,0,0,0,0,-94,0,6,1,2420576,0,110,0,0,2.645577,384,[110 96 6 0 0 0 0 0 0 0 0 0 6 19 6 18 7 20 5 21 6 21 4 19 4 20 3 19 3 20 2 21 2 22 2 22 2 21 1 21 0 19 2 22 1 19 0 19 1 18 0 18 0 18 0 19 -1 17 0 18 0 20 1 17 0 0 2 18 3 17 3 17 4 16 2 16 3 16 3 17 4 15 4 16 5 14 5 15 4 14 5 14 6 13 5 14 6 12 7 15 7 11 7 12 7 10 6 12 7 12 7 13 8 11 6 12 7 10 0 0 0 0 0 0 0 0 0 0 -1 -1 -1 -1 5 -24 5 -26 2 -24 0 -23 7 -21 7 -18 5 -20 7 -20 5 -19 5 -17 5 -20 3 -17 3 -19 4 -19 5 -20 3 -19 3 -21 3 -20 4 -17 0 -19 -1 -18 1 -19 -1 -17 0 -17 1 -17 -1 -17 1 -17 -1 -17 1 -19 -1 -18 -4 -17 -1 -17 -2 -18 -2 -15 -2 -16 -1 -15 -1 -16 -1 -15 -1 -14 -1 -14 -1 -13 0 -14 0 -13 0 -13 -1 -12 -1 -12 0 -11 -2 -12 0 -9 -1 -9 0 -9 -1 -9 -1 -9 -1 -8 -1 -7 0 -7 0 -7 0 0 -1 -1 -1 -1 -1 -1 -1 -1 -1 -1 -1 -1 -1 -1 0 0 0 0 -1 -1 23 30 20 27 23 29 20 31 21 31 17 28 19 33 17 29 21 33 15 35 15 37 14 35 15 39 14 37 10 33 16 33 15 30 13 34 13 29 11 30 11 30 13 29 9 30 11 30 9 34 13 29 19 26 12 28 15 28 14 25 14 23 12 25 15 25 14 25 15 23 17 23 14 21 17 22 15 22 17 21 17 19 19 18 17 18 22 19 16 15 18 14 18 16 19 13 20 14 19 16 20 16 18 15 17 14 22 9 26 7 25 7 27 2 -1 -1 ]
CSI_DATA,STA,08:3A:F2:51:5D:9D,-50,11,1,2,1,1,1,0,0,0,0,-94,0,6,1,2441603,0,110,0,0,2.655549,384,[110 96 6 0 0 0 0 0 0 0 0 0 -15 16 -15 16 -16 17 -18 17 -17 16 -17 14 -17 15 -17 14 -18 14 -18 13 -20 14 -20 14 -19 13 -20 12 -19 11 -20 14 -18 11 -18 10 -17 11 -17 11 -18 10 -18 11 -17 9 -17 10 -18 11 -16 11 0 0 -16 12 -15 12 -15 13 -14 12 -14 10 -14 12 -14 12 -13 11 -13 13 -10 12 -11 13 -11 12 -11 13 -10 13 -10 13 -9 14 -10 15 -7 13 -7 13 -6 13 -8 13 -8 13 -8 14 -6 14 -8 13 -6 13 0 0 0 0 0 0 0 0 0 0 -1 -1 -1 -1 24 -8 24 -9 23 -12 21 -12 22 -5 21 -5 20 -6 22 -5 20 -6 19 -5 20 -7 18 -7 19 -8 18 -8 19 -7 18 -8 20 -9 18 -9 17 -7 17 -10 15 -12 17 -9 14 -11 15 -9 16 -8 14 -10 15 -9 14 -11 16 -9 15 -12 11 -15 14 -11 14 -10 12 -11 11 -11 12 -10 12 -10 12 -9 11 -9 11 -10 11 -9 11 -8 11 -7 10 -8 10 -8 9 -8 9 -8 8 -8 8 -6 7 -6 7 -6 6 -6 6 -6 6 -5 5 -4 6 -4 6 -4 -1 -1 -1 -1 -1 -1 -1 -1 -1 -1 -1 -1 -1 -1 -1 -1 -1 -1 0 0 0 0 -17 38 -16 35 -16 36 -20 36 -20 34 -20 33 -22 35 -20 32 -21 36 -24 32 -27 33 -26 32 -28 36 -27 34 -26 29 -24 32 -22 32 -26 29 -22 28 -23 27 -24 27 -22 28 -23 24 -22 27 -26 27 -21 29 -13 32 -21 28 -19 28 -17 28 -14 25 -17 26 -16 27 -16 26 -15 27 -13 29 -12 25 -11 28 -12 26 -10 28 -9 27 -7 27 -8 27 -7 29 -6 26 -4 25 -5 25 -3 26 -3 26 -5 25 -3 27 -4 26 -3 26 4 26 8 29 7 28 10 25 -1 -1 ]
CSI_DATA,STA,08:3A:F2:51:5D:9D,-49,11,1,2,1,1,1,0,0,0,0,-94,0,6,1,2444588,0,110,0,0,2.666271,384,[110 96 6 0 0 0 0 0 0 0 0 0 -6 -23 -5 -22 -6 -24 -5 -25 -4 -25 -3 -22 -3 -24 -2 -22 -2 -23 -1 -24 0 -25 0 -25 0 -25 1 -24 2 -22 0 -25 1 -22 2 -22 1 -21 1 -21 1 -21 1 -22 3 -20 1 -21 1 -23 0 -20 0 0 0 -20 -2 -20 -2 -20 -3 -19 -1 -19 -2 -19 -2 -20 -3 -18 -3 -19 -5 -17 -5 -17 -3 -17 -4 -17 -5 -16 -5 -17 -6 -16 -7 -18 -7 -14 -7 -15 -7 -13 -7 -15 -7 -15 -7 -15 -8 -14 -6 -15 -8 -13 0 0 0 0 0 0 0 0 0 0 -1 -1 -1 -1 -8 26 -6 26 -3 26 -2 23 -11 21 -10 19 -8 20 -10 19 -8 19 -8 17 -8 19 -6 17 -6 19 -6 19 -8 19 -6 18 -6 21 -6 20 -6 17 -3 19 -1 18 -4 19 -1 17 -3 17 -4 17 -1 17 -4 16 -1 18 -3 18 -1 18 4 18 -2 17 -1 18 0 15 0 15 -1 15 -1 15 -1 15 -1 14 -1 14 -2 13 -2 14 -2 12 -1 12 -1 11 -1 11 -1 10 0 11 -1 9 -1 9 -2 8 -1 8 -1 8 -1 7 -1 7 -2 6 -2 6 -1 -1 -1 -1 -1 -1 -1 -1 -1 -1 -1 -1 -1 -1 -1 -1 -1 -1 0 0 0 0 -24 -35 -22 -33 -23 -34 -21 -36 -21 -36 -18 -34 -19 -38 -17 -35 -20 -39 -15 -39 -14 -42 -14 -40 -16 -43 -15 -42 -11 -38 -15 -38 -15 -35 -12 -39 -13 -34 -11 -34 -11 -36 -14 -34 -9 -34 -11 -35 -9 -38 -14 -34 -23 -30 -12 -33 -15 -32 -15 -29 -14 -27 -13 -29 -15 -29 -14 -29 -16 -27 -18 -28 -15 -25 -18 -26 -16 -25 -19 -25 -18 -24 -20 -22 -18 -22 -23 -23 -19 -19 -19 -18 -18 -19 -20 -18 -21 -18 -20 -20 -22 -19 -20 -19 -20 -18 -26 -10 -30 -9 -29 -9 -29 -4 -1 -1 ]
CSI_DATA,STA,08:3A:F2:51:5D:9D,-44,11,0,0,0,0,0,0,0,0,0,-94,0,6,1,2471920,0,110,0,0,2.677446,128,[110 96 6 0 0 0 0 0 0 0 0 0 -26 -7 -26 -9 -28 -8 -29 -9 -28 -10 -25 -11 -26 -11 -24 -12 -25 -12 -24 -13 -27 -13 -27 -14 -26 -13 -25 -13 -23 -13 -26 -13 -22 -13 -21 -13 -22 -13 -22 -12 -20 -12 -22 -12 -19 -12 -20 -11 -22 -11 -22 -11 0 0 -21 -9 -22 -9 -21 -8 -21 -8 -19 -7 -21 -7 -21 -6 -19 -6 -21 -5 -20 -6 -21 -5 -19 -5 -20 -5 -21 -5 -19 -4 -20 -4 -21 -3 -20 -3 -19 -2 -19 -3 -19 -2 -19 -2 -19 -2 -20 -1 -18 -2 -18 -1 0 0 0 0 0 0 0 0 0 0 ]
CSI_DATA,STA,08:3A:F2:51:5D:9D,-49,11,1,1,1,1,1,0,0,0,0,-94,0,6,1,2482890,0,110,0,0,2.681677,384,[110 96 6 0 0 0 0 0 0 0 0 0 -17 15 -17 15 -18 16 -21 15 -20 15 -19 13 -20 13 -18 12 -20 13 -20 12 -22 12 -23 12 -22 11 -22 11 -21 9 -22 12 -20 10 -20 9 -19 9 -19 9 -19 9 -20 10 -19 7 -19 9 -21 9 -18 10 0 0 -18 10 -17 11 -17 11 -16 12 -16 9 -16 11 -16 11 -14 11 -15 12 -12 12 -13 13 -13 11 -13 12 -11 12 -12 12 -11 14 -12 14 -9 13 -9 13 -8 13 -10 13 -9 13 -9 13 -8 14 -10 13 -7 13 0 0 0 0 0 0 0 0 0 0 -1 -1 -1 -1 26 -7 27 -7 25 -11 22 -11 23 -2 21 -3 21 -5 22 -3 21 -4 19 -4 20 -6 18 -6 21 -7 20 -5 20 -5 20 -7 20 -8 19 -7 18 -6 18 -9 16 -10 18 -9 15 -9 16 -9 16 -7 16 -10 17 -9 15 -11 17 -8 16 -11 14 -13 15 -10 15 -9 13 -10 13 -11 13 -9 13 -10 12 -9 12 -9 13 -9 12 -8 13 -8 12 -7 11 -7 11 -7 10 -8 9 -6 9 -7 8 -6 7 -6 8 -6 7 -5 6 -5 6 -4 6 -4 6 -4 5 -4 -1 -1 -1 -1 -1 -1 -1 -1 -1 -1 -1 -1 -1 -1 -1 -1 -1 -1 -1 -1 0 0 -20 35 -20 32 -20 36 -23 34 -24 36 -23 31 -25 34 -23 31 -26 36 -29 31 -32 31 -30 31 -29 34 -31 31 -29 26 -27 30 -26 29 -28 30 -24 26 -28 27 -25 25 -25 28 -26 25 -26 26 -30 26 -24 27 -17 32 -24 26 -22 26 -20 27 -19 27 -19 26 -18 28 -19 26 -15 27 -16 29 -15 26 -15 29 -17 26 -13 29 -13 27 -9 28 -10 27 -9 31 -8 25 -5 26 -6 27 -6 25 -5 27 -7 28 -7 27 -7 26 -6 27 3 28 6 30 5 28 10 27 -1 -1 ]
CSI_DATA,STA,08:3A:F2:51:5D:9D,-49,11,1,1,1,1,1,0,0,0,0,-94,0,6,1,2517056,0,110,0,0,2.697418,384,[110 96 6 0 0 0 0 0 0 0 0 0 -16 -18 -15 -17 -17 -19 -16 -21 -15 -21 -13 -19 -14 -20 -12 -20 -13 -21 -12 -22 -11 -23 -12 -23 -11 -23 -10 -23 -8 -21 -12 -24 -9 -21 -8 -21 -9 -20 -9 -20 -8 -20 -9 -21 -6 -19 -8 -20 -8 -22 -9 -19 0 0 -9 -19 -11 -18 -10 -18 -11 -17 -8 -17 -11 -17 -10 -18 -10 -16 -11 -16 -11 -14 -11 -15 -10 -15 -11 -15 -11 -13 -12 -14 -13 -12 -14 -14 -12 -11 -12 -11 -12 -9 -12 -12 -13 -11 -13 -12 -13 -11 -11 -12 -11 -10 0 0 0 0 0 0 0 0 0 0 -1 -1 -1 -1 3 27 4 28 7 25 8 23 -4 23 -2 20 -1 22 -3 22 0 21 -2 19 0 21 1 19 2 20 0 21 -1 21 1 20 2 21 2 20 0 18 3 19 4 17 3 19 5 16 3 18 2 17 5 17 2 18 5 17 3 19 5 17 9 16 4 16 5 16 4 15 5 16 4 15 5 15 4 15 3 13 4 14 3 14 2 14 2 13 3 13 2 11 3 11 2 10 3 11 1 9 2 8 1 9 1 8 2 8 1 7 1 7 0 6 0 6 0 0 0 0 -1 -1 -1 -1 -1 -1 -1 -1 -1 -1 0 0 0 0 -1 -1 -1 -1 -36 -19 -34 -19 -38 -20 -35 -22 -37 -23 -31 -23 -36 -24 -32 -23 -36 -25 -32 -30 -31 -32 -31 -30 -34 -30 -31 -31 -26 -28 -30 -29 -28 -26 -30 -28 -25 -24 -27 -28 -25 -26 -28 -26 -25 -28 -26 -27 -25 -31 -26 -25 -33 -18 -25 -25 -26 -23 -26 -21 -27 -21 -25 -20 -28 -20 -26 -20 -27 -18 -28 -18 -27 -18 -27 -17 -26 -19 -28 -16 -26 -16 -28 -12 -26 -12 -31 -13 -24 -10 -26 -9 -27 -9 -26 -9 -27 -9 -28 -11 -27 -11 -26 -11 -26 -10 -29 1 -31 4 -29 2 -30 9 -1 -1 ]
CSI_DATA,STA,08:3A:F2:51:5D:9D,-49,11,1,2,1,1,1,0,0,0,0,-94,0,6,1,2517545,0,110,0,0,2.708860,384,[110 96 6 0 0 0 0 0 0 0 0 0 18 -10 17 -9 19 -11 20 -10 20 -9 18 -7 20 -7 19 -6 19 -7 20 -6 21 -6 22 -6 21 -5 21 -4 19 -3 22 -5 19 -4 19 -3 18 -3 18 -3 18 -3 19 -3 17 -1 18 -3 20 -3 17 -4 0 0 17 -4 17 -5 17 -5 16 -6 16 -4 16 -5 17 -5 14 -5 15 -6 13 -7 14 -7 14 -6 14 -7 13 -7 14 -7 12 -8 14 -9 11 -9 12 -8 10 -9 12 -8 12 -8 12 -9 11 -9 12 -8 10 -8 0 0 0 0 0 0 0 0 0 0 -1 -1 -1 -1 -25 1 -26 2 -23 4 -22 7 -21 -5 -18 -4 -19 -4 -19 -5 -18 -4 -17 -4 -18 -3 -16 -2 -18 -1 -19 -2 -19 -4 -18 -1 -20 -1 -18 -2 -16 -3 -17 1 -16 2 -18 0 -15 1 -16 0 -16 -1 -15 2 -16 -1 -16 1 -17 -1 -17 2 -15 8 -16 1 -16 2 -14 2 -14 2 -14 0 -13 1 -14 1 -13 0 -13 1 -13 1 -13 0 -12 -1 -11 0 -10 0 -11 1 -10 0 -11 1 -9 0 -8 0 -8 0 -8 0 -7 0 -7 -1 -7 -1 -6 -1 -6 -1 0 0 0 0 -1 -1 -1 -1 -1 -1 -1 -1 -1 -1 0 0 0 0 -1 -1 -1 -1 20 -31 18 -27 19 -30 21 -27 22 -28 20 -24 23 -27 21 -24 23 -28 27 -24 29 -24 27 -23 30 -25 29 -23 26 -18 25 -23 22 -22 27 -22 22 -19 24 -18 24 -18 22 -20 24 -17 25 -18 28 -18 23 -20 16 -29 23 -19 21 -21 19 -19 17 -19 19 -18 19 -20 19 -18 17 -20 16 -22 16 -19 16 -21 16 -19 15 -21 14 -20 12 -22 12 -20 13 -24 10 -19 9 -20 10 -20 8 -21 9 -21 10 -21 11 -22 10 -21 9 -19 -1 -26 -2 -28 -1 -26 -6 -27 -1 -1 ]
CSI_DATA,STA,08:3A:F2:51:5D:9D,-49,11,1,2,1,1,1,0,0,0,0,-94,0,6,1,2518023,0,110,0,0,2.719516,384,[110 96 6 0 0 0 0 0 0 0 0 0 14 14 13 14 15 15 14 17 13 17 11 15 12 17 10 16 11 17 10 18 10 19 11 19 10 19 9 19 7 18 10 19 8 17 7 17 8 17 7 17 7 17 7 17 5 16 7 17 8 18 8 15 0 0 8 15 9 15 9 15 9 14 7 14 9 14 8 15 8 13 9 13 9 11 10 12 8 12 9 12 10 10 10 11 10 10 11 12 10 8 11 9 10 8 10 9 10 9 11 9 11 8 10 9 10 7 0 0 0 0 0 0 0 0 0 0 -1 -1 -1 -1 1 -25 0 -26 -2 -25 -4 -22 3 -22 3 -20 1 -21 3 -21 1 -20 2 -18 1 -20 0 -18 -1 -20 0 -20 1 -21 -1 -19 -1 -22 -1 -20 0 -18 -3 -19 -4 -18 -2 -19 -4 -17 -2 -17 -2 -17 -4 -16 -1 -17 -4 -17 -1 -18 -4 -17 -6 -16 -4 -17 -4 -17 -4 -15 -4 -15 -3 -15 -3 -15 -3 -15 -3 -14 -3 -14 -2 -13 -2 -14 -2 -13 -1 -13 -2 -12 -2 -12 -2 -11 -3 -12 -2 -10 -2 -9 -1 -9 -2 -8 -2 -8 -1 -8 -1 -8 -1 -7 -1 -6 0 0 0 0 -1 -1 -1 -1 -1 -1 -1 -1 -1 -1 0 0 0 0 -1 -1 -1 -1 33 19 30 18 32 19 30 22 30 22 27 21 30 24 27 22 31 24 27 27 27 30 26 28 28 31 26 30 22 27 26 26 25 24 24 28 22 24 20 25 21 25 22 24 18 25 21 25 20 29 22 24 25 20 20 23 23 22 22 20 21 18 20 20 22 19 21 19 21 18 23 17 20 16 23 16 21 16 23 15 22 14 24 13 22 13 26 12 21 10 22 9 21 10 22 8 23 9 22 10 24 10 22 9 21 9 24 4 27 2 27 2 27 -2 -1 -1 ]
CSI_DATA,STA,08:3A:F2:51:5D:9D,-49,11,1,2,1,1,1,0,0,0,0,-94,0,6,1,2518788,0,110,0,0,2.729656,384,[110 96 6 0 0 0 0 0 0 0 0 0 -13 15 -13 15 -14 17 -16 16 -16 16 -15 13 -16 14 -15 13 -16 13 -17 12 -19 13 -19 13 -18 12 -18 12 -18 10 -18 13 -17 10 -17 10 -16 10 -16 9 -16 9 -17 10 -16 7 -16 9 -18 10 -15 10 0 0 -15 10 -14 11 -15 11 -13 11 -14 9 -14 10 -14 10 -12 10 -13 11 -11 11 -11 12 -11 10 -11 10 -10 11 -11 11 -9 12 -11 13 -8 11 -8 12 -7 11 -9 11 -9 11 -9 11 -8 12 -9 11 -7 11 0 0 0 0 0 0 0 0 0 0 -1 -1 -1 -1 24 -4 25 -5 22 -7 20 -8 21 -1 18 -1 19 -2 20 0 19 -2 17 -1 18 -3 17 -3 18 -5 18 -3 19 -2 17 -4 20 -4 18 -4 16 -2 16 -7 15 -7 17 -5 14 -6 15 -5 15 -4 14 -6 15 -4 15 -6 16 -4 15 -7 13 -10 14 -6 15 -6 13 -6 13 -6 13 -5 13 -6 12 -6 12 -5 11 -6 11 -5 11 -4 11 -4 11 -4 10 -4 9 -5 8 -4 9 -4 7 -4 7 -4 7 -3 6 -3 6 -3 6 -2 6 -2 5 -2 5 -2 0 0 0 0 -1 -1 -1 -1 -1 -1 -1 -1 -1 -1 0 0 0 0 -1 -1 -1 -1 -16 35 -15 32 -15 35 -18 33 -18 34 -18 29 -20 33 -19 29 -20 33 -24 30 -27 31 -25 29 -28 32 -27 30 -25 24 -23 29 -21 27 -25 27 -21 25 -23 24 -23 24 -21 25 -23 22 -24 24 -27 24 -22 25 -16 28 -21 23 -19 26 -18 24 -16 23 -18 22 -17 24 -17 23 -15 24 -14 25 -14 22 -14 25 -14 22 -13 24 -12 23 -9 25 -10 23 -10 27 -8 22 -6 22 -7 22 -5 22 -5 23 -8 23 -8 24 -7 23 -7 21 1 26 2 27 2 25 8 25 -1 -1 ]
CSI_DATA,STA,08:3A:F2:51:5D:9D,-49,11,1,2,1,1,1,0,0,0,0,-94,0,6,1,2519263,0,110,0,0,2.740254,384,[110 96 6 0 0 0 0 0 0 0 0 0 -4 -20 -4 -20 -5 -22 -3 -23 -3 -22 -2 -21 -2 -22 -2 -20 -1 -21 -1 -21 1 -23 0 -23 1 -22 1 -22 2 -20 0 -23 1 -20 2 -20 1 -19 1 -19 1 -19 1 -19 3 -18 1 -19 2 -21 0 -18 0 0 0 -18 -1 -18 -1 -18 -2 -18 0 -17 -2 -18 -2 -18 -3 -16 -3 -17 -4 -15 -4 -16 -3 -16 -4 -15 -5 -15 -4 -15 -6 -15 -6 -16 -6 -13 -6 -13 -7 -12 -6 -14 -6 -14 -7 -14 -7 -13 -5 -13 -6 -12 0 0 0 0 0 0 0 0 0 0 -1 -1 -1 -1 -9 22 -9 23 -5 23 -3 22 -11 19 -10 16 -9 17 -11 17 -8 17 -8 15 -8 17 -7 16 -6 17 -7 18 -9 17 -7 17 -7 19 -6 17 -7 15 -3 16 -2 16 -5 17 -2 15 -4 15 -4 15 -2 15 -5 15 -2 16 -5 17 -3 16 2 16 -2 15 -2 16 -1 14 -1 14 -2 14 -1 13 -2 13 -2 12 -1 13 -2 12 -3 12 -3 11 -2 11 -2 10 -1 10 -2 9 -1 10 -2 8 -1 8 -2 8 -1 7 -1 6 -1 6 -1 6 -2 5 -2 5 0 0 0 0 -1 -1 -1 -1 -1 -1 -1 -1 -1 -1 0 0 0 0 -1 -1 -1 -1 -20 -34 -18 -31 -20 -33 -17 -34 -17 -35 -14 -32 -16 -36 -14 -32 -17 -36 -12 -37 -11 -40 -11 -38 -11 -41 -10 -39 -7 -35 -12 -36 -12 -33 -9 -36 -10 -32 -8 -32 -8 -32 -11 -31 -6 -32 -8 -32 -6 -36 -10 -32 -17 -29 -9 -30 -12 -30 -12 -28 -12 -26 -11 -27 -12 -27 -12 -27 -14 -26 -16 -26 -13 -24 -15 -25 -13 -24 -15 -24 -15 -22 -17 -21 -15 -21 -20 -22 -15 -18 -16 -18 -16 -18 -18 -17 -19 -17 -17 -19 -18 -19 -18 -18 -16 -17 -23 -12 -26 -11 -24 -11 -27 -5 -1 -1 ]
CSI_DATA,STA,08:3A:F2:51:5D:9D,-50,11,1,2,1,1,1,0,0,0,0,-93,0,6,1,2644907,0,110,0,0,2.811494,384,[110 96 6 0 0 0 0 0 0 0 0 0 13 15 12 14 14 16 12 17 13 17 10 15 11 17 9 16 10 17 9 18 8 20 9 20 8 19 7 19 6 18 9 20 7 17 7 18 7 16 6 17 6 16 7 17 4 16 6 17 6 18 6 15 0 0 7 15 8 15 8 15 8 14 6 14 8 14 8 15 8 13 9 13 9 11 9 12 8 12 8 12 9 11 9 11 9 10 11 12 9 9 10 9 10 8 9 10 10 9 10 10 10 8 9 10 9 8 0 0 0 0 0 0 0 0 0 0 -1 -1 -1 -1 -8 -23 -8 -23 -10 -21 -12 -19 -1 -21 -1 -18 -2 -19 -1 -19 -2 -18 -1 -16 -3 -18 -2 -16 -4 -17 -4 -18 -2 -19 -3 -17 -4 -19 -4 -17 -2 -16 -6 -16 -7 -14 -5 -17 -6 -14 -5 -15 -4 -15 -7 -13 -4 -15 -6 -15 -5 -17 -6 -16 -13 -13 -6 -14 -7 -14 -6 -12 -6 -13 -5 -12 -6 -13 -6 -12 -5 -11 -6 -12 -5 -12 -4 -12 -4 -11 -4 -11 -4 -10 -5 -10 -3 -9 -5 -10 -3 -8 -4 -7 -3 -7 -3 -7 -3 -7 -3 -7 -2 -7 -2 -6 -2 -6 0 0 0 0 -1 -1 -1 -1 -1 -1 -1 -1 -1 -1 0 0 0 0 -1 -1 -1 -1 32 14 28 14 31 14 28 16 31 17 26 15 30 18 26 17 31 17 27 22 27 25 26 23 28 25 27 24 22 23 26 20 24 18 26 23 22 18 22 20 21 20 24 17 19 21 21 21 21 24 23 19 30 11 21 18 23 17 21 14 21 13 20 15 22 14 21 14 22 12 23 11 19 12 22 12 20 12 22 11 21 9 22 7 20 8 25 7 19 6 20 5 20 6 20 4 21 3 21 6 22 5 21 6 20 6 24 -6 25 -8 23 -6 23 -14 -1 -1 ]
CSI_DATA,STA,08:3A:F2:51:5D:9D,-50,11,1,2,1,1,1,0,0,0,0,-93,0,6,1,2646294,0,110,0,0,2.822279,384,[110 96 6 0 0 0 0 0 0 0 0 0 -4 -23 -3 -23 -4 -24 -2 -26 -2 -25 0 -23 0 -24 1 -23 1 -24 1 -24 3 -25 3 -26 3 -25 4 -24 5 -22 3 -25 4 -22 4 -22 4 -21 4 -21 5 -20 4 -21 5 -19 4 -20 4 -22 3 -20 0 0 3 -20 1 -20 1 -20 0 -20 2 -19 1 -19 1 -20 0 -18 0 -19 -1 -17 -2 -18 0 -17 -1 -18 -2 -17 -2 -18 -3 -17 -3 -19 -4 -16 -4 -16 -5 -15 -3 -17 -4 -16 -4 -17 -5 -16 -3 -16 -5 -15 0 0 0 0 0 0 0 0 0 0 -1 -1 -1 -1 -22 16 -22 18 -19 18 -17 19 -21 15 -18 13 -18 15 -19 14 -17 15 -16 13 -17 16 -15 14 -16 16 -16 15 -18 15 -16 15 -17 16 -15 16 -15 13 -13 17 -11 17 -14 16 -11 15 -12 14 -13 14 -11 15 -13 14 -11 15 -14 15 -11 16 -9 16 -11 15 -11 16 -9 14 -9 15 -10 12 -9 13 -9 13 -9 12 -9 13 -10 12 -10 12 -9 11 -9 11 -8 9 -8 10 -8 9 -7 10 -7 8 -6 8 -7 7 -6 7 -5 6 -6 5 -5 5 -5 5 -5 4 0 0 0 0 -1 -1 -1 -1 -1 -1 -1 -1 -1 -1 0 0 0 0 -1 -1 -1 -1 -15 -43 -13 -39 -15 -42 -11 -44 -11 -44 -8 -40 -8 -44 -7 -41 -9 -46 -3 -45 -2 -48 -2 -46 -1 -49 0 -47 2 -41 -3 -44 -3 -42 1 -44 -1 -39 1 -39 1 -39 -1 -39 3 -38 1 -38 4 -42 -1 -39 -4 -37 0 -37 -4 -37 -4 -35 -5 -33 -2 -34 -4 -34 -4 -34 -5 -34 -7 -35 -5 -31 -8 -33 -6 -31 -8 -32 -8 -30 -12 -31 -10 -29 -13 -32 -11 -26 -12 -26 -11 -27 -13 -26 -13 -27 -12 -28 -13 -27 -12 -27 -12 -25 -16 -25 -20 -25 -17 -24 -22 -21 -1 -1 ]
CSI_DATA,STA,08:3A:F2:51:5D:9D,-50,11,1,2,1,1,1,0,0,0,0,-93,0,6,1,2646887,0,110,0,0,2.833203,384,[110 96 6 0 0 0 0 0 0 0 0 0 16 12 15 11 17 13 16 15 16 14 13 13 14 15 13 14 13 15 13 15 14 17 14 17 13 16 12 17 10 16 13 17 11 15 10 15 11 15 10 15 10 15 11 15 8 14 10 14 11 16 11 13 0 0 11 13 12 12 12 13 12 11 10 12 12 12 12 12 11 10 12 10 11 8 12 9 11 9 12 9 12 8 12 8 13 7 14 8 12 5 13 6 12 5 12 6 12 6 13 6 13 4 12 6 11 4 0 0 0 0 0 0 0 0 0 0 -1 -1 -1 -1 -10 -23 -11 -24 -12 -20 -13 -18 -5 -22 -5 -19 -7 -20 -5 -20 -6 -19 -5 -17 -7 -19 -6 -17 -8 -17 -8 -19 -7 -19 -8 -17 -9 -19 -9 -18 -6 -16 -10 -15 -10 -13 -9 -16 -10 -13 -9 -15 -8 -15 -10 -13 -8 -15 -10 -14 -9 -16 -10 -14 -13 -11 -10 -13 -11 -14 -10 -11 -9 -11 -8 -12 -9 -12 -9 -12 -8 -11 -8 -11 -8 -11 -8 -11 -7 -11 -7 -10 -7 -10 -7 -9 -6 -8 -8 -9 -5 -8 -6 -7 -5 -7 -5 -7 -5 -7 -5 -7 -5 -7 -4 -6 -3 -5 0 0 0 0 -1 -1 -1 -1 -1 -1 -1 -1 -1 -1 0 0 0 0 -1 -1 -1 -1 36 11 32 11 35 10 33 13 34 14 30 13 34 15 30 15 35 15 32 19 33 21 31 20 34 22 32 21 26 20 31 17 29 15 30 20 26 16 26 18 26 18 27 16 24 19 26 18 27 22 27 16 31 9 25 16 27 14 25 12 25 10 24 13 26 12 25 12 25 10 27 8 23 9 26 8 24 9 26 7 24 6 25 4 24 5 28 3 22 3 23 1 22 2 23 0 24 0 24 2 25 1 23 1 22 1 24 -7 25 -10 24 -9 23 -15 -1 -1 ]
CSI_DATA,STA,08:3A:F2:51:5D:9D,-50,11,1,2,1,1,1,0,0,0,0,-93,0,6,1,2649860,0,110,0,0,2.843518,384,[110 96 6 0 0 0 0 0 0 0 0 0 -23 -1 -23 -1 -25 -1 -26 -3 -25 -4 -22 -4 -24 -5 -23 -5 -23 -6 -23 -6 -24 -7 -25 -7 -24 -7 -23 -8 -21 -9 -25 -8 -21 -8 -21 -8 -20 -8 -20 -8 -20 -8 -21 -8 -18 -9 -20 -7 -21 -8 -20 -6 0 0 -20 -6 -20 -5 -20 -5 -19 -4 -18 -6 -19 -4 -20 -5 -18 -3 -19 -3 -17 -1 -18 -1 -17 -2 -18 -1 -17 -1 -18 -1 -18 1 -19 0 -16 2 -17 2 -15 2 -17 1 -16 1 -17 1 -16 3 -16 1 -15 2 0 0 0 0 0 0 0 0 0 0 -1 -1 -1 -1 18 18 20 19 22 15 21 12 16 18 14 16 16 16 14 17 15 15 13 14 16 14 14 13 17 13 16 14 16 15 16 12 18 14 16 13 14 13 17 10 17 8 16 11 16 8 14 10 15 11 15 8 15 10 16 8 16 11 17 8 18 5 16 8 16 8 14 7 15 6 14 8 14 7 14 7 13 6 13 6 12 6 12 7 11 7 11 6 10 5 11 4 10 4 10 5 8 4 8 4 7 4 8 3 7 3 6 3 6 3 6 3 5 3 0 0 0 0 -1 -1 -1 -1 -1 -1 -1 -1 -1 -1 0 0 0 0 -1 -1 -1 -1 -43 10 -40 9 -42 9 -43 6 -43 6 -39 4 -43 4 -40 3 -45 5 -44 -1 -47 -2 -44 -2 -48 -2 -46 -3 -40 -5 -42 -1 -40 0 -43 -4 -37 -2 -38 -4 -38 -4 -38 -1 -37 -5 -37 -4 -40 -7 -38 -1 -37 6 -36 -2 -37 1 -34 2 -32 2 -33 0 -34 2 -33 2 -33 3 -33 5 -30 4 -32 6 -30 4 -32 7 -29 7 -30 10 -28 8 -32 12 -26 10 -25 11 -25 10 -25 12 -25 12 -26 10 -27 12 -26 11 -25 10 -22 18 -22 22 -21 20 -18 24 -1 -1 ]
CSI_DATA,STA,08:3A:F2:51:5D:9D,-50,11,1,2,1,1,1,0,0,0,0,-93,0,6,1,2650218,0,110,0,0,2.853891,384,[110 96 6 0 0 0 0 0 0 0 0 0 -21 -4 -20 -5 -22 -5 -23 -7 -22 -7 -19 -7 -20 -7 -19 -8 -20 -8 -19 -9 -20 -10 -21 -10 -20 -10 -19 -11 -18 -11 -20 -10 -17 -10 -17 -10 -17 -9 -16 -10 -16 -10 -17 -10 -15 -10 -16 -10 -18 -11 -16 -9 0 0 -17 -8 -17 -7 -17 -7 -17 -6 -15 -8 -16 -7 -17 -7 -15 -6 -16 -5 -15 -3 -16 -4 -15 -5 -16 -4 -15 -3 -15 -3 -15 -2 -17 -3 -14 -1 -14 -1 -14 0 -15 -1 -15 -1 -15 -1 -15 0 -14 -2 -14 0 0 0 0 0 0 0 0 0 0 0 -1 -1 -1 -1 15 18 17 19 17 15 17 12 11 17 10 15 12 15 10 16 11 15 9 13 12 14 11 12 13 12 12 14 11 15 12 13 13 15 12 13 10 12 14 10 13 9 12 12 12 9 11 10 12 11 13 8 11 10 13 9 12 12 13 9 14 6 12 9 13 9 12 8 12 6 11 8 11 8 11 8 10 7 11 7 9 7 10 8 9 8 9 7 8 6 8 5 7 5 9 5 6 4 6 4 6 4 6 4 6 4 5 4 5 4 4 3 4 3 0 0 0 0 -1 -1 -1 -1 -1 -1 -1 -1 -1 -1 0 0 0 0 -1 -1 -1 -1 -39 3 -35 2 -39 4 -38 1 -39 0 -35 -2 -38 -1 -35 -2 -39 -1 -39 -6 -40 -8 -38 -7 -42 -8 -40 -9 -34 -9 -37 -6 -34 -5 -37 -8 -32 -6 -32 -7 -33 -8 -33 -5 -31 -9 -33 -8 -35 -11 -32 -6 -33 1 -31 -6 -32 -3 -30 -3 -28 -1 -29 -4 -30 -2 -29 -2 -29 -1 -30 1 -27 -1 -29 1 -27 0 -28 1 -26 2 -27 5 -25 3 -29 6 -23 5 -23 6 -23 5 -23 7 -23 8 -24 6 -25 7 -24 6 -23 6 -21 14 -22 17 -20 15 -18 20 -1 -1 ]
CSI_DATA,STA,08:3A:F2:51:5D:9D,-50,11,1,2,1,1,1,0,0,0,0,-93,0,6,1,2650584,0,110,0,0,2.864377,384,[110 96 6 0 0 0 0 0 0 0 0 0 -7 -20 -7 -19 -8 -21 -6 -22 -6 -22 -4 -20 -4 -21 -3 -20 -4 -21 -3 -21 -2 -23 -2 -23 -2 -22 -1 -22 0 -20 -2 -23 -1 -20 0 -20 -1 -19 -1 -19 0 -19 -1 -20 1 -18 -1 -19 0 -20 -1 -18 0 0 -2 -18 -3 -18 -3 -18 -4 -17 -2 -17 -3 -17 -3 -18 -4 -16 -4 -17 -5 -15 -5 -15 -4 -15 -5 -15 -6 -14 -5 -15 -7 -14 -7 -16 -7 -13 -7 -13 -7 -12 -7 -14 -7 -13 -7 -14 -8 -12 -6 -13 -7 -12 0 0 0 0 0 0 0 0 0 0 -1 -1 -1 -1 -8 23 -7 24 -4 23 -1 21 -10 19 -9 17 -8 18 -9 17 -7 17 -8 15 -6 18 -6 16 -5 17 -6 18 -8 18 -5 17 -6 19 -6 17 -6 15 -3 17 -1 16 -4 17 -1 15 -3 15 -4 15 -1 15 -4 15 -2 16 -4 16 -2 17 2 16 -2 15 -1 16 -1 14 0 14 -2 13 -1 13 -1 13 -1 12 -1 13 -2 12 -3 13 -2 12 -2 11 -2 10 -1 11 -2 9 -1 10 -2 8 -1 8 -2 8 -1 7 0 7 -2 6 -1 6 -2 6 -2 5 0 0 0 0 -1 -1 -1 -1 -1 -1 -1 -1 -1 -1 0 0 0 0 -1 -1 -1 -1 -25 -31 -22 -28 -25 -30 -22 -31 -22 -32 -18 -30 -20 -33 -18 -30 -22 -34 -17 -35 -16 -38 -15 -36 -16 -39 -15 -38 -11 -34 -16 -34 -15 -32 -14 -36 -14 -30 -12 -31 -11 -31 -14 -30 -10 -31 -11 -31 -10 -35 -13 -31 -20 -27 -12 -29 -16 -29 -14 -26 -15 -25 -13 -26 -15 -26 -14 -26 -15 -25 -18 -25 -15 -23 -17 -24 -15 -23 -17 -22 -16 -21 -19 -20 -17 -19 -21 -20 -17 -17 -18 -16 -17 -17 -19 -15 -20 -16 -19 -17 -20 -17 -18 -17 -18 -16 -24 -9 -26 -9 -25 -9 -27 -4 -1 -1 ]
CSI_DATA,STA,08:3A:F2:51:5D:9D,-50,11,1,2,1,1,1,0,0,0,0,-93,0,6,1,2650969,0,110,0,0,2.875526,384,[110 96 6 0 0 0 0 0 0 0 0 0 16 -12 16 -12 17 -13 19 -12 19 -11 17 -9 18 -10 17 -9 18 -9 19 -8 20 -8 21 -8 20 -8 20 -6 19 -5 21 -8 18 -6 18 -5 17 -6 17 -5 17 -5 18 -6 16 -4 17 -5 19 -5 16 -7 0 0 17 -7 16 -7 16 -7 14 -8 15 -6 15 -8 16 -7 13 -7 14 -9 12 -9 13 -9 13 -8 13 -9 12 -9 12 -9 11 -10 12 -10 10 -10 10 -10 9 -10 10 -10 10 -10 10 -10 9 -11 10 -9 9 -10 0 0 0 0 0 0 0 0 0 0 -1 -1 -1 -1 -25 -4 -25 -3 -24 -1 -22 2 -22 -6 -20 -5 -20 -4 -20 -6 -20 -4 -18 -4 -20 -3 -18 -2 -19 -1 -20 -2 -20 -4 -19 -2 -21 -2 -20 -2 -17 -3 -19 1 -17 2 -19 0 -17 2 -17 0 -17 -1 -16 2 -17 -1 -17 1 -18 -1 -18 2 -17 5 -17 1 -17 2 -15 2 -15 2 -15 0 -15 1 -15 1 -14 1 -14 2 -14 1 -14 1 -13 0 -12 0 -11 0 -12 2 -11 1 -11 1 -10 0 -9 1 -9 0 -9 1 -8 0 -7 0 -8 -1 -7 0 -7 -1 0 0 0 0 -1 -1 -1 -1 -1 -1 -1 -1 -1 -1 0 0 0 0 -1 -1 -1 -1 24 -31 22 -28 23 -30 25 -28 26 -28 25 -25 27 -28 25 -24 28 -29 30 -24 33 -24 32 -23 35 -24 33 -22 30 -18 29 -23 27 -22 31 -21 26 -19 27 -18 28 -18 26 -20 27 -16 28 -18 31 -17 27 -20 22 -24 25 -18 24 -21 22 -19 20 -19 22 -18 22 -20 21 -19 19 -20 19 -23 18 -19 19 -22 18 -19 18 -22 16 -21 14 -23 15 -21 15 -25 12 -20 11 -21 12 -21 10 -22 11 -23 12 -22 12 -23 11 -22 11 -21 5 -25 4 -27 4 -25 -1 -27 -1 -1 ]
CSI_DATA,STA,08:3A:F2:51:5D:9D,-50,11,1,2,1,1,1,0,0,0,0,-93,0,6,1,2651403,0,110,0,0,2.886196,384,[110 96 6 0 0 0 0 0 0 0 0 0 19 7 18 6 20 7 20 9 19 9 17 9 18 10 17 10 17 10 17 11 17 12 18 12 17 12 17 13 15 13 18 12 15 11 14 12 14 11 14 12 13 12 15 12 12 11 14 11 15 12 14 10 0 0 14 10 15 9 15 9 14 8 13 9 14 8 14 9 13 7 14 7 13 5 14 5 13 6 14 6 14 5 13 5 14 3 15 4 13 2 13 3 13 2 13 3 13 3 14 3 14 1 13 3 12 2 0 0 0 0 0 0 0 0 0 0 -1 -1 -1 -1 -19 -17 -19 -17 -20 -14 -20 -11 -12 -18 -10 -16 -12 -16 -10 -17 -11 -15 -9 -14 -12 -14 -10 -13 -12 -13 -12 -14 -12 -16 -12 -13 -13 -15 -12 -14 -10 -13 -13 -11 -13 -9 -13 -12 -13 -9 -12 -10 -12 -11 -13 -9 -11 -11 -13 -10 -12 -12 -13 -10 -16 -4 -12 -9 -13 -9 -12 -8 -12 -7 -11 -9 -11 -8 -11 -8 -11 -7 -10 -7 -10 -8 -10 -8 -9 -8 -9 -7 -8 -6 -9 -6 -8 -6 -10 -6 -7 -6 -7 -5 -6 -5 -6 -4 -6 -5 -6 -5 -5 -5 -5 -5 -4 -4 0 0 0 0 -1 -1 -1 -1 -1 -1 -1 -1 -1 -1 0 0 0 0 -1 -1 -1 -1 36 -3 33 -2 35 -3 35 0 35 0 31 1 36 1 32 2 36 0 35 5 37 8 35 8 39 9 36 9 31 9 34 5 31 4 34 7 29 6 29 7 29 7 30 4 28 8 30 8 32 11 30 6 32 -4 28 5 29 3 27 3 25 1 26 3 27 1 26 2 25 0 27 -2 24 0 26 -1 25 0 26 -2 24 -3 24 -5 23 -4 25 -7 21 -4 20 -7 21 -6 20 -7 21 -8 22 -6 23 -7 21 -6 20 -6 19 -17 19 -19 18 -19 15 -23 -1 -1 ]
CSI_DATA,STA,08:3A:F2:51:5D:9D,-50,11,1,2,1,1,1,0,0,0,0,-93,0,6,1,2651818,0,110,0,0,2.896404,384,[110 96 6 0 0 0 0 0 0 0 0 0 -7 19 -7 18 -7 20 -9 21 -9 20 -9 17 -10 18 -10 17 -11 17 -11 17 -13 18 -13 19 -12 18 -13 17 -13 15 -13 18 -12 15 -12 15 -12 14 -12 14 -12 14 -12 15 -12 12 -12 14 -13 15 -11 14 0 0 -11 14 -9 15 -9 15 -8 15 -10 13 -9 14 -10 14 -8 13 -8 14 -6 13 -6 14 -7 13 -6 14 -5 14 -6 14 -4 14 -5 15 -3 13 -3 14 -2 13 -4 14 -3 13 -3 14 -2 14 -4 13 -2 12 0 0 0 0 0 0 0 0 0 0 -1 -1 -1 -1 12 -21 11 -21 8 -22 6 -21 14 -13 13 -11 12 -12 13 -12 12 -12 11 -11 11 -13 10 -11 10 -13 11 -13 13 -13 10 -13 11 -14 10 -13 10 -11 8 -14 6 -14 9 -13 6 -13 7 -12 8 -11 6 -13 8 -12 7 -13 9 -13 7 -14 1 -17 7 -13 6 -13 5 -11 5 -12 6 -11 5 -11 5 -11 5 -11 5 -11 5 -10 5 -10 5 -9 5 -9 5 -9 4 -9 4 -8 3 -9 3 -7 3 -7 4 -6 3 -7 3 -6 3 -5 3 -5 3 -5 3 -4 0 0 0 0 -1 -1 -1 -1 -1 -1 -1 -1 -1 -1 0 0 0 0 -1 -1 -1 -1 7 32 6 29 7 31 4 31 4 32 3 29 4 33 1 29 4 33 -1 33 -3 35 -2 33 -3 37 -3 35 -5 30 0 31 0 29 -3 32 -2 28 -3 27 -4 27 0 27 -5 27 -4 28 -6 30 -2 28 12 30 -2 27 0 27 1 25 1 23 0 24 1 24 1 24 2 23 4 24 2 22 4 24 2 23 4 23 5 21 7 21 5 20 8 22 6 19 7 18 7 19 8 18 8 18 8 19 8 20 7 19 7 18 20 14 22 14 21 13 24 9 -1 -1 ]
CSI_DATA,STA,08:3A:F2:51:5D:9D,-45,11,0,0,0,0,0,0,0,0,0,-93,0,6,1,2656372,0,110,0,0,2.906441,128,[110 96 6 0 0 0 0 0 0 0 0 0 -21 12 -21 11 -23 12 -24 12 -24 11 -22 9 -23 9 -22 8 -23 8 -24 7 -25 9 -26 9 -24 8 -24 7 -22 5 -25 8 -22 4 -22 4 -22 5 -21 5 -20 5 -22 5 -19 4 -20 6 -21 7 -20 7 0 0 -19 7 -20 7 -19 8 -19 7 -17 7 -18 8 -18 8 -17 7 -17 9 -17 8 -17 9 -15 8 -16 9 -16 9 -16 8 -16 9 -16 10 -15 9 -15 9 -14 9 -14 9 -14 9 -14 10 -14 10 -13 10 -13 9 0 0 0 0 0 0 0 0 0 0 ]
CSI_DATA,STA,08:3A:F2:51:5D:9D,-50,11,1,2,1,1,1,0,0,0,0,-93,0,6,1,2758719,0,110,0,0,2.925157,384,[110 96 6 0 0 0 0 0 0 0 0 0 19 7 18 7 20 7 20 9 20 9 17 9 18 10 16 10 17 10 17 11 17 13 18 13 17 13 17 13 15 13 18 12 15 11 14 12 14 11 14 12 13 12 15 12 11 12 14 12 15 13 14 10 0 0 14 10 15 9 15 9 14 8 13 9 14 8 14 9 13 7 14 7 13 5 14 6 13 7 14 6 13 5 13 5 14 4 15 5 13 3 14 3 13 2 13 4 14 3 14 3 14 2 13 3 12 2 0 0 0 0 0 0 0 0 0 0 -1 -1 -1 -1 -15 -20 -15 -20 -18 -18 -16 -15 -9 -19 -9 -18 -10 -18 -10 -19 -9 -17 -9 -16 -10 -16 -9 -14 -11 -16 -11 -16 -11 -17 -11 -15 -13 -17 -12 -16 -10 -15 -12 -13 -13 -12 -11 -14 -12 -12 -11 -13 -11 -13 -11 -12 -10 -12 -13 -11 -11 -14 -12 -12 -15 -8 -12 -11 -12 -12 -12 -10 -11 -9 -10 -10 -10 -10 -11 -10 -10 -10 -10 -9 -9 -9 -10 -9 -9 -9 -9 -9 -8 -8 -8 -7 -8 -8 -9 -8 -7 -7 -7 -6 -6 -6 -6 -5 -6 -5 -5 -6 -5 -6 -5 -5 -4 -5 -1 -1 0 0 0 0 -1 -1 -1 -1 -1 -1 0 0 0 0 -1 -1 -1 -1 -1 -1 37 -1 34 -1 36 -1 37 2 36 3 33 3 37 3 33 3 38 3 35 7 38 9 36 8 39 10 37 10 33 10 34 8 34 6 33 11 31 7 30 9 30 9 30 8 27 10 30 9 32 12 30 7 32 -2 29 7 30 6 29 5 26 4 28 5 28 4 27 4 27 2 28 1 23 1 27 0 25 2 27 0 26 -1 25 -3 25 -2 27 -4 23 -3 22 -4 22 -4 22 -6 23 -5 23 -4 24 -5 23 -5 22 -5 20 -12 23 -16 22 -17 19 -18 -1 -1 ]
CSI_DATA,STA,08:3A:F2:51:5D:9D,-50,11,1,2,1,1,1,0,0,0,0,-93,0,6,1,2815799,0,110,0,0,2.982128,384,[110 96 6 0 0 0 0 0 0 0 0 0 16 16 14 16 17 17 15 19 16 19 13 17 14 19 12 18 12 19 12 20 12 21 13 21 12 21 11 21 8 19 12 22 9 18 9 20 9 18 9 19 8 19 9 19 6 18 8 18 9 20 9 17 0 0 9 17 11 17 11 16 11 15 8 15 11 15 10 16 10 14 11 14 11 12 12 13 10 13 11 12 11 11 11 12 12 10 14 12 12 8 12 9 12 8 12 10 13 9 13 10 13 8 12 9 12 8 0 0 0 0 0 0 0 0 0 0 -1 -1 -1 -1 -11 -26 -12 -27 -13 -24 -13 -21 -3 -24 -3 -21 -5 -22 -4 -22 -5 -21 -3 -19 -5 -20 -5 -18 -7 -19 -6 -20 -5 -21 -6 -19 -7 -21 -7 -20 -6 -18 -9 -18 -10 -16 -7 -18 -9 -15 -8 -16 -7 -17 -9 -15 -7 -17 -9 -16 -8 -18 -9 -16 -14 -12 -9 -15 -10 -16 -9 -13 -9 -13 -8 -13 -8 -14 -8 -13 -8 -13 -7 -13 -7 -12 -6 -13 -6 -12 -6 -12 -6 -11 -6 -10 -5 -10 -7 -10 -5 -8 -4 -8 -4 -8 -5 -7 -5 -7 -4 -7 -4 -7 -3 -7 -3 -6 0 0 -1 -1 -1 -1 -1 -1 -1 -1 -1 -1 -1 -1 -1 -1 0 0 0 0 -1 -1 38 16 34 14 37 15 35 18 36 19 31 18 35 20 31 18 36 20 33 24 34 27 32 25 36 27 33 27 27 24 32 23 31 20 30 26 27 21 26 22 26 23 27 20 24 23 26 22 27 27 27 21 35 12 26 20 28 18 26 16 25 14 24 16 26 16 25 15 25 13 28 12 24 12 27 12 25 12 27 10 26 9 27 7 25 8 29 6 23 6 23 4 24 5 24 2 25 3 26 5 27 4 25 4 23 4 27 -6 29 -10 28 -10 26 -15 -1 -1 ]
CSI_DATA,STA,08:3A:F2:51:5D:9D,-50,11,1,2,1,1,1,0,0,0,0,-93,0,6,1,2822558,0,110,0,0,2.992852,384,[110 96 6 0 0 0 0 0 0 0 0 0 -8 21 -8 21 -9 22 -11 23 -11 21 -11 20 -12 20 -12 19 -13 20 -13 19 -14 21 -14 21 -14 20 -14 19 -15 17 -15 20 -14 17 -14 16 -13 16 -14 16 -14 16 -14 17 -14 14 -13 16 -14 18 -12 16 0 0 -12 16 -10 17 -11 17 -9 17 -11 15 -10 16 -11 16 -9 15 -9 16 -6 15 -6 17 -7 15 -6 16 -5 16 -6 16 -5 16 -5 17 -3 16 -4 15 -2 14 -4 15 -4 15 -3 16 -1 16 -3 15 -2 14 0 0 0 0 0 0 0 0 0 0 -1 -1 -1 -1 21 -17 22 -18 18 -20 16 -19 21 -12 18 -11 18 -13 19 -11 17 -12 16 -11 17 -13 15 -12 16 -14 16 -13 18 -13 15 -13 17 -15 15 -14 14 -12 13 -15 11 -16 14 -14 11 -14 12 -13 13 -13 10 -13 12 -13 10 -15 13 -14 11 -16 7 -18 11 -15 11 -15 9 -14 8 -14 9 -12 9 -13 8 -12 8 -12 9 -13 8 -11 9 -11 8 -10 8 -10 7 -10 7 -10 7 -9 6 -10 6 -8 5 -8 6 -7 4 -7 4 -7 4 -6 4 -6 4 -5 4 -5 0 0 -1 -1 -1 -1 -1 -1 -1 -1 -1 -1 -1 -1 -1 -1 0 0 0 0 -1 -1 -1 42 -1 39 -1 40 -4 41 -4 41 -5 37 -5 41 -6 37 -5 42 -10 40 -12 43 -11 41 -13 45 -12 42 -14 36 -10 40 -8 37 -13 39 -10 34 -12 33 -12 34 -10 34 -12 32 -12 34 -15 36 -10 35 0 37 -10 33 -7 34 -7 32 -5 30 -7 30 -5 31 -5 31 -3 30 -2 32 -2 28 -1 31 -2 29 0 30 1 28 3 29 1 28 4 31 3 26 5 25 4 25 6 24 6 25 5 26 6 27 5 26 5 24 15 24 18 25 17 23 21 21 -1 -1 ]
CSI_DATA,STA,08:3A:F2:51:5D:9D,-50,11,1,2,1,1,1,0,0,0,0,-93,0,6,1,2822848,0,110,0,0,3.3404,384,[110 96 6 0 0 0 0 0 0 0 0 0 -20 11 -20 11 -21 12 -23 11 -23 11 -21 9 -22 9 -22 7 -22 8 -23 7 -25 7 -25 7 -24 7 -24 6 -23 4 -24 7 -22 5 -22 4 -21 5 -21 4 -21 3 -22 5 -20 2 -21 4 -23 4 -20 6 0 0 -20 5 -19 7 -20 7 -18 7 -18 5 -18 7 -19 6 -17 7 -17 8 -15 8 -16 9 -16 7 -16 8 -14 8 -15 9 -14 10 -16 10 -12 10 -13 10 -11 10 -13 10 -13 10 -13 10 -12 11 -13 10 -11 10 0 0 0 0 0 0 0 0 0 0 -1 -1 -1 -1 26 -7 27 -8 25 -11 22 -12 21 0 19 0 20 -1 21 0 19 -1 17 -1 19 -2 17 -3 19 -4 18 -3 20 -2 18 -4 20 -4 19 -3 17 -2 17 -6 16 -8 17 -4 15 -6 15 -5 16 -4 15 -6 15 -4 15 -7 17 -5 15 -7 13 -13 15 -7 15 -6 14 -6 13 -6 13 -5 13 -6 12 -6 12 -5 12 -6 11 -6 12 -5 12 -4 11 -4 10 -5 9 -5 9 -4 10 -5 8 -3 7 -4 7 -3 6 -3 6 -3 6 -3 6 -3 6 -3 5 -3 0 0 -1 -1 -1 -1 -1 -1 -1 -1 -1 -1 -1 -1 -1 -1 0 0 0 0 -1 -1 -21 34 -18 31 -20 33 -22 31 -23 31 -21 28 -24 31 -22 27 -23 32 -27 28 -30 29 -28 28 -31 30 -30 28 -28 23 -26 27 -24 26 -29 25 -24 23 -25 21 -26 22 -24 24 -25 20 -26 22 -29 23 -24 24 -14 34 -24 22 -22 24 -21 23 -18 21 -20 21 -19 23 -19 22 -17 23 -16 25 -16 21 -16 25 -16 22 -14 24 -13 23 -11 24 -12 23 -12 26 -10 22 -8 22 -9 22 -7 22 -7 23 -9 23 -9 25 -8 23 -8 22 4 28 7 31 7 29 11 28 -1 -1 ]
CSI_DATA,STA,08:3A:F2:51:5D:9D,-50,11,1,2,1,1,1,0,0,0,0,-93,0,6,1,2823169,0,110,0,0,3.13862,384,[110 96 6 0 0 0 0 0 0 0 0 0 -18 -12 -17 -12 -19 -13 -19 -15 -18 -14 -15 -13 -16 -15 -15 -14 -15 -15 -15 -16 -16 -17 -16 -17 -16 -17 -14 -17 -13 -17 -15 -17 -13 -16 -12 -16 -13 -15 -12 -15 -12 -16 -12 -16 -10 -15 -12 -15 -13 -16 -12 -14 0 0 -12 -14 -13 -13 -14 -13 -13 -12 -12 -13 -13 -12 -13 -13 -13 -11 -13 -11 -13 -9 -14 -9 -12 -10 -13 -9 -13 -8 -13 -9 -14 -7 -15 -9 -13 -6 -13 -6 -13 -5 -13 -7 -13 -7 -14 -7 -14 -5 -13 -6 -13 -5 0 0 0 0 0 0 0 0 0 0 -1 -1 -1 -1 12 21 13 20 16 18 14 16 6 19 5 17 6 17 5 18 6 16 5 15 7 16 7 14 8 15 8 15 7 16 7 14 9 16 8 15 7 14 9 13 10 11 8 14 9 11 8 12 8 13 9 11 8 12 10 11 9 13 10 11 13 7 9 11 9 11 9 10 8 9 8 10 8 10 7 9 8 9 8 9 7 8 7 9 7 9 6 8 6 7 6 6 5 7 6 7 4 6 4 5 4 5 4 5 4 5 3 5 3 5 3 4 3 4 0 0 -1 -1 -1 -1 -1 -1 -1 -1 -1 -1 -1 -1 -1 -1 0 0 0 0 -1 -1 -37 -6 -34 -6 -36 -7 -36 -9 -35 -10 -32 -10 -36 -11 -32 -10 -36 -11 -34 -14 -36 -17 -34 -15 -38 -17 -35 -16 -31 -17 -32 -14 -32 -13 -32 -17 -30 -13 -28 -15 -28 -15 -29 -13 -26 -15 -29 -15 -30 -18 -29 -13 -33 -3 -28 -13 -29 -11 -28 -10 -25 -9 -27 -11 -27 -10 -26 -9 -27 -8 -28 -7 -24 -7 -27 -5 -26 -6 -27 -5 -26 -4 -26 -2 -25 -3 -28 -1 -24 -1 -22 0 -23 -1 -23 1 -24 1 -24 0 -25 1 -24 0 -23 0 -22 10 -25 14 -23 13 -22 16 -1 -1 ]
CSI_DATA,STA,08:3A:F2:51:5D:9D,-50,11,1,2,1,1,1,0,0,0,0,-93,0,6,1,2824134,0,110,0,0,3.24659,384,[110 96 6 0 0 0 0 0 0 0 0 0 22 1 22 1 24 1 25 3 24 3 21 4 23 5 21 5 22 5 22 6 23 7 24 7 23 7 22 8 20 9 23 7 20 7 19 8 20 7 19 8 19 8 20 8 17 8 19 8 20 8 19 6 0 0 19 6 19 5 19 5 18 3 17 5 18 4 19 5 17 3 18 2 16 1 17 1 16 2 17 1 16 0 16 1 17 -1 18 0 15 -2 16 -2 14 -3 16 -1 16 -1 16 -2 15 -3 15 -1 14 -3 0 0 0 0 0 0 0 0 0 0 -1 -1 -1 -1 -27 -8 -28 -8 -28 -5 -25 -2 -19 -13 -16 -12 -18 -12 -17 -13 -17 -11 -15 -10 -17 -10 -16 -9 -17 -9 -18 -9 -17 -11 -16 -9 -19 -9 -18 -9 -16 -9 -17 -6 -17 -4 -17 -7 -17 -5 -16 -6 -16 -7 -16 -4 -15 -6 -17 -5 -17 -7 -17 -4 -19 3 -16 -5 -17 -5 -15 -4 -14 -3 -15 -5 -14 -4 -14 -4 -14 -4 -13 -4 -12 -3 -13 -4 -12 -4 -12 -5 -11 -4 -11 -3 -10 -3 -11 -3 -9 -3 -9 -3 -8 -3 -8 -2 -8 -3 -7 -3 -7 -3 -7 -3 -6 -2 0 0 -1 -1 -1 -1 -1 -1 -1 -1 -1 -1 -1 -1 -1 -1 0 0 0 0 -1 -1 34 -19 31 -17 32 -18 34 -15 34 -15 31 -13 35 -14 31 -12 35 -15 36 -10 39 -9 36 -9 41 -10 39 -9 34 -5 35 -9 32 -10 36 -6 31 -7 31 -6 31 -5 31 -8 30 -4 32 -6 35 -4 31 -8 29 -23 31 -7 30 -9 28 -9 25 -10 27 -9 27 -9 26 -9 25 -11 26 -13 22 -11 25 -13 24 -11 24 -13 23 -13 21 -15 22 -14 22 -17 19 -14 17 -15 18 -15 17 -16 18 -16 19 -16 20 -17 19 -16 18 -15 10 -26 10 -30 9 -29 4 -31 -1 -1 ]
CSI_DATA,STA,08:3A:F2:51:5D:9D,-50,11,1,2,1,1,1,0,0,0,0,-93,0,6,1,2824425,0,110,0,0,3.35140,384,[110 96 6 0 0 0 0 0 0 0 0 0 5 19 5 18 5 20 4 22 4 21 2 19 2 20 1 19 1 20 1 20 0 21 0 22 0 21 -1 21 -2 19 0 22 -1 19 -2 19 -1 18 -2 18 -2 18 -2 18 -3 16 -1 18 -1 19 0 17 0 0 0 17 1 17 1 18 2 16 0 16 1 16 1 17 1 15 2 15 3 14 4 15 2 14 3 14 4 13 3 14 5 13 5 15 5 12 5 13 5 11 5 13 5 12 5 13 7 12 5 12 5 11 0 0 0 0 0 0 0 0 0 0 -1 -1 -1 -1 -1 -24 -2 -25 -4 -24 -4 -22 5 -19 5 -17 4 -18 5 -18 4 -17 4 -16 3 -17 2 -15 2 -17 2 -17 3 -18 1 -16 1 -19 1 -18 2 -16 0 -16 -2 -16 0 -17 -2 -15 -1 -15 0 -15 -2 -14 0 -15 -2 -15 0 -16 -2 -16 -8 -15 -1 -15 -2 -15 -2 -13 -2 -13 -2 -13 -2 -13 -2 -13 -2 -13 -1 -12 -1 -11 -1 -12 -1 -11 -1 -11 -1 -11 -2 -10 -1 -10 -2 -10 -1 -8 -1 -8 0 -7 -1 -7 -1 -7 -1 -7 -1 -6 -1 -6 0 -6 0 0 -1 -1 -1 -1 -1 -1 -1 -1 -1 -1 -1 -1 -1 -1 0 0 0 0 -1 -1 24 23 22 22 23 22 22 25 21 24 19 23 21 26 18 24 22 26 18 28 19 30 18 28 19 31 18 30 13 27 17 27 17 25 15 28 15 24 13 25 12 26 14 24 11 24 13 25 13 28 15 24 26 18 14 24 15 23 15 21 14 19 14 21 15 20 14 20 15 18 17 18 14 16 17 18 15 17 18 16 17 15 17 14 16 14 20 14 16 12 17 11 16 12 17 10 18 11 17 12 19 12 18 11 16 11 24 3 27 -1 26 0 26 -4 -1 -1 ]
CSI_DATA,STA,08:3A:F2:51:5D:9D,-50,11,1,2,1,1,1,0,0,0,0,-93,0,6,1,2824806,0,110,0,0,3.45187,384,[110 96 6 0 0 0 0 0 0 0 0 0 -12 19 -12 18 -13 20 -16 20 -16 19 -15 17 -16 18 -16 16 -16 17 -17 16 -18 17 -18 17 -18 16 -19 16 -18 13 -19 17 -17 14 -18 13 -16 13 -17 13 -17 12 -17 13 -17 11 -16 13 -18 14 -15 13 0 0 -15 13 -14 14 -14 14 -13 15 -14 12 -13 13 -14 14 -12 13 -12 14 -10 14 -10 15 -11 13 -10 14 -9 14 -10 14 -8 15 -9 16 -7 14 -7 14 -5 14 -8 14 -7 14 -7 15 -5 15 -7 14 -5 13 0 0 0 0 0 0 0 0 0 0 -1 -1 -1 -1 23 -13 23 -14 21 -17 19 -15 22 -8 20 -7 19 -8 21 -7 19 -8 18 -7 19 -9 17 -8 18 -10 17 -10 19 -9 17 -10 19 -11 17 -10 16 -8 16 -11 14 -13 16 -11 13 -11 14 -10 15 -9 13 -10 14 -9 13 -12 15 -10 14 -13 10 -17 14 -12 13 -11 11 -11 11 -11 12 -10 11 -10 11 -10 10 -9 11 -10 10 -9 11 -9 10 -7 10 -8 9 -8 9 -9 8 -8 8 -8 7 -6 7 -6 6 -6 6 -6 5 -5 6 -5 5 -4 5 -5 5 -4 0 0 -1 -1 -1 -1 -1 -1 -1 -1 -1 -1 -1 -1 -1 -1 0 0 0 0 -1 -1 -7 41 -6 38 -7 39 -10 40 -11 39 -11 36 -12 39 -12 35 -12 40 -16 37 -18 40 -17 37 -19 41 -19 39 -19 33 -16 36 -14 35 -20 35 -15 32 -17 31 -17 31 -16 32 -18 29 -17 31 -20 32 -15 32 -4 36 -15 31 -13 31 -12 30 -11 28 -12 29 -12 29 -11 29 -9 29 -8 30 -8 26 -7 30 -7 27 -6 29 -5 28 -3 28 -4 28 -2 30 -2 26 0 24 -1 25 1 25 1 26 0 26 0 27 0 26 0 25 10 26 14 27 14 27 16 24 -1 -1 ]
CSI_DATA,STA,08:3A:F2:51:5D:9D,-50,11,1,2,1,1,1,0,0,0,0,-93,0,6,1,2825088,0,110,0,0,3.55862,384,[110 96 6 0 0 0 0 0 0 0 0 0 -23 2 -23 1 -25 1 -26 -1 -25 -1 -23 -2 -24 -2 -23 -3 -23 -3 -24 -4 -25 -4 -25 -4 -25 -4 -24 -5 -22 -7 -25 -5 -22 -6 -21 -6 -21 -5 -21 -6 -21 -7 -21 -6 -19 -7 -21 -5 -22 -6 -20 -4 0 0 -20 -5 -20 -3 -21 -3 -20 -2 -19 -4 -20 -3 -20 -3 -18 -2 -19 -1 -17 0 -18 1 -17 -1 -18 0 -17 1 -17 0 -17 2 -19 2 -16 4 -16 3 -15 4 -16 2 -16 2 -16 3 -16 4 -16 3 -15 4 0 0 0 0 0 0 0 0 0 0 -1 -1 -1 -1 25 9 26 8 27 6 24 3 18 12 16 11 17 10 17 12 16 10 15 9 17 9 16 7 18 7 17 8 17 10 16 7 19 8 18 7 15 8 17 5 17 3 17 6 16 3 15 5 16 6 16 4 15 5 16 3 17 6 17 3 17 -3 16 3 16 4 15 3 14 2 14 4 14 3 13 3 13 3 13 3 11 2 12 3 12 3 11 3 11 2 10 2 10 2 10 2 8 2 7 2 8 2 7 1 7 1 6 2 6 2 6 1 5 1 0 0 -1 -1 -1 -1 -1 -1 -1 -1 -1 -1 -1 -1 -1 -1 0 0 0 0 -1 -1 -36 20 -34 18 -35 18 -38 17 -36 15 -34 14 -38 15 -34 13 -38 16 -38 11 -42 10 -39 11 -44 11 -42 9 -38 6 -37 10 -36 11 -39 6 -34 8 -34 6 -35 6 -33 8 -33 5 -35 6 -38 5 -34 8 -30 21 -34 8 -32 9 -31 9 -27 9 -30 9 -30 9 -29 9 -28 11 -28 13 -25 10 -27 13 -26 11 -26 13 -25 13 -23 15 -24 14 -24 17 -21 14 -19 15 -20 15 -19 16 -19 16 -20 15 -22 17 -20 16 -20 16 -12 24 -12 28 -11 28 -8 28 -1 -1 ]
CSI_DATA,STA,08:3A:F2:51:5D:9D,-50,11,1,2,1,1,1,0,0,0,0,-93,0,6,1,2825506,0,110,0,0,3.66111,384,[110 96 6 0 0 0 0 0 0 0 0 0 -13 -17 -13 -17 -14 -18 -13 -20 -12 -19 -10 -18 -10 -19 -9 -19 -9 -19 -9 -19 -10 -21 -10 -21 -9 -20 -8 -20 -7 -20 -9 -21 -7 -19 -6 -19 -7 -18 -6 -18 -5 -18 -6 -19 -4 -17 -7 -18 -7 -19 -7 -17 0 0 -7 -17 -8 -16 -9 -17 -9 -15 -7 -16 -8 -16 -8 -17 -8 -14 -8 -15 -9 -12 -10 -13 -9 -13 -9 -13 -10 -12 -9 -13 -11 -12 -11 -13 -11 -10 -10 -11 -10 -9 -10 -11 -10 -11 -11 -11 -12 -9 -10 -10 -10 -9 0 0 0 0 0 0 0 0 0 0 -1 -1 -1 -1 -1 24 1 24 3 24 3 21 -4 20 -4 18 -2 19 -4 20 -3 18 -3 17 -2 18 -1 17 -1 18 -1 18 -2 19 0 17 0 20 0 18 -1 17 1 16 3 16 0 17 3 16 1 15 1 16 2 15 1 14 3 15 2 16 3 16 7 14 3 15 2 15 3 14 2 13 2 13 2 13 2 13 2 12 2 12 2 11 2 12 1 11 2 11 1 10 1 10 1 10 1 9 0 8 1 7 0 7 1 6 1 6 0 6 1 6 0 5 0 5 0 0 -1 -1 -1 -1 -1 -1 -1 -1 -1 -1 -1 -1 -1 -1 0 0 0 0 -1 -1 -32 -21 -30 -21 -31 -21 -31 -25 -29 -24 -27 -23 -28 -25 -26 -24 -29 -27 -25 -27 -27 -30 -26 -28 -28 -31 -27 -30 -22 -29 -24 -28 -25 -27 -22 -30 -22 -26 -20 -27 -20 -27 -21 -25 -18 -25 -21 -26 -20 -29 -22 -25 -28 -18 -21 -25 -22 -23 -22 -22 -20 -19 -21 -22 -21 -21 -21 -21 -22 -19 -23 -19 -20 -17 -23 -17 -21 -16 -23 -16 -22 -15 -23 -14 -23 -14 -25 -14 -22 -12 -21 -11 -21 -11 -22 -10 -22 -10 -22 -11 -24 -11 -23 -10 -22 -10 -24 -3 -28 -1 -28 0 -27 2 -1 -1 ]
CSI_DATA,STA,08:3A:F2:51:5D:9D,-50,11,1,2,1,1,1,0,0,0,0,-93,0,6,1,2828139,0,110,0,0,3.77091,384,[110 96 6 0 0 0 0 0 0 0 0 0 17 -16 17 -15 18 -16 20 -16 19 -15 18 -12 19 -13 19 -12 20 -12 20 -12 22 -13 22 -13 21 -12 22 -11 21 -9 22 -12 20 -10 20 -9 19 -9 19 -8 19 -8 19 -9 18 -7 18 -9 20 -10 17 -10 0 0 18 -10 16 -11 17 -11 15 -12 16 -9 16 -11 16 -11 14 -10 15 -12 11 -12 12 -13 12 -11 12 -12 11 -13 12 -12 11 -14 12 -14 9 -13 10 -13 8 -13 10 -13 10 -13 9 -14 7 -15 9 -13 7 -13 0 0 0 0 0 0 0 0 0 0 -1 -1 -1 -1 -28 0 -28 3 -27 6 -25 5 -25 -1 -24 -1 -23 0 -25 -1 -22 0 -22 0 -22 1 -20 2 -22 2 -21 2 -23 2 -21 4 -23 4 -22 4 -20 2 -20 5 -20 7 -20 4 -19 6 -18 4 -19 4 -17 5 -18 4 -18 7 -19 5 -18 7 -16 10 -18 6 -18 6 -16 6 -15 6 -16 5 -16 5 -15 5 -15 5 -15 5 -13 5 -14 5 -13 4 -13 4 -12 4 -12 4 -12 4 -11 4 -10 3 -9 3 -9 3 -9 3 -8 2 -7 2 -7 2 -7 2 -7 2 0 0 -1 -1 -1 -1 -1 -1 -1 -1 -1 -1 -1 -1 -1 -1 0 0 0 0 -1 -1 21 -38 20 -35 21 -36 24 -37 24 -33 23 -32 26 -34 24 -32 27 -35 28 -31 31 -33 28 -32 32 -34 31 -33 30 -27 29 -30 27 -31 31 -27 26 -27 26 -25 28 -25 26 -26 25 -23 26 -26 29 -26 24 -28 17 -33 25 -27 22 -27 21 -27 18 -24 21 -26 21 -26 20 -25 18 -26 18 -28 14 -25 14 -29 15 -26 14 -29 13 -28 12 -28 12 -28 11 -30 9 -26 8 -26 9 -26 7 -27 8 -27 8 -27 7 -29 7 -27 7 -27 0 -28 -2 -32 -3 -32 -5 -29 -1 -1 ]
CSI_DATA,STA,08:3A:F2:51:5D:9D,-46,11,1,1,0,1,1,0,0,0,0,-93,0,6,1,2859696,0,110,0,0,3.87828,256,[110 96 6 0 0 0 0 0 0 0 0 0 -20 -14 -20 -15 -20 -15 -21 -16 -19 -16 -18 -17 -18 -17 -17 -17 -17 -18 -17 -18 -18 -18 -18 -19 -17 -18 -17 -18 -15 -18 -16 -19 -14 -18 -14 -18 -14 -18 -14 -17 -13 -17 -14 -17 -12 -16 -14 -16 -15 -16 -14 -15 0 0 -14 -15 -14 -14 -14 -14 -14 -13 -14 -13 -14 -13 -15 -13 -14 -12 -15 -12 -14 -12 -15 -11 -14 -10 -15 -10 -15 -11 -14 -10 -15 -10 -15 -10 -15 -9 -14 -9 -15 -9 -15 -9 -15 -9 -15 -8 -15 -7 -15 -7 -15 -7 0 0 0 0 0 0 0 0 0 0 -1 -1 -1 -1 -1 -1 -1 -1 -46 -8 -43 -9 -41 -18 -41 -20 -41 -21 -43 -23 -39 -23 -39 -23 -41 -25 -38 -25 -37 -27 -36 -26 -38 -27 -40 -27 -38 -26 -37 -27 -34 -28 -35 -27 -34 -29 -30 -28 -32 -26 -32 -27 -30 -26 -30 -26 -29 -23 -32 -24 -31 -23 -31 -22 -1 -1 -30 -21 -30 -20 -29 -19 -30 -20 -29 -18 -31 -18 -29 -17 -30 -16 -31 -16 -32 -15 -32 -13 -30 -13 -31 -12 -31 -14 -29 -12 -29 -12 -30 -11 -30 -11 -30 -10 -30 -9 -30 -9 -29 -9 -29 -7 -30 -7 -29 -7 -29 -7 -28 0 -29 1 -1 -1 -1 -1 -1 -1 ]
CSI_DATA,STA,08:3A:F2:51:5D:9D,-50,11,1,2,1,1,1,0,0,0,0,-93,0,6,1,2862805,0,110,0,0,3.96113,384,[110 96 6 0 0 0 0 0 0 0 0 0 18 2 18 3 19 2 20 5 19 4 17 5 18 6 17 6 17 6 17 7 19 8 19 7 18 7 18 8 16 9 18 8 16 8 15 8 15 8 14 8 14 8 15 9 12 8 14 8 16 9 14 7 0 0 14 7 15 6 15 6 14 5 13 7 14 5 15 6 13 5 14 4 13 3 14 3 13 4 14 3 14 2 13 3 14 1 15 2 13 1 13 1 12 0 13 1 13 1 13 1 13 0 13 1 12 0 0 0 0 0 0 0 0 0 0 0 -1 -1 -1 -1 -16 -18 -16 -17 -18 -16 -16 -13 -10 -17 -10 -16 -11 -16 -11 -18 -10 -15 -9 -15 -11 -15 -10 -13 -11 -14 -11 -14 -10 -15 -11 -13 -13 -15 -12 -14 -10 -14 -12 -12 -13 -10 -11 -13 -12 -11 -11 -11 -11 -12 -12 -10 -10 -11 -12 -10 -12 -12 -13 -10 -14 -6 -12 -10 -12 -10 -11 -9 -10 -9 -10 -10 -10 -10 -10 -9 -10 -9 -9 -9 -9 -8 -9 -8 -9 -8 -8 -8 -8 -8 -8 -7 -7 -6 -8 -7 -6 -6 -6 -6 -5 -5 -5 -5 -5 -5 -5 -5 -5 -4 -4 -4 -4 -4 0 0 0 0 -1 -1 -1 -1 -1 -1 -1 -1 -1 -1 0 0 0 0 -1 -1 -1 -1 33 -8 32 -8 32 -7 35 -5 33 -4 32 -3 34 -3 31 -2 36 -2 33 1 36 2 34 1 38 2 36 2 32 4 33 2 33 0 32 5 30 3 29 4 30 5 29 3 27 4 29 3 31 6 29 2 29 -6 29 3 28 1 28 1 24 0 27 1 26 1 26 0 26 -1 26 -2 22 -2 25 -4 24 -2 25 -4 25 -4 22 -6 23 -5 25 -7 21 -6 20 -7 20 -6 20 -8 21 -8 21 -6 22 -8 21 -7 21 -7 17 -13 19 -17 19 -17 16 -19 -1 -1 ]
CSI_DATA,STA,08:3A:F2:51:5D:9D,-45,11,0,0,0,0,0,0,0,0,0,-93,0,6,1,2873862,0,110,0,0,3.106262,128,[110 96 6 0 0 0 0 0 0 0 0 0 12 24 11 23 13 26 13 25 12 26 9 24 10 25 8 24 10 25 8 26 9 27 9 28 8 26 7 26 6 24 10 27 6 23 6 24 6 22 6 22 6 21 7 23 4 21 7 21 8 22 8 21 0 0 9 19 9 21 10 19 10 20 8 18 10 18 12 17 11 17 13 16 10 18 13 17 9 16 11 16 13 14 12 13 12 14 15 16 11 12 13 12 14 14 14 12 13 13 14 11 14 11 13 11 12 11 0 0 0 0 0 0 0 0 0 0 ]
CSI_DATA,STA,08:3A:F2:51:5D:9D,-45,11,0,0,0,0,0,0,0,0,0,-93,0,6,1,2884429,0,110,0,0,3.109862,128,[110 96 6 0 0 0 0 0 0 0 0 0 15 15 14 16 15 17 16 18 14 17 12 17 13 17 12 17 13 18 12 18 13 19 13 19 12 18 12 18 10 18 12 19 10 18 9 17 9 17 10 16 10 16 10 17 8 15 10 15 11 16 10 14 0 0 11 14 11 13 12 14 11 12 10 12 11 12 12 12 12 11 13 11 12 10 13 10 11 9 12 10 13 10 12 10 12 9 13 9 13 8 12 8 13 7 12 7 13 7 13 6 14 6 12 6 11 6 0 0 0 0 0 0 0 0 0 0 ]
CSI_DATA,STA,08:3A:F2:51:5D:9D,-46,11,1,1,0,1,1,0,0,0,0,-93,0,6,1,2905985,0,110,0,0,3.113480,256,[110 96 6 0 0 0 0 0 0 0 0 0 8 -8 8 -7 9 -9 9 -8 10 -7 9 -7 9 -7 9 -6 10 -7 10 -6 11 -6 11 -6 10 -6 10 -6 9 -5 11 -6 9 -5 9 -5 9 -5 8 -5 8 -5 9 -5 9 -4 8 -5 9 -5 8 -5 0 0 8 -5 7 -6 7 -5 7 -6 7 -6 7 -6 7 -6 5 -6 7 -7 7 -6 6 -6 6 -6 5 -6 6 -6 5 -6 6 -6 5 -7 5 -6 4 -6 5 -7 4 -6 4 -6 5 -7 4 -7 4 -7 4 -7 0 0 0 0 0 0 0 0 0 0 -1 -1 -1 -1 -1 -1 -1 -1 5 -9 6 -9 7 -8 7 -8 7 -9 7 -9 7 -9 7 -8 8 -9 8 -7 8 -8 9 -7 9 -7 9 -7 8 -7 8 -7 8 -6 8 -7 8 -7 8 -6 8 -6 8 -6 7 -6 8 -6 7 -5 7 -6 8 -6 7 -6 -1 -1 6 -6 6 -6 6 -6 6 -7 5 -6 6 -7 5 -6 5 -6 5 -7 6 -6 5 -7 5 -6 4 -6 5 -7 4 -7 4 -7 3 -7 4 -6 4 -8 4 -7 3 -7 3 -7 3 -7 3 -7 3 -6 2 -7 2 -7 2 -7 -1 -1 -1 -1 -1 -1 ]
CSI_DATA,STA,08:3A:F2:51:5D:9D,-46,11,1,2,0,1,1,0,0,0,0,-93,0,6,1,2906367,0,110,0,0,3.119779,256,[110 96 6 0 0 0 0 0 0 0 0 0 10 6 9 6 10 7 9 6 10 6 9 6 8 7 8 7 8 7 9 8 8 8 8 8 8 8 8 7 7 8 8 8 7 7 7 7 6 7 7 7 6 7 7 7 6 7 7 7 7 7 6 6 0 0 7 6 7 6 7 5 7 5 6 4 7 5 7 4 7 4 7 4 7 4 7 4 6 4 7 3 7 4 7 3 7 3 7 3 7 3 7 2 7 2 7 2 7 2 7 2 7 2 6 2 7 2 0 0 0 0 0 0 0 0 0 0 -1 -1 -1 -1 0 0 0 0 22 -2 21 -1 20 5 20 5 20 6 19 5 19 6 18 6 19 7 18 8 18 7 18 10 19 9 17 10 18 9 17 9 17 10 18 9 17 8 17 10 15 9 15 9 14 8 16 9 15 9 15 8 15 8 14 7 -1 -1 15 6 16 7 14 5 15 6 13 5 15 5 14 4 14 5 14 3 16 4 15 4 15 4 14 2 13 3 13 2 13 2 14 2 13 2 13 1 13 0 15 1 13 0 13 1 13 0 13 0 13 0 14 -4 12 -4 -1 -1 -1 -1 -1 -1 ]
CSI_DATA,STA,08:3A:F2:51:5D:9D,-46,11,1,1,0,1,1,0,0,0,0,-93,0,6,1,2917110,0,110,0,0,3.125736,256,[110 96 6 0 0 0 0 0 0 0 0 0 9 -3 9 -2 9 -3 9 -2 9 -2 9 -2 9 -2 9 -1 9 -2 9 -1 10 -1 10 -1 9 -1 9 -1 8 -1 10 -1 8 0 9 0 8 -1 8 -1 7 -1 8 -1 7 -1 8 -1 8 -1 8 -1 0 0 8 -2 7 -1 7 -1 6 -2 6 -2 7 -2 7 -2 6 -2 6 -3 7 -3 7 -2 6 -2 6 -3 6 -3 6 -3 6 -3 6 -3 6 -3 5 -3 6 -3 6 -3 5 -4 6 -4 6 -3 5 -3 5 -4 0 0 0 0 0 0 0 0 0 0 -1 -1 -1 -1 0 0 0 0 4 -17 5 -17 10 -12 10 -11 10 -12 11 -11 11 -11 10 -10 12 -11 11 -10 11 -11 12 -9 13 -10 13 -11 11 -9 12 -10 12 -7 12 -9 12 -8 12 -8 11 -9 11 -8 11 -7 11 -8 10 -8 12 -8 11 -8 10 -8 -1 -1 9 -8 9 -8 10 -8 9 -8 9 -7 7 -9 7 -8 8 -8 7 -9 10 -9 8 -10 8 -9 6 -8 7 -9 7 -11 6 -9 7 -9 7 -9 4 -9 5 -9 6 -9 5 -9 6 -10 5 -10 5 -10 5 -9 0 -13 0 -13 -1 -1 -1 -1 -1 -1 ]
CSI_DATA,STA,08:3A:F2:51:5D:9D,-51,11,1,1,1,1,1,0,0,0,0,-93,0,6,1,2938664,0,110,0,0,3.132328,384,[110 96 6 0 0 0 0 0 0 0 0 0 2 22 2 21 3 23 1 24 1 24 -1 21 0 23 -1 21 -1 22 -2 23 -4 24 -3 24 -4 23 -4 23 -5 20 -3 24 -4 20 -5 21 -4 19 -4 20 -5 19 -4 21 -6 18 -4 19 -5 21 -3 19 0 0 -3 19 -2 19 -2 19 0 18 -3 17 -1 18 -2 19 0 17 0 17 1 16 1 17 0 16 1 16 2 15 2 16 3 15 3 18 4 13 4 14 4 13 4 15 4 14 4 15 5 14 3 14 4 13 0 0 0 0 0 0 0 0 0 0 -1 -1 -1 -1 8 -26 6 -26 4 -28 3 -24 11 -18 10 -17 9 -19 10 -19 9 -18 8 -16 8 -19 7 -17 7 -19 7 -18 8 -19 6 -19 6 -20 5 -18 6 -16 4 -18 2 -18 3 -18 1 -16 3 -18 4 -16 2 -17 4 -17 1 -18 4 -18 2 -17 -4 -18 2 -17 2 -16 1 -16 1 -16 1 -15 1 -16 1 -15 1 -15 1 -14 2 -14 2 -14 2 -13 1 -12 2 -11 1 -11 1 -10 0 -11 0 -8 1 -8 1 -8 0 -9 0 -8 0 -7 0 -7 1 -6 1 -6 0 0 0 0 -1 -1 -1 -1 -1 -1 -1 -1 -1 -1 0 0 0 0 0 0 -1 -1 17 33 16 32 18 35 16 36 17 37 13 34 15 37 12 34 15 38 9 39 8 41 9 39 11 41 9 40 6 36 8 37 10 35 9 37 8 32 6 35 6 32 8 34 5 33 7 34 5 36 8 32 18 30 8 32 9 31 10 29 10 29 10 28 11 29 10 28 12 27 13 27 12 26 13 26 11 27 15 25 14 24 16 21 15 22 18 23 15 19 16 18 17 19 16 19 18 18 17 20 17 20 16 19 17 19 24 11 28 10 26 10 28 5 -1 -1 ]
CSI_DATA,STA,08:3A:F2:51:5D:9D,-50,11,1,2,1,1,1,0,0,0,0,-93,0,6,1,2938992,0,110,0,0,3.142148,384,[110 96 6 0 0 0 0 0 0 0 0 0 -19 12 -18 12 -20 13 -22 12 -22 12 -19 9 -21 10 -20 9 -21 9 -22 8 -23 8 -24 9 -23 8 -23 7 -21 5 -23 9 -20 7 -21 6 -20 7 -19 6 -20 6 -20 7 -20 4 -19 6 -22 6 -19 7 0 0 -19 7 -18 7 -17 8 -17 9 -17 6 -18 9 -16 9 -14 8 -15 10 -14 9 -12 11 -13 8 -13 9 -11 12 -15 12 -11 11 -14 11 -12 12 -11 14 -9 11 -9 12 -9 10 -11 10 -8 13 -11 11 -9 10 0 0 0 0 0 0 0 0 0 0 -1 -1 -1 -1 26 -6 24 -5 24 -10 21 -11 24 -2 20 -1 21 -4 21 -2 20 -4 18 -3 20 -5 18 -4 19 -7 19 -5 20 -4 18 -5 20 -6 18 -5 17 -4 17 -8 15 -10 18 -8 14 -8 15 -7 15 -6 14 -8 16 -6 15 -9 17 -7 15 -9 12 -14 14 -9 14 -9 12 -9 12 -10 13 -8 12 -8 12 -8 11 -8 11 -8 11 -7 11 -7 11 -6 10 -6 9 -6 9 -7 8 -6 8 -7 7 -5 7 -5 7 -5 6 -5 6 -5 5 -4 5 -4 5 -4 4 -4 0 0 -1 -1 -1 -1 -1 -1 -1 -1 -1 -1 -1 -1 -1 -1 0 0 0 0 -1 -1 -24 34 -22 30 -23 33 -25 30 -26 32 -24 27 -28 31 -26 27 -27 32 -32 28 -34 27 -32 26 -35 29 -33 27 -30 22 -29 28 -26 27 -30 26 -26 23 -28 22 -29 21 -26 24 -28 21 -26 22 -32 22 -26 23 -15 29 -26 22 -22 24 -18 21 -18 22 -21 21 -22 26 -20 25 -18 23 -17 25 -21 22 -16 27 -16 24 -18 24 -13 24 -12 26 -12 23 -11 28 -11 24 -9 28 -8 25 -7 25 -4 22 -10 22 -8 27 -8 26 -10 22 3 27 6 29 -3 27 10 27 -1 -1 ]
CSI_DATA,STA,08:3A:F2:51:5D:9D,-50,11,1,2,1,1,1,0,0,0,0,-93,0,6,1,2941483,0,110,0,0,3.152676,384,[110 96 6 0 0 0 0 0 0 0 0 0 -23 -4 -22 -4 -24 -4 -25 -7 -25 -6 -21 -7 -23 -7 -22 -7 -22 -8 -22 -9 -23 -10 -24 -10 -23 -10 -22 -11 -20 -11 -23 -10 -20 -10 -20 -10 -19 -10 -19 -10 -19 -10 -20 -10 -17 -10 -19 -9 -20 -11 -19 -8 0 0 -19 -8 -20 -6 -20 -6 -19 -5 -18 -7 -19 -6 -19 -6 -18 -5 -19 -4 -17 -2 -18 -2 -17 -4 -17 -3 -17 -2 -17 -2 -17 0 -19 -1 -16 1 -16 1 -15 2 -16 0 -16 0 -17 1 -16 2 -16 0 -15 2 0 0 0 0 0 0 0 0 0 0 -1 -1 -1 -1 15 22 16 22 17 19 18 16 14 20 12 17 14 17 13 19 14 17 12 15 14 16 13 14 16 14 14 15 14 16 14 14 16 16 15 14 13 14 16 11 16 9 15 12 16 9 14 11 14 11 15 9 14 11 15 9 15 12 16 9 16 7 15 8 16 9 14 7 14 6 13 8 14 7 13 7 12 7 13 6 12 7 12 7 11 8 11 7 10 6 10 4 9 4 10 5 8 4 8 3 7 4 7 3 7 3 6 3 6 3 5 3 5 2 0 0 -1 -1 -1 -1 -1 -1 -1 -1 -1 -1 -1 -1 -1 -1 0 0 0 0 -1 -1 -45 -1 -41 -1 -44 0 -45 -3 -45 -3 -40 -5 -44 -5 -41 -6 -46 -5 -44 -11 -45 -13 -44 -12 -47 -14 -45 -13 -39 -14 -42 -9 -41 -8 -42 -13 -38 -9 -37 -11 -38 -11 -38 -9 -35 -12 -37 -11 -39 -15 -38 -9 -36 -5 -36 -9 -38 -5 -35 -5 -33 -3 -34 -6 -35 -4 -34 -4 -34 -2 -35 0 -31 -1 -33 1 -32 -1 -33 1 -31 2 -31 5 -30 4 -33 7 -27 6 -27 8 -27 6 -27 8 -28 8 -29 6 -29 8 -28 7 -26 7 -26 13 -27 15 -25 14 -23 19 -1 -1 ]
CSI_DATA,STA,08:3A:F2:51:5D:9D,-50,11,1,1,1,1,1,0,0,0,0,-93,0,6,1,2943934,0,110,0,0,3.163276,384,[110 96 6 0 0 0 0 0 0 0 0 0 -12 -18 -11 -17 -13 -18 -12 -20 -12 -20 -9 -18 -10 -19 -9 -18 -9 -19 -8 -20 -8 -21 -8 -21 -8 -21 -7 -21 -5 -20 -8 -21 -5 -19 -6 -19 -7 -18 -6 -18 -5 -19 -6 -18 -4 -17 -5 -18 -6 -19 -7 -17 0 0 -7 -17 -8 -16 -8 -16 -9 -15 -7 -15 -9 -17 -8 -15 -8 -14 -9 -14 -9 -13 -9 -13 -8 -13 -9 -12 -9 -11 -9 -12 -10 -11 -11 -14 -10 -11 -10 -9 -11 -9 -10 -10 -12 -10 -10 -11 -12 -9 -10 -11 -11 -8 0 0 0 0 0 0 0 0 0 0 -1 -1 -1 -1 0 20 0 25 7 23 4 22 -5 20 -3 19 -1 19 -5 19 0 19 -1 17 1 18 -1 15 1 17 0 18 -1 18 1 17 2 18 1 18 -1 16 3 16 4 14 4 16 4 13 3 14 2 13 3 14 2 15 6 14 2 16 3 15 7 15 4 14 5 14 4 14 5 13 4 14 6 12 4 11 3 11 3 12 3 12 3 12 1 12 2 10 3 10 4 10 1 7 3 9 1 7 2 6 2 6 2 5 3 6 2 5 2 5 0 6 0 5 0 0 -1 -1 -1 -1 -1 -1 -1 -1 -1 -1 -1 -1 -1 -1 0 0 0 0 -1 -1 -29 -23 -27 -22 -31 -24 -28 -25 -30 -27 -24 -25 -27 -27 -24 -25 -27 -29 -24 -30 -24 -33 -24 -31 -26 -32 -23 -32 -19 -29 -23 -30 -22 -27 -23 -28 -20 -24 -20 -30 -18 -27 -21 -26 -19 -28 -19 -28 -18 -31 -20 -25 -27 -21 -20 -26 -22 -24 -22 -22 -21 -21 -21 -21 -23 -22 -21 -21 -22 -19 -25 -19 -21 -18 -23 -17 -21 -19 -23 -16 -21 -17 -24 -13 -22 -13 -27 -13 -21 -11 -23 -9 -22 -9 -22 -11 -23 -9 -25 -13 -23 -12 -23 -12 -22 -10 -25 0 -30 -1 -24 -2 -27 3 -1 -1 ]
CSI_DATA,STA,08:3A:F2:51:5D:9D,-45,11,0,0,0,0,0,0,0,0,0,-93,0,6,1,2953751,0,110,0,0,3.174243,128,[110 96 6 0 0 0 0 0 0 0 0 0 -13 20 -14 19 -15 20 -16 21 -16 19 -16 18 -16 18 -16 17 -17 17 -17 17 -18 19 -18 19 -17 18 -17 17 -17 15 -18 18 -17 14 -17 14 -16 14 -16 14 -15 14 -16 15 -14 12 -14 15 -15 16 -14 15 0 0 -13 15 -13 16 -13 16 -12 15 -11 14 -11 15 -11 16 -10 14 -9 16 -10 15 -10 16 -9 14 -8 15 -9 15 -9 15 -8 15 -8 17 -7 15 -7 15 -7 15 -7 15 -6 15 -6 15 -5 16 -5 15 -5 14 0 0 0 0 0 0 0 0 0 0 ]
CSI_DATA,STA,08:3A:F2:51:5D:9D,-45,11,0,0,0,0,0,0,0,0,0,-93,0,6,1,2959628,0,110,0,0,3.178202,128,[110 96 6 0 0 0 0 0 0 0 0 0 14 19 13 20 14 20 15 22 13 20 11 20 11 21 9 21 10 21 10 21 12 22 11 23 11 22 11 21 8 20 11 22 8 20 7 19 8 20 7 19 7 19 8 20 6 17 9 18 10 18 10 18 0 0 10 17 10 17 11 17 10 16 10 15 11 15 11 15 10 14 12 14 10 13 12 14 11 12 12 12 12 13 11 12 12 12 13 12 12 11 12 12 12 11 12 10 12 10 12 9 13 9 12 9 12 9 0 0 0 0 0 0 0 0 0 0 ]
CSI_DATA,STA,08:3A:F2:51:5D:9D,-51,11,1,2,1,1,1,0,0,0,0,-93,0,6,1,2969845,0,110,0,0,3.181876,384,[110 96 6 0 0 0 0 0 0 0 0 0 20 -9 19 -9 21 -10 22 -8 23 -9 19 -6 21 -7 20 -6 21 -6 22 -4 23 -4 23 -4 23 -3 22 -2 20 -2 23 -4 20 -3 21 -2 19 -3 19 -2 19 -2 20 -3 19 0 19 -2 21 -2 18 -3 0 0 18 -4 18 -5 18 -5 17 -6 16 -3 17 -5 18 -5 15 -5 16 -7 15 -7 15 -7 15 -5 15 -6 14 -7 15 -7 13 -8 15 -9 11 -9 12 -9 11 -9 13 -9 12 -9 13 -9 11 -10 12 -8 11 -9 0 0 0 0 0 0 0 0 0 0 -1 -1 -1 -1 -27 2 -27 3 -25 5 -22 8 -22 -4 -20 -4 -21 -3 -20 -4 -20 -2 -18 -2 -20 -1 -18 -1 -19 0 -20 -1 -20 -2 -18 -1 -21 0 -19 -1 -17 -2 -17 2 -17 4 -18 2 -15 3 -16 1 -16 0 -16 4 -17 1 -16 3 -18 1 -17 3 -15 10 -15 3 -16 4 -14 4 -13 4 -14 3 -14 3 -14 3 -13 2 -13 3 -13 3 -13 2 -12 1 -11 1 -10 1 -10 3 -10 2 -10 3 -8 2 -8 2 -8 1 -7 1 -7 1 -7 1 -6 0 -7 1 -6 0 0 0 -1 -1 -1 -1 -1 -1 -1 -1 -1 -1 -1 -1 -1 -1 0 0 0 0 -1 -1 25 -30 23 -27 24 -30 26 -27 27 -28 24 -24 28 -27 26 -23 28 -28 33 -23 34 -22 32 -22 35 -24 34 -22 30 -17 29 -23 26 -22 31 -21 26 -19 28 -18 28 -17 25 -20 28 -16 28 -17 32 -16 27 -19 20 -30 25 -18 24 -21 21 -19 20 -20 21 -18 22 -20 21 -19 19 -20 18 -23 18 -19 18 -22 18 -20 17 -22 15 -21 13 -23 14 -21 14 -26 11 -20 10 -22 12 -21 9 -22 9 -23 12 -22 12 -23 11 -22 10 -21 -1 -27 -3 -29 -2 -28 -8 -28 -1 -1 ]
CSI_DATA,STA,08:3A:F2:51:5D:9D,-50,11,1,2,1,1,1,0,0,0,0,-93,0,6,1,3162901,0,110,0,0,3.329406,384,[110 96 6 0 0 0 0 0 0 0 0 0 -13 16 -12 15 -14 18 -15 17 -15 16 -15 14 -15 14 -15 13 -16 14 -16 13 -18 14 -18 14 -18 14 -18 13 -17 11 -18 14 -16 11 -17 11 -16 11 -16 10 -17 10 -16 11 -16 9 -16 10 -17 11 -15 11 0 0 -15 11 -14 12 -14 12 -13 12 -13 10 -13 11 -14 11 -12 11 -12 12 -9 12 -10 13 -10 11 -10 12 -9 12 -10 12 -8 13 -9 14 -7 13 -7 13 -6 12 -8 12 -7 12 -7 12 -6 13 -7 12 -6 12 0 0 0 0 0 0 0 0 0 0 -1 -1 -1 -1 22 -11 22 -11 21 -14 17 -14 20 -6 18 -6 18 -6 19 -5 17 -6 16 -5 17 -7 15 -6 17 -9 16 -8 18 -7 16 -8 17 -9 16 -9 15 -6 14 -10 13 -11 15 -9 12 -10 13 -8 14 -8 12 -9 13 -8 12 -10 14 -9 13 -11 9 -15 13 -10 12 -9 11 -9 10 -9 11 -8 11 -9 10 -8 10 -8 10 -8 10 -8 10 -8 9 -6 9 -7 8 -7 8 -8 7 -6 7 -7 6 -6 6 -5 6 -5 5 -5 5 -4 5 -4 4 -4 4 -4 4 -4 -1 -1 0 0 0 0 -1 -1 -1 -1 -1 -1 0 0 0 0 -1 -1 -1 -1 -1 -1 -9 36 -9 33 -9 34 -12 35 -13 34 -13 31 -14 34 -13 30 -14 36 -18 32 -20 34 -18 32 -20 36 -20 34 -20 28 -17 31 -15 30 -20 30 -16 28 -17 27 -19 26 -15 27 -18 25 -17 27 -20 28 -15 28 -5 32 -16 26 -13 27 -12 26 -11 24 -12 25 -12 25 -11 25 -10 25 -8 27 -8 23 -7 26 -8 24 -6 26 -6 25 -4 25 -5 24 -3 27 -3 23 -2 22 -2 22 -1 22 -1 23 -2 23 -1 25 -1 23 -1 22 8 23 12 25 11 24 15 22 -1 -1 ]
CSI_DATA,STA,08:3A:F2:51:5D:9D,-47,11,1,2,0,1,1,0,0,0,0,-93,0,6,1,3168082,0,110,0,0,3.340694,256,[110 96 6 0 0 0 0 0 0 0 0 0 16 -15 16 -14 17 -15 16 -15 18 -14 17 -13 18 -13 18 -12 18 -12 19 -11 19 -12 20 -11 19 -11 19 -10 18 -10 20 -11 18 -9 18 -9 17 -9 17 -9 17 -8 17 -9 16 -8 16 -9 17 -9 15 -9 0 0 15 -9 15 -10 14 -9 14 -10 13 -9 13 -10 13 -10 12 -10 12 -11 12 -10 12 -10 12 -10 11 -11 11 -11 11 -10 11 -10 10 -12 10 -11 10 -11 10 -11 9 -11 10 -12 9 -12 9 -11 9 -11 9 -11 0 0 0 0 0 0 0 0 0 0 -1 -1 0 0 0 0 -1 -1 18 -38 18 -35 24 -32 25 -32 25 -32 26 -32 28 -30 28 -29 30 -30 29 -26 29 -29 31 -27 33 -28 31 -26 31 -25 31 -25 32 -24 32 -26 30 -23 30 -22 29 -21 29 -21 28 -20 30 -22 29 -20 27 -21 27 -20 25 -20 -1 -1 24 -21 25 -23 22 -21 23 -23 21 -20 21 -22 20 -22 20 -22 19 -23 20 -24 19 -24 19 -23 17 -24 18 -22 16 -23 16 -22 16 -24 16 -23 15 -23 15 -23 15 -24 14 -22 13 -24 13 -23 13 -25 12 -24 8 -25 7 -24 -1 -1 -1 -1 -1 -1 ]
CSI_DATA,STA,08:3A:F2:51:5D:9D,-50,11,1,2,1,1,1,0,0,0,0,-93,0,6,1,3173354,0,110,0,0,3.348232,384,[110 96 6 0 0 0 0 0 0 0 0 0 -24 1 -23 0 -25 1 -26 -1 -25 -2 -22 -2 -24 -3 -23 -3 -24 -3 -24 -4 -25 -5 -26 -5 -25 -5 -24 -6 -22 -6 -26 -5 -22 -5 -22 -6 -21 -5 -21 -5 -21 -6 -22 -5 -19 -6 -21 -5 -22 -6 -20 -4 0 0 -21 -4 -21 -2 -20 -2 -20 -1 -19 -3 -20 -1 -20 -2 -18 0 -19 0 -18 1 -18 2 -18 0 -18 1 -17 2 -18 2 -17 4 -19 4 -15 5 -16 5 -14 5 -16 4 -16 4 -16 5 -15 6 -16 4 -14 5 0 0 0 0 0 0 0 0 0 0 -1 -1 -1 -1 25 7 28 9 26 3 25 1 21 11 18 10 20 8 18 10 19 8 17 8 19 7 17 6 19 5 19 6 20 8 19 6 21 6 19 5 16 6 19 2 18 0 19 4 16 1 16 2 17 4 16 1 18 3 17 1 18 3 18 1 18 -4 17 1 18 0 15 -1 15 -1 14 1 15 0 14 0 13 0 14 0 13 0 14 1 12 1 12 1 11 0 11 -1 10 0 11 -1 9 1 9 0 9 0 8 -1 7 0 7 0 7 0 7 0 6 1 -1 -1 -1 -1 -1 -1 -1 -1 0 0 -1 -1 -1 -1 -1 -1 -1 -1 -1 -1 0 0 -38 17 -35 15 -38 18 -38 14 -40 15 -36 11 -40 13 -36 11 -40 15 -42 9 -45 7 -43 7 -46 8 -44 7 -38 4 -40 10 -36 10 -41 7 -35 7 -36 6 -36 5 -35 8 -36 4 -36 5 -40 3 -35 7 -33 18 -34 7 -34 10 -30 9 -29 11 -30 8 -31 11 -30 10 -28 12 -29 14 -28 11 -28 14 -28 12 -27 14 -25 14 -24 17 -24 15 -25 19 -21 15 -19 17 -21 17 -18 17 -19 19 -21 18 -21 19 -21 18 -19 17 -13 26 -12 29 -11 26 -6 29 -1 -1 ]
CSI_DATA,STA,08:3A:F2:51:5D:9D,-50,11,1,2,1,1,1,0,0,0,0,-93,0,6,1,3173764,0,110,0,0,3.358517,384,[110 96 6 0 0 0 0 0 0 0 0 0 -23 1 -22 1 -25 1 -26 -1 -25 -1 -22 -2 -24 -3 -23 -3 -24 -3 -24 -4 -25 -5 -25 -5 -24 -5 -24 -6 -22 -7 -25 -6 -21 -6 -21 -7 -21 -6 -21 -6 -21 -7 -21 -7 -19 -7 -20 -6 -22 -7 -20 -5 0 0 -20 -5 -20 -4 -20 -4 -20 -2 -18 -5 -20 -3 -20 -4 -18 -2 -19 -2 -17 0 -18 0 -17 -2 -18 -1 -17 0 -18 0 -17 2 -19 1 -16 3 -16 2 -15 3 -16 2 -16 2 -17 2 -16 3 -16 2 -15 3 0 0 0 0 0 0 0 0 0 0 -1 -1 -1 -1 20 18 21 18 22 14 21 11 16 17 14 15 16 15 15 17 15 15 13 13 16 14 15 12 17 12 16 13 16 14 16 12 18 14 17 13 14 12 17 9 17 7 16 11 16 7 15 9 15 10 16 8 14 10 16 8 16 11 17 8 17 4 16 7 17 8 15 6 14 6 13 7 14 7 13 7 13 6 13 6 12 6 12 7 12 7 11 7 10 6 10 5 9 4 10 5 8 4 7 4 7 5 7 3 6 3 6 4 6 4 5 3 4 3 0 0 0 0 -1 -1 -1 -1 -1 -1 -1 -1 -1 -1 0 0 0 0 -1 -1 -1 -1 -41 14 -38 12 -41 13 -42 10 -43 10 -38 7 -43 8 -39 7 -44 9 -44 4 -46 2 -44 2 -48 2 -46 1 -40 -2 -43 3 -40 3 -43 0 -38 2 -38 -1 -38 -1 -37 2 -37 -2 -38 -1 -41 -4 -37 2 -36 8 -36 1 -37 4 -34 4 -32 5 -33 3 -33 4 -33 4 -33 6 -33 8 -30 6 -31 8 -30 6 -31 9 -29 8 -29 11 -28 10 -31 13 -25 11 -24 12 -25 11 -24 13 -25 13 -26 12 -27 13 -25 12 -24 11 -21 19 -21 23 -20 21 -18 25 -1 -1 ]
CSI_DATA,STA,08:3A:F2:51:5D:9D,-50,11,1,2,1,1,1,0,0,0,0,-93,0,6,1,3181972,0,110,0,0,3.368825,384,[110 96 6 0 0 0 0 0 0 0 0 0 -21 -5 -20 -5 -22 -5 -23 -8 -21 -7 -19 -8 -20 -8 -19 -9 -19 -9 -19 -10 -20 -11 -21 -11 -20 -11 -19 -11 -17 -12 -20 -11 -17 -11 -16 -11 -17 -10 -16 -11 -16 -11 -17 -11 -14 -11 -16 -10 -18 -11 -16 -9 0 0 -16 -9 -17 -8 -17 -8 -16 -7 -15 -9 -16 -8 -16 -9 -15 -7 -16 -7 -15 -4 -16 -4 -15 -6 -15 -5 -15 -4 -15 -4 -16 -3 -17 -4 -14 -2 -15 -2 -14 -1 -15 -3 -15 -3 -15 -2 -15 -1 -14 -2 -14 -1 0 0 0 0 0 0 0 0 0 0 -1 -1 -1 -1 17 17 18 17 20 13 18 11 11 17 10 15 11 15 10 16 10 14 9 13 11 14 11 12 12 12 12 13 11 14 11 11 13 14 12 13 10 12 13 10 13 8 12 11 12 9 11 9 11 10 11 8 10 10 12 9 12 11 13 9 16 4 12 8 12 9 11 7 11 7 10 8 11 8 10 7 10 7 10 7 9 6 9 7 8 7 8 7 8 6 7 5 6 5 8 5 6 5 5 4 5 5 5 3 4 4 4 4 4 4 4 3 3 3 0 0 0 0 -1 -1 -1 -1 -1 -1 -1 -1 -1 -1 0 0 0 0 -1 -1 -1 -1 -37 6 -34 6 -36 6 -37 3 -36 2 -33 1 -37 2 -34 1 -38 2 -37 -2 -40 -4 -37 -3 -41 -4 -39 -5 -34 -7 -36 -3 -34 -2 -36 -6 -32 -3 -32 -6 -32 -5 -31 -3 -30 -6 -32 -5 -34 -8 -32 -3 -33 7 -31 -4 -31 -2 -29 -1 -27 -1 -28 -2 -29 -1 -28 -1 -28 1 -28 2 -25 2 -27 3 -26 1 -27 3 -25 3 -25 6 -25 4 -27 7 -22 5 -21 6 -22 6 -22 8 -22 7 -23 6 -24 7 -23 7 -22 6 -19 16 -20 20 -19 19 -16 22 -1 -1 ]
CSI_DATA,STA,08:3A:F2:51:5D:9D,-50,11,1,2,1,1,1,0,0,0,0,-93,0,6,1,3182414,0,110,0,0,3.379310,384,[110 96 6 0 0 0 0 0 0 0 0 0 -12 -20 -11 -20 -13 -22 -11 -24 -11 -23 -9 -21 -9 -23 -8 -22 -8 -23 -7 -23 -7 -25 -8 -25 -7 -24 -6 -24 -4 -23 -7 -25 -5 -22 -4 -22 -5 -21 -4 -21 -4 -21 -4 -22 -2 -20 -5 -21 -4 -23 -5 -20 0 0 -5 -20 -7 -20 -7 -20 -7 -19 -5 -19 -6 -19 -6 -20 -7 -17 -7 -18 -8 -15 -9 -16 -7 -16 -8 -16 -9 -15 -8 -16 -10 -15 -10 -16 -10 -13 -10 -14 -10 -12 -9 -14 -9 -14 -10 -14 -11 -13 -9 -14 -10 -12 0 0 0 0 0 0 0 0 0 0 -1 -1 -1 -1 -1 27 1 27 5 27 5 24 -6 22 -5 20 -4 20 -6 21 -4 19 -4 18 -3 20 -2 18 -1 19 -2 19 -4 20 -1 18 -1 21 -1 20 -2 18 1 18 2 18 -1 18 2 17 0 16 -1 17 1 16 0 16 2 17 0 18 2 17 8 16 2 17 2 16 2 15 2 14 1 15 2 14 1 14 1 13 1 14 1 12 0 13 0 12 0 12 1 11 0 11 0 10 0 10 0 9 0 8 -1 8 0 7 0 7 0 7 0 6 -1 6 -1 5 0 0 0 0 -1 -1 -1 -1 -1 -1 -1 -1 -1 -1 0 0 0 0 -1 -1 -1 -1 -34 -23 -32 -23 -33 -24 -33 -27 -31 -27 -28 -25 -31 -28 -27 -26 -31 -29 -27 -30 -28 -33 -27 -32 -29 -35 -27 -33 -23 -32 -25 -31 -26 -29 -23 -33 -23 -28 -21 -29 -21 -29 -22 -27 -19 -28 -21 -28 -22 -33 -23 -27 -32 -19 -22 -28 -23 -26 -23 -24 -20 -22 -22 -24 -22 -23 -22 -23 -24 -21 -24 -21 -20 -19 -24 -19 -22 -19 -24 -19 -24 -17 -24 -16 -24 -17 -27 -16 -23 -14 -22 -13 -22 -13 -23 -11 -24 -12 -23 -13 -26 -13 -24 -12 -23 -12 -28 -2 -32 1 -31 0 -30 4 -1 -1 ]
CSI_DATA,STA,08:3A:F2:51:5D:9D,-50,11,1,2,1,1,1,0,0,0,0,-93,0,6,1,3182817,0,110,0,0,3.390335,384,[110 96 6 0 0 0 0 0 0 0 0 0 14 -15 14 -14 15 -16 17 -15 17 -14 15 -12 17 -13 16 -12 17 -12 17 -11 19 -12 19 -12 19 -11 19 -10 18 -9 19 -11 17 -9 17 -8 17 -9 17 -8 17 -8 17 -8 16 -6 16 -8 18 -9 15 -9 0 0 16 -9 15 -10 15 -10 14 -10 14 -8 14 -10 15 -9 12 -9 13 -10 11 -10 11 -11 11 -9 11 -10 11 -11 11 -10 10 -12 11 -12 8 -11 9 -11 8 -11 9 -11 9 -11 9 -12 8 -12 9 -11 7 -11 0 0 0 0 0 0 0 0 0 0 -1 -1 -1 -1 -25 -2 -25 -1 -25 2 -22 4 -23 -4 -20 -3 -21 -2 -21 -4 -20 -3 -18 -2 -20 -1 -18 -1 -20 0 -20 -1 -21 -2 -19 0 -21 0 -20 0 -18 -1 -19 2 -17 3 -19 1 -17 3 -17 1 -17 1 -16 3 -17 1 -17 3 -19 1 -18 3 -16 7 -17 2 -17 3 -15 3 -15 3 -15 2 -15 2 -15 2 -14 1 -14 2 -13 2 -14 1 -12 1 -12 1 -11 1 -12 2 -10 1 -11 1 -10 1 -9 1 -9 0 -9 1 -7 0 -7 0 -7 0 -7 0 -7 0 0 0 0 0 -1 -1 -1 -1 -1 -1 -1 -1 -1 -1 0 0 0 0 -1 -1 -1 -1 18 -35 17 -31 18 -33 21 -32 21 -32 20 -29 23 -32 21 -28 23 -33 26 -29 28 -30 27 -28 30 -30 29 -28 27 -23 26 -28 24 -27 28 -26 23 -24 25 -23 25 -22 23 -24 25 -21 25 -22 29 -22 23 -24 18 -27 23 -23 21 -24 20 -23 18 -22 20 -22 19 -23 19 -22 17 -23 16 -25 15 -21 16 -25 16 -22 15 -24 13 -23 12 -25 12 -23 12 -27 9 -22 9 -23 9 -23 7 -23 8 -24 10 -24 10 -25 9 -23 8 -23 2 -26 0 -28 1 -27 -4 -28 -1 -1 ]
CSI_DATA,STA,08:3A:F2:51:5D:9D,-50,11,1,2,1,1,1,0,0,0,0,-93,0,6,1,3183513,0,110,0,0,3.400990,384,[110 96 6 0 0 0 0 0 0 0 0 0 10 17 9 17 10 19 9 21 8 20 7 18 7 19 6 19 6 19 5 20 5 21 5 21 5 21 4 21 2 19 5 22 3 19 2 19 3 18 2 18 2 18 3 19 0 17 3 18 3 20 3 17 0 0 3 17 4 17 5 17 5 16 3 16 4 16 4 17 4 14 5 15 6 13 6 14 5 14 6 14 6 13 6 13 7 12 8 14 7 11 7 12 7 10 7 12 7 12 8 12 9 11 7 11 7 10 0 0 0 0 0 0 0 0 0 0 -1 -1 -1 -1 -4 -25 -5 -25 -7 -24 -8 -21 3 -20 3 -18 1 -19 3 -19 2 -18 2 -16 1 -18 1 -16 0 -18 0 -18 1 -19 0 -17 -1 -19 -1 -18 1 -16 -2 -16 -4 -15 -1 -17 -4 -15 -2 -15 -1 -15 -3 -14 -1 -15 -4 -15 -2 -16 -3 -16 -10 -14 -3 -15 -3 -15 -4 -13 -3 -13 -3 -13 -3 -13 -3 -12 -3 -12 -3 -12 -2 -11 -2 -12 -2 -11 -2 -11 -2 -10 -2 -10 -1 -9 -3 -10 -1 -9 -1 -8 -1 -7 -2 -7 -1 -7 -1 -6 -1 -6 -1 -6 -1 -6 0 0 0 0 -1 -1 -1 -1 -1 -1 -1 -1 -1 -1 0 0 0 0 -1 -1 -1 -1 29 19 27 18 28 19 27 22 26 21 23 20 26 23 23 21 27 23 23 25 24 28 23 26 25 29 23 28 18 26 22 25 21 23 20 27 19 22 17 24 17 23 19 22 15 23 17 23 17 27 19 23 29 14 18 22 19 21 19 19 17 17 17 19 18 18 18 18 19 16 20 16 17 15 20 15 18 15 20 14 19 13 20 11 19 12 22 12 18 10 19 9 19 10 19 8 20 8 20 9 21 9 20 9 19 9 25 -1 28 -4 26 -4 25 -8 -1 -1 ]
CSI_DATA,STA,08:3A:F2:51:5D:9D,-50,11,1,2,1,1,1,0,0,0,0,-93,0,6,1,3183890,0,110,0,0,3.410982,384,[110 96 6 0 0 0 0 0 0 0 0 0 -15 15 -14 14 -15 15 -18 15 -17 14 -16 12 -17 12 -17 12 -18 12 -18 11 -19 11 -20 12 -19 11 -20 10 -19 8 -20 11 -18 9 -18 8 -17 8 -17 8 -17 7 -18 8 -16 6 -17 8 -19 8 -16 9 0 0 -17 9 -15 9 -16 9 -14 10 -15 7 -15 9 -16 9 -13 9 -14 10 -11 10 -12 11 -12 9 -12 10 -11 10 -12 10 -11 11 -12 11 -9 11 -9 11 -8 11 -10 10 -10 10 -10 11 -8 11 -10 10 -8 10 0 0 0 0 0 0 0 0 0 0 -1 -1 -1 -1 21 -12 21 -12 19 -15 17 -15 19 -4 17 -3 17 -4 17 -3 16 -4 15 -3 16 -5 14 -4 16 -6 15 -5 17 -5 14 -6 17 -6 16 -6 14 -4 14 -7 13 -9 14 -6 12 -7 12 -6 13 -5 12 -7 12 -5 12 -7 14 -6 13 -8 9 -14 12 -7 12 -7 11 -7 10 -7 11 -6 11 -6 10 -6 10 -6 10 -6 9 -6 10 -5 9 -4 9 -4 8 -4 8 -5 8 -4 8 -5 7 -3 6 -4 7 -3 6 -3 5 -3 5 -3 5 -3 5 -3 4 -2 0 0 0 0 -1 -1 -1 -1 -1 -1 -1 -1 -1 -1 0 0 0 0 -1 -1 -1 -1 -8 33 -8 31 -9 31 -11 32 -11 30 -11 28 -12 31 -11 28 -13 32 -15 29 -18 31 -16 30 -18 33 -18 31 -18 26 -16 28 -14 28 -18 27 -15 25 -16 24 -16 24 -15 25 -16 22 -16 24 -19 25 -15 25 -2 32 -15 24 -14 24 -12 24 -11 21 -12 22 -12 23 -12 23 -10 23 -9 24 -8 21 -7 24 -8 22 -7 23 -7 22 -5 22 -6 22 -5 24 -4 20 -3 20 -3 21 -2 20 -2 21 -3 21 -3 22 -3 21 -3 21 9 22 12 25 12 24 14 21 -1 -1 ]
CSI_DATA,STA,08:3A:F2:51:5D:9D,-50,11,1,2,1,1,1,0,0,0,0,-93,0,6,1,3184455,0,110,0,0,3.421438,384,[110 96 6 0 0 0 0 0 0 0 0 0 -21 -11 -20 -12 -22 -12 -22 -15 -21 -14 -19 -14 -19 -15 -18 -15 -18 -16 -18 -16 -19 -17 -20 -17 -19 -17 -18 -18 -15 -18 -18 -18 -16 -17 -14 -17 -15 -16 -14 -17 -14 -17 -14 -17 -12 -16 -14 -16 -15 -17 -15 -15 0 0 -14 -15 -16 -14 -16 -14 -15 -13 -14 -14 -15 -14 -15 -14 -14 -13 -15 -12 -14 -9 -16 -10 -14 -11 -15 -10 -15 -9 -15 -10 -16 -8 -17 -10 -15 -7 -15 -8 -14 -6 -15 -8 -15 -8 -16 -7 -16 -6 -15 -7 -14 -6 0 0 0 0 0 0 0 0 0 0 -1 -1 -1 -1 11 24 14 24 16 22 14 20 5 22 5 20 6 20 5 22 5 19 5 18 6 19 6 17 7 18 7 18 6 19 7 17 9 19 8 18 6 17 8 16 10 15 7 17 10 14 8 14 8 16 8 14 7 15 10 14 8 16 10 14 14 10 9 14 9 14 9 13 8 12 8 13 7 13 7 12 7 12 7 12 6 11 6 11 6 11 6 10 6 10 5 9 4 9 5 9 4 8 3 7 3 7 3 6 3 6 3 6 3 5 2 5 2 5 0 0 0 0 -1 -1 -1 -1 -1 -1 -1 -1 -1 -1 0 0 0 0 -1 -1 -1 -1 -42 -4 -39 -5 -41 -5 -42 -8 -40 -9 -38 -9 -41 -10 -37 -10 -41 -11 -39 -14 -42 -16 -39 -14 -43 -16 -41 -16 -35 -17 -37 -16 -37 -14 -36 -18 -34 -15 -32 -16 -33 -16 -32 -14 -30 -16 -33 -15 -34 -18 -33 -13 -37 -2 -32 -15 -33 -13 -32 -11 -29 -10 -31 -12 -30 -12 -30 -10 -31 -9 -31 -8 -27 -7 -30 -5 -28 -6 -30 -5 -29 -5 -29 -3 -29 -4 -31 -2 -27 -2 -26 -1 -26 -2 -26 0 -27 0 -27 -1 -29 0 -27 0 -26 -1 -26 10 -29 14 -28 14 -25 16 -1 -1 ]
CSI_DATA,STA,08:3A:F2:51:5D:9D,-51,11,1,2,1,1,1,0,0,0,0,-93,0,6,1,3203517,0,110,0,0,3.432395,384,[110 96 6 0 0 0 0 0 0 0 0 0 8 -21 8 -21 8 -23 10 -23 10 -22 10 -19 11 -21 11 -19 11 -20 12 -19 14 -20 14 -20 14 -19 14 -18 14 -17 14 -20 13 -17 14 -17 12 -17 12 -16 13 -16 13 -17 13 -14 13 -16 14 -16 11 -16 0 0 11 -16 10 -17 10 -17 9 -17 10 -15 9 -16 10 -17 8 -15 8 -17 6 -15 6 -17 7 -15 7 -16 5 -15 6 -16 4 -16 5 -18 3 -15 3 -15 2 -15 3 -16 3 -15 3 -16 2 -16 4 -15 2 -15 0 0 0 0 0 0 0 0 0 0 -1 -1 -1 -1 -21 17 -20 17 -18 19 -14 19 -21 10 -19 9 -19 10 -20 9 -18 10 -17 9 -17 11 -15 10 -16 12 -17 11 -19 11 -16 11 -17 13 -17 12 -15 10 -13 13 -11 13 -15 13 -11 12 -12 11 -13 11 -11 12 -13 11 -12 12 -14 11 -12 13 -7 17 -11 13 -12 12 -10 12 -9 12 -10 10 -9 11 -9 10 -9 9 -9 10 -9 9 -10 9 -9 8 -9 8 -8 7 -8 8 -7 7 -7 8 -7 6 -6 6 -6 6 -5 6 -5 4 -5 4 -5 3 -6 4 -5 3 0 0 0 0 -1 -1 -1 -1 -1 -1 -1 -1 -1 -1 0 0 0 0 0 0 -1 -1 1 -42 1 -38 1 -41 4 -41 4 -41 4 -37 5 -41 5 -37 4 -42 10 -40 12 -42 12 -40 12 -43 13 -41 13 -35 9 -39 8 -37 12 -39 9 -34 10 -34 11 -33 8 -34 12 -32 11 -34 14 -35 9 -34 0 -36 9 -33 6 -34 5 -31 4 -30 6 -31 4 -31 4 -31 3 -30 1 -32 2 -28 0 -31 2 -29 0 -30 -1 -28 -3 -29 -2 -28 -5 -31 -4 -25 -6 -25 -5 -26 -7 -25 -7 -26 -5 -26 -5 -27 -5 -27 -5 -25 -16 -23 -18 -24 -17 -23 -22 -19 -1 -1 ]
CSI_DATA,STA,08:3A:F2:51:5D:9D,-51,11,1,2,1,1,1,0,0,0,0,-93,0,6,1,3269624,0,110,0,0,3.443278,384,[110 96 6 0 0 0 0 0 0 0 0 0 -10 20 -9 19 -10 21 -12 21 -12 20 -11 17 -13 19 -13 18 -13 18 -14 18 -15 18 -15 19 -15 18 -16 17 -15 15 -15 19 -14 15 -15 15 -13 15 -13 15 -14 14 -14 16 -14 13 -13 14 -15 16 -12 15 0 0 -12 15 -11 16 -11 16 -10 16 -11 13 -10 15 -10 15 -9 14 -9 15 -7 15 -7 15 -8 14 -7 15 -5 15 -7 15 -5 15 -6 17 -4 14 -4 15 -2 14 -4 15 -4 15 -3 16 -2 15 -4 14 -2 14 0 0 0 0 0 0 0 0 0 0 -1 -1 -1 -1 22 -14 22 -15 20 -16 17 -17 21 -11 19 -10 18 -11 19 -10 19 -11 17 -9 18 -12 16 -11 16 -13 16 -12 18 -11 16 -12 18 -13 16 -13 15 -11 14 -14 12 -15 15 -13 11 -13 11 -13 13 -12 11 -13 13 -12 11 -14 14 -13 12 -14 9 -16 11 -13 11 -14 9 -13 9 -13 9 -12 9 -13 9 -12 9 -12 9 -12 9 -10 9 -10 9 -10 8 -10 7 -10 7 -10 7 -9 6 -10 6 -8 5 -8 6 -7 4 -7 4 -7 5 -6 4 -6 5 -5 4 -5 -1 -1 -1 -1 -1 -1 -1 -1 -1 -1 -1 -1 -1 -1 -1 -1 -1 -1 -1 -1 0 0 -6 41 -6 37 -6 40 -8 40 -9 39 -10 35 -10 40 -10 36 -10 41 -15 38 -18 40 -17 38 -18 41 -18 39 -17 34 -14 37 -12 35 -17 36 -13 33 -14 32 -15 32 -13 33 -16 30 -15 32 -19 33 -14 32 -7 34 -13 32 -10 32 -9 30 -7 29 -9 29 -8 31 -8 29 -6 29 -5 31 -6 27 -4 30 -6 28 -3 30 -2 28 0 28 -1 28 1 30 1 25 3 25 1 26 4 25 4 26 2 26 3 27 2 26 3 25 10 24 14 26 13 24 17 22 -1 -1 ]
CSI_DATA,STA,08:3A:F2:51:5D:9D,-51,11,1,2,1,1,1,0,0,0,0,-93,0,6,1,3270171,0,110,0,0,3.453939,384,[110 96 6 0 0 0 0 0 0 0 0 0 -23 2 -21 1 -24 2 -24 0 -25 0 -21 -1 -23 -1 -22 -1 -23 -1 -23 -3 -24 -4 -25 -4 -24 -4 -24 -5 -21 -5 -25 -3 -21 -4 -22 -4 -21 -4 -21 -4 -20 -4 -22 -4 -19 -5 -20 -5 -21 -4 -20 -3 0 0 -20 -3 -20 -1 -18 -2 -19 -2 -18 -2 -19 -1 -21 -2 -16 0 -18 0 -17 2 -17 1 -16 1 -17 1 -15 3 -16 2 -16 3 -18 4 -14 4 -13 5 -14 5 -16 4 -16 4 -17 4 -14 5 -15 4 -15 5 0 0 0 0 0 0 0 0 0 0 -1 -1 -1 -1 23 0 28 4 24 0 23 -5 20 9 16 8 19 6 17 10 18 8 15 6 16 5 16 4 19 3 19 5 18 6 16 5 19 6 18 4 17 6 17 1 16 -2 17 2 15 -1 15 2 16 1 15 -1 16 0 16 2 17 2 16 0 18 -6 16 -1 16 0 13 0 14 -1 13 1 13 -1 12 -1 12 -2 13 2 12 -1 13 1 11 1 12 1 10 -1 9 -1 8 0 9 -1 9 -1 7 -1 7 -1 7 1 6 0 5 1 4 0 5 -1 5 -2 -1 -1 -1 -1 -1 -1 -1 -1 -1 -1 -1 -1 -1 -1 -1 -1 -1 -1 -1 -1 0 0 -34 20 -31 16 -33 20 -33 15 -36 17 -32 13 -35 16 -32 13 -36 18 -39 11 -41 9 -39 9 -43 11 -40 9 -35 6 -36 13 -32 11 -39 11 -31 10 -32 8 -31 7 -29 12 -34 7 -33 5 -36 5 -33 9 -30 22 -30 8 -30 12 -26 11 -26 12 -27 10 -28 12 -27 12 -25 14 -24 14 -23 11 -24 14 -25 13 -25 15 -22 13 -21 18 -20 15 -22 19 -16 14 -14 17 -17 15 -15 15 -17 19 -21 16 -19 18 -19 17 -17 17 -8 24 -6 30 -6 24 2 28 -1 -1 ]
CSI_DATA,STA,08:3A:F2:51:5D:9D,-51,11,1,2,1,1,1,0,0,0,0,-93,0,6,1,3279572,0,110,0,0,3.464287,384,[110 96 6 0 0 0 0 0 0 0 0 0 16 -11 16 -10 17 -11 19 -10 19 -10 17 -8 18 -8 17 -8 18 -7 18 -7 20 -7 20 -7 20 -6 20 -5 19 -4 21 -6 18 -5 17 -4 17 -3 17 -3 17 -3 18 -4 15 -3 17 -3 18 -4 16 -4 0 0 17 -4 16 -5 17 -5 14 -6 14 -4 15 -5 15 -6 13 -5 14 -6 12 -6 13 -6 14 -7 13 -7 13 -6 12 -8 12 -9 13 -7 11 -7 11 -8 9 -8 11 -9 11 -8 11 -8 11 -9 10 -7 9 -8 0 0 0 0 0 0 0 0 0 0 -1 -1 -1 -1 -21 -8 -25 -8 -21 -8 -19 -8 -17 -10 -18 -10 -19 -10 -20 -9 -16 -9 -15 -7 -20 -9 -16 -5 -18 -5 -18 -7 -18 -7 -18 -5 -18 -5 -17 -8 -17 -5 -18 -4 -18 -4 -17 -5 -17 -4 -16 -5 -16 -3 -19 -2 -17 -6 -15 -2 -17 -3 -19 -2 -14 0 -17 -3 -17 -5 -16 0 -16 -4 -14 -3 -14 -2 -16 -2 -13 -3 -12 -4 -12 -3 -14 -4 -12 -3 -10 -2 -11 -6 -12 -3 -11 -4 -11 -5 -8 -3 -11 -2 -8 -3 -8 -3 -7 -4 -7 -3 -5 -5 -7 -3 -5 -1 -1 -1 0 0 0 0 -1 -1 -1 -1 -1 -1 0 0 0 0 -1 -1 -1 -1 -1 -1 26 -28 24 -25 26 -26 28 -25 28 -25 26 -21 29 -23 27 -22 31 -24 31 -20 34 -20 32 -19 36 -20 34 -19 31 -15 32 -18 29 -18 32 -15 27 -16 28 -13 28 -14 28 -15 28 -12 29 -13 32 -13 26 -16 25 -18 27 -13 26 -17 26 -14 23 -16 23 -15 23 -15 24 -15 23 -17 22 -19 19 -15 20 -17 22 -16 22 -18 19 -17 18 -20 18 -18 17 -20 14 -17 15 -19 14 -18 13 -21 15 -20 15 -19 16 -20 14 -18 14 -17 12 -24 12 -23 10 -26 7 -22 -1 -1 ]
CSI_DATA,STA,08:3A:F2:51:5D:9D,-51,11,1,2,1,1,1,0,0,0,0,-93,0,6,1,3279844,0,110,0,0,3.475157,384,[110 96 6 0 0 0 0 0 0 0 0 0 20 8 19 9 21 9 21 12 20 11 18 11 19 12 17 11 18 12 18 12 18 14 19 14 18 14 17 15 16 15 18 15 16 13 15 14 15 13 15 13 15 14 15 13 13 13 14 13 16 14 15 12 0 0 15 11 16 10 15 11 14 9 14 11 15 10 15 12 13 10 15 8 13 7 14 7 14 6 15 5 15 5 14 5 15 5 15 5 14 3 13 3 15 2 15 4 15 5 16 4 15 1 15 4 14 2 0 0 0 0 0 0 0 0 0 0 -1 -1 -1 -1 -10 -24 -13 -26 -14 -26 -14 -17 -7 -22 -7 -22 -9 -23 -8 -24 -8 -22 -6 -19 -8 -18 -6 -19 -10 -20 -11 -20 -10 -20 -11 -17 -10 -21 -11 -19 -8 -20 -11 -16 -14 -14 -12 -20 -13 -14 -11 -17 -9 -17 -12 -12 -9 -16 -13 -13 -13 -16 -12 -17 -15 -9 -13 -14 -12 -15 -12 -11 -11 -11 -9 -11 -12 -9 -12 -10 -10 -10 -11 -13 -9 -10 -9 -12 -11 -10 -10 -9 -9 -12 -7 -8 -9 -7 -8 -9 -7 -8 -5 -8 -7 -8 -7 -5 -6 -6 -7 -7 -7 -6 -4 -7 -4 -4 -1 -1 0 0 0 0 -1 -1 -1 -1 -1 -1 0 0 0 0 -1 -1 -1 -1 -1 -1 41 10 38 9 40 10 40 13 39 14 36 13 39 15 36 13 40 16 38 18 38 20 37 19 40 22 39 21 33 20 36 18 35 15 35 20 32 16 30 19 31 19 32 16 30 17 30 18 32 22 32 16 35 12 30 14 31 12 31 13 28 10 29 13 29 11 30 10 28 11 30 8 25 9 29 6 29 5 31 5 30 4 29 3 27 3 31 1 28 1 24 1 28 1 28 -1 29 -1 27 0 27 -2 29 -1 25 0 28 -8 30 -13 25 -9 24 -11 -1 -1 ]
CSI_DATA,STA,08:3A:F2:51:5D:9D,-51,11,1,2,1,1,1,0,0,0,0,-93,0,6,1,3280089,0,110,0,0,3.485534,384,[110 96 6 0 0 0 0 0 0 0 0 0 5 21 4 21 5 23 3 24 3 23 2 21 1 23 1 21 0 22 0 22 -1 24 0 24 0 23 -2 23 -3 21 -1 23 -2 21 -4 20 -2 19 -3 20 -4 20 -1 20 -3 18 -2 19 -2 22 0 19 0 0 -1 20 1 20 1 18 3 18 -2 16 2 17 1 20 2 17 2 17 4 15 4 16 2 16 2 15 5 15 4 15 4 15 5 17 6 13 5 14 7 14 5 13 5 12 5 13 7 14 6 13 6 12 0 0 0 0 0 0 0 0 0 0 -1 -1 -1 -1 8 -26 7 -22 8 -25 2 -25 12 -21 9 -20 7 -21 13 -20 6 -19 10 -19 10 -18 5 -18 6 -19 8 -20 8 -21 6 -19 6 -22 3 -21 5 -16 2 -19 0 -19 6 -20 2 -18 3 -16 3 -17 1 -18 6 -18 3 -17 3 -19 3 -16 -4 -19 2 -18 1 -19 2 -17 1 -13 0 -16 -1 -15 -1 -18 -2 -13 -1 -16 2 -13 2 -15 2 -14 0 -13 0 -11 -2 -14 3 -12 2 -11 1 -11 3 -10 2 -8 1 -8 1 -9 -1 -7 0 -8 -1 -7 3 -8 -1 -1 0 0 0 0 -1 -1 -1 -1 -1 -1 0 0 0 0 -1 -1 -1 -1 -1 -1 20 36 18 33 19 35 17 37 16 37 14 34 16 38 13 35 16 38 11 39 11 42 11 39 11 43 10 41 6 37 12 37 11 35 7 38 10 34 7 35 6 34 11 33 5 33 6 35 6 37 9 34 16 30 10 31 12 31 12 29 12 29 11 28 13 29 11 28 12 26 15 26 12 24 14 26 14 25 15 25 15 23 15 23 14 23 20 24 16 21 18 17 16 20 19 19 19 16 17 19 21 20 18 20 18 19 25 16 26 10 21 10 26 10 -1 -1 ]
CSI_DATA,STA,08:3A:F2:51:5D:9D,-50,11,1,2,1,1,1,0,0,0,0,-93,0,6,1,3280558,0,110,0,0,3.495404,384,[110 96 6 0 0 0 0 0 0 0 0 0 -22 6 -21 6 -23 6 -25 4 -24 4 -22 3 -23 3 -22 2 -23 1 -23 1 -24 0 -25 1 -24 0 -24 -1 -22 -2 -25 0 -22 -1 -21 -2 -21 -1 -21 -2 -20 -2 -22 -2 -18 -3 -20 -1 -22 -2 -20 1 0 0 -20 -1 -20 1 -20 1 -20 2 -17 -2 -20 1 -20 0 -19 1 -18 2 -18 4 -19 3 -18 2 -17 3 -16 3 -17 3 -16 4 -18 5 -15 5 -15 3 -13 7 -15 3 -15 3 -17 5 -15 7 -15 5 -14 6 0 0 0 0 0 0 0 0 0 0 -1 -1 -1 -1 24 11 19 8 25 4 22 11 18 12 15 13 18 13 17 13 17 11 16 11 19 12 18 8 18 10 17 9 17 10 17 8 20 12 18 7 16 9 17 9 18 7 14 7 17 5 15 7 15 6 17 5 15 7 15 3 17 6 16 4 17 -7 17 5 14 6 15 5 14 4 14 6 11 6 13 3 13 5 12 6 13 4 13 6 11 2 12 3 9 2 8 2 8 3 9 3 8 2 6 4 8 3 7 3 9 0 5 3 7 4 7 2 7 2 -1 -1 -1 -1 -1 -1 -1 -1 -1 -1 -1 -1 -1 -1 -1 -1 -1 -1 -1 -1 0 0 -35 23 -34 21 -35 21 -38 20 -37 18 -35 16 -38 17 -36 16 -40 17 -39 14 -42 13 -40 13 -44 14 -43 12 -39 8 -39 11 -39 12 -40 6 -35 9 -34 8 -35 8 -35 8 -33 8 -35 9 -39 6 -34 10 -31 20 -34 8 -34 9 -33 11 -29 10 -28 8 -31 11 -30 11 -31 10 -30 13 -25 12 -28 13 -28 12 -26 16 -25 13 -25 16 -25 13 -27 17 -20 15 -21 13 -18 16 -19 17 -21 15 -24 15 -22 19 -22 17 -21 16 -12 22 -15 26 -16 25 -10 29 -1 -1 ]
CSI_DATA,STA,08:3A:F2:51:5D:9D,-51,11,1,2,1,1,1,0,0,0,0,-93,0,6,1,3280920,0,110,0,0,3.505579,384,[110 96 6 0 0 0 0 0 0 0 0 0 -18 -10 -17 -11 -18 -11 -18 -13 -18 -13 -15 -12 -16 -13 -15 -13 -15 -14 -15 -14 -16 -15 -16 -15 -15 -15 -15 -16 -13 -15 -15 -16 -13 -14 -12 -15 -13 -14 -11 -14 -12 -15 -14 -14 -10 -15 -13 -14 -12 -14 -12 -13 0 0 -12 -13 -13 -12 -14 -12 -13 -10 -12 -12 -13 -10 -14 -11 -12 -10 -13 -9 -13 -8 -14 -8 -12 -8 -14 -9 -13 -8 -13 -9 -13 -6 -15 -7 -13 -6 -13 -5 -12 -6 -13 -5 -14 -5 -15 -6 -15 -4 -13 -7 -13 -4 0 0 0 0 0 0 0 0 0 0 -1 -1 -1 -1 15 20 13 21 17 18 16 17 6 18 5 17 6 16 8 19 4 15 5 13 8 15 8 14 6 15 8 14 7 15 8 14 7 16 9 15 6 13 10 12 10 12 8 11 9 9 9 9 9 12 10 11 8 13 10 11 10 14 9 10 16 7 10 9 11 11 8 9 9 8 9 9 10 11 8 9 9 9 6 9 7 7 6 8 7 10 7 10 4 7 5 7 4 5 7 9 4 6 6 6 2 5 4 3 4 6 4 4 3 4 3 3 4 5 -1 -1 -1 -1 -1 -1 -1 -1 -1 -1 -1 -1 -1 -1 -1 -1 -1 -1 -1 -1 0 0 -36 -5 -33 -5 -35 -5 -35 -8 -35 -8 -32 -8 -35 -10 -31 -9 -36 -9 -34 -13 -35 -16 -34 -14 -37 -16 -35 -15 -30 -15 -32 -13 -32 -11 -31 -16 -29 -12 -27 -15 -30 -13 -29 -12 -26 -14 -29 -13 -30 -16 -29 -11 -33 -3 -27 -13 -29 -10 -29 -9 -24 -7 -26 -10 -28 -9 -26 -8 -27 -7 -28 -5 -24 -6 -29 -4 -25 -4 -27 -4 -26 -5 -26 -3 -25 -2 -28 -1 -22 1 -23 1 -22 0 -22 2 -23 3 -24 1 -26 0 -24 -1 -21 0 -19 10 -26 15 -26 12 -23 14 -1 -1 ]
CSI_DATA,STA,08:3A:F2:51:5D:9D,-51,11,1,2,1,1,1,0,0,0,0,-93,0,6,1,3281228,0,110,0,0,3.516336,384,[110 96 6 0 0 0 0 0 0 0 0 0 0 -23 0 -22 -1 -24 2 -25 2 -25 2 -22 3 -23 3 -22 3 -23 4 -23 5 -24 4 -25 5 -24 5 -24 6 -22 5 -25 6 -22 5 -20 5 -20 4 -20 5 -20 5 -22 5 -19 4 -19 5 -21 4 -20 0 0 3 -20 2 -19 1 -19 1 -20 3 -18 2 -18 2 -18 0 -18 -1 -18 -3 -17 -1 -18 -1 -16 -2 -17 -3 -17 -3 -17 -4 -16 -5 -18 -5 -16 -4 -17 -4 -14 -5 -16 -6 -17 -5 -15 -7 -15 -6 -15 -4 -13 0 0 0 0 0 0 0 0 0 0 -1 -1 -1 -1 -13 24 -6 27 -5 27 -4 26 -11 20 -11 19 -9 20 -12 18 -11 18 -9 16 -10 17 -5 17 -7 17 -7 18 -8 19 -6 18 -6 19 -6 19 -5 15 -4 16 -1 18 -4 18 -4 17 -3 16 -3 16 -1 16 -5 16 -4 18 -6 18 -1 19 3 19 -2 18 -4 17 -2 16 -2 14 -1 13 -1 15 -1 14 -3 16 -2 16 -2 14 -1 14 -2 13 -4 14 -1 10 -2 12 -4 10 -3 11 0 7 0 10 -4 9 -2 8 -1 8 -2 7 1 5 -2 6 -2 2 -1 -1 0 0 0 0 -1 -1 -1 -1 -1 -1 0 0 0 0 -1 -1 -1 -1 -1 -1 -18 -36 -17 -34 -17 -36 -16 -38 -14 -37 -12 -35 -13 -37 -13 -35 -14 -39 -10 -38 -10 -41 -10 -39 -10 -43 -9 -42 -7 -37 -9 -38 -11 -37 -6 -38 -9 -33 -8 -34 -6 -34 -8 -33 -6 -34 -7 -33 -7 -36 -10 -34 -22 -30 -8 -32 -11 -32 -10 -30 -9 -27 -10 -30 -12 -29 -12 -28 -14 -27 -16 -27 -12 -24 -15 -26 -12 -25 -17 -25 -16 -24 -16 -23 -18 -22 -21 -24 -17 -21 -17 -19 -17 -20 -19 -18 -19 -18 -17 -18 -18 -20 -20 -19 -16 -19 -27 -10 -31 -11 -27 -13 -31 -8 -1 -1 ]
CSI_DATA,STA,08:3A:F2:51:5D:9D,-51,11,1,2,1,1,1,0,0,0,0,-93,0,6,1,3302653,0,110,0,0,3.527307,384,[110 96 6 0 0 0 0 0 0 0 0 0 0 22 0 22 0 23 -2 25 -2 23 -3 21 -3 22 -4 21 -4 22 -4 22 -5 23 -5 24 -5 23 -6 22 -7 20 -6 24 -6 20 -7 20 -6 20 -6 19 -6 20 -6 20 -7 17 -6 19 -6 21 -5 19 0 0 -4 19 -4 19 -2 19 -2 18 -4 18 -2 19 -3 20 -1 18 -2 18 -1 16 3 17 1 17 1 16 4 15 -1 16 3 16 1 19 1 17 2 16 3 14 2 14 3 13 5 14 4 14 3 15 2 13 0 0 0 0 0 0 0 0 0 0 -1 -1 -1 -1 12 -23 14 -24 10 -21 9 -22 16 -20 12 -18 13 -18 14 -18 12 -18 11 -15 11 -19 10 -16 10 -19 10 -19 13 -19 10 -18 10 -20 10 -18 10 -16 6 -19 5 -18 8 -19 5 -17 6 -17 7 -17 4 -17 7 -17 5 -18 8 -18 5 -19 1 -19 4 -17 4 -18 3 -16 3 -16 4 -15 4 -15 3 -15 3 -15 3 -15 4 -14 4 -14 4 -13 4 -12 3 -12 3 -12 3 -11 2 -12 2 -10 2 -9 3 -9 2 -9 1 -8 2 -8 1 -7 2 -7 2 -6 0 0 0 0 -1 -1 -1 -1 -1 -1 -1 -1 -1 -1 0 0 0 0 -1 -1 -1 -1 11 40 10 37 12 39 8 40 9 41 6 37 7 41 5 38 8 42 2 42 0 45 0 43 0 46 -1 43 -3 38 3 40 3 37 0 41 1 36 0 37 -1 37 3 36 -3 34 -2 36 -3 40 0 36 8 35 2 33 3 35 7 30 8 30 4 32 7 33 4 32 7 33 10 31 5 28 12 31 7 31 11 30 14 23 10 26 11 26 14 30 9 28 12 21 13 22 12 17 16 20 15 23 11 24 14 21 10 21 17 18 19 14 21 19 27 16 -1 -1 ]
CSI_DATA,STA,08:3A:F2:51:5D:9D,-50,11,1,2,1,1,1,0,0,0,0,-93,0,6,1,3313037,0,110,0,0,3.537197,384,[110 96 6 0 0 0 0 0 0 0 0 0 -5 -23 -5 -23 -5 -24 -3 -26 -3 -25 -2 -23 -1 -24 0 -23 0 -24 0 -24 1 -25 0 -26 1 -25 2 -25 4 -23 2 -26 3 -22 3 -21 3 -21 4 -21 4 -21 4 -21 4 -19 3 -21 3 -22 2 -21 0 0 2 -21 1 -20 1 -21 0 -20 2 -19 1 -19 2 -20 0 -18 0 -19 -2 -17 -3 -18 -1 -17 -2 -18 -3 -17 -2 -17 -4 -17 -4 -19 -5 -16 -4 -16 -5 -15 -3 -16 -3 -16 -4 -16 -6 -15 -4 -16 -5 -15 0 0 0 0 0 0 0 0 0 0 -1 -1 -1 -1 -11 25 -11 25 -7 26 -5 24 -14 18 -13 16 -12 17 -15 16 -12 16 -12 14 -11 18 -9 15 -10 17 -11 17 -12 17 -9 16 -11 18 -10 17 -11 14 -7 17 -5 16 -9 17 -6 15 -7 15 -8 14 -6 15 -8 15 -6 15 -9 16 -6 16 0 18 -6 16 -7 15 -5 14 -5 13 -6 13 -5 14 -5 13 -5 12 -5 12 -5 12 -6 12 -6 11 -5 11 -5 10 -4 10 -5 9 -4 9 -4 8 -4 7 -4 7 -4 7 -3 6 -4 5 -4 5 -3 5 -3 5 0 0 0 0 -1 -1 -1 -1 -1 -1 -1 -1 -1 -1 0 0 0 0 -1 -1 -1 -1 -24 -36 -21 -32 -23 -35 -20 -37 -19 -37 -17 -34 -19 -38 -16 -34 -19 -39 -14 -39 -13 -43 -13 -40 -14 -44 -12 -42 -8 -37 -12 -39 -13 -36 -10 -40 -10 -35 -8 -35 -8 -34 -11 -34 -6 -34 -8 -35 -6 -38 -10 -35 -20 -31 -9 -34 -11 -33 -11 -30 -11 -29 -10 -30 -11 -30 -11 -29 -13 -28 -15 -28 -13 -25 -15 -27 -12 -26 -14 -27 -15 -26 -17 -24 -15 -24 -19 -26 -16 -21 -16 -20 -16 -21 -17 -19 -17 -20 -17 -21 -18 -22 -17 -21 -16 -20 -25 -14 -28 -13 -27 -12 -30 -9 -1 -1 ]
CSI_DATA,STA,08:3A:F2:51:5D:9D,-50,11,1,2,1,1,1,0,0,0,0,-93,0,6,1,3461472,0,110,0,0,3.627965,384,[110 96 6 0 0 0 0 0 0 0 0 0 16 -14 15 -13 17 -15 18 -14 18 -13 17 -11 18 -11 17 -10 18 -11 19 -10 20 -10 20 -10 20 -10 20 -8 18 -7 20 -10 17 -7 17 -7 17 -7 18 -7 17 -7 18 -8 16 -5 16 -7 19 -7 16 -8 0 0 16 -7 16 -8 16 -9 14 -9 14 -7 15 -9 16 -8 12 -8 13 -10 12 -11 12 -10 12 -8 12 -10 10 -11 12 -11 10 -11 12 -12 9 -11 9 -11 8 -11 10 -11 9 -11 10 -12 8 -12 10 -11 7 -10 0 0 0 0 0 0 0 0 0 0 -1 -1 -1 -1 -23 0 -27 2 -24 1 -23 6 -22 -3 -20 -3 -20 -2 -22 -2 -21 -1 -19 -1 -20 0 -19 1 -19 3 -20 0 -20 -1 -19 1 -21 0 -20 0 -18 0 -17 3 -17 6 -17 3 -16 4 -17 3 -17 3 -14 3 -16 3 -16 3 -19 2 -17 4 -16 8 -16 3 -17 4 -14 5 -14 5 -14 3 -14 2 -14 3 -13 2 -13 3 -13 3 -13 4 -13 3 -11 2 -11 1 -12 4 -11 3 -11 3 -9 2 -7 2 -9 1 -8 1 -7 1 -7 2 -8 0 -6 1 -8 1 0 0 0 0 -1 -1 -1 -1 -1 -1 -1 -1 -1 -1 0 0 0 0 0 0 -1 -1 22 -32 21 -29 21 -32 24 -30 24 -30 23 -27 26 -29 24 -26 27 -30 29 -26 32 -27 30 -26 33 -28 31 -26 29 -21 28 -26 24 -24 30 -25 25 -23 26 -20 27 -21 25 -22 27 -19 26 -22 30 -19 26 -23 17 -28 24 -21 22 -22 20 -23 19 -22 19 -21 20 -22 22 -21 19 -22 18 -23 18 -21 16 -25 17 -21 16 -23 14 -22 14 -25 12 -24 12 -26 9 -23 9 -22 10 -22 10 -23 8 -23 11 -23 10 -24 10 -24 8 -23 -1 -26 1 -29 0 -25 -6 -26 -1 -1 ]
CSI_DATA,STA,08:3A:F2:51:5D:9D,-49,11,1,2,1,1,1,0,0,0,0,-93,0,6,1,3469553,0,110,0,0,3.639218,384,[110 96 6 0 0 0 0 0 0 0 0 0 -3 -21 -2 -20 -3 -22 -1 -23 -1 -23 0 -20 1 -22 1 -20 1 -21 2 -21 3 -22 3 -23 3 -22 3 -21 4 -20 3 -23 4 -20 4 -20 3 -18 3 -19 3 -18 3 -19 5 -17 3 -18 3 -21 2 -19 0 0 2 -19 1 -18 1 -18 -1 -18 1 -16 0 -19 0 -19 -1 -16 0 -18 -2 -16 -3 -16 -1 -14 -2 -16 -3 -15 -3 -16 -3 -15 -4 -18 -5 -13 -4 -15 -5 -13 -3 -14 -3 -14 -4 -15 -5 -14 -3 -15 -3 -12 0 0 0 0 0 0 0 0 0 0 -1 -1 -1 -1 -12 22 -14 19 -9 23 -7 21 -15 16 -13 13 -12 15 -14 16 -11 16 -10 12 -11 15 -8 15 -10 16 -11 16 -12 15 -9 15 -11 17 -9 17 -10 14 -7 17 -6 17 -8 17 -5 15 -6 14 -8 15 -4 15 -8 15 -5 14 -9 15 -7 15 -1 14 -5 15 -4 14 -5 14 -3 14 -4 12 -5 11 -6 13 -4 11 -4 12 -5 11 -4 12 -4 11 -4 10 -4 8 -4 8 -4 9 -4 10 -5 8 -2 7 -3 6 -4 6 -4 7 -4 6 -4 6 -3 4 -2 4 0 0 -1 -1 -1 -1 -1 -1 -1 -1 -1 -1 -1 -1 -1 -1 0 0 0 0 -1 -1 -14 -37 -13 -34 -15 -36 -12 -37 -12 -38 -9 -34 -10 -38 -9 -34 -11 -39 -5 -39 -4 -42 -4 -40 -5 -43 -4 -40 -2 -36 -6 -38 -6 -38 -3 -39 -5 -32 -4 -34 -3 -33 -7 -33 0 -32 -3 -33 0 -38 -6 -33 -8 -30 -4 -32 -8 -32 -7 -29 -8 -29 -7 -29 -8 -29 -7 -29 -10 -28 -10 -28 -9 -28 -12 -27 -9 -26 -11 -29 -10 -24 -14 -24 -12 -22 -16 -25 -12 -21 -14 -21 -13 -20 -14 -19 -15 -20 -16 -22 -15 -22 -13 -21 -12 -19 -18 -17 -21 -16 -20 -15 -22 -10 -1 -1 ]
CSI_DATA,STA,08:3A:F2:51:5D:9D,-50,11,1,2,1,1,1,0,0,0,0,-93,0,6,1,3470123,0,110,0,0,3.650148,384,[110 96 6 0 0 0 0 0 0 0 0 0 19 -7 18 -7 20 -8 22 -6 21 -6 19 -5 21 -5 19 -4 20 -4 20 -3 22 -2 22 -3 22 -2 21 -1 19 0 22 -2 19 -2 20 0 18 -1 18 -1 18 0 18 0 16 0 18 -1 21 0 18 -3 0 0 18 -2 16 -3 17 -3 16 -3 15 -3 16 -4 18 -4 15 -4 16 -4 13 -6 15 -5 15 -4 15 -4 14 -7 15 -5 14 -6 15 -8 12 -7 12 -8 11 -8 13 -7 11 -7 13 -8 11 -9 14 -7 12 -8 0 0 0 0 0 0 0 0 0 0 -1 -1 -1 -1 -27 -8 -22 -8 -23 -6 -22 -3 -21 -11 -20 -9 -21 -7 -20 -9 -18 -6 -16 -6 -20 -7 -18 -4 -19 -6 -19 -6 -19 -8 -18 -5 -19 -6 -19 -6 -17 -6 -19 -1 -17 0 -17 -3 -16 -2 -17 -4 -17 -3 -17 -1 -16 -4 -18 -2 -18 -6 -17 0 -18 1 -18 -2 -16 -2 -16 1 -15 -1 -15 -1 -14 -2 -14 -2 -14 -2 -15 -2 -15 -1 -12 -2 -13 -2 -12 -3 -13 -3 -10 -1 -10 -2 -11 -2 -9 -2 -10 -2 -7 -1 -7 -2 -8 -2 -8 -2 -6 -1 -7 -2 -6 -1 0 0 -1 -1 -1 -1 -1 -1 -1 -1 -1 -1 -1 -1 -1 -1 0 0 0 0 -1 -1 30 -25 27 -22 29 -24 30 -22 31 -22 28 -18 32 -21 29 -19 32 -22 35 -17 37 -16 35 -16 38 -16 37 -15 32 -12 33 -17 31 -17 34 -14 28 -14 29 -12 29 -10 29 -13 31 -10 30 -12 34 -10 30 -15 26 -21 28 -13 28 -16 24 -13 23 -14 25 -15 24 -16 24 -15 22 -16 23 -17 21 -16 24 -17 22 -15 21 -16 19 -20 20 -18 20 -18 20 -23 16 -16 15 -18 17 -17 13 -19 15 -21 16 -21 15 -22 16 -19 14 -18 9 -25 10 -25 6 -27 5 -27 -1 -1 ]
CSI_DATA,STA,08:3A:F2:51:5D:9D,-50,11,1,2,1,1,1,0,0,0,0,-93,0,6,1,3470513,0,110,0,0,3.660944,384,[110 96 6 0 0 0 0 0 0 0 0 0 16 16 15 16 17 17 16 19 15 19 13 17 14 19 13 18 12 19 12 20 12 21 13 21 12 21 11 21 9 19 12 22 9 19 8 20 8 18 10 19 9 18 9 19 8 18 10 18 10 21 9 17 0 0 11 17 11 16 12 16 11 14 9 15 11 15 10 15 10 15 11 14 11 12 13 13 10 12 11 11 12 11 11 13 11 11 13 11 14 9 12 10 13 8 12 10 14 10 12 10 14 9 11 9 12 6 0 0 0 0 0 0 0 0 0 0 -1 -1 -1 -1 -5 -26 -6 -30 -10 -24 -8 -21 0 -26 0 -23 -2 -24 1 -26 -1 -23 -2 -20 -3 -22 -4 -19 -4 -22 -4 -23 -2 -23 -4 -21 -4 -24 -3 -21 -1 -21 -7 -20 -7 -19 -5 -21 -7 -18 -7 -17 -6 -18 -6 -16 -4 -20 -7 -19 -7 -20 -5 -19 -8 -17 -8 -18 -7 -17 -6 -14 -7 -16 -5 -15 -7 -16 -6 -15 -7 -15 -7 -14 -6 -14 -5 -14 -5 -15 -4 -14 -4 -12 -4 -12 -4 -12 -5 -10 -2 -9 -5 -8 -3 -9 -4 -8 -4 -7 -4 -9 -2 -7 0 -8 -2 -7 0 0 -1 -1 -1 -1 -1 -1 -1 -1 -1 -1 -1 -1 -1 -1 0 0 0 0 -1 -1 37 22 33 20 36 21 35 24 35 25 31 23 34 26 30 24 36 26 31 30 31 33 30 32 32 34 30 33 25 30 30 28 29 26 27 30 26 25 24 27 24 28 27 24 22 29 25 29 25 33 24 25 28 22 24 25 27 24 24 20 25 18 23 21 26 19 24 21 24 18 27 18 24 18 28 17 24 16 28 15 26 13 28 12 23 12 29 11 24 10 23 8 23 9 26 8 27 7 26 9 28 8 26 8 25 9 30 1 29 -4 27 -3 29 -9 -1 -1 ]
CSI_DATA,STA,08:3A:F2:51:5D:9D,-51,11,1,2,1,1,1,0,0,0,0,-93,0,6,1,3472998,0,110,0,0,3.671302,384,[110 96 6 0 0 0 0 0 0 0 0 0 -10 -21 -9 -21 -10 -22 -9 -24 -8 -23 -7 -21 -7 -23 -6 -22 -5 -23 -5 -23 -4 -24 -5 -25 -4 -24 -3 -24 -2 -23 -4 -25 -2 -22 -2 -21 -2 -21 -2 -21 -2 -21 -2 -21 0 -19 -2 -20 -2 -22 -3 -20 0 0 -3 -20 -5 -19 -4 -20 -5 -19 -3 -19 -5 -19 -4 -19 -5 -17 -5 -18 -6 -16 -7 -17 -5 -16 -6 -17 -7 -16 -6 -16 -8 -16 -8 -17 -8 -14 -8 -14 -9 -13 -8 -15 -8 -14 -9 -15 -10 -13 -7 -14 -8 -12 0 0 0 0 0 0 0 0 0 0 -1 -1 -1 -1 -4 27 -3 27 -1 25 1 23 -9 21 -8 19 -7 20 -9 20 -6 19 -7 17 -6 19 -4 17 -4 19 -5 19 -7 19 -5 18 -5 20 -5 19 -5 17 -2 18 0 17 -3 18 -1 16 -2 16 -3 16 -1 16 -3 16 -1 17 -3 18 -1 17 5 17 -1 16 -1 17 0 15 -1 14 -1 14 0 14 -1 14 -1 13 -1 13 -1 13 -2 13 -1 12 -1 11 -1 11 -1 11 -1 10 -1 11 -2 8 -1 8 -2 7 -1 7 -1 7 -1 7 -1 6 -2 5 -2 5 0 0 -1 -1 -1 -1 -1 -1 -1 -1 -1 -1 -1 -1 -1 -1 0 0 0 0 -1 -1 -30 -30 -27 -28 -29 -30 -27 -32 -27 -32 -23 -30 -25 -33 -23 -30 -26 -33 -22 -36 -21 -39 -20 -37 -22 -41 -20 -39 -16 -35 -20 -35 -20 -33 -18 -36 -17 -31 -16 -32 -16 -32 -18 -30 -14 -32 -16 -32 -14 -36 -17 -31 -26 -27 -16 -30 -19 -30 -17 -27 -18 -25 -16 -27 -18 -26 -18 -25 -19 -24 -21 -24 -18 -23 -20 -23 -18 -23 -21 -23 -20 -21 -22 -20 -20 -20 -25 -20 -19 -17 -20 -15 -20 -16 -22 -14 -22 -15 -21 -17 -23 -17 -21 -17 -20 -15 -27 -7 -30 -7 -28 -6 -30 0 -1 -1 ]
CSI_DATA,STA,08:3A:F2:51:5D:9D,-50,11,1,2,1,1,1,0,0,0,0,-93,0,6,1,3473478,0,110,0,0,3.682460,384,[110 96 6 0 0 0 0 0 0 0 0 0 1 -23 2 -22 1 -25 4 -25 4 -25 4 -22 5 -23 5 -22 6 -22 6 -23 8 -24 7 -24 8 -23 8 -22 9 -20 8 -24 8 -20 9 -20 8 -19 8 -19 8 -19 8 -19 9 -18 8 -19 8 -20 6 -19 0 0 7 -19 5 -19 5 -19 5 -19 6 -17 5 -19 5 -19 3 -17 4 -19 2 -17 2 -18 3 -17 2 -17 1 -17 2 -17 0 -17 1 -19 -1 -16 0 -17 -2 -15 0 -17 0 -16 -1 -17 -2 -16 0 -16 -1 -15 0 0 0 0 0 0 0 0 0 0 -1 -1 -1 -1 -15 22 -14 24 -11 24 -9 23 -17 15 -15 13 -15 14 -16 14 -14 13 -14 12 -14 15 -12 14 -12 15 -13 14 -15 15 -12 14 -13 16 -13 15 -12 12 -10 15 -8 15 -11 15 -8 14 -9 13 -10 13 -7 14 -10 14 -8 14 -11 14 -8 16 -1 18 -8 14 -8 14 -7 13 -6 13 -8 12 -7 12 -7 12 -6 11 -6 11 -7 11 -8 11 -7 10 -7 9 -6 9 -6 9 -6 8 -5 9 -6 8 -4 7 -5 7 -4 7 -4 6 -4 5 -4 5 -5 5 -4 4 0 0 -1 -1 -1 -1 -1 -1 -1 -1 -1 -1 -1 -1 -1 -1 0 0 0 0 -1 -1 -14 -39 -12 -36 -13 -38 -10 -39 -10 -39 -8 -36 -9 -40 -7 -36 -10 -40 -5 -41 -3 -43 -3 -41 -3 -45 -2 -43 1 -37 -3 -40 -5 -37 -1 -40 -2 -35 -1 -34 0 -35 -3 -34 1 -34 0 -35 2 -38 -3 -35 -14 -34 -2 -33 -4 -33 -4 -31 -5 -29 -4 -31 -4 -30 -5 -30 -6 -30 -8 -30 -7 -27 -8 -29 -7 -28 -8 -28 -9 -27 -12 -26 -10 -25 -13 -28 -11 -24 -12 -22 -11 -23 -13 -22 -13 -22 -13 -24 -13 -24 -12 -24 -12 -22 -23 -18 -26 -18 -25 -17 -27 -11 -1 -1 ]
CSI_DATA,STA,08:3A:F2:51:5D:9D,-50,11,1,2,1,1,1,0,0,0,0,-93,0,6,1,3474379,0,110,0,0,3.693192,384,[110 96 6 0 0 0 0 0 0 0 0 0 4 22 3 21 4 23 2 25 2 24 0 21 0 23 -1 22 -1 23 -1 23 -2 24 -2 25 -2 24 -3 23 -4 22 -2 25 -3 21 -4 21 -3 20 -3 20 -4 20 -3 21 -4 19 -3 20 -3 22 -2 19 0 0 -2 20 0 20 0 20 1 19 -1 18 1 18 0 19 1 17 2 18 3 16 3 17 2 16 3 16 4 16 3 16 5 16 5 17 6 14 5 15 6 13 5 15 5 14 6 15 7 13 5 14 6 13 0 0 0 0 0 0 0 0 0 0 -1 -1 -1 -1 3 -27 2 -29 0 -28 -2 -25 9 -22 7 -19 7 -21 8 -21 6 -20 6 -18 5 -20 5 -18 4 -20 4 -20 6 -20 4 -19 4 -22 4 -20 4 -18 1 -19 0 -19 2 -19 0 -17 1 -17 2 -18 0 -17 2 -18 -1 -18 2 -19 0 -19 -7 -18 0 -18 -1 -18 -2 -16 -1 -16 0 -16 -1 -16 -1 -15 -1 -15 0 -14 0 -14 0 -14 0 -13 0 -13 0 -12 -1 -12 0 -11 -1 -12 0 -10 -1 -9 1 -9 -1 -8 -1 -8 0 -8 0 -8 0 -7 0 -6 0 0 -1 -1 -1 -1 -1 -1 -1 -1 -1 -1 -1 -1 -1 -1 0 0 0 0 -1 -1 23 32 21 30 22 31 20 33 19 34 17 31 19 34 16 31 20 35 15 36 14 40 14 37 15 41 14 39 9 34 14 36 15 32 11 36 12 31 10 32 10 32 12 31 9 31 11 32 9 35 12 31 24 26 12 30 14 30 14 27 14 25 12 26 14 26 14 26 15 24 17 24 14 23 17 24 15 23 18 22 17 21 19 20 17 20 21 20 17 17 18 15 18 17 19 15 20 15 19 17 20 17 19 16 18 15 27 8 30 6 29 5 29 1 -1 -1 ]
CSI_DATA,STA,08:3A:F2:51:5D:9D,-50,11,1,2,1,1,1,0,0,0,0,-93,0,6,1,3474917,0,110,0,0,3.703151,384,[110 96 6 0 0 0 0 0 0 0 0 0 -23 0 -23 -1 -25 0 -26 -2 -25 -3 -23 -3 -24 -4 -23 -4 -23 -5 -23 -5 -25 -6 -25 -6 -24 -6 -24 -7 -22 -8 -25 -6 -22 -7 -21 -7 -21 -7 -20 -7 -20 -7 -21 -7 -18 -7 -20 -6 -22 -7 -20 -5 0 0 -20 -5 -20 -4 -21 -3 -20 -2 -19 -5 -19 -3 -20 -4 -18 -3 -19 -2 -17 0 -18 1 -17 -1 -18 0 -17 1 -17 0 -17 2 -19 1 -16 3 -16 3 -15 3 -16 2 -16 2 -17 3 -16 4 -16 3 -15 4 0 0 0 0 0 0 0 0 0 0 -1 -1 -1 -1 22 15 23 15 24 11 23 9 18 15 16 13 17 13 17 15 17 12 15 12 17 12 16 10 18 10 18 10 17 12 17 9 19 11 18 10 16 10 18 7 18 5 17 8 17 5 16 7 16 8 16 6 16 7 17 5 17 8 17 5 18 0 17 5 17 5 16 4 15 3 14 5 15 5 14 4 14 4 14 4 12 4 13 4 12 5 12 4 11 4 11 3 10 3 10 3 9 3 8 2 8 3 7 1 7 2 6 2 6 2 6 2 5 2 0 0 -1 -1 -1 -1 -1 -1 -1 -1 -1 -1 -1 -1 -1 -1 0 0 0 0 -1 -1 -41 14 -38 12 -40 13 -42 10 -41 10 -38 7 -42 8 -39 7 -43 9 -43 4 -45 3 -43 3 -47 3 -45 2 -41 -1 -41 3 -39 4 -41 0 -37 2 -37 0 -38 0 -37 2 -36 -1 -37 1 -40 -2 -37 3 -34 12 -36 3 -36 5 -33 5 -31 6 -33 4 -33 5 -32 5 -32 7 -32 9 -28 8 -30 10 -29 8 -30 10 -28 10 -27 13 -27 11 -29 15 -24 12 -23 13 -24 13 -22 14 -24 15 -24 14 -25 15 -24 14 -23 14 -18 21 -18 25 -17 24 -14 27 -1 -1 ]
CSI_DATA,STA,08:3A:F2:51:5D:9D,-50,11,1,2,1,1,1,0,0,0,0,-93,0,6,1,3475514,0,110,0,0,3.713404,384,[110 96 6 0 0 0 0 0 0 0 0 0 -4 -23 -4 -23 -5 -24 -3 -26 -3 -25 -2 -23 -1 -24 -1 -23 0 -24 1 -24 2 -25 1 -26 2 -25 2 -25 3 -23 2 -25 3 -22 3 -22 2 -21 2 -21 3 -21 2 -22 4 -19 2 -21 2 -23 1 -20 0 0 1 -21 -1 -20 0 -20 -2 -20 0 -19 -1 -20 0 -20 -2 -18 -2 -19 -4 -17 -4 -18 -2 -18 -3 -18 -4 -17 -4 -17 -5 -17 -5 -19 -6 -15 -6 -16 -7 -14 -5 -16 -6 -16 -7 -16 -7 -15 -5 -15 -7 -14 0 0 0 0 0 0 0 0 0 0 -1 -1 -1 -1 -9 26 -9 26 -6 26 -3 25 -13 20 -11 18 -10 19 -12 19 -9 18 -9 16 -9 19 -7 17 -7 19 -8 19 -10 19 -7 18 -8 21 -7 19 -7 17 -4 18 -3 18 -6 19 -2 17 -4 16 -5 17 -2 16 -5 17 -3 17 -5 18 -3 18 3 19 -3 17 -2 17 -1 15 -1 15 -2 14 -2 14 -2 14 -2 13 -2 14 -3 13 -3 13 -3 12 -2 12 -2 11 -2 11 -2 10 -1 11 -2 9 -2 8 -2 8 -1 7 -1 7 -1 6 -1 6 -2 5 -3 5 0 0 -1 -1 -1 -1 -1 -1 -1 -1 -1 -1 -1 -1 -1 -1 0 0 0 0 -1 -1 -21 -39 -19 -35 -21 -37 -17 -39 -18 -39 -14 -36 -17 -40 -14 -36 -17 -41 -12 -42 -11 -44 -11 -42 -11 -46 -10 -44 -7 -39 -12 -40 -12 -37 -9 -41 -10 -35 -8 -36 -8 -35 -10 -35 -6 -35 -8 -36 -6 -39 -10 -35 -19 -32 -9 -34 -12 -33 -12 -31 -12 -29 -11 -30 -13 -30 -12 -30 -14 -29 -17 -29 -14 -27 -16 -28 -14 -27 -16 -27 -16 -25 -18 -25 -17 -24 -21 -25 -17 -21 -18 -19 -17 -21 -19 -19 -20 -20 -19 -21 -20 -22 -19 -21 -18 -20 -26 -13 -29 -12 -28 -11 -30 -6 -1 -1 ]
CSI_DATA,STA,08:3A:F2:51:5D:9D,-51,11,1,2,1,1,1,0,0,0,0,-93,0,6,1,3507393,0,110,0,0,3.724622,384,[110 96 6 0 0 0 0 0 0 0 0 0 -20 -11 -19 -11 -21 -12 -21 -15 -20 -14 -17 -13 -18 -15 -17 -14 -18 -15 -17 -15 -18 -17 -18 -17 -18 -17 -17 -17 -15 -17 -17 -17 -15 -16 -14 -16 -14 -15 -14 -16 -14 -16 -15 -16 -12 -15 -14 -15 -15 -16 -15 -14 0 0 -15 -14 -15 -13 -15 -13 -15 -12 -14 -13 -15 -12 -15 -13 -14 -11 -15 -11 -15 -9 -15 -9 -14 -9 -15 -9 -15 -8 -15 -8 -15 -7 -17 -8 -15 -6 -15 -6 -14 -5 -15 -6 -15 -6 -16 -6 -15 -5 -15 -6 -14 -4 0 0 0 0 0 0 0 0 0 0 -1 -1 -1 -1 15 21 16 22 17 19 16 16 7 20 6 18 8 19 7 20 8 18 7 16 9 17 8 15 10 16 9 16 8 18 9 15 11 18 10 16 8 15 11 13 12 11 10 14 11 11 10 12 9 13 11 11 9 12 11 12 10 14 11 12 15 7 10 12 11 12 10 10 10 9 9 10 10 10 9 9 9 9 9 9 8 9 8 9 8 9 7 8 7 8 7 6 6 7 7 7 5 6 5 5 4 5 5 4 4 4 4 4 4 5 3 4 3 4 -1 -1 -1 -1 -1 -1 -1 -1 -1 -1 -1 -1 -1 -1 -1 -1 -1 -1 0 0 0 0 -41 -7 -37 -7 -40 -7 -39 -10 -39 -10 -35 -10 -40 -11 -35 -11 -40 -11 -38 -16 -39 -18 -38 -17 -41 -19 -39 -18 -33 -18 -36 -15 -34 -13 -36 -18 -32 -14 -32 -16 -31 -16 -32 -13 -30 -17 -32 -16 -33 -19 -33 -14 -36 -4 -31 -13 -32 -11 -30 -10 -28 -9 -29 -10 -30 -9 -29 -9 -30 -7 -30 -6 -28 -7 -30 -5 -28 -6 -30 -4 -28 -3 -28 -1 -27 -3 -31 0 -25 -1 -25 2 -25 1 -25 2 -26 2 -26 1 -28 1 -26 2 -25 1 -24 12 -26 15 -24 14 -23 19 -1 -1 ]
CSI_DATA,STA,08:3A:F2:51:5D:9D,-45,11,0,0,0,0,0,0,0,0,0,-93,0,6,1,3548124,0,110,0,0,3.735614,128,[110 96 6 0 0 0 0 0 0 0 0 0 -27 -5 -27 -6 -28 -6 -30 -6 -28 -7 -26 -9 -27 -9 -25 -10 -26 -10 -25 -10 -28 -9 -28 -10 -27 -10 -26 -10 -24 -11 -27 -10 -24 -11 -22 -11 -23 -11 -22 -10 -22 -10 -23 -10 -20 -10 -22 -8 -24 -8 -23 -7 0 0 -22 -6 -22 -6 -23 -6 -23 -5 -21 -5 -21 -5 -22 -5 -21 -4 -20 -3 -20 -3 -22 -1 -20 -1 -20 -1 -21 -2 -20 -2 -21 -2 -22 -1 -20 -1 -20 0 -21 0 -18 0 -20 -1 -19 -1 -19 1 -17 1 -18 2 0 0 0 0 0 0 0 0 0 0 ]
CSI_DATA,STA,08:3A:F2:51:5D:9D,-50,11,1,1,1,1,1,0,0,0,0,-93,0,6,1,3558825,0,110,0,0,3.739795,384,[110 96 6 0 0 0 0 0 0 0 0 0 -13 -17 -12 -17 -13 -18 -13 -20 -12 -19 -10 -18 -10 -20 -9 -19 -9 -19 -9 -20 -8 -21 -9 -22 -8 -21 -7 -21 -6 -20 -8 -22 -6 -19 -6 -19 -6 -18 -6 -18 -5 -19 -6 -19 -4 -17 -6 -18 -6 -20 -7 -17 0 0 -7 -17 -8 -17 -8 -17 -9 -16 -6 -16 -8 -16 -8 -17 -8 -15 -9 -15 -9 -13 -9 -13 -8 -14 -9 -14 -9 -13 -9 -13 -10 -12 -11 -14 -10 -10 -10 -11 -10 -10 -9 -12 -10 -11 -11 -12 -11 -10 -10 -11 -10 -9 0 0 0 0 0 0 0 0 0 0 -1 -1 -1 -1 -3 24 -1 24 2 25 2 22 -6 19 -5 19 -4 19 -5 20 -4 19 -4 17 -3 19 -2 17 -2 19 -3 18 -3 18 -1 18 -1 19 -1 18 -2 16 0 17 2 16 0 17 2 15 0 16 -1 16 1 16 0 15 3 16 0 17 2 16 5 15 1 15 1 15 2 14 2 14 1 14 2 14 1 13 1 13 1 12 1 12 1 12 0 12 1 11 1 11 1 10 1 9 1 10 0 8 0 8 0 8 0 7 1 7 0 6 0 6 -1 5 -1 5 0 0 0 0 -1 -1 -1 -1 -1 -1 -1 -1 -1 -1 0 0 0 0 -1 -1 -1 -1 -29 -22 -29 -22 -31 -24 -30 -26 -29 -26 -26 -26 -28 -28 -25 -27 -28 -29 -24 -30 -24 -32 -25 -31 -27 -32 -25 -32 -20 -30 -22 -30 -23 -29 -22 -30 -20 -26 -20 -29 -19 -28 -21 -27 -18 -28 -20 -28 -19 -31 -20 -26 -26 -21 -19 -26 -20 -24 -22 -23 -21 -22 -21 -23 -22 -22 -21 -23 -22 -21 -23 -20 -22 -18 -23 -19 -21 -20 -23 -18 -22 -18 -23 -15 -23 -15 -26 -16 -22 -13 -22 -12 -23 -12 -22 -12 -23 -12 -23 -14 -24 -12 -22 -13 -23 -12 -25 -5 -28 -2 -28 -3 -27 1 -1 -1 ]
CSI_DATA,STA,08:3A:F2:51:5D:9D,-51,11,1,2,1,1,1,0,0,0,0,-93,0,6,1,3559105,0,110,0,0,3.750800,384,[110 96 6 0 0 0 0 0 0 0 0 0 -7 -20 -7 -19 -8 -21 -7 -22 -7 -22 -5 -20 -4 -21 -4 -20 -4 -21 -3 -21 -2 -23 -3 -23 -2 -22 -1 -22 -1 -20 -2 -23 -1 -20 -1 -20 -1 -18 -1 -19 0 -19 -1 -20 0 -19 -1 -19 0 -21 -2 -18 0 0 -3 -19 -3 -18 -3 -18 -5 -19 -1 -17 -3 -18 -2 -19 -4 -17 -5 -19 -5 -15 -5 -16 -2 -17 -4 -15 -7 -13 -5 -16 -7 -14 -8 -15 -7 -12 -7 -13 -5 -13 -6 -14 -6 -14 -6 -13 -9 -12 -4 -13 -7 -12 0 0 0 0 0 0 0 0 0 0 -1 -1 -1 -1 -7 23 -6 21 -4 24 -3 21 -10 19 -9 17 -8 17 -10 18 -8 17 -8 15 -7 17 -6 15 -6 17 -7 17 -8 17 -6 16 -6 18 -6 17 -7 15 -3 17 -2 16 -5 16 -2 15 -4 15 -4 15 -2 15 -5 14 -2 15 -5 16 -2 16 2 16 -3 15 -2 15 -1 14 -1 13 -2 13 -2 13 -2 13 -2 12 -2 12 -3 12 -3 12 -3 11 -2 11 -2 10 -2 10 -2 9 -2 10 -3 8 -2 8 -3 8 -2 7 -1 6 -2 6 -2 5 -2 5 -2 4 0 0 0 0 -1 -1 -1 -1 -1 -1 -1 -1 -1 -1 0 0 0 0 -1 -1 -1 -1 -25 -29 -22 -28 -24 -28 -22 -31 -22 -31 -19 -29 -21 -33 -18 -30 -22 -33 -16 -35 -16 -37 -16 -35 -17 -38 -15 -36 -12 -33 -16 -33 -16 -31 -14 -35 -14 -29 -12 -30 -11 -32 -14 -30 -10 -30 -11 -31 -10 -34 -13 -30 -23 -23 -13 -30 -15 -28 -14 -28 -15 -26 -14 -25 -14 -27 -14 -28 -15 -24 -20 -25 -16 -23 -17 -24 -14 -24 -16 -21 -18 -19 -17 -21 -17 -21 -22 -19 -18 -16 -15 -17 -15 -18 -20 -15 -16 -16 -16 -16 -18 -17 -16 -17 -19 -15 -24 -9 -27 -8 -24 -14 -26 -3 -1 -1 ]
CSI_DATA,STA,08:3A:F2:51:5D:9D,-50,11,1,2,1,1,1,0,0,0,0,-93,0,6,1,3565269,0,110,0,0,3.761935,384,[110 96 6 0 0 0 0 0 0 0 0 0 -21 0 -20 0 -23 1 -24 -1 -23 -1 -20 -2 -22 -3 -20 -3 -21 -3 -21 -4 -22 -5 -23 -5 -22 -5 -21 -6 -19 -6 -23 -5 -19 -5 -19 -6 -18 -5 -18 -5 -19 -6 -19 -6 -18 -7 -19 -6 -20 -6 -18 -4 0 0 -19 -4 -18 -2 -18 -3 -18 -1 -17 -5 -18 -3 -18 -2 -18 -1 -18 -1 -15 2 -15 1 -17 -1 -16 -1 -14 0 -17 0 -16 2 -16 1 -14 3 -15 2 -14 4 -17 2 -14 1 -16 4 -12 5 -15 1 -13 2 0 0 0 0 0 0 0 0 0 0 -1 -1 -1 -1 15 18 17 19 16 16 17 11 14 16 12 14 14 14 14 15 13 14 12 12 15 13 14 10 15 11 14 12 14 13 14 11 16 13 15 12 12 11 16 8 16 6 14 10 15 7 13 8 14 9 14 7 13 9 14 7 14 10 15 7 15 4 14 7 14 7 13 6 13 5 12 7 13 6 12 5 11 6 12 5 11 5 11 6 10 6 10 6 10 5 9 3 8 4 9 4 7 3 7 3 6 3 6 2 6 3 5 4 5 3 5 2 4 2 0 0 0 0 -1 -1 -1 -1 -1 -1 -1 -1 -1 -1 0 0 0 0 -1 -1 -1 -1 -39 9 -36 8 -39 9 -40 6 -40 6 -36 4 -40 4 -36 4 -41 5 -40 0 -43 -2 -41 -1 -44 -2 -42 -2 -37 -4 -39 0 -37 1 -39 -3 -35 -1 -34 -2 -35 -3 -35 0 -35 -5 -35 -3 -37 -6 -34 -1 -33 4 -35 0 -34 2 -31 1 -30 5 -30 -1 -31 1 -31 5 -32 4 -33 6 -27 6 -30 5 -31 5 -29 6 -25 10 -29 9 -27 8 -25 10 -23 7 -24 9 -26 10 -23 10 -24 9 -26 11 -21 12 -26 7 -24 8 -23 14 -18 22 -20 19 -15 19 -1 -1 ]
CSI_DATA,STA,08:3A:F2:51:5D:9D,-50,11,1,2,1,1,1,0,0,0,0,-93,0,6,1,3567316,0,110,0,0,3.772136,384,[110 96 6 0 0 0 0 0 0 0 0 0 -20 7 -19 6 -22 7 -23 5 -22 5 -19 4 -21 4 -20 3 -21 3 -22 2 -23 1 -23 2 -23 1 -22 0 -20 -1 -23 1 -20 0 -20 0 -19 0 -20 0 -19 0 -20 0 -18 -1 -19 0 -21 0 -19 1 0 0 -19 1 -19 3 -18 2 -18 3 -18 0 -16 2 -18 1 -16 4 -16 4 -14 3 -16 3 -15 3 -17 4 -14 5 -14 5 -14 6 -15 6 -14 8 -14 5 -12 6 -15 7 -12 5 -13 5 -12 5 -13 6 -12 8 0 0 0 0 0 0 0 0 0 0 -1 -1 -1 -1 23 4 28 2 23 2 21 -4 20 7 17 6 18 5 17 8 18 5 15 5 17 4 15 3 17 2 17 3 18 5 16 3 19 4 17 3 14 4 17 0 15 -2 17 0 14 -1 14 0 14 1 14 -2 15 1 15 0 16 2 15 -1 15 -6 14 -1 14 -1 12 -1 13 -3 12 -1 12 -2 12 -1 11 -2 11 -2 11 -1 11 0 11 0 10 0 9 0 9 -2 8 -1 8 -2 7 -1 7 -1 6 -1 6 -2 5 -1 5 0 5 -1 5 -1 5 -1 0 0 0 0 -1 -1 -1 -1 -1 -1 -1 -1 -1 -1 0 0 0 0 -1 -1 -1 -1 -33 22 -29 19 -33 21 -33 18 -34 20 -30 16 -34 19 -31 15 -34 20 -37 13 -40 12 -38 11 -42 12 -39 11 -34 8 -35 15 -31 13 -37 12 -30 12 -32 10 -31 10 -30 13 -32 8 -34 8 -36 7 -32 11 -25 19 -30 11 -30 14 -27 12 -26 14 -26 12 -27 14 -25 15 -25 14 -22 19 -21 16 -24 16 -23 15 -25 14 -20 15 -19 19 -19 17 -20 20 -17 15 -15 20 -17 18 -14 17 -15 22 -17 19 -18 19 -17 19 -17 17 -7 23 -9 24 -2 23 0 28 -1 -1 ]
CSI_DATA,STA,08:3A:F2:51:5D:9D,-50,11,1,2,1,1,1,0,0,0,0,-93,0,6,1,3576508,0,110,0,0,3.782334,384,[110 96 6 0 0 0 0 0 0 0 0 0 -21 0 -21 0 -22 0 -24 -2 -22 -2 -20 -3 -21 -3 -20 -4 -21 -4 -21 -4 -22 -5 -23 -5 -22 -6 -22 -7 -20 -7 -22 -6 -19 -7 -19 -7 -18 -6 -18 -6 -18 -7 -19 -7 -17 -7 -18 -6 -20 -7 -18 -5 0 0 -18 -5 -18 -4 -18 -4 -18 -3 -17 -5 -17 -4 -18 -4 -16 -3 -17 -3 -15 -1 -16 -1 -16 -2 -16 -2 -16 -1 -16 -1 -16 0 -17 -1 -14 1 -15 1 -14 2 -15 0 -15 0 -15 1 -15 2 -15 1 -13 2 0 0 0 0 0 0 0 0 0 0 -1 -1 -1 -1 19 15 20 14 22 11 19 9 14 15 12 14 14 13 13 15 12 13 11 12 13 12 13 10 14 11 13 11 13 13 14 10 15 12 14 11 12 11 14 8 15 7 13 10 13 7 12 8 12 9 13 8 12 8 13 7 13 9 14 7 15 3 13 7 13 7 13 6 11 6 11 7 12 7 11 6 11 6 11 6 9 5 10 6 9 6 9 6 9 6 8 4 7 4 8 5 6 4 6 4 6 4 6 3 5 3 5 3 5 3 4 3 4 3 0 0 0 0 -1 -1 -1 -1 -1 -1 -1 -1 -1 -1 0 0 0 0 -1 -1 -1 -1 -36 14 -33 14 -35 13 -37 12 -35 10 -34 8 -36 9 -34 8 -38 9 -37 5 -40 4 -38 4 -42 4 -40 3 -36 1 -36 3 -36 5 -36 1 -33 3 -32 1 -33 1 -32 3 -31 0 -33 1 -36 -1 -32 3 -30 12 -32 2 -31 4 -30 5 -27 4 -29 3 -29 4 -28 4 -28 6 -28 7 -25 5 -27 8 -26 6 -27 8 -25 8 -25 10 -25 9 -26 11 -22 10 -21 10 -21 10 -21 12 -22 11 -22 10 -23 12 -22 11 -21 11 -16 18 -18 22 -17 22 -14 23 -1 -1 ]
CSI_DATA,STA,08:3A:F2:51:5D:9D,-50,11,1,2,1,1,1,0,0,0,0,-93,0,6,1,3581965,0,110,0,0,3.792535,384,[110 96 6 0 0 0 0 0 0 0 0 0 20 2 19 3 22 3 22 5 21 5 19 5 20 6 18 6 19 6 19 7 20 8 21 8 20 8 19 9 17 9 21 8 17 8 17 9 16 8 16 8 16 9 17 8 14 9 16 8 18 9 16 7 0 0 16 7 17 5 17 5 16 4 15 6 16 5 16 6 15 4 16 4 14 2 15 2 14 3 15 2 14 1 15 1 14 0 16 1 13 -1 14 0 13 -1 14 0 14 0 15 0 14 -2 13 0 13 -2 0 0 0 0 0 0 0 0 0 0 -1 -1 -1 -1 -23 -10 -24 -9 -25 -7 -22 -5 -16 -13 -14 -12 -15 -12 -15 -13 -14 -12 -13 -11 -15 -11 -13 -9 -15 -10 -15 -10 -15 -11 -14 -8 -17 -10 -16 -9 -13 -9 -15 -7 -15 -5 -15 -9 -15 -6 -13 -7 -14 -8 -14 -6 -13 -7 -15 -5 -15 -7 -15 -5 -17 2 -14 -5 -15 -5 -13 -5 -13 -4 -13 -5 -13 -5 -12 -5 -12 -5 -12 -5 -11 -4 -11 -5 -10 -5 -10 -5 -10 -5 -10 -3 -9 -4 -10 -4 -9 -3 -7 -3 -7 -4 -7 -3 -6 -3 -6 -3 -6 -3 -6 -3 -5 -2 0 0 0 0 -1 -1 -1 -1 -1 -1 -1 -1 -1 -1 0 0 0 0 -1 -1 -1 -1 32 -14 30 -12 31 -12 32 -10 32 -9 30 -8 33 -9 30 -7 34 -9 33 -5 36 -5 33 -5 38 -5 35 -5 31 -1 32 -5 30 -7 33 -2 29 -4 29 -2 29 -1 28 -3 27 -1 29 -3 31 -1 29 -5 27 -19 28 -4 28 -5 26 -6 24 -6 25 -5 26 -6 25 -6 24 -7 24 -9 21 -7 23 -10 22 -8 23 -10 22 -11 20 -12 20 -10 22 -13 18 -11 18 -12 18 -11 17 -13 18 -13 18 -12 19 -14 17 -13 17 -12 12 -22 11 -27 11 -26 7 -26 -1 -1 ]
CSI_DATA,STA,08:3A:F2:51:5D:9D,-50,11,1,2,1,1,1,0,0,0,0,-93,0,6,1,3582389,0,110,0,0,3.802885,384,[110 96 6 0 0 0 0 0 0 0 0 0 4 19 4 19 4 21 3 23 3 21 1 20 1 21 0 20 0 20 0 20 -1 22 0 22 -1 21 -2 21 -3 19 -1 22 -2 19 -3 19 -2 18 -2 18 -3 18 -2 19 -4 17 -2 18 -2 20 -1 17 0 0 -1 18 0 17 1 18 1 16 -1 16 1 17 0 17 1 15 1 16 2 14 3 15 2 15 3 15 3 14 3 14 5 14 5 15 5 13 5 13 5 12 4 13 4 13 5 13 7 12 5 13 5 12 0 0 0 0 0 0 0 0 0 0 -1 -1 -1 -1 7 -24 6 -24 3 -26 4 -22 10 -19 9 -18 8 -18 9 -19 8 -17 8 -17 7 -18 6 -17 6 -18 6 -18 8 -18 5 -17 5 -20 5 -19 5 -17 3 -18 2 -18 5 -17 2 -17 3 -16 4 -17 2 -16 4 -15 1 -16 3 -17 1 -17 -4 -17 1 -17 1 -16 1 -15 1 -14 1 -15 1 -15 1 -14 1 -14 1 -14 1 -12 1 -13 1 -12 1 -12 1 -12 1 -11 1 -11 0 -11 1 -9 1 -8 1 -8 0 -8 0 -8 0 -7 0 -7 1 -6 1 -6 0 0 0 0 -1 -1 -1 -1 -1 -1 -1 -1 -1 -1 0 0 0 0 -1 -1 -1 -1 21 30 19 29 19 30 18 33 16 32 15 30 16 33 14 30 16 34 13 33 13 37 13 34 13 38 12 37 9 33 11 33 13 32 8 34 10 30 8 30 8 31 9 30 6 29 9 30 7 33 10 29 19 25 10 29 11 28 11 27 10 24 11 26 11 26 11 25 13 24 14 24 11 21 15 23 13 21 15 22 15 21 15 20 15 20 17 21 15 17 16 16 15 17 17 16 16 16 16 16 18 17 17 16 16 16 22 10 27 9 26 8 25 6 -1 -1 ]
CSI_DATA,STA,08:3A:F2:51:5D:9D,-47,11,1,2,0,1,1,0,0,0,0,-93,0,6,1,3582685,0,110,0,0,3.812686,256,[110 96 6 0 0 0 0 0 0 0 0 0 -12 19 -13 17 -14 18 -14 18 -14 18 -15 16 -15 16 -16 15 -16 16 -16 15 -16 16 -17 16 -16 15 -16 15 -16 13 -16 15 -16 12 -16 13 -15 12 -15 12 -15 12 -15 13 -15 12 -14 13 -14 13 -13 13 0 0 -13 12 -12 13 -11 13 -11 13 -11 12 -10 13 -11 13 -10 13 -10 13 -10 13 -9 14 -8 13 -8 13 -8 13 -8 13 -8 13 -8 14 -7 13 -7 13 -7 13 -7 13 -6 13 -6 14 -5 13 -5 13 -6 13 0 0 0 0 0 0 0 0 0 0 -1 -1 -1 -1 0 0 0 0 18 38 16 36 -4 34 -3 34 -6 34 -5 35 -7 35 -8 34 -8 36 -9 33 -10 34 -11 34 -11 36 -11 32 -11 34 -11 33 -13 33 -11 32 -13 31 -13 29 -11 29 -12 29 -12 27 -12 30 -11 27 -10 28 -10 27 -9 26 -1 -1 -7 26 -8 29 -6 26 -7 28 -6 25 -5 26 -4 25 -5 26 -4 25 -3 27 -2 27 -2 25 -1 25 -2 24 -1 23 0 24 -1 25 1 24 0 24 2 24 1 24 1 22 3 23 3 22 3 23 3 22 15 19 16 19 -1 -1 -1 -1 -1 -1 ]
CSI_DATA,STA,08:3A:F2:51:5D:9D,-46,11,1,2,0,1,1,0,0,0,0,-93,0,6,1,3582999,0,110,0,0,3.819895,256,[110 96 6 0 0 0 0 0 0 0 0 0 -5 8 -6 8 -6 8 -6 8 -6 7 -6 7 -7 7 -7 7 -7 6 -7 6 -7 7 -7 7 -7 6 -7 6 -7 5 -7 6 -7 5 -7 5 -7 5 -7 5 -7 5 -7 5 -7 4 -7 5 -7 5 -6 5 0 0 -6 5 -6 5 -6 6 -6 5 -6 5 -5 4 -5 5 -6 5 -5 5 -6 5 -5 6 -5 5 -4 5 -5 5 -5 5 -5 5 -5 5 -4 5 -4 5 -4 5 -4 5 -4 4 -4 5 -3 5 -4 5 -4 5 0 0 0 0 0 0 0 0 0 0 -1 -1 -1 -1 0 0 0 0 2 18 1 16 -5 15 -5 16 -5 15 -6 16 -6 15 -6 15 -7 16 -8 14 -8 14 -8 14 -8 15 -8 14 -8 14 -9 14 -8 13 -9 13 -10 13 -9 12 -8 12 -9 12 -8 11 -9 12 -8 11 -8 11 -8 11 -8 11 -1 -1 -7 11 -8 12 -6 11 -7 11 -6 11 -5 11 -5 11 -6 11 -5 10 -6 11 -5 12 -5 11 -4 11 -5 10 -4 10 -4 10 -5 10 -4 11 -4 11 -3 9 -4 10 -3 10 -3 10 -2 10 -3 10 -3 10 1 10 2 12 -1 -1 -1 -1 -1 -1 ]
CSI_DATA,STA,08:3A:F2:51:5D:9D,-50,11,1,1,1,1,1,0,0,0,0,-93,0,6,1,3584793,0,110,0,0,3.826456,384,[110 96 6 0 0 0 0 0 0 0 0 0 -10 18 -10 17 -11 19 -13 19 -12 18 -12 16 -13 16 -13 15 -14 15 -14 15 -15 16 -16 16 -15 16 -16 15 -15 12 -16 16 -14 13 -15 13 -14 12 -14 12 -14 11 -15 12 -15 10 -14 12 -15 13 -13 13 0 0 -13 12 -12 13 -12 13 -11 13 -12 11 -11 12 -12 13 -10 12 -10 13 -8 13 -8 14 -9 12 -8 13 -8 12 -8 13 -6 13 -8 14 -6 13 -6 13 -5 12 -7 13 -6 12 -6 13 -4 13 -6 12 -5 12 0 0 0 0 0 0 0 0 0 0 -1 -1 -1 -1 23 -6 23 -7 22 -11 20 -8 20 -3 19 -4 19 -5 20 -4 18 -5 18 -4 18 -6 17 -6 18 -7 17 -6 18 -6 17 -8 17 -9 17 -8 15 -6 16 -8 15 -10 16 -8 13 -9 14 -8 15 -6 14 -8 15 -7 13 -10 14 -8 14 -10 11 -12 14 -9 13 -8 12 -9 12 -9 12 -8 12 -8 12 -7 11 -7 11 -7 10 -7 11 -7 10 -6 10 -6 10 -6 9 -6 9 -6 8 -6 7 -5 7 -5 7 -4 6 -4 6 -4 6 -4 5 -4 5 -3 5 -4 0 0 0 0 -1 -1 -1 -1 -1 -1 -1 -1 -1 -1 0 0 0 0 -1 -1 -1 -1 -9 35 -9 35 -11 36 -14 37 -14 35 -14 32 -15 35 -15 33 -17 36 -18 33 -19 34 -17 35 -18 36 -20 35 -20 29 -20 31 -19 32 -20 30 -17 28 -20 28 -19 27 -19 29 -18 26 -17 29 -20 28 -15 28 -9 31 -17 27 -15 26 -14 28 -13 27 -14 27 -13 27 -13 26 -12 27 -12 27 -9 26 -9 28 -9 26 -7 27 -8 26 -6 26 -5 27 -6 28 -4 25 -4 24 -3 25 -3 24 -3 24 -3 25 -2 25 -3 24 -3 25 3 24 8 26 7 26 8 24 -1 -1 ]
CSI_DATA,STA,08:3A:F2:51:5D:9D,-50,11,1,1,1,1,1,0,0,0,0,-93,0,6,1,3600302,0,110,0,0,3.836973,384,[110 96 6 0 0 0 0 0 0 0 0 0 -15 14 -15 14 -16 15 -18 14 -17 14 -16 12 -18 13 -17 11 -17 12 -18 11 -19 11 -20 12 -19 11 -19 10 -18 8 -19 12 -18 9 -18 8 -17 9 -17 8 -17 9 -17 9 -17 7 -17 9 -18 9 -16 10 0 0 -15 11 -14 12 -14 11 -14 11 -14 8 -13 10 -15 11 -11 11 -13 12 -10 11 -10 12 -11 10 -10 11 -10 11 -9 11 -8 12 -10 14 -7 12 -8 12 -5 12 -9 12 -7 12 -8 13 -5 12 -7 12 -6 12 0 0 0 0 0 0 0 0 0 0 -1 -1 -1 -1 23 -8 26 -7 23 -10 19 -13 21 -3 18 -4 19 -5 20 -5 18 -4 16 -5 17 -7 17 -6 18 -8 18 -6 19 -5 17 -6 18 -8 16 -7 16 -5 15 -8 14 -11 16 -9 12 -10 14 -9 13 -6 14 -8 14 -9 14 -10 15 -8 13 -10 11 -13 12 -10 10 -10 10 -9 12 -9 11 -9 9 -10 10 -8 9 -9 10 -9 10 -8 11 -8 9 -7 9 -7 8 -9 8 -8 7 -8 8 -6 7 -5 7 -6 7 -4 5 -5 5 -6 5 -5 5 -4 5 -5 4 -4 0 0 -1 -1 -1 -1 -1 -1 -1 -1 -1 -1 -1 -1 -1 -1 0 0 0 0 -1 -1 -18 32 -18 29 -19 33 -21 31 -21 33 -20 27 -22 32 -21 28 -22 32 -26 28 -29 28 -27 28 -27 30 -28 28 -26 23 -25 27 -25 26 -23 27 -20 24 -24 24 -23 24 -23 25 -24 22 -23 25 -27 23 -22 24 -19 29 -21 25 -18 26 -18 24 -16 25 -16 22 -16 25 -17 23 -13 24 -13 28 -13 25 -12 26 -13 24 -11 25 -10 24 -7 24 -9 23 -9 28 -4 22 -4 23 -3 25 -6 22 -4 24 -7 26 -5 23 -5 24 -6 24 0 25 3 27 4 25 10 25 -1 -1 ]
CSI_DATA,STA,08:3A:F2:51:5D:9D,-52,11,1,1,1,1,1,0,0,0,0,-91,0,6,1,3807908,0,110,0,0,3.974429,384,[110 96 6 0 0 0 0 0 0 0 0 0 19 -6 19 -5 21 -6 22 -4 22 -4 19 -3 21 -3 19 -2 20 -2 20 -1 22 -1 22 -1 21 -1 21 0 19 1 22 -1 19 0 19 1 18 0 18 0 18 1 18 0 17 1 18 0 20 0 17 -1 0 0 17 -1 17 -3 17 -2 16 -4 16 -1 17 -3 17 -2 15 -3 16 -4 14 -5 15 -6 14 -4 14 -5 13 -5 14 -5 13 -7 15 -7 12 -7 12 -7 11 -8 13 -7 12 -7 13 -8 11 -8 12 -7 10 -8 0 0 0 0 0 0 0 0 0 0 -1 -1 -1 -1 -25 1 -24 2 -25 5 -21 4 -18 -6 -18 -5 -18 -4 -19 -5 -18 -4 -17 -4 -18 -2 -17 -1 -18 -2 -18 -3 -18 -3 -17 -1 -19 0 -18 -1 -16 -2 -16 0 -16 2 -16 1 -15 1 -15 1 -15 0 -15 1 -15 0 -15 3 -16 0 -15 3 -14 9 -15 2 -15 2 -14 2 -14 3 -14 2 -13 2 -13 2 -13 2 -12 2 -12 2 -12 1 -12 1 -11 1 -11 1 -10 2 -10 2 -10 2 -8 1 -8 1 -8 1 -7 1 -7 1 -6 0 -6 0 -6 0 -6 0 -1 -1 -1 -1 -1 -1 -1 -1 -1 -1 -1 -1 -1 -1 -1 -1 -1 -1 -1 -1 0 0 23 -22 23 -22 26 -23 27 -22 28 -21 26 -19 27 -20 25 -19 29 -21 29 -17 32 -17 30 -18 30 -20 31 -18 28 -14 29 -15 28 -17 28 -16 25 -15 27 -14 26 -13 26 -15 25 -13 26 -15 29 -14 24 -16 18 -27 24 -16 23 -15 22 -17 21 -16 21 -17 21 -17 20 -16 19 -18 19 -19 17 -18 18 -19 18 -17 17 -20 17 -20 13 -20 14 -20 15 -22 12 -19 11 -19 11 -20 10 -19 11 -20 12 -20 12 -20 11 -20 11 -21 0 -24 -1 -29 -2 -28 -4 -26 -1 -1 ]
CSI_DATA,STA,08:3A:F2:51:5D:9D,-49,11,1,1,0,1,1,0,0,0,0,-91,0,6,1,3821331,0,110,0,0,3.987886,256,[110 96 6 0 0 0 0 0 0 0 0 0 17 -11 17 -10 18 -10 18 -10 19 -9 18 -8 18 -8 18 -8 19 -7 19 -7 19 -7 19 -7 19 -6 19 -6 18 -5 19 -6 17 -5 17 -5 17 -5 17 -5 16 -4 16 -5 16 -4 16 -6 16 -6 15 -6 0 0 14 -6 15 -7 14 -7 14 -7 13 -7 13 -7 13 -8 13 -7 13 -8 12 -8 12 -8 11 -8 11 -8 12 -8 11 -8 11 -9 11 -10 10 -9 11 -9 10 -9 10 -9 10 -9 9 -9 9 -10 9 -9 9 -9 0 0 0 0 0 0 0 0 0 0 -1 -1 -1 -1 -1 -1 0 0 22 -30 23 -27 28 -24 29 -23 30 -22 32 -24 30 -20 32 -20 33 -20 32 -18 33 -18 32 -17 33 -18 34 -19 32 -18 33 -18 32 -15 33 -16 33 -15 30 -12 31 -13 30 -14 30 -12 29 -12 27 -13 27 -16 27 -16 26 -14 -1 -1 26 -14 24 -15 24 -15 23 -15 23 -15 24 -17 22 -16 22 -17 22 -17 21 -19 19 -19 19 -18 19 -19 21 -18 18 -17 18 -18 17 -19 17 -19 17 -19 17 -19 16 -20 16 -19 15 -19 14 -20 14 -20 14 -21 12 -18 11 -22 -1 -1 -1 -1 -1 -1 ]
CSI_DATA,STA,08:3A:F2:51:5D:9D,-48,11,1,1,0,1,1,0,0,0,0,-91,0,6,1,3827487,0,110,0,0,3.995580,256,[110 96 6 0 0 0 0 0 0 0 0 0 -5 -9 -5 -9 -5 -10 -5 -9 -4 -10 -4 -9 -4 -9 -4 -9 -4 -9 -4 -10 -4 -10 -4 -10 -4 -10 -3 -10 -3 -9 -3 -10 -2 -9 -2 -10 -2 -9 -3 -9 -2 -9 -2 -9 -3 -8 -3 -8 -3 -9 -3 -8 0 0 -3 -8 -3 -8 -3 -8 -4 -8 -3 -7 -4 -7 -4 -7 -4 -7 -4 -7 -4 -7 -4 -7 -4 -6 -4 -6 -4 -7 -4 -6 -4 -6 -5 -7 -4 -6 -4 -6 -4 -6 -4 -6 -4 -6 -5 -6 -5 -6 -4 -6 -5 -5 0 0 0 0 0 0 0 0 0 0 -1 -1 -1 -1 -1 -1 0 0 -6 -18 -6 -17 -8 -17 -8 -16 -8 -18 -8 -18 -6 -18 -6 -17 -7 -18 -6 -19 -5 -18 -5 -18 -5 -18 -4 -19 -4 -18 -4 -18 -4 -18 -4 -18 -3 -18 -3 -16 -3 -16 -5 -18 -2 -16 -4 -16 -3 -16 -4 -16 -5 -16 -4 -14 -1 -1 -3 -14 -5 -14 -4 -14 -5 -15 -6 -13 -5 -14 -6 -13 -6 -14 -5 -14 -7 -14 -7 -13 -6 -12 -6 -12 -6 -13 -7 -11 -7 -11 -8 -12 -7 -11 -8 -12 -7 -10 -9 -11 -7 -11 -8 -10 -7 -10 -7 -11 -8 -11 -7 -8 -6 -9 -1 -1 -1 -1 -1 -1 ]
CSI_DATA,STA,08:3A:F2:51:5D:9D,-52,11,1,1,1,1,1,0,0,0,0,-91,0,6,1,3830475,0,110,0,0,4.3970,384,[110 96 6 0 0 0 0 0 0 0 0 0 18 9 17 9 19 10 19 12 19 12 15 11 17 12 15 12 16 13 16 13 16 15 17 15 16 15 15 15 13 14 16 15 13 13 13 14 12 13 12 13 12 13 13 14 11 13 12 13 13 14 13 12 0 0 13 12 14 11 13 11 14 10 12 10 13 10 14 11 12 8 13 9 13 7 14 7 12 8 13 7 13 6 13 7 13 5 15 6 13 4 13 4 13 3 13 5 13 5 14 5 14 3 13 5 12 3 0 0 0 0 0 0 0 0 0 0 -1 -1 -1 -1 -17 -19 -18 -20 -19 -16 -18 -14 -8 -19 -8 -17 -10 -18 -9 -18 -9 -17 -8 -15 -10 -16 -9 -15 -10 -15 -10 -16 -9 -17 -10 -15 -12 -15 -11 -15 -9 -14 -11 -13 -11 -12 -12 -13 -12 -11 -11 -13 -10 -12 -12 -12 -11 -13 -12 -12 -11 -14 -12 -12 -16 -7 -11 -11 -11 -11 -11 -10 -11 -10 -10 -10 -10 -10 -10 -10 -10 -9 -9 -9 -9 -9 -9 -9 -8 -9 -9 -9 -7 -8 -8 -7 -7 -7 -8 -8 -6 -7 -6 -6 -6 -6 -5 -6 -5 -6 -5 -5 -5 -5 -4 -5 -4 -5 0 0 0 0 -1 -1 -1 -1 -1 -1 -1 -1 -1 -1 0 0 0 0 -1 -1 -1 -1 34 0 32 2 35 1 34 3 36 4 31 5 35 4 31 5 36 5 34 10 35 11 35 10 37 9 35 11 29 11 33 10 30 8 32 9 27 8 29 11 27 10 30 9 28 10 29 9 30 13 29 8 33 -3 27 8 28 7 27 5 27 5 26 5 27 4 26 4 26 2 27 2 25 2 27 2 26 3 26 0 25 1 24 -3 23 -2 27 -4 21 -2 22 -5 23 -5 22 -4 22 -5 24 -4 23 -4 22 -3 23 -4 21 -15 21 -18 20 -17 18 -21 -1 -1 ]
CSI_DATA,STA,08:3A:F2:51:5D:9D,-52,11,1,1,1,1,1,0,0,0,0,-91,0,6,1,3830807,0,110,0,0,4.14464,384,[110 96 6 0 0 0 0 0 0 0 0 0 -11 21 -11 19 -11 22 -14 21 -14 21 -13 18 -14 19 -14 18 -14 18 -16 18 -17 18 -17 19 -17 18 -18 17 -17 15 -17 19 -16 15 -17 15 -15 14 -15 14 -16 14 -16 15 -16 12 -15 14 -17 15 -14 14 0 0 -14 15 -13 16 -13 16 -12 16 -12 13 -12 15 -13 15 -10 14 -11 16 -9 15 -9 16 -9 14 -9 15 -7 15 -8 15 -7 15 -8 17 -5 15 -6 15 -4 14 -6 15 -5 15 -6 16 -4 15 -6 15 -4 14 0 0 0 0 0 0 0 0 0 0 -1 -1 -1 -1 24 -13 24 -15 22 -17 18 -17 22 -7 20 -7 20 -10 21 -8 20 -9 18 -7 19 -11 17 -9 18 -11 19 -10 20 -9 18 -11 18 -12 17 -11 16 -9 16 -12 14 -13 16 -12 12 -12 14 -12 15 -10 14 -12 15 -11 13 -13 15 -12 14 -13 10 -16 13 -12 12 -12 12 -12 12 -12 11 -11 11 -12 11 -10 10 -11 11 -11 10 -10 11 -10 11 -9 9 -9 9 -8 8 -9 8 -7 8 -8 7 -7 6 -7 7 -7 6 -6 5 -6 5 -5 5 -5 5 -4 5 -4 -1 -1 -1 -1 -1 -1 -1 -1 -1 -1 -1 -1 -1 -1 -1 -1 -1 -1 0 0 0 0 -9 39 -8 38 -8 42 -11 40 -11 42 -12 37 -13 41 -13 37 -14 42 -19 39 -21 40 -19 39 -18 41 -20 39 -20 33 -18 38 -17 36 -19 37 -16 32 -19 34 -18 32 -17 34 -19 32 -17 33 -21 33 -15 33 -8 36 -16 31 -14 31 -12 31 -11 31 -11 30 -10 31 -11 31 -8 30 -8 33 -7 31 -7 32 -9 30 -5 31 -6 30 -1 30 -2 29 -1 32 -1 27 1 27 2 28 1 27 2 27 0 29 1 28 0 27 1 28 10 26 13 28 13 27 17 24 -1 -1 ]
CSI_DATA,STA,08:3A:F2:51:5D:9D,-52,11,1,1,1,1,1,0,0,0,0,-91,0,6,1,3831240,0,110,0,0,4.25145,384,[110 96 6 0 0 0 0 0 0 0 0 0 -21 -1 -20 -1 -23 -1 -23 -3 -23 -3 -20 -4 -21 -5 -20 -5 -21 -5 -21 -6 -22 -7 -23 -6 -22 -7 -21 -8 -19 -8 -22 -7 -19 -7 -18 -8 -18 -7 -18 -7 -18 -8 -18 -7 -16 -8 -18 -7 -19 -8 -18 -6 0 0 -18 -6 -18 -4 -18 -5 -18 -4 -16 -5 -17 -4 -18 -5 -16 -4 -17 -3 -16 -1 -16 -1 -15 -2 -16 -2 -15 -1 -16 -1 -16 0 -17 0 -14 1 -15 1 -14 2 -15 1 -15 1 -15 1 -15 3 -15 1 -14 2 0 0 0 0 0 0 0 0 0 0 -1 -1 -1 -1 21 13 21 13 21 10 21 6 14 14 12 12 14 13 13 14 14 12 11 11 15 10 13 10 15 9 14 11 14 12 14 10 16 10 14 10 12 10 15 8 14 6 15 7 13 5 14 7 13 7 14 6 13 8 14 6 14 9 14 6 15 2 13 6 13 6 13 5 13 5 12 6 12 5 12 5 11 4 11 4 10 5 11 6 10 6 10 5 9 5 9 3 8 4 9 3 6 3 7 2 7 3 6 3 6 2 5 3 5 3 4 2 4 2 0 0 0 0 -1 -1 -1 -1 -1 -1 -1 -1 -1 -1 0 0 0 0 -1 -1 -1 -1 -34 10 -32 10 -36 12 -35 8 -37 10 -33 6 -36 8 -33 6 -37 7 -38 2 -40 0 -39 1 -40 3 -39 1 -34 -2 -36 2 -33 2 -36 2 -31 1 -34 0 -31 0 -33 3 -32 -1 -33 0 -36 -3 -32 1 -31 10 -30 1 -31 3 -29 4 -29 4 -29 3 -29 5 -28 4 -28 6 -28 8 -27 7 -28 7 -28 5 -27 8 -26 7 -24 11 -23 9 -26 12 -21 10 -20 12 -21 12 -21 11 -21 12 -23 11 -23 11 -22 10 -22 11 -16 20 -17 22 -16 21 -11 26 -1 -1 ]
CSI_DATA,STA,08:3A:F2:51:5D:9D,-52,11,1,1,1,1,1,0,0,0,0,-91,0,6,1,3831629,0,110,0,0,4.35377,384,[110 96 6 0 0 0 0 0 0 0 0 0 -11 -21 -10 -21 -12 -23 -10 -24 -10 -24 -7 -22 -8 -23 -7 -22 -7 -23 -6 -23 -6 -25 -6 -25 -6 -25 -5 -25 -3 -23 -5 -25 -4 -22 -3 -22 -4 -21 -3 -21 -3 -21 -4 -22 -2 -20 -4 -21 -4 -23 -5 -20 0 0 -4 -21 -6 -20 -6 -20 -7 -19 -4 -19 -6 -19 -6 -20 -6 -17 -7 -18 -8 -15 -8 -16 -7 -16 -8 -17 -9 -15 -8 -16 -9 -15 -10 -17 -10 -13 -10 -14 -10 -12 -9 -14 -9 -14 -10 -14 -11 -13 -9 -14 -10 -12 0 0 0 0 0 0 0 0 0 0 -1 -1 -1 -1 -3 27 -2 28 1 26 2 24 -9 21 -7 20 -6 21 -8 21 -6 21 -6 18 -4 20 -4 19 -4 20 -4 20 -6 20 -4 20 -2 21 -3 20 -4 17 -1 19 0 18 -1 19 1 17 -1 18 -2 17 0 18 -2 18 1 18 -2 19 0 18 5 18 0 17 0 17 1 16 0 16 0 15 1 15 0 15 0 14 0 14 0 14 -1 14 -1 14 0 13 0 12 0 11 0 10 0 11 -1 8 0 8 -1 8 -1 8 0 7 0 7 0 7 -2 6 -1 6 0 0 0 0 -1 -1 -1 -1 -1 -1 -1 -1 -1 -1 0 0 0 0 -1 -1 -1 -1 -30 -28 -28 -27 -32 -29 -29 -31 -30 -32 -25 -30 -27 -32 -25 -30 -28 -34 -23 -37 -23 -38 -24 -37 -26 -38 -23 -38 -18 -35 -22 -35 -21 -33 -22 -35 -19 -30 -19 -34 -17 -31 -21 -32 -17 -33 -19 -32 -18 -35 -20 -31 -28 -26 -18 -30 -20 -29 -20 -27 -20 -27 -20 -26 -22 -26 -20 -26 -22 -24 -23 -24 -22 -22 -23 -23 -21 -24 -23 -22 -22 -22 -24 -18 -23 -18 -27 -20 -22 -16 -23 -15 -24 -15 -23 -15 -25 -14 -25 -16 -24 -16 -23 -16 -23 -16 -29 -7 -31 -4 -30 -4 -31 1 -1 -1 ]
CSI_DATA,STA,08:3A:F2:51:5D:9D,-52,11,1,1,1,1,1,0,0,0,0,-91,0,6,1,3832063,0,110,0,0,4.46491,384,[110 96 6 0 0 0 0 0 0 0 0 0 16 -12 16 -12 18 -13 19 -12 19 -12 17 -9 19 -10 18 -9 18 -9 19 -8 21 -8 21 -9 20 -8 20 -7 19 -5 21 -8 18 -6 18 -5 17 -6 18 -5 17 -5 18 -6 17 -4 17 -5 19 -6 16 -6 0 0 16 -6 16 -7 16 -7 15 -8 15 -6 15 -7 16 -7 13 -7 14 -8 12 -8 13 -9 13 -8 13 -8 12 -9 12 -9 11 -10 13 -11 10 -10 11 -10 9 -10 11 -10 10 -10 11 -10 9 -11 10 -10 9 -10 0 0 0 0 0 0 0 0 0 0 -1 -1 -1 -1 -25 3 -25 3 -24 6 -21 8 -21 -4 -19 -3 -20 -2 -20 -3 -19 -2 -17 -2 -19 0 -17 0 -19 1 -19 -1 -19 -1 -19 0 -20 1 -18 0 -16 0 -17 2 -16 3 -18 3 -15 3 -16 2 -15 1 -16 3 -17 1 -16 3 -17 1 -16 3 -14 9 -15 3 -15 3 -14 3 -14 4 -14 2 -14 3 -13 2 -13 2 -13 3 -13 3 -13 2 -13 1 -11 1 -11 1 -11 2 -10 1 -11 2 -9 1 -8 2 -8 1 -8 1 -7 1 -7 0 -7 0 -7 0 -7 0 0 0 0 0 -1 -1 -1 -1 -1 -1 -1 -1 -1 -1 0 0 0 0 -1 -1 -1 -1 17 -30 17 -28 18 -31 20 -29 21 -30 20 -26 21 -29 20 -26 22 -30 26 -26 28 -26 26 -26 27 -28 27 -26 25 -21 25 -24 23 -24 24 -25 21 -21 24 -22 22 -20 22 -23 23 -20 24 -21 27 -21 22 -22 15 -30 21 -21 20 -21 19 -21 18 -22 18 -21 17 -23 17 -21 15 -22 15 -24 14 -22 16 -23 17 -21 14 -23 14 -22 10 -24 11 -23 11 -26 9 -21 7 -22 7 -23 8 -22 7 -24 10 -23 9 -23 9 -22 8 -23 -1 -26 -3 -28 -3 -27 -8 -26 -1 -1 ]
CSI_DATA,STA,08:3A:F2:51:5D:9D,-52,11,1,1,1,1,1,0,0,0,0,-91,0,6,1,3832542,0,110,0,0,4.57056,384,[110 96 6 0 0 0 0 0 0 0 0 0 18 13 18 13 20 13 19 16 19 15 16 14 17 16 16 15 16 16 15 17 16 19 16 19 15 18 14 19 12 18 16 19 13 17 12 17 12 16 12 17 12 17 13 17 10 16 12 16 13 18 12 15 0 0 13 15 14 14 14 14 13 13 12 14 13 13 13 14 13 11 14 12 13 10 14 10 12 11 13 10 14 9 13 10 14 8 16 10 14 7 14 7 14 6 14 8 14 7 14 7 15 6 13 7 13 6 0 0 0 0 0 0 0 0 0 0 -1 -1 -1 -1 -12 -27 -13 -26 -15 -24 -14 -21 -4 -23 -4 -21 -6 -23 -5 -23 -6 -22 -5 -19 -7 -20 -7 -18 -8 -20 -7 -21 -6 -21 -8 -20 -10 -20 -9 -20 -7 -18 -9 -18 -10 -17 -9 -18 -10 -15 -9 -18 -8 -17 -10 -17 -8 -17 -10 -16 -9 -18 -10 -16 -14 -13 -9 -16 -10 -16 -10 -14 -9 -14 -9 -14 -9 -14 -9 -14 -9 -13 -8 -13 -8 -13 -7 -13 -7 -13 -7 -12 -6 -12 -7 -11 -6 -10 -7 -11 -5 -9 -5 -8 -5 -8 -4 -8 -5 -8 -4 -8 -4 -7 -3 -7 -3 -7 0 0 0 0 -1 -1 -1 -1 -1 -1 -1 -1 -1 -1 0 0 0 0 -1 -1 -1 -1 38 8 36 9 40 9 39 12 40 12 34 13 38 13 35 12 40 14 37 18 37 21 37 19 39 19 37 20 31 20 34 19 33 17 34 18 29 16 31 19 29 17 32 17 29 19 30 18 31 21 30 16 36 7 29 16 29 14 30 13 29 12 29 12 30 11 29 11 29 9 30 9 28 9 30 8 29 10 30 7 29 7 28 3 28 4 32 3 25 3 26 1 27 1 26 1 27 0 28 2 28 1 26 2 27 1 26 -9 29 -12 28 -11 26 -16 -1 -1 ]
CSI_DATA,STA,08:3A:F2:51:5D:9D,-52,11,1,1,1,1,1,0,0,0,0,-91,0,6,1,3832991,0,110,0,0,4.67408,384,[110 96 6 0 0 0 0 0 0 0 0 0 -22 8 -22 7 -24 8 -25 7 -25 6 -22 4 -24 5 -23 3 -24 3 -24 2 -26 2 -26 2 -25 2 -25 0 -23 -1 -26 2 -22 0 -23 0 -21 0 -22 0 -21 -1 -22 0 -20 -2 -21 -1 -23 -1 -21 1 0 0 -21 1 -20 2 -20 2 -20 3 -19 1 -19 3 -20 2 -18 3 -19 4 -17 5 -18 5 -17 3 -17 4 -16 5 -17 5 -16 6 -18 7 -14 7 -15 7 -14 8 -15 6 -15 7 -15 7 -14 8 -15 6 -14 7 0 0 0 0 0 0 0 0 0 0 -1 -1 -1 -1 27 -1 28 -2 27 -5 24 -6 20 7 18 6 19 4 19 6 19 4 17 5 19 3 17 3 19 2 19 3 19 4 18 2 20 1 18 2 16 3 18 1 17 -1 18 0 15 -2 17 0 16 1 16 -1 16 0 16 -2 17 1 17 -2 17 -9 16 -1 15 -1 14 -2 15 -2 14 -1 14 -1 13 -1 13 -1 13 -1 13 -1 13 0 12 0 11 0 11 0 11 -2 9 -1 10 -1 8 0 8 -1 8 0 7 0 7 -1 7 0 5 0 6 0 6 0 0 0 0 0 -1 -1 -1 -1 -1 -1 -1 -1 -1 -1 0 0 0 0 -1 -1 -1 -1 -25 27 -24 25 -26 28 -28 26 -29 27 -27 22 -29 25 -28 22 -31 26 -33 22 -36 21 -34 21 -34 23 -35 21 -32 16 -32 19 -29 19 -32 21 -27 16 -31 17 -29 15 -29 19 -30 15 -30 16 -33 16 -28 18 -21 30 -27 16 -26 17 -25 18 -24 18 -24 17 -24 19 -24 18 -22 19 -22 21 -21 20 -22 21 -23 18 -20 21 -20 20 -16 22 -17 20 -18 24 -15 20 -13 21 -14 22 -13 20 -13 21 -16 22 -15 21 -15 20 -15 21 -3 29 0 30 -1 29 4 30 -1 -1 ]
CSI_DATA,STA,08:3A:F2:51:5D:9D,-52,11,1,1,1,1,1,0,0,0,0,-91,0,6,1,3834601,0,110,0,0,4.77651,384,[110 96 6 0 0 0 0 0 0 0 0 0 23 -4 22 -3 24 -4 26 -2 24 -1 22 0 23 0 22 1 23 1 23 2 24 3 25 2 24 3 24 4 22 5 25 4 22 4 20 5 20 5 19 5 20 6 21 5 18 4 20 4 21 4 19 2 0 0 19 3 19 2 20 2 19 0 18 3 20 0 20 2 17 1 18 -2 16 -3 18 -1 16 -1 17 -2 16 -3 18 -1 16 -3 19 -2 15 -5 16 -4 14 -4 17 -3 16 -3 17 -4 16 -5 16 -3 13 -6 0 0 0 0 0 0 0 0 0 0 -1 -1 -1 -1 -28 -14 -26 -11 -30 -8 -23 -11 -18 -17 -15 -15 -17 -13 -16 -15 -19 -12 -14 -13 -19 -12 -15 -12 -16 -13 -18 -12 -18 -13 -18 -11 -20 -9 -20 -10 -17 -12 -16 -9 -16 -6 -17 -10 -16 -5 -19 -9 -15 -9 -17 -8 -18 -10 -19 -8 -20 -9 -18 -9 -20 -3 -16 -6 -18 -5 -18 -5 -17 -6 -14 -6 -15 -8 -15 -5 -13 -7 -15 -5 -14 -6 -14 -3 -12 -6 -11 -7 -12 -8 -11 -4 -10 -3 -10 -5 -8 -3 -8 -2 -8 -2 -9 -3 -8 -3 -7 -6 -6 -6 -8 -5 -8 -3 0 0 0 0 -1 -1 -1 -1 -1 -1 -1 -1 -1 -1 0 0 0 0 -1 -1 -1 -1 36 -18 34 -17 37 -18 39 -16 40 -15 36 -12 39 -14 36 -12 41 -14 41 -9 43 -8 41 -9 43 -11 43 -8 38 -4 40 -7 38 -8 38 -8 34 -7 37 -6 35 -4 38 -7 35 -4 37 -6 38 -4 35 -7 34 -19 33 -6 33 -6 32 -9 29 -9 32 -10 30 -11 30 -10 29 -10 29 -13 27 -11 30 -12 28 -12 29 -16 26 -14 27 -16 24 -13 27 -16 23 -15 23 -15 23 -17 21 -14 23 -17 25 -16 23 -15 22 -17 24 -18 17 -22 12 -30 17 -26 11 -32 -1 -1 ]
CSI_DATA,STA,08:3A:F2:51:5D:9D,-47,11,0,0,0,0,0,0,0,0,0,-91,0,6,1,3880627,0,110,0,0,4.88433,128,[110 96 6 0 0 0 0 0 0 0 0 0 12 -22 13 -21 13 -22 14 -24 14 -21 15 -19 15 -20 16 -18 16 -19 16 -18 17 -21 17 -20 16 -19 16 -19 16 -16 17 -20 16 -16 16 -15 16 -16 15 -15 15 -14 16 -16 14 -13 13 -17 14 -18 14 -17 0 0 12 -16 12 -17 11 -17 11 -17 10 -16 11 -17 10 -17 10 -16 10 -16 9 -15 9 -18 8 -15 7 -16 8 -17 8 -16 9 -17 6 -17 7 -16 7 -15 7 -16 7 -15 6 -16 6 -17 5 -18 5 -16 5 -15 0 0 0 0 0 0 0 0 0 0 ]
CSI_DATA,STA,08:3A:F2:51:5D:9D,-47,11,0,0,0,0,0,0,0,0,0,-91,0,6,1,3902176,0,110,0,0,4.92426,128,[110 96 6 0 0 0 0 0 0 0 0 0 24 -1 24 0 26 0 26 0 25 1 23 2 24 2 23 3 24 3 24 4 25 3 26 4 24 3 24 4 22 5 25 4 22 5 21 6 21 5 21 4 20 4 21 4 18 4 20 3 22 3 20 2 0 0 20 1 20 1 20 1 20 1 18 0 19 -1 19 -1 18 -1 18 -2 18 -1 19 -2 17 -2 17 -2 18 -3 17 -2 17 -3 18 -4 17 -4 17 -4 16 -4 16 -4 16 -4 16 -5 16 -5 15 -5 15 -5 0 0 0 0 0 0 0 0 0 0 ]
CSI_DATA,STA,08:3A:F2:51:5D:9D,-53,11,1,1,1,1,1,0,0,0,0,-91,0,6,1,3924888,0,110,0,0,4.96009,384,[110 96 6 0 0 0 0 0 0 0 0 0 -21 10 -21 9 -22 10 -24 8 -23 8 -21 6 -23 6 -22 6 -23 6 -23 5 -25 4 -25 5 -24 4 -24 3 -23 2 -25 5 -23 3 -22 2 -21 3 -20 3 -22 2 -21 3 -20 2 -21 3 -21 2 -19 4 0 0 -21 4 -20 6 -20 5 -19 6 -18 5 -18 6 -18 5 -18 6 -18 7 -16 8 -16 8 -15 6 -16 8 -15 8 -17 8 -13 8 -16 8 -12 8 -12 10 -11 9 -13 10 -13 10 -12 10 -13 9 -12 9 -10 9 0 0 0 0 0 0 0 0 0 0 -1 -1 -1 -1 26 6 23 7 27 3 27 0 20 8 20 6 22 6 20 8 22 6 17 4 20 3 18 2 21 1 20 4 20 4 20 3 21 2 21 3 18 3 20 1 19 -2 19 0 18 0 19 0 18 2 18 -1 19 0 19 -1 20 1 18 -2 18 -2 17 -2 17 -2 16 -3 17 -3 15 0 16 -2 14 -3 12 -2 14 -4 13 -1 14 -3 13 0 13 -1 12 1 10 -2 9 -1 12 -2 9 -1 9 -2 8 -1 5 -2 7 0 6 0 7 0 5 -1 7 -2 -1 -1 -1 -1 -1 -1 -1 -1 -1 -1 -1 -1 -1 -1 -1 -1 -1 -1 -1 -1 0 0 -32 25 -31 23 -33 27 -34 23 -36 24 -33 20 -36 23 -33 20 -37 23 -40 18 -41 17 -40 18 -41 19 -41 17 -37 13 -38 17 -36 16 -37 17 -32 14 -35 16 -35 12 -35 16 -35 14 -34 13 -38 10 -33 16 -33 22 -32 15 -31 17 -30 16 -29 18 -27 16 -28 17 -28 18 -27 19 -26 22 -27 19 -25 18 -25 19 -25 22 -23 21 -19 23 -20 20 -22 26 -17 21 -17 22 -18 23 -16 23 -15 25 -19 23 -19 24 -17 22 -15 22 -12 29 -9 27 -8 24 0 28 -1 -1 ]
CSI_DATA,STA,08:3A:F2:51:5D:9D,-52,11,1,1,1,1,1,0,0,0,0,-91,0,6,1,3925307,0,110,0,0,4.106374,384,[110 96 6 0 0 0 0 0 0 0 0 0 -8 -19 -7 -19 -8 -21 -7 -22 -7 -22 -5 -19 -5 -21 -4 -19 -4 -21 -3 -21 -3 -22 -3 -23 -3 -22 -2 -21 -1 -19 -2 -22 -2 -20 0 -20 -2 -18 0 -20 0 -18 0 -20 1 -18 -1 -19 0 -20 -2 -17 0 0 -2 -19 -3 -17 -3 -18 -4 -18 -1 -17 -3 -17 -3 -19 -2 -16 -3 -17 -5 -15 -4 -15 -4 -15 -5 -16 -5 -14 -4 -15 -6 -14 -7 -14 -6 -13 -7 -13 -7 -12 -6 -13 -6 -14 -6 -15 -8 -11 -7 -14 -7 -11 0 0 0 0 0 0 0 0 0 0 -1 -1 -1 -1 -14 22 -9 22 -4 23 -2 19 -11 16 -10 14 -10 17 -12 16 -11 18 -10 14 -8 17 -8 15 -9 17 -8 16 -9 16 -7 16 -6 17 -8 18 -8 14 -7 16 -4 14 -5 14 -5 14 -4 15 -5 15 -4 15 -6 16 -3 15 -6 15 -3 15 2 16 -5 13 -4 15 -4 14 -3 14 -5 13 -3 14 -3 13 -3 12 -3 11 -4 11 -4 11 -3 11 -2 11 -4 10 -4 10 -3 9 -3 10 -3 7 -4 6 -3 7 -2 6 -3 7 -3 4 -4 4 -3 5 -2 6 -1 -1 -1 -1 -1 -1 -1 -1 -1 -1 -1 -1 -1 -1 -1 -1 -1 -1 0 0 0 0 -21 -30 -20 -29 -23 -31 -20 -32 -21 -34 -17 -31 -19 -34 -16 -31 -18 -35 -14 -36 -13 -38 -14 -38 -15 -38 -13 -37 -10 -33 -13 -35 -12 -34 -12 -33 -12 -29 -11 -34 -10 -30 -11 -31 -8 -31 -11 -32 -9 -34 -12 -31 -16 -30 -9 -31 -12 -27 -13 -27 -14 -27 -12 -28 -13 -28 -14 -26 -15 -26 -15 -26 -15 -25 -15 -26 -13 -25 -16 -26 -16 -23 -16 -20 -17 -21 -21 -21 -16 -19 -19 -18 -18 -18 -17 -17 -18 -17 -17 -20 -19 -19 -18 -19 -18 -19 -21 -9 -25 -13 -23 -11 -25 -6 -1 -1 ]
CSI_DATA,STA,08:3A:F2:51:5D:9D,-52,11,1,1,1,1,1,0,0,0,0,-91,0,6,1,3925654,0,110,0,0,4.117572,384,[110 96 6 0 0 0 0 0 0 0 0 0 9 -18 9 -18 9 -19 12 -20 11 -19 11 -17 11 -18 11 -16 12 -17 13 -16 14 -17 14 -18 14 -17 14 -16 14 -14 14 -17 13 -14 12 -14 13 -13 11 -13 12 -13 14 -13 12 -10 11 -14 13 -14 11 -15 0 0 10 -14 10 -14 10 -16 9 -14 10 -13 9 -14 10 -14 8 -12 7 -15 6 -15 6 -14 6 -14 6 -15 6 -13 5 -15 4 -15 4 -15 2 -14 3 -14 2 -13 4 -14 3 -14 3 -15 1 -14 4 -14 3 -13 0 0 0 0 0 0 0 0 0 0 -1 -1 -1 -1 -23 12 -22 13 -20 11 -17 11 -21 6 -20 5 -19 6 -19 5 -19 7 -17 6 -18 8 -15 8 -18 8 -17 7 -18 7 -17 8 -18 9 -16 8 -15 8 -15 9 -13 11 -15 10 -13 10 -13 8 -13 8 -12 11 -14 9 -13 10 -14 9 -14 11 -9 14 -13 10 -13 9 -12 11 -11 11 -11 9 -11 8 -11 7 -9 8 -10 9 -11 8 -11 7 -10 6 -9 5 -9 6 -7 7 -9 5 -8 6 -7 4 -7 6 -7 4 -7 3 -6 3 -6 2 -4 2 -6 2 -6 4 -1 -1 -1 -1 -1 -1 -1 -1 -1 -1 -1 -1 -1 -1 -1 -1 -1 -1 -1 -1 0 0 7 -35 7 -35 7 -37 9 -37 10 -38 10 -33 11 -36 10 -34 12 -37 15 -35 18 -35 17 -35 17 -37 17 -35 16 -31 16 -33 15 -32 14 -33 13 -29 15 -29 14 -29 13 -31 16 -27 15 -31 17 -29 14 -30 9 -32 12 -30 12 -29 9 -30 10 -29 9 -28 7 -28 8 -28 5 -26 4 -29 4 -28 5 -28 7 -28 5 -29 4 -28 1 -28 1 -25 0 -28 -2 -24 -2 -23 -3 -25 -1 -24 -4 -25 -1 -27 -2 -25 -1 -25 -1 -25 -9 -22 -8 -27 -10 -23 -15 -20 -1 -1 ]
CSI_DATA,STA,08:3A:F2:51:5D:9D,-53,11,1,1,1,1,1,0,0,0,0,-91,0,6,1,3925974,0,110,0,0,4.128185,384,[110 96 6 0 0 0 0 0 0 0 0 0 19 -5 18 -5 21 -6 22 -4 21 -4 19 -3 20 -3 19 -3 20 -2 20 -1 21 0 22 0 21 0 21 1 19 1 22 0 18 0 19 1 17 1 17 1 17 1 19 0 18 2 17 1 19 1 17 -1 0 0 17 0 16 -2 17 -3 16 -3 16 -1 17 -2 17 -3 15 -2 15 -4 14 -5 14 -4 14 -2 14 -3 14 -4 14 -4 13 -6 15 -6 11 -6 12 -7 10 -7 11 -6 13 -7 12 -7 12 -8 12 -5 11 -6 0 0 0 0 0 0 0 0 0 0 -1 -1 -1 -1 -23 -5 -25 -7 -26 -3 -21 2 -20 -9 -17 -9 -18 -7 -18 -7 -18 -6 -16 -6 -18 -5 -17 -5 -18 -5 -18 -6 -18 -6 -17 -5 -20 -4 -17 -4 -16 -4 -17 -2 -17 0 -16 -1 -15 -2 -16 -1 -15 -2 -16 -1 -15 -3 -16 0 -17 -2 -16 -1 -13 4 -14 0 -15 -1 -14 -1 -16 1 -13 0 -14 0 -13 0 -14 0 -10 -1 -12 -1 -12 1 -11 -2 -11 -2 -12 -2 -11 0 -10 -1 -10 0 -9 -1 -8 0 -7 0 -7 0 -7 -1 -8 -1 -6 -1 -7 -1 -6 0 -1 -1 -1 -1 -1 -1 -1 -1 -1 -1 -1 -1 -1 -1 -1 -1 -1 -1 -1 -1 0 0 28 -20 27 -18 30 -22 30 -18 32 -20 28 -16 32 -18 29 -15 33 -18 35 -13 36 -12 35 -13 35 -15 35 -13 31 -9 33 -13 29 -13 31 -13 26 -11 30 -11 29 -11 31 -14 30 -10 29 -11 32 -9 28 -13 23 -23 26 -12 26 -13 25 -13 23 -14 24 -13 25 -15 25 -14 23 -17 22 -18 22 -17 22 -16 22 -13 20 -15 22 -17 17 -19 17 -18 17 -20 14 -17 14 -19 16 -20 12 -18 13 -20 17 -19 15 -21 16 -17 14 -17 5 -23 6 -29 8 -24 -1 -25 -1 -1 ]
CSI_DATA,STA,08:3A:F2:51:5D:9D,-52,11,1,1,1,1,1,0,0,0,0,-91,0,6,1,3926222,0,110,0,0,4.138810,384,[110 96 6 0 0 0 0 0 0 0 0 0 15 13 14 13 16 14 15 16 15 16 12 14 13 16 11 15 12 16 11 17 12 18 12 18 11 18 11 18 8 17 12 18 9 16 10 15 9 15 8 16 7 17 9 16 6 16 10 15 9 16 9 15 0 0 9 13 11 12 10 13 11 11 8 13 10 13 9 13 11 11 11 11 9 10 11 10 10 11 11 9 11 9 11 9 12 7 12 9 10 6 13 6 12 6 10 7 11 6 12 7 11 6 12 7 11 6 0 0 0 0 0 0 0 0 0 0 -1 -1 -1 -1 -15 -19 -15 -19 -17 -21 -17 -14 -4 -18 -5 -16 -7 -18 -4 -18 -5 -17 -5 -15 -9 -16 -6 -15 -8 -16 -7 -16 -7 -17 -8 -15 -9 -15 -8 -15 -7 -14 -9 -15 -9 -12 -10 -14 -8 -12 -9 -12 -9 -12 -10 -13 -7 -12 -10 -11 -9 -14 -11 -11 -13 -7 -9 -12 -10 -10 -10 -10 -10 -9 -9 -10 -8 -10 -9 -9 -9 -10 -8 -10 -7 -10 -8 -10 -7 -10 -6 -9 -5 -8 -6 -6 -5 -8 -7 -8 -7 -6 -5 -5 -4 -6 -5 -7 -4 -5 -4 -6 -5 -6 -3 -5 -3 -6 0 0 -1 -1 -1 -1 -1 -1 -1 -1 -1 -1 -1 -1 -1 -1 0 0 0 0 -1 -1 31 9 29 10 33 10 31 12 32 12 28 12 31 13 28 13 32 14 30 17 30 19 29 17 32 17 30 18 25 17 27 17 27 14 28 14 23 14 26 17 23 15 26 14 24 16 26 16 25 18 25 14 30 2 23 12 25 10 23 11 24 11 24 9 26 10 24 11 25 7 25 6 23 6 24 6 23 7 24 4 23 5 22 2 22 1 27 3 21 1 21 -2 22 1 21 0 22 -2 22 0 21 -2 21 0 22 1 21 -10 24 -17 24 -15 20 -20 -1 -1 ]
CSI_DATA,STA,08:3A:F2:51:5D:9D,-52,11,1,1,1,1,1,0,0,0,0,-91,0,6,1,3926596,0,110,0,0,4.149052,384,[110 96 6 0 0 0 0 0 0 0 0 0 -1 22 -1 22 -1 24 -3 24 -3 24 -4 21 -5 22 -5 21 -6 22 -6 22 -7 23 -7 24 -7 23 -8 22 -9 20 -8 24 -7 20 -9 19 -8 19 -8 19 -10 18 -8 20 -10 16 -7 18 -8 20 -6 18 0 0 -7 19 -5 18 -5 19 -4 17 -6 17 -6 17 -6 19 -4 17 -4 17 -3 17 -2 18 -5 16 -2 18 0 15 -2 15 -1 16 0 17 1 15 -1 16 2 14 -1 15 -1 14 1 15 3 16 0 16 1 14 0 0 0 0 0 0 0 0 0 0 -1 -1 -1 -1 23 -19 24 -15 20 -21 17 -22 20 -13 19 -12 18 -13 18 -13 18 -14 16 -12 18 -15 15 -14 17 -15 16 -14 18 -13 16 -14 15 -16 15 -15 15 -13 14 -14 12 -15 15 -14 9 -16 12 -14 13 -12 10 -14 13 -14 11 -16 15 -14 13 -15 9 -19 10 -16 10 -14 10 -14 9 -14 9 -12 9 -14 10 -12 8 -12 9 -12 10 -10 9 -11 12 -11 10 -9 8 -9 8 -9 5 -8 9 -10 7 -7 5 -6 7 -8 5 -7 5 -7 4 -6 5 -5 4 -5 4 -5 -1 -1 -1 -1 -1 -1 -1 -1 -1 -1 -1 -1 -1 -1 -1 -1 -1 -1 0 0 0 0 6 40 6 39 7 42 3 42 4 44 1 39 1 42 0 39 0 44 -5 43 -7 44 -5 44 -4 45 -6 44 -8 38 -5 41 -4 39 -5 42 -5 34 -7 38 -8 36 -6 39 -10 34 -6 36 -10 38 -5 37 -2 37 -7 35 -3 33 -1 35 0 34 -1 31 0 32 -4 33 0 31 1 34 -1 31 2 33 -3 32 3 32 3 29 8 29 6 28 8 30 6 26 8 26 10 26 7 26 9 26 9 28 7 26 7 27 8 26 10 22 15 24 16 23 20 21 -1 -1 ]
CSI_DATA,STA,08:3A:F2:51:5D:9D,-53,11,1,1,1,1,1,0,0,0,0,-91,0,6,1,3926934,0,110,0,0,4.159173,384,[110 96 6 0 0 0 0 0 0 0 0 0 -19 13 -19 13 -19 14 -22 13 -21 12 -20 10 -21 11 -20 9 -21 9 -21 9 -23 9 -23 9 -23 8 -23 7 -22 6 -24 8 -21 7 -21 5 -20 6 -20 5 -20 6 -21 6 -19 4 -20 5 -21 6 -20 7 0 0 -20 7 -18 7 -19 8 -18 8 -18 4 -18 7 -18 7 -16 6 -17 7 -15 8 -14 9 -16 7 -16 8 -15 9 -14 9 -15 9 -15 9 -12 10 -13 10 -11 10 -13 9 -14 9 -13 9 -13 11 -13 10 -10 10 0 0 0 0 0 0 0 0 0 0 -1 -1 -1 -1 25 4 28 -1 27 -4 24 -6 20 5 19 4 22 5 20 6 20 5 17 3 21 3 19 2 20 2 20 3 21 4 20 1 21 0 20 2 17 2 18 -1 18 -3 19 0 16 -2 17 1 16 2 16 -1 19 0 18 -4 18 1 17 -2 16 -6 17 -1 17 -1 16 -3 16 -1 15 -1 16 -1 14 -1 14 -1 13 -1 14 -2 13 0 12 1 13 1 11 0 11 -1 9 0 9 -1 9 0 8 -1 7 -1 8 0 8 -2 5 0 7 1 6 0 5 1 -1 -1 -1 -1 -1 -1 -1 -1 -1 -1 -1 -1 -1 -1 -1 -1 -1 -1 0 0 0 0 -24 32 -24 30 -25 33 -28 31 -28 32 -26 27 -29 31 -28 27 -31 31 -34 26 -36 26 -34 26 -35 29 -35 26 -33 20 -32 24 -29 24 -32 23 -28 20 -31 20 -30 18 -31 22 -30 19 -31 20 -34 19 -27 22 -24 26 -28 21 -26 20 -24 22 -24 22 -24 21 -26 22 -24 22 -23 22 -21 24 -21 23 -22 24 -23 22 -22 23 -19 22 -15 24 -16 23 -18 25 -15 21 -15 22 -13 25 -13 23 -15 24 -16 22 -15 25 -15 24 -14 23 -7 26 -1 29 -2 29 1 31 -1 -1 ]
CSI_DATA,STA,08:3A:F2:51:5D:9D,-48,11,1,1,0,1,1,0,0,0,0,-91,0,6,1,3930861,0,110,0,0,4.169574,256,[110 96 6 0 0 0 0 0 0 0 0 0 0 11 -1 11 0 11 -1 12 -1 11 -1 10 -2 11 -2 11 -1 12 -2 11 -2 11 -2 11 -3 11 -2 11 -3 10 -2 11 -3 9 -3 10 -2 10 -3 9 -3 9 -3 10 -3 9 -2 9 -3 10 -2 9 0 0 -2 8 -1 9 -1 8 -2 8 -1 8 -1 8 -1 8 -1 7 0 8 0 8 0 8 0 7 1 8 0 8 1 8 1 8 0 8 1 8 1 7 1 7 1 8 0 7 1 7 1 7 2 7 2 6 0 0 0 0 0 0 0 0 0 0 -1 -1 -1 -1 -1 -1 -1 -1 11 19 7 18 4 19 3 19 5 21 3 20 4 21 2 19 2 22 1 19 2 21 1 21 1 21 0 22 0 21 0 20 0 20 0 21 -1 19 -2 19 0 18 0 18 -1 17 -1 18 0 16 -1 17 -1 18 -1 16 -1 -1 1 16 1 16 1 15 1 16 1 14 3 15 2 15 2 14 4 14 3 15 3 15 3 14 4 14 4 14 4 13 4 13 5 13 4 13 5 12 6 13 5 12 5 12 6 12 5 12 6 11 6 12 9 10 8 9 -1 -1 -1 -1 -1 -1 ]
CSI_DATA,STA,08:3A:F2:51:5D:9D,-47,11,0,0,0,0,0,0,0,0,0,-91,0,6,1,3991977,0,110,0,0,4.176067,128,[110 96 6 0 0 0 0 0 0 0 0 0 -16 16 -16 15 -18 16 -18 17 -18 15 -17 13 -18 14 -17 12 -18 14 -19 13 -19 14 -20 13 -19 12 -19 12 -18 10 -20 14 -18 10 -18 10 -17 10 -17 10 -16 10 -17 11 -16 8 -16 11 -17 12 -16 11 0 0 -15 11 -15 12 -14 12 -14 12 -12 11 -13 12 -12 13 -12 11 -11 13 -12 12 -12 13 -11 11 -11 12 -11 12 -10 12 -10 12 -10 14 -9 13 -9 13 -8 13 -8 13 -8 13 -8 13 -8 13 -8 12 -8 12 0 0 0 0 0 0 0 0 0 0 ]
CSI_DATA,STA,08:3A:F2:51:5D:9D,-47,11,0,0,0,0,0,0,0,0,0,-91,0,6,1,3993457,0,110,0,0,4.180074,128,[110 96 6 0 0 0 0 0 0 0 0 0 19 11 18 12 19 11 20 13 18 13 17 13 17 13 16 13 17 13 16 15 18 15 18 16 16 15 16 14 14 14 17 15 14 14 13 14 14 14 13 13 13 12 14 14 11 12 13 12 15 13 14 12 0 0 14 11 14 11 15 11 14 10 13 9 14 9 15 9 14 8 15 7 14 8 15 8 13 7 14 7 15 7 14 7 15 6 15 6 14 6 14 5 14 5 14 5 14 4 14 5 14 4 14 4 13 4 0 0 0 0 0 0 0 0 0 0 ]
CSI_DATA,STA,08:3A:F2:51:5D:9D,-45,11,1,1,0,1,1,0,0,0,0,-93,0,6,1,4135564,0,110,0,0,4.302095,256,[110 96 6 0 0 0 0 0 0 0 0 0 -2 -11 -2 -11 -1 -11 -2 -11 -1 -11 -1 -11 -1 -10 0 -11 0 -11 0 -11 0 -11 0 -11 1 -10 0 -11 1 -11 0 -11 1 -10 1 -10 0 -9 1 -10 1 -9 0 -9 1 -9 0 -9 0 -9 0 -9 0 0 0 -9 -1 -9 -1 -8 -1 -9 -1 -8 -1 -8 -1 -8 -1 -9 -2 -8 -2 -8 -2 -8 -1 -7 -2 -8 -1 -8 -2 -8 -2 -7 -3 -9 -3 -8 -2 -8 -3 -7 -3 -7 -2 -7 -3 -7 -3 -7 -3 -7 -3 -7 0 0 0 0 0 0 0 0 0 0 -1 -1 -1 -1 -1 -1 0 0 -5 -9 -5 -8 -4 -9 -3 -9 -3 -10 -3 -10 -3 -9 -2 -10 -2 -10 -2 -10 -2 -10 -2 -9 -2 -10 -2 -10 -2 -10 -2 -10 -1 -10 -1 -10 -1 -10 -1 -9 -1 -9 -1 -9 -1 -9 -1 -8 -1 -8 -2 -9 -2 -9 -2 -8 -1 -1 -2 -8 -2 -8 -2 -7 -2 -8 -2 -7 -2 -8 -2 -7 -3 -8 -3 -7 -4 -7 -4 -7 -3 -7 -3 -7 -3 -8 -3 -7 -3 -7 -4 -7 -3 -7 -3 -7 -4 -6 -4 -7 -4 -7 -4 -6 -4 -6 -4 -6 -4 -6 -5 -5 -4 -5 -1 -1 -1 -1 -1 -1 ]
CSI_DATA,STA,08:3A:F2:51:5D:9D,-50,11,1,1,1,1,1,0,0,0,0,-93,0,6,1,4143693,0,110,0,0,4.310147,384,[110 96 6 0 0 0 0 0 0 0 0 0 3 -22 3 -21 3 -23 5 -23 5 -23 5 -20 6 -22 6 -20 7 -21 8 -21 9 -22 9 -22 9 -21 9 -21 10 -18 9 -22 9 -18 9 -19 8 -18 9 -18 9 -17 9 -19 10 -16 9 -18 10 -19 7 -18 0 0 8 -18 6 -19 6 -18 5 -19 7 -16 6 -18 6 -18 5 -17 5 -18 3 -16 3 -17 4 -16 3 -17 2 -16 3 -17 1 -17 2 -19 0 -15 0 -16 0 -15 1 -16 0 -16 0 -17 -1 -16 1 -16 -1 -15 0 0 0 0 0 0 0 0 0 0 -1 -1 -1 -1 -21 18 -20 18 -18 21 -16 19 -21 11 -19 11 -19 12 -20 11 -19 11 -17 10 -18 13 -16 12 -17 13 -17 12 -18 12 -16 13 -16 14 -16 13 -15 11 -15 13 -13 14 -15 14 -11 13 -14 13 -14 12 -12 13 -14 12 -12 14 -14 13 -12 14 -7 17 -12 13 -12 13 -10 13 -11 13 -10 11 -11 12 -11 11 -10 11 -11 11 -11 10 -10 11 -10 9 -9 9 -9 9 -8 9 -8 8 -9 9 -8 7 -7 7 -7 6 -7 5 -6 5 -6 5 -6 5 -6 4 -6 4 0 0 -1 -1 -1 -1 -1 -1 -1 -1 -1 -1 -1 -1 -1 -1 0 0 0 0 -1 -1 -7 -37 -6 -36 -7 -39 -4 -39 -4 -41 -2 -36 -2 -40 -1 -37 -1 -42 2 -40 3 -41 2 -41 1 -42 3 -41 5 -36 4 -38 2 -37 4 -38 2 -34 5 -36 5 -34 3 -36 5 -34 3 -35 6 -36 1 -34 -8 -35 3 -34 1 -33 -1 -33 -1 -33 0 -32 -1 -33 0 -32 -2 -31 -3 -32 -4 -29 -5 -31 -3 -30 -6 -31 -5 -30 -7 -29 -7 -28 -9 -31 -8 -26 -9 -26 -9 -27 -9 -26 -10 -26 -9 -28 -10 -27 -9 -27 -9 -27 -17 -23 -21 -23 -20 -23 -23 -20 -1 -1 ]
CSI_DATA,STA,08:3A:F2:51:5D:9D,-50,11,1,1,1,1,1,0,0,0,0,-93,0,6,1,4145786,0,110,0,0,4.322384,384,[110 96 6 0 0 0 0 0 0 0 0 0 -15 -16 -15 -16 -17 -18 -16 -20 -15 -19 -13 -18 -13 -19 -12 -19 -12 -20 -12 -20 -12 -21 -13 -21 -12 -21 -11 -21 -9 -20 -11 -22 -9 -20 -8 -20 -9 -19 -8 -19 -8 -19 -9 -20 -6 -18 -9 -19 -9 -20 -9 -18 0 0 -9 -18 -11 -17 -11 -17 -11 -16 -9 -17 -10 -17 -10 -18 -10 -16 -11 -16 -11 -13 -12 -13 -10 -14 -11 -14 -12 -13 -11 -13 -12 -12 -14 -14 -12 -11 -12 -11 -12 -10 -12 -12 -12 -12 -13 -12 -14 -10 -12 -12 -12 -10 0 0 0 0 0 0 0 0 0 0 -1 -1 -1 -1 -3 28 -1 28 2 28 2 25 -6 22 -6 21 -5 22 -6 23 -5 22 -5 20 -3 21 -3 20 -3 22 -3 21 -4 21 -2 21 0 22 -1 21 -3 19 -1 19 1 19 -1 20 2 18 -1 19 -1 19 1 19 -1 18 3 19 0 19 2 18 6 17 1 18 1 17 2 17 2 16 1 16 1 16 0 16 0 15 0 15 0 14 0 15 0 14 1 14 0 13 0 12 0 11 1 12 -1 10 0 9 -1 9 -1 8 0 8 -1 8 0 8 -1 7 -1 7 0 0 -1 -1 -1 -1 -1 -1 -1 -1 -1 -1 -1 -1 -1 -1 0 0 0 0 -1 -1 -34 -20 -33 -21 -35 -22 -34 -24 -34 -25 -30 -24 -33 -26 -29 -26 -33 -28 -30 -30 -30 -31 -31 -30 -33 -30 -31 -31 -25 -30 -27 -30 -27 -29 -26 -30 -25 -26 -24 -30 -23 -29 -26 -28 -22 -28 -26 -27 -24 -31 -25 -25 -31 -20 -24 -27 -25 -24 -26 -23 -25 -22 -25 -24 -25 -23 -25 -23 -25 -22 -26 -21 -25 -18 -27 -19 -25 -20 -28 -18 -27 -18 -27 -15 -27 -15 -30 -16 -25 -13 -25 -13 -26 -12 -26 -13 -27 -12 -27 -14 -27 -12 -26 -12 -27 -13 -28 -4 -33 -1 -32 -3 -31 1 -1 -1 ]
CSI_DATA,STA,08:3A:F2:51:5D:9D,-50,11,1,1,1,1,1,0,0,0,0,-93,0,6,1,4146634,0,110,0,0,4.333957,384,[110 96 6 0 0 0 0 0 0 0 0 0 20 -3 19 -3 21 -3 22 -1 21 -1 19 -1 20 0 19 1 20 1 20 2 21 3 22 2 21 3 21 3 19 4 21 3 18 3 18 4 18 3 18 4 18 4 18 4 16 5 18 4 19 4 17 2 0 0 18 2 18 1 18 1 17 0 16 2 17 1 17 1 16 1 17 0 15 -2 16 -2 15 0 16 -1 15 -2 15 -2 15 -3 17 -3 14 -4 14 -3 13 -4 15 -3 15 -3 15 -3 14 -5 14 -3 13 -4 0 0 0 0 0 0 0 0 0 0 -1 -1 -1 -1 -23 -16 -22 -16 -25 -13 -22 -11 -15 -17 -15 -16 -17 -16 -16 -17 -16 -15 -14 -14 -16 -14 -15 -13 -17 -13 -16 -14 -16 -14 -17 -12 -18 -12 -17 -12 -15 -12 -16 -10 -17 -9 -16 -10 -16 -8 -16 -10 -15 -11 -15 -9 -15 -10 -17 -8 -16 -10 -17 -8 -18 -3 -15 -8 -15 -8 -15 -7 -15 -7 -14 -8 -15 -8 -14 -8 -13 -7 -13 -7 -12 -6 -12 -7 -12 -8 -12 -7 -11 -7 -11 -5 -10 -6 -11 -6 -9 -5 -9 -5 -8 -5 -7 -5 -7 -5 -7 -5 -6 -5 -6 -5 -6 -4 0 0 -1 -1 -1 -1 -1 -1 -1 -1 -1 -1 -1 -1 -1 -1 0 0 0 0 -1 -1 32 -15 31 -14 33 -15 35 -13 35 -13 33 -11 36 -11 33 -9 38 -10 37 -7 38 -6 37 -7 38 -9 38 -6 34 -3 35 -5 34 -6 35 -5 31 -5 34 -4 32 -3 33 -5 31 -3 33 -5 35 -2 31 -6 29 -14 31 -5 30 -6 30 -7 28 -8 29 -7 30 -8 29 -7 28 -9 29 -10 26 -10 27 -12 27 -9 27 -12 26 -12 24 -14 24 -13 26 -15 21 -13 21 -14 22 -15 21 -14 22 -15 24 -14 23 -15 21 -14 22 -15 17 -21 17 -26 17 -24 13 -26 -1 -1 ]
CSI_DATA,STA,08:3A:F2:51:5D:9D,-50,11,1,1,1,1,1,0,0,0,0,-93,0,6,1,4148917,0,110,0,0,4.344616,384,[110 96 6 0 0 0 0 0 0 0 0 0 20 0 19 0 21 -1 22 1 21 1 19 2 20 3 19 3 20 3 20 4 21 5 21 5 21 5 20 6 18 6 21 5 18 5 18 5 18 5 17 5 17 6 18 5 16 6 17 5 19 6 17 4 0 0 17 4 18 3 18 2 17 1 16 3 17 2 18 2 16 1 17 1 15 -1 16 -1 16 1 16 0 15 -1 16 -1 15 -3 17 -2 14 -3 15 -3 13 -4 15 -3 15 -3 15 -3 15 -5 15 -3 13 -4 0 0 0 0 0 0 0 0 0 0 -1 -1 -1 -1 -19 -20 -20 -19 -23 -17 -20 -15 -14 -19 -15 -17 -16 -17 -16 -18 -15 -17 -14 -16 -16 -15 -14 -14 -16 -15 -15 -15 -15 -16 -16 -14 -18 -14 -16 -14 -14 -14 -16 -12 -17 -11 -16 -12 -16 -10 -16 -11 -15 -12 -16 -11 -15 -11 -17 -9 -16 -12 -17 -9 -17 -5 -16 -9 -15 -9 -16 -8 -15 -8 -14 -9 -15 -9 -14 -8 -14 -8 -13 -7 -13 -7 -13 -8 -12 -8 -12 -8 -12 -8 -11 -6 -11 -6 -11 -6 -9 -5 -9 -5 -8 -6 -8 -5 -8 -5 -7 -5 -7 -5 -6 -4 -6 -4 0 0 -1 -1 -1 -1 -1 -1 -1 -1 -1 -1 -1 -1 -1 -1 0 0 0 0 -1 -1 34 -9 34 -9 36 -9 38 -7 37 -6 34 -4 38 -5 35 -3 39 -4 38 0 39 1 39 -1 41 -2 39 0 36 2 36 1 36 -1 35 1 33 0 34 2 33 2 34 0 32 2 34 0 35 3 33 -1 32 -7 32 -1 31 -2 32 -4 30 -4 31 -4 31 -4 31 -4 30 -6 30 -6 28 -7 29 -8 29 -6 29 -9 28 -9 26 -11 26 -11 28 -12 24 -11 24 -11 24 -13 24 -12 24 -13 25 -12 25 -13 24 -12 24 -13 20 -17 21 -21 22 -22 18 -22 -1 -1 ]
CSI_DATA,STA,08:3A:F2:51:5D:9D,-50,11,1,1,1,1,1,0,0,0,0,-93,0,6,1,4149342,0,110,0,0,4.355055,384,[110 96 6 0 0 0 0 0 0 0 0 0 3 19 3 19 4 20 2 22 2 21 1 19 1 21 0 19 0 20 -1 20 -2 22 -2 22 -2 21 -3 21 -3 19 -2 22 -2 19 -3 19 -2 18 -2 18 -3 18 -3 19 -4 17 -3 18 -3 20 -2 17 0 0 -1 18 0 18 0 18 1 17 -1 17 1 17 0 18 1 16 2 17 2 15 3 16 1 15 3 16 3 15 3 15 5 14 4 16 5 13 5 14 5 12 4 14 5 14 5 14 6 14 4 14 5 12 0 0 0 0 0 0 0 0 0 0 -1 -1 -1 -1 9 -25 9 -27 5 -27 4 -24 12 -19 11 -17 10 -20 11 -19 10 -18 9 -16 8 -19 8 -17 8 -20 9 -19 10 -18 7 -19 7 -20 7 -19 7 -16 6 -18 4 -18 5 -18 3 -17 4 -17 5 -16 3 -17 6 -17 3 -18 6 -18 3 -18 -1 -18 3 -16 2 -17 2 -16 2 -17 3 -15 2 -16 2 -15 2 -15 3 -14 2 -14 3 -14 4 -13 2 -13 2 -12 1 -12 2 -11 1 -11 1 -10 1 -9 2 -9 2 -9 1 -9 1 -8 2 -8 2 -7 2 -7 0 0 -1 -1 -1 -1 -1 -1 -1 -1 -1 -1 -1 -1 -1 -1 0 0 0 0 -1 -1 17 29 16 29 18 30 16 31 16 33 13 30 14 33 12 31 15 34 10 34 9 37 10 36 12 36 10 36 6 32 9 33 10 31 10 33 9 29 8 32 7 30 10 31 6 30 8 31 6 34 9 30 18 28 9 29 10 28 11 27 11 26 11 27 12 26 11 27 13 24 14 26 13 24 14 25 13 25 16 24 15 23 17 20 16 21 19 23 15 19 17 18 18 18 17 18 18 17 18 20 18 19 16 19 17 19 24 12 28 10 27 10 28 6 -1 -1 ]
CSI_DATA,STA,08:3A:F2:51:5D:9D,-50,11,1,1,1,1,1,0,0,0,0,-93,0,6,1,4149978,0,110,0,0,4.364921,384,[110 96 6 0 0 0 0 0 0 0 0 0 -22 2 -21 1 -24 2 -25 0 -25 0 -22 -1 -23 -1 -22 -2 -23 -2 -23 -4 -24 -5 -25 -4 -24 -4 -23 -5 -21 -6 -24 -4 -21 -5 -21 -5 -20 -5 -20 -5 -20 -5 -21 -5 -19 -6 -20 -5 -22 -6 -20 -4 0 0 -20 -4 -20 -2 -20 -2 -20 -1 -18 -3 -20 -2 -20 -2 -18 -1 -19 0 -17 1 -18 1 -17 -1 -18 0 -17 1 -18 1 -17 3 -19 2 -16 4 -16 4 -15 4 -17 3 -16 3 -17 3 -16 5 -16 3 -15 4 0 0 0 0 0 0 0 0 0 0 -1 -1 -1 -1 24 13 26 13 26 9 24 7 17 15 16 13 18 13 17 15 18 13 15 12 18 11 16 11 19 10 17 12 17 12 18 10 19 10 17 10 15 10 18 8 17 5 18 7 16 5 17 8 16 8 17 7 16 8 17 5 17 8 17 5 19 0 16 5 16 5 15 5 16 4 15 5 15 5 15 5 14 5 14 5 13 4 14 5 12 6 12 5 12 4 12 3 10 3 11 4 9 3 9 3 9 3 8 2 8 3 7 3 6 3 6 3 6 3 0 0 -1 -1 -1 -1 -1 -1 -1 -1 -1 -1 -1 -1 -1 -1 0 0 0 0 -1 -1 -34 16 -33 14 -36 16 -37 13 -39 14 -34 11 -38 12 -35 10 -39 12 -40 7 -42 6 -41 8 -42 9 -41 7 -37 3 -38 7 -36 7 -38 7 -34 6 -37 4 -35 3 -36 6 -35 3 -36 5 -38 2 -34 7 -31 17 -33 6 -33 7 -32 8 -31 9 -30 8 -31 9 -31 8 -30 10 -30 12 -28 11 -29 12 -29 10 -28 13 -28 12 -25 15 -25 14 -28 17 -22 14 -22 15 -23 16 -22 15 -23 17 -25 16 -24 16 -23 15 -23 16 -16 24 -15 28 -15 26 -11 29 -1 -1 ]
CSI_DATA,STA,08:3A:F2:51:5D:9D,-50,11,1,1,1,1,1,0,0,0,0,-93,0,6,1,4151477,0,110,0,0,4.375199,384,[110 96 6 0 0 0 0 0 0 0 0 0 17 13 16 13 18 13 18 16 17 16 14 15 15 16 14 15 14 16 13 17 14 19 14 19 13 18 13 19 11 18 14 19 11 17 11 17 11 16 11 17 10 17 11 17 8 16 11 16 12 18 11 15 0 0 12 15 13 14 13 15 13 13 11 14 13 14 12 14 12 12 13 12 12 10 13 11 12 12 13 11 13 10 13 10 14 9 15 11 13 7 14 8 13 6 13 8 14 8 14 9 14 7 13 8 13 7 0 0 0 0 0 0 0 0 0 0 -1 -1 -1 -1 -14 -25 -15 -27 -18 -24 -18 -20 -4 -23 -5 -21 -7 -22 -5 -22 -6 -21 -4 -19 -7 -20 -6 -19 -8 -20 -7 -21 -5 -21 -7 -20 -9 -21 -8 -20 -6 -18 -9 -18 -10 -16 -10 -18 -10 -15 -9 -17 -8 -17 -10 -16 -8 -17 -11 -16 -9 -18 -10 -16 -16 -12 -9 -16 -10 -15 -10 -14 -10 -14 -9 -14 -9 -14 -9 -14 -9 -13 -8 -13 -8 -13 -7 -13 -6 -13 -7 -13 -7 -12 -7 -10 -6 -10 -7 -10 -5 -9 -5 -9 -5 -9 -5 -8 -5 -8 -4 -8 -4 -8 -3 -8 -3 -7 0 0 -1 -1 -1 -1 -1 -1 -1 -1 -1 -1 -1 -1 -1 -1 0 0 0 0 -1 -1 34 9 34 9 37 8 35 11 37 12 32 13 36 13 32 13 37 14 34 19 34 21 34 19 36 19 34 20 29 19 32 18 31 16 33 17 28 15 30 18 27 17 30 16 27 18 29 17 30 21 28 15 35 5 28 15 28 13 28 12 28 11 27 11 29 10 27 12 28 8 29 8 27 8 29 8 28 10 29 7 28 7 27 2 27 4 30 2 25 3 25 0 26 1 25 1 26 0 27 2 27 2 25 2 26 1 26 -11 28 -16 28 -14 24 -19 -1 -1 ]
CSI_DATA,STA,08:3A:F2:51:5D:9D,-50,11,1,1,1,1,1,0,0,0,0,-93,0,6,1,4151925,0,110,0,0,4.385591,384,[110 96 6 0 0 0 0 0 0 0 0 0 -14 17 -14 16 -15 18 -17 17 -17 17 -15 14 -17 15 -17 14 -17 14 -18 14 -20 14 -20 14 -19 13 -20 13 -19 10 -20 14 -18 11 -19 11 -17 11 -18 11 -18 10 -18 11 -17 8 -17 11 -19 11 -16 11 0 0 -16 11 -15 12 -15 12 -15 13 -15 10 -15 12 -16 12 -13 11 -13 13 -12 12 -12 13 -12 12 -12 12 -11 12 -12 13 -10 14 -12 15 -9 13 -9 13 -8 13 -10 13 -9 13 -9 14 -8 14 -9 13 -8 13 0 0 0 0 0 0 0 0 0 0 -1 -1 -1 -1 23 -14 25 -15 22 -17 19 -18 22 -5 20 -5 20 -6 20 -4 20 -6 17 -4 19 -7 17 -7 19 -9 19 -6 20 -6 18 -7 19 -9 18 -7 16 -6 16 -9 15 -10 17 -10 13 -9 15 -9 15 -7 14 -9 16 -8 15 -11 17 -8 15 -10 11 -16 14 -9 13 -9 12 -9 13 -10 12 -8 13 -9 12 -9 11 -9 12 -9 12 -8 12 -7 12 -6 11 -7 10 -6 9 -8 9 -6 9 -8 8 -5 8 -6 8 -5 7 -5 6 -5 6 -4 6 -4 6 -3 6 -4 0 0 -1 -1 -1 -1 -1 -1 -1 -1 -1 -1 -1 -1 -1 -1 0 0 0 0 -1 -1 -10 35 -10 33 -9 36 -12 34 -12 37 -13 31 -14 35 -14 31 -14 37 -20 34 -22 34 -20 34 -19 36 -20 34 -20 28 -18 32 -16 30 -18 32 -16 27 -19 29 -18 27 -16 30 -19 27 -18 29 -22 29 -17 29 -6 35 -16 27 -14 28 -12 27 -12 28 -12 27 -11 28 -12 27 -9 27 -8 29 -9 27 -10 29 -11 27 -7 28 -8 27 -3 27 -4 26 -4 30 -4 24 -1 24 -1 26 -2 24 0 25 -3 27 -3 27 -3 25 -2 26 12 26 14 28 13 26 18 24 -1 -1 ]
CSI_DATA,STA,08:3A:F2:51:5D:9D,-50,11,1,1,1,1,1,0,0,0,0,-93,0,6,1,4152414,0,110,0,0,4.396284,384,[110 96 6 0 0 0 0 0 0 0 0 0 -21 -3 -20 -3 -22 -3 -23 -5 -22 -5 -19 -5 -21 -6 -19 -6 -20 -7 -20 -8 -21 -9 -22 -9 -20 -9 -20 -9 -18 -10 -21 -9 -18 -9 -18 -9 -18 -8 -18 -9 -17 -9 -18 -9 -16 -9 -17 -9 -19 -9 -17 -7 0 0 -17 -7 -18 -6 -18 -6 -18 -5 -16 -7 -17 -6 -18 -6 -16 -5 -17 -5 -16 -3 -17 -3 -16 -4 -17 -3 -16 -2 -17 -3 -16 -1 -18 -2 -15 0 -16 0 -15 0 -16 -1 -16 -1 -16 -1 -16 1 -16 -1 -15 0 0 0 0 0 0 0 0 0 0 0 -1 -1 -1 -1 23 12 24 14 25 10 23 6 13 15 12 14 14 14 12 15 14 13 11 12 14 12 13 11 14 11 13 13 13 13 13 12 15 12 14 11 11 11 14 9 14 7 15 9 12 7 14 9 12 9 14 7 13 9 15 7 14 10 14 7 16 1 13 7 13 7 13 6 13 5 12 6 13 6 11 6 11 5 11 5 11 6 11 6 10 7 10 6 9 6 9 3 8 4 9 4 7 4 8 3 7 3 6 3 6 3 5 4 5 4 4 3 5 3 0 0 -1 -1 -1 -1 -1 -1 -1 -1 -1 -1 -1 -1 -1 -1 0 0 0 0 -1 -1 -33 9 -31 8 -34 10 -34 7 -36 7 -31 5 -35 6 -32 4 -36 6 -36 0 -39 -1 -37 0 -38 1 -38 0 -33 -3 -34 1 -32 2 -35 2 -30 1 -33 -1 -30 -1 -32 2 -31 -2 -33 -1 -35 -4 -31 0 -31 12 -30 0 -30 2 -29 3 -29 4 -28 3 -29 5 -28 4 -27 5 -28 7 -26 5 -28 6 -28 4 -28 8 -26 7 -24 11 -24 9 -27 11 -22 9 -21 11 -22 12 -21 10 -22 12 -24 11 -24 10 -23 10 -23 10 -16 21 -17 25 -16 23 -11 27 -1 -1 ]
CSI_DATA,STA,08:3A:F2:51:5D:9D,-44,11,0,0,0,0,0,0,0,0,0,-93,0,6,1,4190109,0,110,0,0,4.406708,128,[110 96 6 0 0 0 0 0 0 0 0 0 -25 4 -24 3 -27 4 -27 4 -27 3 -24 1 -25 1 -24 0 -26 1 -26 -1 -27 0 -28 -1 -26 -1 -26 -1 -23 -2 -28 0 -23 -2 -23 -2 -23 -2 -23 -1 -22 -1 -24 -1 -21 -2 -22 0 -24 0 -23 0 0 0 -22 2 -23 2 -22 2 -22 3 -19 2 -21 3 -21 3 -20 3 -21 5 -20 3 -21 4 -19 4 -19 5 -20 5 -20 5 -19 5 -20 7 -18 6 -18 6 -18 6 -18 6 -18 7 -18 7 -18 7 -17 6 -17 6 0 0 0 0 0 0 0 0 0 0 ]
CSI_DATA,STA,08:3A:F2:51:5D:9D,-44,11,0,0,0,0,0,0,0,0,0,-93,0,6,1,4222252,0,110,0,0,4.410530,128,[110 96 6 0 0 0 0 0 0 0 0 0 -13 21 -13 20 -14 22 -15 22 -15 21 -15 18 -16 19 -16 17 -17 19 -18 18 -18 20 -19 20 -18 19 -18 18 -17 15 -18 19 -17 15 -17 15 -17 15 -17 15 -16 14 -17 16 -16 12 -16 15 -17 17 -16 16 0 0 -15 16 -15 17 -14 16 -14 16 -13 14 -12 16 -13 16 -12 15 -11 17 -12 15 -12 17 -11 15 -11 16 -11 16 -11 15 -10 16 -10 18 -9 16 -9 16 -9 15 -9 16 -9 16 -9 16 -8 16 -9 15 -8 15 0 0 0 0 0 0 0 0 0 0 ]
CSI_DATA,STA,08:3A:F2:51:5D:9D,-49,11,1,1,1,1,1,0,0,0,0,-93,0,6,1,4222864,0,110,0,0,4.414527,384,[110 96 6 0 0 0 0 0 0 0 0 0 -15 -15 -15 -15 -17 -16 -16 -18 -15 -18 -13 -16 -13 -18 -12 -17 -12 -18 -12 -19 -12 -20 -13 -20 -12 -20 -11 -20 -9 -19 -12 -21 -9 -19 -9 -19 -9 -18 -9 -18 -8 -18 -9 -19 -7 -18 -9 -18 -9 -20 -9 -17 0 0 -9 -18 -11 -17 -11 -17 -11 -16 -8 -17 -10 -16 -10 -17 -10 -15 -10 -16 -11 -13 -11 -14 -10 -14 -11 -14 -12 -13 -11 -14 -12 -12 -13 -14 -12 -11 -11 -12 -12 -10 -11 -12 -12 -12 -13 -12 -13 -10 -11 -12 -11 -10 0 0 0 0 0 0 0 0 0 0 -1 -1 -1 -1 4 27 4 28 6 25 9 23 -5 22 -3 19 -2 21 -4 21 -2 20 -3 18 -1 20 -1 18 1 19 -1 20 -3 20 -1 19 1 20 0 19 -2 17 2 17 3 16 3 18 4 15 2 17 1 16 4 16 1 18 4 17 2 19 3 17 10 16 3 16 4 16 4 15 3 15 3 15 4 15 3 14 3 14 3 14 2 14 2 15 1 14 2 14 1 12 3 12 1 11 2 13 1 10 2 10 1 9 1 9 2 9 0 9 0 8 -1 8 -1 8 0 0 0 0 -1 -1 -1 -1 -1 -1 -1 -1 -1 -1 0 0 0 0 -1 -1 -1 -1 -33 -16 -31 -16 -35 -16 -33 -18 -35 -19 -29 -18 -33 -19 -29 -19 -34 -21 -31 -25 -30 -28 -31 -26 -33 -26 -31 -27 -25 -25 -29 -24 -27 -23 -30 -24 -25 -21 -27 -24 -24 -22 -28 -22 -24 -24 -25 -25 -25 -28 -25 -23 -32 -16 -24 -22 -26 -20 -25 -19 -26 -19 -24 -19 -27 -18 -25 -18 -26 -17 -27 -16 -25 -16 -27 -17 -25 -19 -27 -15 -26 -15 -27 -11 -25 -12 -30 -12 -24 -10 -24 -8 -26 -8 -24 -8 -26 -8 -27 -10 -27 -11 -25 -11 -26 -10 -28 2 -31 3 -29 2 -29 10 -1 -1 ]
CSI_DATA,STA,08:3A:F2:51:5D:9D,-44,11,0,0,0,0,0,0,0,0,0,-93,0,6,1,4246737,0,110,0,0,4.425717,128,[110 96 6 0 0 0 0 0 0 0 0 0 -27 -7 -26 -8 -29 -8 -29 -8 -28 -10 -25 -10 -26 -10 -24 -11 -26 -11 -25 -13 -27 -13 -27 -14 -26 -13 -25 -13 -22 -13 -27 -13 -22 -13 -22 -13 -21 -13 -22 -12 -21 -11 -22 -12 -19 -12 -22 -11 -23 -11 -22 -10 0 0 -22 -9 -23 -8 -22 -8 -23 -8 -19 -7 -21 -6 -22 -6 -20 -6 -22 -5 -20 -6 -22 -6 -19 -5 -20 -4 -20 -5 -20 -4 -20 -4 -22 -3 -19 -2 -19 -3 -19 -2 -20 -2 -19 -2 -20 -2 -19 -1 -19 0 -18 -1 0 0 0 0 0 0 0 0 0 0 ]
CSI_DATA,STA,08:3A:F2:51:5D:9D,-49,11,1,1,1,1,1,0,0,0,0,-93,0,6,1,4249354,0,110,0,0,4.429948,384,[110 96 6 0 0 0 0 0 0 0 0 0 -3 -21 -3 -20 -4 -23 -2 -23 -2 -23 -1 -20 -1 -22 0 -21 0 -22 2 -22 2 -23 2 -23 3 -22 3 -22 3 -20 2 -23 3 -20 4 -20 3 -19 3 -20 3 -18 2 -20 5 -18 3 -18 4 -21 2 -19 0 0 3 -18 0 -20 0 -20 -1 -18 2 -17 0 -19 0 -19 -1 -17 -1 -18 -2 -16 -3 -17 -1 -16 -2 -16 -3 -15 -2 -16 -4 -15 -4 -17 -4 -14 -3 -15 -5 -14 -3 -16 -5 -15 -6 -15 -5 -15 -3 -14 -4 -15 0 0 0 0 0 0 0 0 0 0 -1 -1 -1 -1 -12 21 -13 24 -12 20 -9 21 -15 17 -12 17 -14 15 -13 17 -12 15 -11 14 -10 15 -10 14 -9 17 -12 15 -11 15 -9 16 -8 15 -8 17 -8 13 -6 15 -7 15 -7 15 -3 14 -6 15 -7 13 -5 16 -6 15 -5 15 -7 16 -4 16 2 19 -5 14 -6 14 -3 13 -3 14 -4 14 -3 15 -6 14 -4 13 -3 14 -5 13 -4 13 -6 11 -4 11 -3 13 -5 10 -4 12 -4 11 -5 10 -3 9 -1 9 -3 8 -3 8 -4 7 -5 6 -4 6 -3 4 0 0 0 0 -1 -1 -1 -1 -1 -1 -1 -1 -1 -1 0 0 0 0 0 0 -1 -1 -17 -32 -16 -31 -18 -34 -16 -35 -16 -36 -13 -33 -14 -36 -12 -34 -14 -38 -9 -38 -8 -40 -10 -39 -11 -40 -9 -39 -5 -35 -9 -37 -8 -36 -7 -37 -7 -31 -7 -35 -6 -32 -9 -34 -5 -34 -7 -34 -3 -36 -9 -33 -17 -31 -7 -32 -9 -31 -10 -30 -9 -29 -9 -30 -11 -30 -8 -29 -10 -28 -13 -28 -10 -26 -12 -27 -12 -27 -14 -25 -14 -26 -15 -24 -14 -23 -18 -26 -15 -21 -14 -22 -18 -21 -15 -20 -18 -20 -17 -22 -17 -21 -15 -21 -16 -22 -20 -15 -25 -14 -24 -12 -28 -11 -1 -1 ]
CSI_DATA,STA,08:3A:F2:51:5D:9D,-50,11,1,1,1,1,1,0,0,0,0,-93,0,6,1,4250698,0,110,0,0,4.440904,384,[110 96 6 0 0 0 0 0 0 0 0 0 -14 17 -14 17 -15 18 -18 18 -17 18 -16 15 -17 16 -17 14 -18 15 -18 14 -20 15 -20 15 -19 14 -20 13 -19 11 -20 15 -17 12 -19 12 -18 11 -17 11 -17 11 -18 13 -17 9 -18 11 -18 12 -16 13 0 0 -15 12 -15 14 -15 13 -14 13 -14 11 -14 13 -15 13 -12 11 -12 14 -10 13 -10 14 -11 12 -11 13 -8 14 -11 13 -8 14 -10 15 -7 15 -8 14 -5 13 -9 14 -7 13 -8 15 -6 14 -7 12 -6 12 0 0 0 0 0 0 0 0 0 0 -1 -1 -1 -1 25 -11 27 -12 26 -10 22 -11 22 -3 21 -5 21 -6 21 -5 20 -8 18 -4 19 -8 16 -7 18 -9 19 -7 19 -7 18 -9 18 -10 18 -6 18 -7 16 -11 13 -13 17 -11 11 -11 14 -10 13 -9 15 -9 15 -10 13 -13 17 -11 15 -12 10 -14 11 -12 14 -12 12 -12 11 -10 10 -11 11 -13 12 -12 12 -10 11 -11 12 -13 12 -11 11 -10 11 -9 11 -9 8 -9 8 -8 9 -12 7 -7 8 -9 7 -8 8 -7 9 -7 7 -6 6 -5 6 -6 8 -6 0 0 -1 -1 -1 -1 -1 -1 -1 -1 -1 -1 -1 -1 -1 -1 0 0 0 0 -1 -1 -15 36 -15 35 -16 38 -19 37 -19 38 -19 33 -20 36 -20 33 -22 38 -25 33 -27 34 -26 35 -25 36 -26 34 -25 29 -24 32 -21 31 -24 32 -21 27 -25 29 -23 27 -23 32 -23 27 -22 29 -26 29 -21 31 -14 33 -20 29 -18 28 -18 28 -15 28 -17 27 -17 29 -16 29 -15 28 -12 30 -12 28 -13 30 -12 28 -9 31 -11 28 -8 29 -7 27 -7 31 -8 26 -4 26 -4 28 -5 26 -2 26 -6 29 -5 26 -4 25 -3 27 4 26 11 27 6 25 13 29 -1 -1 ]
CSI_DATA,STA,08:3A:F2:51:5D:9D,-50,11,1,1,1,1,1,0,0,0,0,-93,0,6,1,4253528,0,110,0,0,4.451702,384,[110 96 6 0 0 0 0 0 0 0 0 0 -17 -13 -16 -13 -18 -14 -17 -16 -17 -16 -14 -15 -15 -16 -14 -15 -14 -16 -14 -17 -14 -19 -15 -19 -14 -19 -13 -18 -11 -18 -14 -19 -11 -16 -11 -17 -12 -16 -10 -17 -10 -16 -11 -17 -9 -17 -12 -17 -12 -18 -11 -15 0 0 -11 -15 -13 -14 -12 -14 -13 -13 -11 -14 -12 -14 -12 -14 -13 -12 -12 -12 -12 -10 -13 -10 -12 -11 -12 -10 -11 -9 -13 -10 -13 -9 -14 -10 -13 -7 -14 -8 -12 -6 -12 -8 -13 -8 -14 -7 -15 -6 -13 -8 -13 -5 0 0 0 0 0 0 0 0 0 0 -1 -1 -1 -1 7 23 6 25 8 22 6 20 1 21 2 18 1 21 1 20 4 22 1 16 4 18 2 17 6 18 3 19 3 19 5 17 7 19 5 18 3 16 7 16 7 13 8 16 7 14 7 16 6 16 7 14 8 16 10 13 6 15 9 13 8 13 7 14 10 14 8 11 7 13 10 12 9 13 7 12 9 12 6 11 7 13 5 11 6 12 8 10 6 10 5 9 5 10 7 11 4 7 7 8 4 7 4 9 4 6 3 8 3 7 3 5 1 7 0 0 -1 -1 -1 -1 -1 -1 -1 -1 -1 -1 -1 -1 -1 -1 0 0 0 0 -1 -1 -34 -14 -32 -14 -37 -15 -35 -17 -36 -18 -31 -18 -34 -19 -31 -18 -35 -21 -32 -24 -33 -25 -33 -24 -34 -24 -32 -25 -27 -24 -30 -23 -29 -21 -31 -23 -27 -19 -28 -24 -26 -22 -29 -22 -25 -23 -29 -22 -27 -26 -27 -20 -32 -14 -25 -21 -28 -19 -26 -17 -27 -17 -26 -16 -27 -17 -26 -17 -29 -15 -29 -13 -25 -13 -27 -12 -25 -14 -29 -11 -25 -11 -28 -8 -27 -8 -29 -8 -25 -6 -26 -5 -26 -6 -25 -5 -26 -6 -25 -7 -29 -7 -24 -6 -26 -5 -25 3 -29 4 -27 1 -27 9 -1 -1 ]
CSI_DATA,STA,08:3A:F2:51:5D:9D,-50,11,1,1,1,1,1,0,0,0,0,-93,0,6,1,4254839,0,110,0,0,4.462684,384,[110 96 6 0 0 0 0 0 0 0 0 0 10 17 10 17 12 18 10 20 10 19 8 18 8 19 7 18 7 19 7 19 6 21 7 21 6 21 6 20 4 19 7 21 4 19 4 18 4 18 5 18 4 18 5 19 2 17 5 17 5 19 5 18 0 0 6 18 6 17 7 17 6 16 5 15 7 15 6 17 7 14 8 15 7 12 8 14 6 13 8 13 8 12 7 13 9 12 10 14 9 10 9 11 9 8 9 11 9 11 9 11 10 8 8 10 9 9 0 0 0 0 0 0 0 0 0 0 -1 -1 -1 -1 -5 -25 -6 -26 -9 -23 -10 -23 2 -20 2 -18 1 -21 0 -19 -1 -19 0 -17 -1 -18 0 -16 -2 -19 -2 -19 -1 -19 -3 -18 -4 -20 -3 -17 -2 -16 -5 -17 -6 -16 -5 -17 -6 -14 -5 -16 -4 -15 -7 -15 -5 -16 -8 -16 -5 -17 -7 -16 -11 -15 -7 -15 -8 -14 -7 -14 -7 -14 -7 -13 -7 -13 -6 -13 -7 -12 -7 -12 -7 -12 -5 -12 -4 -12 -6 -12 -5 -12 -6 -10 -6 -11 -7 -11 -5 -10 -5 -10 -4 -9 -4 -9 -4 -8 -3 -8 -3 -8 -2 -7 -3 -8 0 0 -1 -1 -1 -1 -1 -1 -1 -1 -1 -1 -1 -1 -1 -1 0 0 0 0 -1 -1 28 21 26 20 29 21 27 23 29 24 23 23 26 24 23 23 27 26 24 29 23 31 24 29 26 30 23 30 18 28 22 28 20 25 23 27 18 23 21 26 18 24 22 25 18 25 20 25 19 30 20 25 29 19 19 23 19 22 20 20 19 19 19 20 23 19 20 20 22 17 22 18 19 16 22 17 19 18 23 14 22 15 22 12 22 12 26 13 20 9 22 8 23 8 20 9 21 7 23 9 22 8 21 9 22 9 25 -2 26 -4 28 -1 27 -8 -1 -1 ]
CSI_DATA,STA,08:3A:F2:51:5D:9D,-50,11,1,1,1,1,1,0,0,0,0,-93,0,6,1,4255145,0,110,0,0,4.472782,384,[110 96 6 0 0 0 0 0 0 0 0 0 -12 18 -12 18 -12 19 -15 19 -15 19 -14 16 -15 17 -15 16 -16 16 -16 16 -18 16 -18 17 -18 16 -18 15 -18 13 -18 16 -17 13 -17 13 -16 13 -16 12 -16 12 -16 13 -16 10 -16 12 -18 13 -15 13 0 0 -15 13 -14 14 -14 14 -13 14 -14 12 -13 13 -14 13 -11 13 -12 14 -9 13 -10 14 -10 12 -10 13 -9 13 -9 13 -8 14 -9 15 -7 14 -6 14 -5 13 -7 14 -7 13 -7 14 -5 14 -7 13 -5 13 0 0 0 0 0 0 0 0 0 0 -1 -1 -1 -1 23 -9 26 -10 22 -12 20 -13 22 -4 19 -5 20 -7 20 -5 19 -7 17 -5 18 -8 17 -7 18 -9 18 -8 19 -7 17 -9 18 -10 17 -9 15 -7 15 -11 14 -11 16 -12 12 -10 14 -11 14 -9 14 -11 15 -10 13 -13 15 -11 14 -13 11 -15 13 -12 13 -12 11 -11 12 -13 11 -11 11 -12 11 -11 10 -11 11 -11 11 -11 11 -10 12 -9 10 -9 10 -9 9 -10 9 -8 9 -10 8 -8 7 -8 8 -7 7 -7 7 -7 7 -6 6 -5 6 -5 6 -5 0 0 -1 -1 -1 -1 -1 -1 -1 -1 -1 -1 -1 -1 -1 -1 0 0 0 0 -1 -1 -13 38 -13 35 -13 40 -16 37 -17 40 -17 33 -18 38 -17 34 -19 39 -24 36 -26 36 -24 36 -24 38 -25 35 -24 29 -23 34 -20 31 -23 35 -19 28 -22 30 -21 28 -21 32 -23 29 -22 29 -26 29 -20 30 -15 34 -19 28 -18 29 -16 28 -15 30 -16 27 -14 30 -15 29 -13 28 -12 31 -11 28 -12 30 -13 28 -10 29 -10 27 -6 29 -6 26 -6 31 -5 25 -3 26 -3 27 -3 25 -2 26 -4 28 -4 27 -4 26 -3 26 5 27 8 27 7 25 13 26 -1 -1 ]
CSI_DATA,STA,08:3A:F2:51:5D:9D,-50,11,1,1,1,1,1,0,0,0,0,-93,0,6,1,4256321,0,110,0,0,4.483564,384,[110 96 6 0 0 0 0 0 0 0 0 0 15 -17 15 -16 15 -18 18 -17 17 -17 16 -14 18 -15 17 -14 18 -15 18 -14 20 -14 20 -15 19 -14 19 -13 19 -11 20 -15 17 -11 18 -12 16 -11 17 -12 18 -10 18 -12 17 -10 17 -11 18 -12 16 -12 0 0 16 -12 14 -12 16 -13 13 -13 15 -11 14 -13 14 -13 12 -12 13 -14 10 -14 10 -14 11 -14 10 -13 9 -13 9 -14 8 -15 9 -15 6 -13 8 -14 5 -14 8 -14 6 -14 6 -15 6 -16 7 -14 4 -13 0 0 0 0 0 0 0 0 0 0 -1 -1 -1 -1 -24 12 -25 14 -21 13 -16 18 -22 5 -20 5 -21 6 -22 6 -20 6 -17 4 -18 8 -16 6 -18 8 -18 8 -19 7 -17 8 -18 10 -17 9 -16 7 -15 9 -13 10 -15 12 -11 10 -13 11 -14 9 -12 11 -15 9 -14 12 -15 12 -13 13 -8 16 -12 11 -12 12 -12 12 -12 12 -10 10 -11 12 -11 11 -10 11 -10 10 -10 10 -11 11 -11 9 -11 10 -12 8 -8 10 -10 8 -8 9 -9 8 -6 8 -8 7 -7 7 -5 5 -7 5 -6 5 -7 4 -6 5 0 0 -1 -1 -1 -1 -1 -1 -1 -1 -1 -1 -1 -1 -1 -1 0 0 0 0 -1 -1 13 -36 13 -34 13 -39 15 -36 16 -38 16 -32 18 -37 16 -32 18 -38 23 -35 25 -35 23 -35 23 -36 23 -34 23 -29 21 -33 19 -31 20 -35 16 -29 20 -31 20 -28 17 -31 21 -29 20 -30 24 -30 18 -30 9 -38 18 -28 16 -28 16 -28 13 -29 13 -28 12 -29 13 -29 10 -28 9 -29 9 -29 10 -30 12 -29 7 -30 7 -28 3 -28 3 -27 3 -31 3 -25 1 -24 2 -28 0 -24 0 -24 2 -28 2 -27 2 -26 2 -27 -10 -28 -13 -28 -9 -27 -17 -25 -1 -1 ]
CSI_DATA,STA,08:3A:F2:51:5D:9D,-45,11,0,0,0,0,0,0,0,0,0,-93,0,6,1,4262656,0,110,0,0,4.494392,128,[110 96 6 0 0 0 0 0 0 0 0 0 -7 -29 -6 -29 -7 -32 -7 -32 -5 -32 -3 -29 -4 -31 -2 -29 -3 -30 -1 -31 -3 -32 -2 -33 -2 -31 -2 -30 0 -28 -2 -32 1 -28 2 -28 1 -27 0 -27 0 -25 0 -27 0 -25 -1 -26 -2 -27 -2 -27 0 0 -3 -25 -4 -26 -4 -25 -4 -24 -4 -22 -5 -25 -5 -24 -4 -22 -6 -23 -6 -22 -7 -23 -6 -21 -7 -21 -7 -22 -8 -21 -7 -21 -10 -21 -8 -19 -7 -19 -9 -19 -8 -19 -9 -20 -10 -18 -10 -18 -10 -18 -9 -17 0 0 0 0 0 0 0 0 0 0 ]
CSI_DATA,STA,08:3A:F2:51:5D:9D,-50,11,1,1,1,1,1,0,0,0,0,-93,0,6,1,4263810,0,110,0,0,4.498429,384,[110 96 6 0 0 0 0 0 0 0 0 0 0 22 -1 21 0 23 -3 25 -2 23 -3 21 -4 22 -4 21 -4 21 -4 21 -5 23 -5 24 -5 23 -6 22 -7 20 -6 23 -6 20 -7 19 -6 19 -6 19 -7 19 -7 20 -7 17 -6 19 -6 21 -4 19 0 0 -4 18 -2 18 -3 19 -1 18 -5 17 -3 17 -3 18 -2 17 -1 17 1 15 2 16 1 16 1 16 1 15 2 16 4 15 2 17 4 14 3 14 4 12 2 14 4 13 3 14 6 14 4 14 5 13 0 0 0 0 0 0 0 0 0 0 -1 -1 -1 -1 16 -21 14 -17 11 -22 8 -23 13 -17 12 -16 10 -20 14 -18 11 -17 11 -15 11 -18 8 -15 9 -18 9 -17 9 -18 7 -19 6 -21 6 -18 7 -17 6 -18 5 -17 4 -19 1 -16 2 -17 5 -16 2 -17 3 -17 1 -18 4 -19 -1 -20 -2 -20 -1 -19 1 -17 0 -18 -1 -17 2 -16 2 -19 2 -17 -1 -17 -1 -17 1 -16 -1 -15 1 -17 0 -14 1 -15 1 -14 -1 -13 -1 -14 1 -11 0 -10 1 -12 -1 -12 0 -9 1 -9 1 -12 1 -9 2 -7 0 0 -1 -1 -1 -1 -1 -1 -1 -1 -1 -1 -1 -1 -1 -1 0 0 0 0 -1 -1 9 38 9 37 9 40 6 42 6 41 4 38 5 41 4 38 5 43 1 41 0 43 2 43 2 44 0 43 -3 38 -1 40 0 39 0 39 -1 36 -2 37 0 36 0 37 -2 36 -1 37 -2 37 0 36 8 35 2 34 3 33 4 33 5 31 5 32 5 31 4 31 6 31 8 31 10 26 9 30 8 28 9 28 9 27 12 26 13 24 13 28 9 22 14 21 14 20 13 21 15 22 13 25 15 23 14 21 15 22 19 17 21 16 23 20 24 12 -1 -1 ]
CSI_DATA,STA,08:3A:F2:51:5D:9D,-45,11,0,0,0,0,0,0,0,0,0,-93,0,6,1,4286502,0,110,0,0,4.508441,128,[110 96 6 0 0 0 0 0 0 0 0 0 22 -14 21 -12 24 -14 24 -14 24 -13 22 -10 24 -11 23 -9 24 -10 25 -9 25 -11 26 -10 25 -9 24 -9 22 -7 26 -10 22 -7 23 -6 21 -6 21 -7 20 -7 22 -7 20 -5 20 -8 22 -9 20 -8 0 0 19 -9 20 -11 18 -10 19 -10 17 -9 17 -10 18 -11 15 -10 17 -12 16 -10 16 -12 15 -9 15 -11 16 -12 16 -12 14 -11 14 -13 15 -11 13 -12 13 -12 13 -12 12 -12 14 -13 12 -12 12 -12 11 -12 0 0 0 0 0 0 0 0 0 0 ]
CSI_DATA,STA,08:3A:F2:51:5D:9D,-51,11,1,1,1,1,1,0,0,0,0,-93,0,6,1,4305252,0,110,0,0,4.512382,384,[110 96 6 0 0 0 0 0 0 0 0 0 -2 23 -3 23 -3 24 -5 26 -5 24 -6 22 -7 23 -7 22 -7 22 -7 22 -8 24 -8 24 -8 23 -9 23 -10 21 -9 24 -9 20 -10 20 -9 19 -9 19 -10 19 -10 20 -10 18 -8 19 -10 20 -7 19 0 0 -8 19 -6 18 -6 19 -6 19 -7 17 -6 17 -6 18 -4 17 -5 18 -3 16 -2 18 -2 16 -2 17 -1 16 -2 17 0 18 -2 17 0 17 0 15 2 15 -1 15 0 15 -1 15 2 15 0 15 3 15 0 0 0 0 0 0 0 0 0 0 -1 -1 -1 -1 21 -15 19 -14 24 -20 16 -18 19 -10 19 -12 18 -13 18 -13 16 -13 17 -12 14 -14 16 -13 13 -14 15 -13 16 -14 14 -15 17 -17 12 -17 14 -12 12 -13 10 -18 11 -16 10 -17 10 -15 13 -13 11 -13 11 -15 8 -15 10 -16 8 -16 8 -15 9 -16 9 -17 9 -15 8 -14 10 -14 8 -14 7 -15 8 -12 7 -15 6 -12 8 -14 9 -12 8 -10 7 -12 6 -11 7 -13 6 -11 8 -9 5 -9 7 -9 5 -6 3 -7 5 -8 5 -8 4 -6 6 -6 -1 -1 -1 -1 -1 -1 -1 -1 -1 -1 -1 -1 -1 -1 -1 -1 -1 -1 0 0 0 0 4 41 3 41 2 42 0 46 -1 43 -2 42 -3 44 -4 42 -4 46 -7 43 -7 45 -5 45 -5 47 -7 46 -10 41 -10 41 -7 43 -10 41 -7 37 -10 38 -11 36 -9 40 -9 37 -8 40 -12 40 -5 36 1 38 -7 36 -5 34 -3 37 -4 34 -4 35 -3 33 -3 33 -3 34 -3 34 0 31 3 32 1 31 2 33 3 33 4 31 6 30 5 31 4 30 7 28 8 29 6 26 7 27 6 26 8 29 8 27 9 28 10 25 19 29 17 27 17 24 -1 -1 ]
CSI_DATA,STA,08:3A:F2:51:5D:9D,-51,11,1,1,1,1,1,0,0,0,0,-93,0,6,1,4386398,0,110,0,0,4.553549,384,[110 96 6 0 0 0 0 0 0 0 0 0 21 10 20 10 22 10 22 13 22 13 18 12 20 13 18 12 19 13 19 14 19 16 20 16 19 16 18 16 15 15 19 16 15 14 16 15 15 14 15 14 14 14 16 14 13 14 15 14 16 15 15 12 0 0 15 12 16 11 16 11 16 10 14 11 16 10 15 11 14 8 16 9 15 7 15 7 14 8 15 7 15 6 15 6 15 5 17 6 14 3 15 3 14 2 14 4 14 3 15 4 15 2 14 4 13 2 0 0 0 0 0 0 0 0 0 0 -1 -1 -1 -1 -21 -15 -21 -16 -21 -13 -20 -9 -11 -16 -10 -15 -12 -15 -11 -15 -11 -14 -9 -13 -12 -12 -11 -11 -12 -11 -12 -13 -11 -13 -12 -11 -14 -11 -12 -11 -11 -10 -12 -9 -12 -8 -13 -8 -12 -7 -13 -8 -11 -8 -13 -7 -11 -8 -13 -6 -13 -8 -13 -6 -15 -1 -11 -6 -12 -5 -11 -5 -11 -5 -10 -5 -11 -5 -11 -4 -10 -4 -9 -4 -9 -4 -9 -4 -9 -4 -8 -4 -7 -4 -7 -2 -6 -3 -8 -2 -5 -2 -5 -1 -5 -1 -4 -1 -4 -1 -4 -1 -4 -1 -3 0 -3 0 0 0 -1 -1 -1 -1 -1 -1 -1 -1 -1 -1 -1 -1 -1 -1 0 0 0 0 -1 -1 37 -2 35 0 39 -2 37 2 40 1 35 3 38 2 35 2 40 2 39 8 40 10 39 9 41 7 39 9 33 10 37 8 34 6 37 6 30 6 33 8 31 7 34 6 32 9 33 8 34 11 32 6 35 -7 30 6 30 4 29 3 29 2 29 2 30 1 28 2 28 -1 30 -1 28 -1 29 -1 28 1 28 -3 26 -2 25 -6 24 -5 28 -7 21 -5 22 -8 23 -8 21 -7 22 -9 24 -7 23 -7 22 -7 23 -7 18 -19 19 -22 17 -20 13 -25 -1 -1 ]
CSI_DATA,STA,08:3A:F2:51:5D:9D,-51,11,1,1,1,1,1,0,0,0,0,-93,0,6,1,4402758,0,110,0,0,4.569414,384,[110 96 6 0 0 0 0 0 0 0 0 0 20 -7 19 -6 22 -7 23 -5 22 -5 20 -4 21 -3 20 -2 21 -2 21 -2 23 -2 23 -2 22 -2 22 -1 20 1 23 -1 20 0 20 1 19 0 19 0 19 1 19 1 17 1 19 -1 21 0 18 -1 0 0 18 -1 18 -3 18 -3 17 -3 16 -1 17 -2 18 -2 15 -3 16 -4 14 -5 15 -5 14 -4 15 -5 14 -5 14 -5 13 -6 15 -7 12 -6 12 -7 11 -7 13 -6 12 -6 12 -7 11 -8 11 -6 10 -7 0 0 0 0 0 0 0 0 0 0 -1 -1 -1 -1 -22 -7 -22 -5 -24 -2 -20 -3 -16 -8 -16 -7 -17 -7 -17 -7 -16 -7 -15 -6 -16 -5 -14 -5 -16 -4 -16 -4 -16 -4 -16 -3 -17 -2 -16 -2 -15 -3 -14 -2 -15 0 -15 -1 -14 1 -14 -1 -14 -2 -14 0 -13 -1 -14 2 -14 0 -13 2 -12 5 -13 1 -13 1 -13 2 -12 2 -12 1 -12 1 -11 1 -11 1 -10 0 -9 1 -10 1 -9 1 -9 1 -9 1 -7 1 -7 1 -7 1 -6 1 -5 1 -5 1 -5 1 -4 1 -4 1 -4 1 -3 1 -2 1 0 0 -1 -1 -1 -1 -1 -1 -1 -1 -1 -1 -1 -1 -1 -1 0 0 0 0 -1 -1 28 -22 29 -21 31 -22 33 -21 33 -20 31 -18 34 -19 32 -17 36 -19 35 -15 36 -15 35 -17 37 -18 36 -17 34 -12 34 -12 34 -14 34 -13 31 -12 32 -11 31 -10 32 -12 29 -10 30 -13 33 -11 29 -14 24 -23 29 -13 27 -13 27 -15 25 -14 26 -14 26 -14 26 -14 24 -15 24 -16 21 -16 22 -17 22 -16 21 -18 21 -18 18 -18 18 -18 20 -20 16 -17 16 -17 16 -18 15 -18 15 -19 16 -18 15 -19 14 -18 15 -19 8 -21 7 -26 6 -26 4 -24 -1 -1 ]
CSI_DATA,STA,08:3A:F2:51:5D:9D,-51,11,1,1,1,1,1,0,0,0,0,-93,0,6,1,4432052,0,110,0,0,4.598386,384,[110 96 6 0 0 0 0 0 0 0 0 0 12 19 11 19 13 20 12 23 11 22 9 21 9 22 8 21 8 22 7 22 7 24 8 24 7 23 6 23 4 22 7 24 5 21 4 21 4 21 4 20 4 20 4 21 2 19 4 20 4 22 5 19 0 0 5 19 6 18 6 19 7 17 4 18 6 17 6 18 6 16 7 16 7 14 8 15 7 15 8 15 8 13 8 14 9 13 9 14 9 11 9 12 9 10 8 12 9 12 9 12 10 11 8 11 9 10 0 0 0 0 0 0 0 0 0 0 -1 -1 -1 -1 0 -26 -2 -26 -5 -25 -3 -23 4 -19 3 -19 2 -20 3 -20 2 -19 3 -18 1 -18 0 -17 0 -19 0 -18 1 -18 -1 -18 -3 -18 -2 -18 -1 -16 -2 -17 -4 -17 -3 -16 -4 -15 -3 -16 -2 -16 -4 -15 -3 -15 -6 -15 -3 -16 -5 -15 -9 -13 -4 -15 -4 -14 -5 -14 -4 -14 -4 -13 -4 -14 -4 -13 -4 -12 -3 -12 -3 -11 -2 -11 -2 -11 -3 -11 -2 -10 -2 -9 -2 -8 -3 -8 -1 -7 -1 -7 -1 -6 -1 -6 -2 -5 -1 -5 -1 -4 -1 -3 -1 -3 -1 -1 -1 -1 -1 -1 -1 -1 -1 -1 -1 -1 -1 -1 -1 -1 -1 -1 0 0 0 0 31 23 31 23 32 24 31 28 30 28 27 27 29 29 27 28 30 31 26 31 26 33 27 32 29 32 27 33 21 32 23 32 24 31 23 31 21 28 20 30 19 29 21 29 18 28 21 28 20 32 21 26 30 20 20 27 20 25 22 25 20 23 21 23 22 23 20 23 22 21 22 21 21 18 23 19 21 19 24 17 23 18 23 14 23 15 25 15 21 13 22 11 22 11 21 11 22 11 22 12 23 11 21 11 22 11 25 3 30 0 29 0 27 -3 -1 -1 ]
CSI_DATA,STA,08:3A:F2:51:5D:9D,-51,11,1,2,1,1,1,0,0,0,0,-93,0,6,1,4527776,0,110,0,0,4.694122,384,[110 96 6 0 0 0 0 0 0 0 0 0 -19 -7 -19 -7 -20 -7 -21 -10 -20 -9 -18 -10 -18 -10 -17 -10 -18 -11 -18 -11 -19 -13 -19 -12 -18 -12 -17 -13 -16 -13 -18 -13 -16 -12 -14 -12 -15 -12 -14 -12 -14 -12 -15 -12 -12 -11 -14 -11 -15 -12 -14 -10 0 0 -14 -10 -15 -9 -15 -9 -14 -8 -13 -9 -14 -8 -14 -9 -13 -7 -14 -7 -13 -5 -14 -5 -13 -6 -14 -6 -14 -5 -13 -5 -14 -4 -15 -5 -13 -2 -13 -3 -12 -2 -13 -3 -13 -3 -13 -2 -13 -1 -13 -3 -12 -1 0 0 0 0 0 0 0 0 0 0 -1 -1 -1 -1 16 14 16 13 18 12 15 9 10 13 9 12 10 12 10 14 9 12 8 11 10 11 10 9 11 10 10 9 10 11 10 9 12 11 11 10 10 10 11 7 12 6 10 9 11 6 10 7 10 8 10 6 9 7 11 6 11 8 11 6 13 1 10 6 10 6 9 5 9 5 9 5 8 5 8 4 8 4 7 5 6 4 6 4 6 4 5 4 5 3 5 2 4 2 4 2 3 2 3 1 2 1 3 0 2 0 2 0 2 0 1 -1 1 -2 0 0 -1 -1 -1 -1 -1 -1 -1 -1 -1 -1 -1 -1 -1 -1 0 0 0 0 -1 -1 -36 3 -34 2 -35 2 -37 0 -35 -2 -33 -2 -35 -2 -33 -1 -37 -2 -34 -5 -37 -7 -36 -6 -39 -6 -37 -7 -33 -9 -34 -7 -34 -5 -33 -9 -31 -6 -29 -8 -31 -8 -29 -6 -28 -8 -29 -6 -31 -10 -29 -5 -31 5 -29 -6 -29 -4 -27 -4 -25 -3 -27 -4 -26 -3 -25 -3 -26 -1 -26 0 -22 0 -24 2 -24 1 -25 2 -24 3 -23 3 -23 2 -24 5 -21 4 -20 5 -20 5 -19 6 -20 6 -20 6 -21 6 -20 6 -20 6 -16 14 -18 19 -17 18 -14 18 -1 -1 ]
CSI_DATA,STA,08:3A:F2:51:5D:9D,-51,11,1,2,1,1,1,0,0,0,0,-93,0,6,1,4555744,0,110,0,0,4.722038,384,[110 96 6 0 0 0 0 0 0 0 0 0 21 6 21 6 23 6 23 9 22 9 20 9 21 10 19 10 20 10 20 11 21 12 21 12 21 12 20 13 17 13 20 13 17 12 16 12 17 12 16 12 16 12 17 12 14 12 16 11 17 13 16 10 0 0 16 10 16 9 17 9 16 7 15 9 16 8 16 9 15 7 16 7 14 4 16 4 14 6 15 5 15 4 14 4 15 3 16 3 14 1 15 2 13 1 14 2 14 2 15 2 15 0 14 2 13 0 0 0 0 0 0 0 0 0 0 0 -1 -1 -1 -1 -18 -18 -18 -18 -21 -16 -19 -13 -12 -18 -11 -16 -13 -16 -12 -18 -12 -16 -10 -15 -13 -15 -12 -13 -13 -13 -13 -14 -13 -15 -13 -13 -15 -15 -14 -13 -12 -13 -14 -11 -15 -9 -14 -12 -14 -9 -13 -10 -13 -11 -13 -9 -13 -10 -14 -8 -14 -11 -15 -9 -16 -3 -14 -8 -14 -8 -13 -7 -12 -6 -12 -8 -12 -8 -11 -7 -11 -7 -11 -6 -10 -6 -10 -6 -9 -6 -9 -6 -8 -5 -8 -4 -7 -4 -8 -4 -7 -3 -6 -2 -6 -2 -5 -1 -5 -2 -5 -2 -5 -2 -5 -1 -5 0 0 0 -1 -1 -1 -1 -1 -1 -1 -1 -1 -1 -1 -1 -1 -1 0 0 0 0 -1 -1 41 -3 39 -2 41 -2 41 0 41 2 37 3 41 3 37 3 42 3 41 7 43 9 41 8 44 10 42 10 37 11 39 8 38 6 38 11 35 8 33 9 34 9 33 7 32 10 34 9 36 12 33 7 35 -2 32 7 32 5 31 4 28 3 30 5 30 3 29 3 29 1 30 0 26 1 29 -1 27 1 29 -2 27 -3 26 -5 26 -4 28 -6 23 -5 23 -6 23 -6 22 -8 23 -8 24 -7 25 -8 23 -7 22 -7 20 -15 22 -19 21 -19 17 -22 -1 -1 ]
CSI_DATA,STA,08:3A:F2:51:5D:9D,-51,11,1,2,1,1,1,0,0,0,0,-93,0,6,1,4578593,0,110,0,0,4.744897,384,[110 96 6 0 0 0 0 0 0 0 0 0 20 1 19 1 22 1 23 3 22 3 19 4 21 4 19 5 20 5 20 6 21 7 21 7 21 7 20 8 18 8 21 7 18 7 18 7 17 7 17 7 17 7 18 7 15 8 17 7 18 8 17 6 0 0 17 5 17 4 17 4 16 3 15 5 16 3 16 4 15 3 16 2 14 1 15 1 14 2 15 1 14 0 14 0 14 -1 16 -1 13 -2 14 -2 12 -3 13 -2 13 -2 14 -2 13 -3 13 -2 12 -3 0 0 0 0 0 0 0 0 0 0 -1 -1 -1 -1 -21 -12 -21 -12 -22 -10 -20 -6 -16 -14 -14 -12 -15 -12 -15 -13 -14 -11 -13 -11 -15 -10 -14 -9 -16 -9 -15 -10 -15 -11 -15 -9 -17 -10 -16 -9 -14 -9 -15 -6 -16 -4 -15 -7 -14 -5 -14 -5 -14 -7 -14 -4 -14 -6 -15 -5 -15 -7 -15 -5 -15 1 -14 -4 -14 -4 -13 -3 -13 -3 -12 -4 -13 -4 -12 -3 -12 -3 -11 -3 -10 -3 -11 -3 -10 -4 -10 -4 -9 -3 -9 -2 -8 -2 -9 -2 -7 -1 -6 -1 -6 -1 -6 0 -6 -1 -5 -1 -5 0 -6 0 -5 0 -1 -1 -1 -1 -1 -1 -1 -1 -1 -1 -1 -1 -1 -1 -1 -1 -1 -1 0 0 0 0 36 -12 33 -11 35 -12 36 -9 36 -8 33 -7 36 -7 33 -6 37 -9 37 -2 40 -1 38 -1 41 -1 39 -1 34 1 36 -3 34 -5 36 0 32 -2 32 -1 32 0 31 -3 30 1 32 1 34 3 32 -2 31 -11 31 -2 30 -4 28 -4 25 -5 27 -4 28 -5 27 -5 26 -6 26 -8 23 -6 25 -8 25 -6 25 -9 24 -9 22 -11 22 -10 23 -13 19 -11 18 -12 19 -11 18 -13 19 -13 20 -12 20 -13 19 -12 18 -12 14 -19 14 -23 14 -22 9 -24 -1 -1 ]
CSI_DATA,STA,08:3A:F2:51:5D:9D,-51,11,1,2,1,1,1,0,0,0,0,-93,0,6,1,4587093,0,110,0,0,4.756046,384,[110 96 6 0 0 0 0 0 0 0 0 0 22 -5 22 -4 24 -5 25 -3 24 -3 22 -2 23 -1 22 -1 23 -1 23 0 24 1 25 1 24 1 24 2 22 3 25 2 21 2 21 3 20 2 21 3 20 3 21 3 18 4 20 2 22 3 19 1 0 0 19 1 19 0 19 0 18 -2 18 1 18 -1 19 0 17 -2 17 -2 15 -3 16 -4 16 -2 16 -3 15 -4 16 -4 15 -5 17 -5 13 -6 14 -6 12 -7 14 -5 14 -6 14 -6 13 -7 13 -6 12 -6 0 0 0 0 0 0 0 0 0 0 -1 -1 -1 -1 -26 -6 -27 -6 -26 -3 -23 0 -20 -10 -18 -9 -19 -8 -19 -10 -18 -7 -17 -7 -19 -6 -17 -5 -19 -5 -19 -5 -19 -7 -18 -4 -20 -5 -19 -4 -17 -5 -17 -2 -17 0 -18 -3 -16 -1 -16 -2 -16 -3 -15 0 -16 -2 -17 0 -17 -2 -16 0 -15 6 -15 0 -16 0 -14 1 -14 1 -14 0 -13 0 -13 0 -13 0 -12 1 -12 1 -12 0 -11 -1 -11 0 -10 0 -9 1 -8 1 -9 1 -7 1 -6 1 -7 0 -6 2 -6 1 -5 1 -5 1 -5 2 -5 1 -1 -1 -1 -1 -1 -1 -1 -1 -1 -1 -1 -1 -1 -1 -1 -1 -1 -1 0 0 0 0 35 -23 32 -20 34 -23 36 -20 36 -20 33 -16 37 -19 34 -16 38 -20 39 -14 42 -13 39 -13 44 -14 41 -12 37 -9 38 -13 35 -14 39 -11 33 -12 34 -9 34 -9 33 -12 33 -8 34 -9 37 -7 33 -11 29 -22 31 -11 31 -13 28 -12 26 -13 27 -11 28 -13 27 -13 26 -14 26 -17 24 -14 24 -16 24 -14 24 -17 22 -16 20 -19 20 -17 21 -21 17 -17 17 -18 17 -18 15 -18 16 -20 18 -19 18 -20 16 -19 15 -18 8 -25 8 -28 7 -27 3 -29 -1 -1 ]
CSI_DATA,STA,08:3A:F2:51:5D:9D,-51,11,1,2,1,1,1,0,0,0,0,-93,0,6,1,4589532,0,110,0,0,4.766623,384,[110 96 6 0 0 0 0 0 0 0 0 0 23 0 23 0 24 0 26 2 25 2 22 3 23 3 22 4 23 5 23 5 24 6 25 6 24 6 23 8 21 8 24 7 21 7 20 8 20 7 19 7 20 7 20 8 17 8 19 7 21 7 19 6 0 0 19 5 19 4 19 4 18 3 17 5 18 3 19 4 17 2 18 2 16 0 17 0 16 2 17 1 16 0 16 0 16 -2 18 -1 14 -2 15 -2 14 -3 15 -2 15 -2 16 -2 15 -4 14 -2 13 -3 0 0 0 0 0 0 0 0 0 0 -1 -1 -1 -1 -25 -11 -26 -11 -26 -8 -23 -5 -18 -14 -16 -12 -17 -12 -17 -13 -16 -12 -14 -11 -17 -10 -15 -9 -17 -9 -17 -9 -17 -10 -16 -8 -18 -10 -17 -9 -16 -9 -16 -6 -16 -4 -17 -7 -16 -4 -15 -5 -16 -6 -15 -4 -15 -6 -16 -4 -16 -6 -16 -4 -16 2 -15 -4 -16 -4 -14 -3 -14 -2 -13 -4 -13 -4 -13 -3 -13 -3 -12 -3 -11 -2 -11 -3 -11 -3 -10 -3 -10 -2 -10 -1 -8 -1 -9 -1 -8 -1 -7 -1 -7 -1 -6 0 -6 0 -5 0 -5 0 -6 0 -5 0 -1 -1 -1 -1 -1 -1 -1 -1 -1 -1 -1 -1 -1 -1 -1 -1 -1 -1 0 0 0 0 38 -17 36 -15 37 -16 40 -13 39 -13 36 -11 39 -12 36 -10 40 -12 41 -7 43 -6 41 -6 45 -6 43 -5 38 -2 39 -6 37 -7 40 -3 35 -5 35 -3 35 -3 34 -5 34 -1 35 -3 38 -1 35 -5 33 -16 33 -4 33 -7 30 -6 28 -7 30 -6 30 -8 28 -7 28 -9 29 -10 25 -8 27 -11 26 -9 27 -11 25 -12 23 -14 23 -12 25 -16 20 -13 20 -14 20 -13 19 -15 20 -16 20 -15 22 -16 20 -15 19 -14 13 -24 13 -27 13 -26 8 -28 -1 -1 ]
CSI_DATA,STA,08:3A:F2:51:5D:9D,-51,11,1,2,1,1,1,0,0,0,0,-93,0,6,1,4592891,0,110,0,0,4.777059,384,[110 96 6 0 0 0 0 0 0 0 0 0 -11 18 -11 17 -12 19 -14 19 -13 18 -13 16 -15 16 -14 15 -15 15 -15 15 -16 16 -17 16 -16 15 -17 15 -16 12 -17 15 -16 12 -16 12 -16 12 -16 11 -16 11 -16 11 -15 9 -15 12 -17 13 -14 12 0 0 -15 11 -13 12 -13 12 -13 12 -13 11 -12 10 -15 12 -11 11 -13 11 -10 12 -10 12 -11 11 -9 12 -8 12 -8 13 -7 12 -9 13 -7 12 -6 13 -4 13 -8 12 -7 14 -6 14 -6 13 -6 14 -6 12 0 0 0 0 0 0 0 0 0 0 -1 -1 -1 -1 20 -10 21 -12 20 -14 17 -12 18 -6 17 -5 16 -7 17 -5 16 -6 15 -6 16 -7 14 -7 15 -9 15 -7 16 -7 14 -9 16 -10 15 -9 13 -7 12 -10 11 -11 13 -8 11 -9 11 -8 12 -8 10 -9 11 -8 10 -10 12 -9 11 -11 6 -14 10 -10 10 -9 9 -9 8 -9 9 -8 9 -8 8 -8 7 -8 8 -8 7 -7 7 -7 7 -6 7 -6 6 -6 5 -7 5 -6 5 -6 4 -6 3 -5 3 -5 3 -5 3 -4 2 -4 2 -4 2 -5 2 -4 -1 -1 0 0 0 0 -1 -1 -1 -1 0 0 0 0 0 0 -1 -1 -1 -1 -1 -1 -7 37 -7 35 -8 36 -11 37 -11 35 -11 33 -13 36 -12 32 -13 37 -16 33 -18 36 -17 34 -19 37 -19 36 -19 30 -16 32 -15 33 -20 31 -15 29 -17 27 -18 28 -16 29 -18 25 -18 28 -20 28 -15 28 -5 33 -15 28 -13 28 -13 26 -9 23 -13 26 -12 26 -11 23 -9 25 -7 27 -8 22 -5 26 -7 22 -6 25 -8 24 -4 23 -4 23 -3 28 -1 22 -1 20 -3 21 0 20 -1 21 -3 24 0 24 -1 21 -3 21 6 23 15 26 13 24 14 18 -1 -1 ]
CSI_DATA,STA,08:3A:F2:51:5D:9D,-50,11,1,2,1,1,1,0,0,0,0,-93,0,6,1,4608864,0,110,0,0,4.787555,384,[110 96 6 0 0 0 0 0 0 0 0 0 -7 23 -7 22 -7 24 -10 24 -10 24 -10 20 -11 22 -11 21 -11 22 -12 21 -13 22 -13 23 -13 22 -14 21 -14 19 -14 23 -12 19 -13 19 -12 18 -12 18 -13 17 -13 19 -13 16 -12 18 -13 19 -11 18 0 0 -11 18 -9 19 -9 18 -8 18 -9 16 -8 17 -9 18 -7 16 -7 18 -5 16 -5 17 -6 16 -5 17 -3 16 -4 16 -2 16 -3 18 -1 15 -1 16 0 15 -2 16 -1 16 -1 16 1 15 -1 15 0 14 0 0 0 0 0 0 0 0 0 0 -1 -1 -1 -1 19 -19 19 -19 16 -22 13 -20 19 -15 17 -13 16 -15 17 -14 15 -14 14 -12 15 -15 12 -14 14 -16 13 -15 15 -15 13 -15 14 -17 12 -17 12 -14 10 -17 8 -17 11 -16 7 -15 8 -14 10 -15 6 -15 9 -15 7 -16 10 -15 8 -17 4 -17 7 -16 6 -16 5 -14 5 -15 5 -13 5 -14 5 -13 4 -13 5 -13 5 -11 5 -12 5 -11 4 -11 4 -10 3 -10 3 -9 2 -9 3 -7 2 -7 3 -7 1 -7 0 -6 1 -5 0 -6 0 -6 0 -5 -1 -1 -1 -1 -1 -1 -1 -1 -1 -1 -1 -1 -1 -1 -1 -1 -1 -1 -1 -1 0 0 0 45 -1 41 1 43 -3 43 -4 44 -5 40 -6 44 -6 40 -4 47 -11 43 -13 45 -12 43 -13 47 -13 46 -13 39 -10 43 -8 40 -13 41 -9 37 -11 36 -12 37 -9 37 -13 35 -11 36 -15 39 -10 37 -2 38 -9 36 -6 36 -5 34 -3 31 -5 32 -3 33 -4 32 -2 32 0 34 -3 29 0 32 -2 30 2 32 3 30 5 30 4 28 7 31 5 26 8 25 6 26 8 25 9 26 6 26 8 27 7 27 8 25 15 22 19 24 18 22 22 18 -1 -1 ]
CSI_DATA,STA,08:3A:F2:51:5D:9D,-51,11,1,2,1,1,1,0,0,0,0,-93,0,6,1,4617607,0,110,0,0,4.797962,384,[110 96 6 0 0 0 0 0 0 0 0 0 20 -6 20 -6 21 -7 23 -5 22 -5 20 -3 21 -3 20 -2 21 -2 22 -2 23 -1 23 -2 22 -1 22 0 20 1 23 -1 20 0 20 0 19 0 19 0 19 1 20 0 18 1 19 0 20 0 18 -1 0 0 18 -1 18 -3 18 -3 17 -4 16 -1 17 -3 17 -2 15 -3 16 -4 14 -5 15 -6 15 -4 15 -5 14 -6 14 -6 13 -7 15 -7 12 -7 12 -7 11 -8 13 -7 12 -7 13 -8 11 -9 12 -7 10 -8 0 0 0 0 0 0 0 0 0 0 -1 -1 -1 -1 -25 -2 -26 -2 -24 1 -22 3 -21 -6 -18 -6 -19 -5 -19 -6 -18 -4 -16 -5 -18 -3 -16 -3 -18 -2 -18 -3 -19 -3 -17 -1 -20 -2 -18 -2 -16 -3 -17 1 -15 2 -17 0 -15 1 -15 1 -16 -1 -14 2 -16 0 -15 2 -16 0 -15 2 -14 7 -15 2 -15 3 -13 3 -13 3 -13 1 -13 2 -12 2 -12 1 -12 2 -11 2 -11 2 -11 1 -10 1 -9 1 -9 2 -8 1 -9 2 -7 1 -6 1 -6 1 -6 1 -5 1 -5 1 -5 1 -4 1 -4 1 0 0 -1 -1 -1 -1 -1 -1 -1 -1 -1 -1 -1 -1 -1 -1 0 0 0 0 -1 -1 29 -25 27 -22 28 -25 30 -21 31 -22 28 -19 32 -21 29 -18 33 -23 35 -17 37 -17 35 -17 38 -19 37 -17 33 -12 33 -18 29 -17 34 -15 29 -14 30 -13 30 -12 29 -15 29 -12 30 -13 33 -12 29 -15 24 -24 28 -14 27 -16 24 -16 22 -16 24 -14 24 -16 24 -15 22 -16 21 -18 20 -15 20 -18 20 -16 20 -19 18 -18 16 -20 16 -18 17 -23 14 -18 13 -19 14 -18 12 -19 12 -20 14 -20 14 -21 12 -20 12 -19 4 -25 3 -28 3 -26 -2 -27 -1 -1 ]
CSI_DATA,STA,08:3A:F2:51:5D:9D,-50,11,1,2,1,1,1,0,0,0,0,-93,0,6,1,4621924,0,110,0,0,4.808527,384,[110 96 6 0 0 0 0 0 0 0 0 0 -1 -22 0 -22 -1 -23 2 -25 2 -24 2 -21 3 -23 3 -22 4 -22 4 -22 5 -24 5 -24 5 -23 6 -23 7 -21 6 -24 6 -21 6 -20 6 -20 6 -19 7 -19 6 -20 7 -17 6 -19 6 -20 4 -19 0 0 5 -19 3 -19 3 -19 2 -18 4 -17 3 -18 3 -18 2 -17 1 -18 0 -16 0 -17 1 -16 0 -16 -1 -16 0 -16 -2 -16 -2 -17 -3 -15 -3 -15 -4 -14 -2 -15 -3 -15 -3 -15 -4 -14 -3 -14 -4 -13 0 0 0 0 0 0 0 0 0 0 -1 -1 -1 -1 -14 19 -13 21 -10 21 -8 20 -14 15 -13 14 -13 14 -14 14 -12 14 -11 12 -11 15 -9 14 -9 15 -10 15 -11 15 -9 15 -10 16 -9 15 -9 13 -7 15 -6 15 -8 15 -5 14 -7 13 -7 13 -5 13 -7 13 -5 14 -7 14 -5 15 0 15 -5 14 -5 14 -4 12 -3 12 -5 11 -4 12 -4 11 -4 10 -3 11 -4 10 -4 11 -4 9 -3 9 -3 8 -3 8 -3 8 -3 8 -3 6 -2 6 -2 6 -2 5 -2 4 -2 4 -1 4 -2 3 -2 3 0 0 0 0 -1 -1 -1 -1 -1 -1 -1 -1 -1 -1 0 0 0 0 -1 -1 -1 -1 -15 -38 -13 -36 -14 -38 -11 -40 -10 -39 -8 -36 -10 -39 -8 -36 -10 -41 -6 -40 -4 -43 -5 -41 -4 -45 -3 -42 -1 -38 -4 -40 -5 -38 -1 -39 -3 -35 -2 -35 -1 -35 -3 -34 0 -34 -2 -35 0 -37 -4 -35 -12 -33 -3 -34 -5 -33 -5 -31 -6 -28 -5 -31 -5 -30 -6 -29 -7 -29 -9 -29 -8 -26 -10 -28 -8 -26 -10 -27 -10 -26 -12 -25 -11 -25 -14 -27 -12 -22 -12 -21 -12 -22 -13 -20 -14 -21 -13 -22 -14 -22 -14 -21 -13 -21 -21 -16 -23 -16 -23 -15 -24 -12 -1 -1 ]
CSI_DATA,STA,08:3A:F2:51:5D:9D,-46,11,1,2,0,1,1,0,0,0,0,-93,0,6,1,4631935,0,110,0,0,4.819300,256,[110 96 6 0 0 0 0 0 0 0 0 0 6 25 6 26 5 26 5 27 4 26 3 26 3 26 1 26 1 26 1 26 2 27 2 27 2 26 1 26 -1 25 1 27 -1 24 -2 24 -1 24 -1 23 -1 23 -2 23 -1 21 0 22 1 23 1 22 0 0 1 21 1 21 2 21 2 20 2 19 2 19 3 20 2 18 4 18 4 18 5 19 5 17 6 17 5 17 5 17 5 17 6 17 6 16 6 16 6 16 6 16 7 15 7 15 8 14 8 14 8 14 0 0 0 0 0 0 0 0 0 0 -1 -1 -1 -1 0 0 0 0 23 44 21 42 16 44 15 47 13 46 13 49 10 47 9 49 9 50 7 48 6 49 7 47 8 51 6 48 7 49 6 49 3 50 4 48 2 49 0 43 2 45 2 43 1 43 0 44 2 40 4 40 4 40 4 39 -1 -1 5 38 6 39 6 37 6 37 7 35 9 36 9 34 9 34 9 34 13 33 14 34 14 32 15 31 13 31 11 29 14 30 13 30 15 30 14 29 15 29 15 29 14 27 17 25 17 25 18 26 17 25 17 21 21 22 -1 -1 -1 -1 -1 -1 ]
CSI_DATA,STA,08:3A:F2:51:5D:9D,-46,11,1,2,0,1,1,0,0,0,0,-93,0,6,1,4632384,0,110,0,0,4.825739,256,[110 96 6 0 0 0 0 0 0 0 0 0 -23 14 -23 13 -24 13 -25 13 -24 12 -25 11 -25 10 -25 9 -25 9 -25 8 -26 10 -27 9 -26 9 -25 8 -25 7 -26 8 -24 6 -24 6 -24 6 -23 6 -23 6 -23 6 -22 5 -22 7 -23 7 -21 7 0 0 -21 7 -20 8 -19 8 -19 7 -19 8 -19 9 -19 9 -18 8 -18 9 -17 9 -17 10 -16 9 -16 10 -16 10 -15 10 -15 10 -15 11 -15 10 -14 10 -14 11 -14 10 -13 11 -13 11 -13 12 -12 11 -12 11 0 0 0 0 0 0 0 0 0 0 -1 -1 -1 -1 0 0 0 0 -21 46 -20 41 -32 33 -34 32 -35 33 -36 33 -39 31 -39 31 -40 29 -38 26 -41 27 -39 26 -43 28 -40 26 -40 28 -41 27 -42 24 -42 25 -41 23 -40 19 -39 21 -37 20 -38 20 -39 20 -35 20 -34 21 -34 21 -33 20 -1 -1 -32 21 -32 23 -30 21 -30 22 -27 21 -29 24 -26 22 -26 23 -26 23 -24 25 -24 26 -23 25 -22 27 -22 24 -21 23 -21 24 -21 25 -20 24 -20 25 -19 25 -19 25 -18 25 -16 25 -15 25 -16 27 -15 26 -7 28 -6 29 -1 -1 -1 -1 -1 -1 ]
CSI_DATA,STA,08:3A:F2:51:5D:9D,-46,11,1,2,0,1,1,0,0,0,0,-93,0,6,1,4632635,0,110,0,0,4.833214,256,[110 96 6 0 0 0 0 0 0 0 0 0 -29 -11 -28 -13 -28 -13 -29 -14 -28 -14 -26 -15 -26 -16 -25 -17 -25 -17 -26 -17 -27 -17 -26 -17 -26 -17 -25 -17 -23 -18 -25 -18 -22 -18 -22 -18 -22 -18 -22 -17 -21 -17 -21 -17 -19 -16 -21 -15 -22 -15 -21 -14 0 0 -20 -14 -21 -13 -21 -12 -21 -13 -20 -12 -20 -11 -21 -11 -19 -11 -20 -10 -20 -9 -21 -8 -19 -7 -20 -7 -20 -8 -20 -8 -20 -7 -21 -7 -20 -6 -19 -6 -19 -6 -19 -6 -20 -5 -20 -4 -20 -3 -19 -3 -18 -3 0 0 0 0 0 0 0 0 0 0 -1 -1 -1 -1 -1 -1 -1 -1 -59 7 -56 8 -53 -7 -53 -9 -53 -12 -55 -11 -53 -15 -54 -17 -54 -17 -51 -18 -52 -21 -50 -17 -54 -18 -50 -19 -51 -19 -52 -19 -51 -22 -50 -21 -48 -24 -44 -22 -45 -21 -45 -20 -44 -21 -45 -23 -42 -18 -42 -17 -42 -17 -41 -16 -1 -1 -41 -15 -43 -14 -40 -12 -42 -13 -39 -11 -41 -11 -38 -8 -39 -10 -39 -9 -39 -5 -40 -4 -38 -3 -38 -3 -37 -5 -36 -4 -37 -3 -37 -2 -36 -1 -36 -2 -36 -1 -36 -1 -35 -1 -33 2 -34 3 -35 3 -34 3 -29 11 -31 13 -1 -1 -1 -1 -1 -1 ]
CSI_DATA,STA,08:3A:F2:51:5D:9D,-46,11,1,2,0,1,1,0,0,0,0,-93,0,6,1,4632994,0,110,0,0,4.841277,256,[110 96 6 0 0 0 0 0 0 0 0 0 -10 -25 -10 -26 -9 -26 -9 -27 -8 -26 -6 -27 -6 -26 -5 -27 -5 -27 -4 -27 -5 -27 -4 -28 -5 -27 -4 -27 -3 -26 -4 -27 -2 -26 -2 -25 -2 -25 -3 -24 -2 -24 -2 -24 -2 -22 -3 -23 -3 -23 -4 -23 0 0 -4 -22 -4 -21 -5 -21 -5 -21 -5 -20 -5 -20 -6 -19 -5 -19 -6 -19 -6 -18 -8 -19 -6 -17 -7 -18 -8 -18 -7 -17 -8 -18 -9 -17 -8 -16 -8 -16 -9 -16 -9 -16 -9 -16 -9 -15 -10 -15 -9 -15 -9 -14 0 0 0 0 0 0 0 0 0 0 -1 -1 -1 -1 0 0 0 0 -28 -43 -28 -41 -24 -44 -22 -45 -19 -47 -20 -49 -15 -47 -15 -51 -15 -48 -14 -49 -11 -50 -13 -47 -14 -51 -11 -48 -12 -48 -12 -50 -10 -51 -9 -47 -8 -50 -5 -44 -7 -46 -8 -44 -6 -44 -6 -44 -8 -42 -10 -41 -9 -40 -9 -39 -1 -1 -9 -39 -12 -39 -11 -37 -11 -38 -12 -36 -12 -36 -14 -33 -13 -35 -13 -34 -16 -33 -19 -33 -17 -31 -18 -30 -16 -31 -15 -29 -17 -30 -17 -29 -19 -29 -17 -30 -18 -27 -19 -29 -17 -27 -20 -25 -20 -24 -21 -25 -21 -25 -21 -19 -24 -20 -1 -1 -1 -1 -1 -1 ]
CSI_DATA,STA,08:3A:F2:51:5D:9D,-46,11,1,2,0,1,1,0,0,0,0,-93,0,6,1,4633346,0,110,0,0,4.849247,256,[110 96 6 0 0 0 0 0 0 0 0 0 10 -21 12 -21 11 -22 12 -22 13 -21 13 -20 14 -20 14 -19 15 -20 15 -19 15 -20 16 -20 15 -19 15 -19 15 -17 16 -19 15 -17 15 -16 15 -16 14 -16 14 -15 15 -15 13 -14 13 -15 13 -16 12 -16 0 0 12 -15 11 -16 11 -16 10 -15 10 -14 10 -16 10 -15 9 -15 9 -15 9 -15 8 -16 7 -15 7 -16 7 -16 7 -15 7 -16 6 -16 6 -15 6 -15 6 -15 5 -15 5 -15 4 -15 4 -15 4 -15 3 -15 0 0 0 0 0 0 0 0 0 0 -1 -1 -1 -1 0 0 0 0 -2 -45 -1 -43 9 -41 11 -42 13 -42 14 -43 16 -41 17 -42 19 -42 19 -40 21 -41 19 -38 20 -42 19 -39 19 -40 19 -39 22 -38 21 -38 22 -38 21 -32 21 -34 20 -33 21 -33 22 -33 18 -31 16 -32 17 -32 16 -31 -1 -1 15 -31 15 -32 14 -31 13 -31 12 -29 12 -31 10 -29 11 -30 11 -30 8 -31 7 -32 7 -30 6 -31 7 -30 6 -28 5 -29 5 -30 4 -29 5 -29 3 -29 4 -29 4 -28 0 -28 0 -27 0 -29 0 -28 -6 -25 -7 -27 -1 -1 -1 -1 -1 -1 ]
CSI_DATA,STA,08:3A:F2:51:5D:9D,-85,11,1,2,0,1,1,0,0,0,0,-93,0,6,1,4633714,0,110,0,0,4.856657,256,[110 96 6 0 0 0 0 0 0 0 0 0 -60 15 -62 12 -68 10 -70 12 -66 8 -64 7 -67 3 -64 1 -69 2 -65 0 -68 2 -72 2 -68 0 -65 0 -59 -1 -69 -1 -61 -2 -57 -3 -55 -2 -57 -2 -55 -3 -57 -4 -51 0 -54 2 -59 4 -56 1 0 0 -52 5 -55 6 -52 8 -50 7 -46 8 -49 10 -51 10 -46 10 -46 13 -49 11 -45 14 -43 15 -43 16 -46 13 -42 11 -43 12 -43 18 -43 17 -40 12 -37 17 -38 15 -39 18 -37 18 -40 18 -37 19 -33 18 0 0 0 0 0 0 0 0 0 0 -1 -1 -1 -1 -1 -1 -1 -1 -48 39 -47 38 -52 27 -53 25 -59 22 -60 25 -57 17 -58 18 -61 19 -57 15 -63 14 -57 15 -62 16 -56 15 -57 15 -58 14 -56 10 -58 13 -58 11 -52 7 -51 11 -53 8 -47 7 -55 8 -47 11 -48 11 -49 12 -47 12 0 0 -44 16 -50 14 -46 15 -44 15 -39 16 -43 18 -39 19 -39 17 -39 20 -43 21 -39 23 -38 22 -39 22 -36 18 -33 18 -34 20 -34 21 -35 21 -31 21 -31 24 -31 23 -29 21 -28 25 -30 24 -30 27 -25 27 -17 25 -21 32 -1 -1 -1 -1 -1 -1 ]
CSI_DATA,STA,08:3A:F2:51:5D:9D,-50,11,1,2,1,1,1,0,0,0,0,-93,0,6,1,4634196,0,110,0,0,4.864205,384,[110 96 6 0 0 0 0 0 0 0 0 0 1 22 1 21 1 23 -1 24 -1 23 -2 21 -3 22 -3 21 -4 22 -4 22 -5 23 -5 24 -5 23 -6 22 -7 21 -6 23 -6 20 -7 20 -6 20 -6 19 -7 19 -6 20 -7 17 -6 19 -7 20 -5 19 0 0 -5 18 -4 19 -4 19 -3 18 -5 17 -3 18 -4 18 -3 16 -2 17 -1 15 0 17 -1 15 -1 16 0 15 -1 16 1 16 1 17 2 14 2 15 2 13 1 15 2 14 2 15 4 14 1 14 3 13 0 0 0 0 0 0 0 0 0 0 -1 -1 -1 -1 11 -23 9 -23 7 -25 6 -21 13 -17 12 -16 10 -16 12 -17 10 -15 10 -15 10 -16 9 -15 9 -17 8 -16 10 -17 7 -16 8 -18 7 -17 8 -15 5 -16 4 -17 7 -16 4 -15 5 -15 6 -15 4 -15 6 -14 3 -16 6 -16 4 -16 -2 -17 4 -15 3 -15 2 -14 2 -14 3 -13 3 -14 3 -13 2 -13 3 -13 3 -11 3 -12 3 -11 2 -11 2 -10 2 -10 2 -9 1 -9 2 -8 2 -7 2 -7 1 -7 1 -6 1 -6 1 -6 1 -5 1 -5 0 0 0 0 -1 -1 -1 -1 -1 -1 -1 -1 -1 -1 0 0 0 0 -1 -1 -1 -1 18 34 17 33 17 33 15 36 14 35 12 33 12 37 10 34 13 38 8 38 8 40 8 38 9 42 8 41 4 37 8 36 9 35 4 37 6 34 4 33 3 34 6 33 2 31 4 33 2 36 6 33 18 30 5 32 6 31 8 30 7 26 6 29 7 29 6 28 8 27 10 28 8 24 11 26 9 24 11 25 12 24 12 23 12 23 14 24 12 21 13 19 12 20 14 19 14 19 13 20 15 20 14 20 13 19 21 13 26 12 25 12 25 8 -1 -1 ]
CSI_DATA,STA,08:3A:F2:51:5D:9D,-49,11,1,2,1,1,1,0,0,0,0,-93,0,6,1,4646415,0,110,0,0,4.874056,384,[110 96 6 0 0 0 0 0 0 0 0 0 -22 -3 -21 -3 -23 -3 -24 -5 -23 -5 -21 -5 -22 -6 -21 -6 -21 -6 -21 -7 -23 -9 -23 -8 -22 -9 -22 -9 -19 -10 -23 -9 -19 -9 -19 -9 -19 -8 -19 -9 -18 -9 -19 -9 -17 -9 -18 -8 -20 -9 -18 -7 0 0 -18 -7 -19 -6 -19 -6 -18 -5 -17 -7 -18 -5 -19 -6 -17 -4 -18 -4 -16 -2 -17 -2 -16 -3 -17 -3 -16 -2 -16 -2 -16 0 -18 -1 -15 1 -15 1 -14 1 -16 0 -15 0 -16 1 -15 2 -15 0 -14 1 0 0 0 0 0 0 0 0 0 0 -1 -1 -1 -1 18 16 19 17 19 14 19 10 14 16 12 14 13 14 12 15 13 13 11 12 14 12 13 11 15 10 14 12 13 13 14 10 15 12 14 11 11 10 15 7 15 5 14 9 14 6 13 7 13 8 14 6 13 8 14 6 14 8 14 6 14 2 13 6 14 6 13 4 13 3 12 5 12 4 12 5 11 4 11 3 10 4 10 4 9 5 10 4 9 3 9 2 7 2 8 2 7 2 7 2 7 2 6 1 6 1 5 2 5 1 5 1 4 1 0 0 0 0 -1 -1 -1 -1 -1 -1 -1 -1 -1 -1 0 0 0 0 -1 -1 -1 -1 -40 7 -36 6 -40 7 -40 4 -41 4 -37 2 -41 2 -37 1 -42 4 -42 -3 -44 -5 -41 -4 -45 -4 -43 -5 -37 -6 -40 -1 -37 -1 -41 -5 -35 -3 -36 -4 -35 -5 -36 -2 -34 -6 -36 -5 -38 -8 -36 -3 -35 4 -34 -4 -35 0 -32 1 -30 1 -31 -1 -32 1 -31 1 -30 2 -32 4 -29 3 -30 5 -29 3 -29 5 -27 5 -28 9 -26 7 -30 10 -24 8 -23 10 -24 9 -23 11 -24 11 -25 9 -26 10 -24 9 -23 9 -20 17 -20 20 -20 17 -16 23 -1 -1 ]
CSI_DATA,STA,08:3A:F2:51:5D:9D,-49,11,1,2,1,1,1,0,0,0,0,-93,0,6,1,4667243,0,110,0,0,4.884433,384,[110 96 6 0 0 0 0 0 0 0 0 0 20 3 19 3 21 3 22 6 21 6 19 6 20 7 18 7 19 7 19 8 21 9 21 9 20 9 19 10 17 10 21 10 17 9 17 10 17 9 17 10 16 10 17 10 15 10 16 9 18 11 16 8 0 0 16 8 17 7 17 7 16 6 15 7 16 7 17 7 15 5 16 5 15 3 16 3 15 4 15 4 15 2 15 3 15 2 17 2 14 1 14 1 14 0 15 2 14 1 15 1 15 -1 14 1 13 0 0 0 0 0 0 0 0 0 0 0 -1 -1 -1 -1 -18 -20 -18 -18 -22 -17 -18 -15 -12 -19 -11 -17 -12 -17 -12 -18 -11 -16 -10 -16 -12 -15 -11 -13 -12 -15 -12 -14 -12 -15 -12 -13 -15 -14 -14 -14 -12 -13 -13 -11 -14 -10 -12 -12 -14 -10 -12 -11 -13 -12 -13 -9 -11 -10 -14 -9 -13 -11 -14 -9 -16 -4 -14 -9 -13 -9 -13 -8 -12 -8 -12 -9 -12 -9 -11 -8 -11 -8 -11 -8 -10 -7 -10 -7 -10 -7 -10 -7 -9 -7 -9 -6 -8 -6 -9 -6 -7 -5 -7 -5 -6 -5 -6 -4 -6 -5 -5 -5 -6 -4 -4 -4 -4 -3 0 0 -1 -1 -1 -1 -1 -1 -1 -1 -1 -1 -1 -1 -1 -1 0 0 0 0 -1 -1 36 -8 35 -8 35 -7 38 -5 36 -3 35 -3 38 -2 35 -1 39 -2 36 2 39 2 37 1 42 2 40 2 36 5 36 2 37 0 36 5 34 3 32 5 34 5 33 4 30 6 32 3 35 6 33 1 33 -9 32 3 32 1 31 0 27 0 30 1 30 1 29 0 29 -1 30 -3 25 -3 28 -5 26 -3 28 -5 27 -6 25 -7 26 -6 27 -8 24 -7 23 -8 23 -7 23 -9 23 -9 23 -8 24 -10 23 -9 23 -9 20 -16 20 -22 22 -22 18 -21 -1 -1 ]
CSI_DATA,STA,08:3A:F2:51:5D:9D,-46,11,1,2,0,1,1,0,0,0,0,-93,0,6,1,4692063,0,110,0,0,4.894731,256,[110 96 6 0 0 0 0 0 0 0 0 0 21 -11 22 -10 23 -10 23 -10 23 -9 23 -8 23 -7 23 -6 24 -7 24 -6 24 -7 24 -6 24 -6 23 -5 23 -4 24 -5 22 -4 22 -4 21 -4 21 -4 20 -4 21 -4 20 -3 20 -5 21 -5 19 -5 0 0 19 -5 19 -6 18 -6 18 -6 17 -6 17 -7 17 -7 16 -7 16 -7 16 -7 16 -8 15 -8 15 -9 15 -9 15 -8 15 -9 15 -10 14 -9 14 -9 14 -10 13 -9 13 -10 13 -10 13 -11 12 -10 12 -10 0 0 0 0 0 0 0 0 0 0 -1 -1 -1 -1 -1 -1 0 0 26 -39 26 -37 32 -28 33 -28 36 -26 37 -27 37 -23 38 -23 39 -24 37 -21 40 -21 38 -21 41 -22 38 -20 39 -20 39 -20 41 -19 39 -18 40 -17 37 -14 36 -16 36 -16 35 -15 37 -15 34 -16 33 -16 33 -17 31 -16 -1 -1 31 -17 31 -18 29 -18 30 -19 27 -18 28 -20 25 -19 26 -20 25 -19 25 -21 25 -22 24 -21 23 -22 23 -21 22 -20 22 -21 22 -22 21 -23 21 -22 20 -23 20 -24 19 -21 18 -24 17 -23 18 -24 17 -24 10 -26 11 -27 -1 -1 -1 -1 -1 -1 ]
CSI_DATA,STA,08:3A:F2:51:5D:9D,-46,11,1,2,0,1,1,0,0,0,0,-93,0,6,1,4692490,0,110,0,0,4.902127,256,[110 96 6 0 0 0 0 0 0 0 0 0 16 17 16 18 15 19 16 20 15 19 13 19 14 20 12 20 13 20 12 21 13 21 13 21 12 20 11 20 11 20 12 21 10 20 10 20 10 19 10 19 9 18 10 19 8 18 10 17 11 18 10 17 0 0 10 16 11 16 11 16 10 16 10 14 11 14 12 14 11 14 12 13 11 13 12 13 12 12 12 12 12 12 12 11 12 11 13 11 12 11 12 10 13 10 13 10 13 10 13 9 13 9 13 8 13 8 0 0 0 0 0 0 0 0 0 0 -1 -1 -1 -1 -1 -1 0 0 43 10 39 12 35 23 37 24 34 25 36 27 34 27 33 28 35 30 31 29 32 30 32 30 34 32 32 29 31 30 31 30 29 32 30 31 29 32 25 31 26 30 25 29 25 28 26 31 24 27 25 26 25 27 25 25 -1 -1 25 23 27 25 25 23 26 23 24 20 27 20 26 18 26 18 26 18 29 18 29 17 28 16 28 15 26 15 26 15 27 14 27 14 28 13 26 13 28 11 27 13 26 11 27 10 27 9 28 9 27 8 28 2 30 1 -1 -1 -1 -1 -1 -1 ]
CSI_DATA,STA,08:3A:F2:51:5D:9D,-49,11,1,2,1,1,1,0,0,0,0,-93,0,6,1,4712212,0,110,0,0,4.909044,384,[110 96 6 0 0 0 0 0 0 0 0 0 6 -21 6 -20 5 -23 8 -22 8 -23 8 -19 9 -21 8 -19 9 -20 11 -20 12 -21 12 -21 12 -20 12 -19 12 -17 12 -21 11 -17 12 -18 10 -17 11 -17 11 -16 11 -18 12 -15 11 -16 13 -17 10 -17 0 0 10 -17 9 -18 9 -17 8 -17 9 -15 8 -17 9 -17 6 -16 6 -17 5 -16 6 -17 6 -16 6 -16 4 -16 5 -17 3 -16 4 -19 2 -15 2 -16 1 -15 3 -16 2 -16 3 -17 1 -17 3 -16 2 -15 0 0 0 0 0 0 0 0 0 0 -1 -1 -1 -1 -20 18 -21 18 -18 20 -15 19 -21 10 -19 9 -19 11 -20 9 -18 10 -17 8 -17 11 -15 10 -16 12 -17 11 -18 10 -16 10 -17 12 -16 11 -15 9 -13 12 -12 12 -14 12 -11 12 -12 11 -13 11 -10 12 -13 11 -11 12 -14 11 -12 12 -8 16 -11 11 -10 12 -8 11 -9 11 -9 10 -8 10 -9 9 -8 10 -8 10 -9 9 -9 9 -8 8 -8 7 -7 7 -7 8 -7 6 -6 8 -5 6 -5 6 -5 5 -4 5 -4 5 -5 4 -4 4 -4 4 -4 3 -1 -1 -1 -1 -1 -1 -1 -1 -1 -1 -1 -1 -1 -1 -1 -1 -1 -1 0 0 0 0 -3 -40 -2 -36 -4 -38 -1 -38 -1 -40 0 -36 1 -40 1 -35 -1 -41 6 -40 9 -42 7 -40 8 -43 8 -41 9 -35 5 -39 3 -36 8 -39 5 -34 7 -34 7 -33 4 -35 9 -33 8 -34 12 -36 6 -35 -3 -36 6 -34 3 -34 3 -32 1 -30 3 -30 1 -32 2 -31 0 -30 -3 -33 0 -29 -2 -31 0 -30 -2 -30 -3 -28 -6 -29 -4 -28 -7 -31 -6 -25 -7 -24 -6 -26 -8 -25 -9 -25 -6 -27 -7 -28 -7 -27 -7 -25 -18 -23 -20 -24 -19 -23 -24 -19 -1 -1 ]
CSI_DATA,STA,08:3A:F2:51:5D:9D,-49,11,1,2,1,1,1,0,0,0,0,-93,0,6,1,4720346,0,110,0,0,4.919660,384,[110 96 6 0 0 0 0 0 0 0 0 0 -7 -20 -6 -20 -7 -21 -5 -23 -5 -22 -4 -21 -4 -22 -3 -21 -3 -22 -2 -22 -1 -23 -2 -23 -2 -23 -1 -23 1 -21 -1 -23 0 -21 1 -21 0 -20 0 -20 1 -20 0 -20 2 -19 0 -20 0 -22 -1 -20 0 0 -1 -20 -2 -19 -2 -19 -3 -19 -1 -18 -2 -18 -2 -19 -3 -17 -3 -18 -4 -16 -5 -17 -3 -17 -4 -17 -5 -16 -4 -16 -6 -16 -6 -17 -7 -15 -6 -15 -7 -14 -6 -15 -6 -15 -7 -15 -8 -15 -5 -15 -6 -14 0 0 0 0 0 0 0 0 0 0 -1 -1 -1 -1 -3 27 -3 27 0 27 0 23 -10 18 -9 16 -8 18 -10 17 -8 16 -8 15 -7 17 -6 15 -6 16 -6 17 -8 17 -6 16 -6 18 -6 17 -6 14 -4 15 -2 15 -5 16 -2 14 -4 14 -4 14 -2 14 -4 14 -2 14 -4 15 -2 14 5 15 -2 14 -2 14 -1 12 -1 12 -2 13 -1 12 -2 11 -2 11 -2 11 -2 10 -2 11 -2 10 -2 9 -2 9 -2 8 -2 8 -1 9 -2 7 -2 6 -2 6 -1 5 -1 5 -2 5 -1 5 -2 4 -2 4 -1 -1 -1 -1 -1 -1 -1 -1 -1 -1 -1 -1 -1 -1 -1 -1 -1 -1 0 0 0 0 -26 -25 -23 -24 -25 -25 -24 -27 -23 -27 -20 -26 -23 -28 -20 -26 -23 -28 -19 -30 -19 -33 -19 -31 -20 -34 -19 -33 -15 -30 -18 -30 -19 -29 -16 -32 -16 -28 -15 -28 -14 -29 -16 -27 -13 -28 -15 -28 -14 -32 -16 -28 -28 -21 -15 -28 -17 -27 -16 -24 -16 -22 -16 -24 -16 -24 -16 -23 -18 -23 -19 -22 -17 -19 -19 -21 -17 -20 -19 -21 -19 -19 -20 -18 -19 -19 -22 -18 -19 -16 -19 -15 -19 -15 -20 -14 -20 -15 -20 -15 -22 -17 -20 -16 -19 -16 -27 -6 -32 -4 -30 -4 -30 0 -1 -1 ]
CSI_DATA,STA,08:3A:F2:51:5D:9D,-50,11,1,2,1,1,1,0,0,0,0,-93,0,6,1,4720731,0,110,0,0,4.930771,384,[110 96 6 0 0 0 0 0 0 0 0 0 14 -17 14 -17 15 -19 17 -18 17 -17 16 -15 17 -16 16 -14 18 -15 18 -14 20 -14 20 -15 20 -14 20 -13 19 -11 21 -14 19 -12 19 -11 18 -11 18 -11 18 -10 18 -11 17 -9 18 -10 19 -11 17 -12 0 0 17 -11 16 -12 16 -12 15 -13 16 -10 15 -12 16 -12 14 -12 14 -13 11 -13 13 -14 13 -12 13 -13 11 -13 12 -13 11 -14 12 -15 9 -14 10 -14 8 -14 10 -14 10 -14 10 -14 9 -15 10 -13 8 -13 0 0 0 0 0 0 0 0 0 0 -1 -1 -1 -1 -29 7 -29 7 -27 11 -24 11 -25 0 -22 0 -23 0 -24 -1 -22 0 -20 0 -21 2 -19 2 -21 3 -20 2 -22 1 -20 3 -22 3 -21 3 -18 1 -18 5 -17 6 -19 4 -16 5 -16 4 -17 4 -15 5 -17 4 -16 6 -18 4 -17 6 -14 12 -16 6 -16 5 -14 6 -14 5 -14 4 -14 5 -14 5 -13 4 -13 4 -13 5 -13 4 -12 3 -12 3 -11 3 -11 4 -10 3 -10 3 -9 2 -8 2 -8 2 -7 2 -7 2 -6 1 -6 1 -6 1 -6 1 -1 -1 -1 -1 -1 -1 -1 -1 -1 -1 -1 -1 -1 -1 -1 -1 -1 -1 0 0 0 0 13 -39 12 -36 13 -38 16 -37 16 -37 16 -34 17 -37 16 -33 17 -38 21 -35 25 -36 23 -35 26 -38 25 -36 24 -30 22 -33 19 -33 24 -32 20 -30 21 -29 21 -29 19 -29 21 -27 22 -28 26 -29 20 -30 11 -36 20 -29 18 -30 16 -28 14 -27 17 -27 16 -28 15 -28 13 -28 12 -30 12 -26 12 -29 13 -27 11 -29 10 -28 8 -29 8 -28 7 -31 6 -27 5 -26 5 -27 3 -26 3 -28 5 -27 6 -29 5 -28 5 -27 -6 -29 -8 -32 -8 -31 -13 -29 -1 -1 ]
CSI_DATA,STA,08:3A:F2:51:5D:9D,-49,11,1,1,1,1,1,0,0,0,0,-93,0,6,1,4760900,0,110,0,0,4.941551,384,[110 96 6 0 0 0 0 0 0 0 0 0 21 8 20 8 22 8 23 11 21 11 19 11 20 11 18 11 18 12 19 12 20 13 20 13 20 14 19 14 17 14 20 14 17 13 15 13 16 13 15 13 15 13 15 13 13 12 16 12 17 13 16 11 0 0 15 11 16 10 17 10 16 8 14 10 16 9 16 10 14 8 15 8 15 5 16 5 15 6 15 6 15 5 15 5 16 4 16 5 14 3 15 3 14 2 15 4 14 3 15 3 15 1 14 3 13 1 0 0 0 0 0 0 0 0 0 0 -1 -1 -1 -1 -14 -21 -16 -20 -19 -18 -15 -16 -8 -18 -9 -17 -9 -17 -9 -18 -9 -16 -8 -15 -10 -15 -9 -13 -10 -15 -10 -14 -10 -15 -11 -13 -12 -13 -11 -13 -9 -13 -10 -11 -12 -10 -11 -11 -11 -9 -10 -11 -10 -11 -11 -9 -10 -10 -12 -8 -10 -10 -11 -8 -13 -4 -10 -8 -10 -8 -10 -7 -10 -6 -9 -8 -9 -7 -8 -6 -8 -6 -8 -6 -8 -5 -7 -5 -7 -5 -6 -5 -6 -4 -5 -3 -5 -3 -5 -3 -5 -2 -4 -1 -4 -1 -4 -1 -3 0 -4 -1 -3 0 -4 1 -3 1 0 0 0 0 -1 -1 -1 -1 -1 -1 -1 -1 -1 -1 0 0 0 0 -1 -1 -1 -1 38 0 38 1 39 1 41 4 40 5 37 5 40 5 37 6 41 6 39 9 41 11 40 8 42 8 40 10 36 12 36 11 37 9 36 11 34 9 33 12 32 11 34 10 31 10 34 9 35 12 33 7 35 -3 32 8 31 7 32 6 29 4 31 5 31 4 30 4 30 2 30 2 27 1 30 0 29 1 29 -2 29 -1 27 -4 27 -4 29 -4 25 -4 24 -5 25 -5 24 -5 25 -6 25 -5 26 -6 24 -5 25 -6 21 -14 24 -18 23 -18 20 -19 -1 -1 ]
CSI_DATA,STA,08:3A:F2:51:5D:9D,-48,11,1,2,1,1,1,0,0,0,0,-93,0,6,1,4769770,0,110,0,0,4.951698,384,[110 96 6 0 0 0 0 0 0 0 0 0 19 -11 18 -11 20 -12 22 -11 21 -10 19 -8 21 -8 20 -7 20 -8 21 -7 22 -7 23 -7 22 -6 22 -5 20 -4 23 -6 20 -5 20 -4 19 -4 19 -4 19 -4 19 -4 18 -3 18 -4 20 -5 17 -5 0 0 18 -5 17 -7 17 -7 16 -7 16 -5 16 -7 17 -6 14 -7 15 -8 13 -8 14 -9 13 -7 13 -8 12 -9 13 -9 12 -10 13 -10 10 -10 11 -10 9 -10 11 -9 11 -10 11 -10 9 -11 10 -9 9 -9 0 0 0 0 0 0 0 0 0 0 -1 -1 -1 -1 -24 -5 -23 -3 -24 -1 -21 0 -20 -6 -19 -5 -19 -4 -19 -5 -18 -4 -17 -3 -18 -3 -16 -2 -18 -1 -17 -2 -18 -2 -17 -1 -18 0 -17 0 -15 -1 -15 1 -15 3 -15 1 -14 2 -14 1 -14 1 -13 2 -13 1 -13 3 -14 1 -13 4 -12 7 -13 4 -12 3 -11 4 -10 4 -10 3 -10 3 -10 3 -9 2 -9 3 -9 3 -8 4 -7 3 -6 3 -6 3 -6 4 -6 3 -4 4 -5 4 -4 3 -4 4 -3 4 -2 4 -3 4 -2 4 -3 5 -3 4 0 0 0 0 -1 -1 -1 -1 -1 -1 -1 -1 -1 -1 0 0 0 0 -1 -1 -1 -1 28 -30 27 -28 27 -29 30 -28 30 -26 29 -25 32 -26 29 -24 32 -27 34 -22 36 -23 34 -22 38 -24 36 -22 33 -18 33 -21 31 -22 34 -18 30 -19 30 -16 31 -16 29 -18 29 -15 29 -17 33 -16 28 -19 24 -25 28 -18 26 -19 25 -19 22 -18 24 -18 24 -19 23 -19 22 -20 22 -22 19 -19 19 -22 19 -20 19 -22 17 -22 16 -23 16 -22 16 -24 13 -21 13 -21 13 -21 12 -22 12 -22 13 -21 12 -23 12 -22 12 -21 5 -24 4 -27 4 -27 1 -26 -1 -1 ]
CSI_DATA,STA,08:3A:F2:51:5D:9D,-48,11,1,1,1,1,1,0,0,0,0,-93,0,6,1,4771052,0,110,0,0,4.962251,384,[110 96 6 0 0 0 0 0 0 0 0 0 -23 -2 -22 -2 -24 -2 -25 -3 -24 -4 -21 -5 -23 -5 -21 -6 -22 -6 -22 -7 -24 -8 -24 -8 -23 -8 -22 -8 -20 -9 -23 -8 -20 -8 -20 -8 -19 -7 -19 -8 -19 -8 -19 -8 -17 -9 -19 -8 -20 -8 -18 -6 0 0 -18 -6 -19 -5 -19 -5 -18 -4 -17 -6 -18 -4 -18 -5 -17 -4 -17 -3 -16 -1 -17 -1 -16 -2 -16 -2 -16 -1 -16 -1 -16 1 -18 0 -15 2 -15 1 -14 2 -15 1 -15 1 -15 1 -15 3 -15 1 -13 2 0 0 0 0 0 0 0 0 0 0 -1 -1 -1 -1 21 10 22 9 22 6 20 4 13 12 13 10 13 10 13 11 13 9 11 8 13 8 12 7 14 7 13 7 13 8 13 6 14 6 13 6 12 6 13 4 13 2 13 4 11 2 12 3 11 4 12 3 11 3 12 1 12 3 12 1 13 -4 11 1 11 1 10 0 10 0 9 1 10 0 9 0 9 -1 8 -1 8 -1 8 -1 7 0 7 -1 7 -1 6 -3 5 -3 5 -3 4 -3 4 -3 4 -3 4 -4 4 -4 4 -4 4 -4 3 -5 4 -5 0 0 0 0 -1 -1 -1 -1 -1 -1 -1 -1 -1 -1 0 0 0 0 -1 -1 -1 -1 -35 12 -34 12 -37 13 -38 11 -38 10 -35 8 -38 9 -36 7 -39 9 -40 4 -41 2 -40 4 -41 6 -40 3 -36 0 -37 2 -36 4 -37 3 -32 3 -35 1 -33 1 -34 3 -33 0 -34 2 -36 -1 -32 4 -31 15 -32 2 -31 4 -30 5 -29 6 -29 5 -29 6 -29 5 -28 7 -28 8 -26 7 -27 9 -27 7 -26 10 -26 9 -23 12 -23 12 -26 13 -21 11 -20 12 -21 13 -20 12 -20 13 -22 12 -21 12 -20 12 -21 13 -14 21 -13 24 -13 23 -9 24 -1 -1 ]
CSI_DATA,STA,08:3A:F2:51:5D:9D,-50,11,1,2,1,1,1,0,0,0,0,-93,0,6,1,4935857,0,110,0,0,5.102393,384,[110 96 6 0 0 0 0 0 0 0 0 0 4 21 4 20 5 23 3 23 3 23 1 20 1 22 0 21 1 22 0 22 -1 24 -1 24 -1 23 -2 23 -3 21 -1 24 -2 20 -2 21 -1 19 -2 20 -3 20 -2 21 -4 18 -2 20 -2 21 -1 19 0 0 -1 19 1 19 1 19 2 19 0 17 2 18 1 18 2 16 3 17 4 15 4 16 3 16 4 16 5 14 4 15 6 14 6 16 6 12 6 13 7 12 6 13 6 13 7 14 8 12 6 13 6 11 0 0 0 0 0 0 0 0 0 0 -1 -1 -1 -1 -2 -27 -2 -27 -5 -26 -6 -22 5 -21 4 -19 3 -19 4 -19 3 -18 3 -16 2 -18 2 -16 0 -18 1 -19 2 -19 0 -17 0 -20 0 -18 1 -16 -3 -17 -4 -15 -2 -17 -4 -15 -3 -15 -2 -15 -4 -15 -2 -15 -4 -15 -2 -17 -5 -16 -11 -14 -4 -15 -5 -16 -5 -13 -5 -13 -4 -13 -4 -14 -4 -13 -4 -13 -4 -12 -3 -12 -3 -12 -3 -12 -3 -12 -3 -11 -3 -10 -3 -10 -4 -10 -2 -8 -2 -8 -1 -8 -2 -7 -2 -7 -1 -7 -1 -7 -1 -6 -1 -5 0 0 -1 -1 -1 -1 -1 -1 -1 -1 -1 -1 -1 -1 -1 -1 0 0 0 0 -1 -1 24 27 21 26 23 26 20 28 21 29 18 26 21 31 17 28 22 31 17 33 17 36 16 33 19 37 17 35 12 32 17 30 17 27 16 32 15 27 13 29 12 29 15 27 11 28 13 29 12 33 15 28 27 22 14 27 16 26 16 23 15 21 15 22 16 23 15 23 16 21 19 21 15 20 19 20 17 19 19 18 18 17 19 15 18 15 22 16 17 13 19 12 18 13 19 11 20 11 20 13 21 13 19 12 18 12 26 1 29 -2 28 0 28 -6 -1 -1 ]
CSI_DATA,STA,08:3A:F2:51:5D:9D,-50,11,1,2,1,1,1,0,0,0,0,-93,0,6,1,4944723,0,110,0,0,5.113627,384,[110 96 6 0 0 0 0 0 0 0 0 0 -12 18 -12 17 -12 19 -15 19 -15 18 -14 16 -15 17 -14 15 -15 16 -16 16 -18 16 -17 17 -17 16 -18 15 -17 13 -17 16 -16 13 -16 13 -15 13 -16 13 -16 12 -16 13 -16 11 -15 13 -16 14 -14 13 0 0 -14 13 -13 14 -13 14 -12 14 -13 12 -12 13 -13 14 -10 13 -11 14 -8 13 -9 14 -9 13 -9 14 -7 14 -8 14 -7 15 -7 15 -5 14 -5 14 -4 13 -6 14 -6 14 -5 14 -4 14 -5 13 -4 13 0 0 0 0 0 0 0 0 0 0 -1 -1 -1 -1 21 -12 22 -13 19 -16 17 -15 20 -9 18 -8 18 -9 19 -8 17 -8 16 -7 17 -9 15 -9 15 -11 15 -10 17 -10 15 -10 16 -12 15 -11 14 -9 13 -12 11 -13 13 -11 10 -12 11 -11 11 -11 10 -12 12 -11 10 -12 12 -12 11 -13 7 -15 10 -13 10 -12 8 -12 8 -12 8 -11 8 -11 8 -11 7 -11 8 -11 8 -10 9 -10 8 -9 8 -9 7 -9 7 -9 7 -8 6 -9 6 -7 6 -7 5 -6 5 -6 4 -6 4 -5 4 -4 4 -4 4 -3 0 0 -1 -1 -1 -1 -1 -1 -1 -1 -1 -1 -1 -1 -1 -1 0 0 0 0 -1 -1 -9 39 -8 36 -9 38 -12 38 -12 37 -13 34 -13 38 -13 34 -13 39 -18 36 -20 38 -19 36 -21 39 -21 36 -20 32 -17 35 -16 34 -20 34 -16 31 -18 30 -17 30 -15 31 -18 28 -18 30 -21 31 -16 31 -8 33 -15 30 -13 30 -12 29 -10 27 -12 28 -11 29 -10 28 -9 28 -7 29 -8 26 -7 29 -7 27 -5 28 -4 26 -2 28 -3 27 -1 29 -1 25 1 24 0 24 2 24 2 25 0 25 1 26 1 25 1 24 9 24 13 26 12 24 16 22 -1 -1 ]
CSI_DATA,STA,08:3A:F2:51:5D:9D,-50,11,1,2,1,1,1,0,0,0,0,-93,0,6,1,4946565,0,110,0,0,5.124353,384,[110 96 6 0 0 0 0 0 0 0 0 0 16 14 15 14 16 15 16 18 15 17 13 16 14 17 12 17 12 17 12 18 13 19 13 19 13 19 12 20 10 19 12 20 10 18 9 18 10 18 9 17 9 17 9 18 7 16 10 17 10 19 10 16 0 0 10 16 11 15 11 15 11 13 9 14 11 14 11 15 10 12 11 12 11 10 12 11 11 11 12 11 12 10 11 10 13 9 13 10 12 8 12 8 12 6 12 8 12 8 13 8 13 6 12 7 12 6 0 0 0 0 0 0 0 0 0 0 -1 -1 -1 -1 -2 -26 -3 -27 -5 -26 -6 -23 -1 -24 -1 -21 -2 -22 -1 -23 -2 -21 -1 -19 -3 -20 -3 -18 -4 -20 -4 -20 -3 -21 -4 -18 -5 -21 -5 -20 -4 -18 -6 -17 -8 -16 -5 -18 -7 -16 -6 -16 -6 -17 -7 -15 -5 -16 -8 -16 -7 -17 -8 -16 -10 -13 -8 -15 -9 -16 -8 -14 -8 -13 -7 -14 -8 -14 -7 -13 -7 -13 -7 -13 -7 -12 -6 -12 -6 -12 -6 -12 -5 -12 -5 -10 -5 -10 -6 -11 -4 -9 -4 -8 -3 -8 -3 -8 -3 -8 -3 -7 -2 -7 -2 -6 -1 -6 0 0 -1 -1 -1 -1 -1 -1 -1 -1 -1 -1 -1 -1 -1 -1 0 0 0 0 -1 -1 36 20 33 18 35 20 35 23 34 23 29 23 33 24 30 23 34 25 31 28 31 31 30 29 32 33 30 31 25 29 29 28 28 26 27 30 26 25 24 26 24 26 25 25 22 26 24 26 24 30 25 24 28 20 24 23 26 22 25 21 24 18 24 20 25 19 25 18 25 17 27 16 23 14 26 15 24 15 26 14 25 12 26 11 25 11 29 11 24 9 24 7 24 7 25 5 26 6 25 7 26 7 25 7 23 6 26 2 30 -1 28 -1 28 -5 -1 -1 ]
CSI_DATA,STA,08:3A:F2:51:5D:9D,-50,11,1,2,1,1,1,0,0,0,0,-93,0,6,1,4953635,0,110,0,0,5.134688,384,[110 96 6 0 0 0 0 0 0 0 0 0 19 10 19 10 20 11 20 13 19 13 17 13 18 14 16 13 17 14 16 14 18 16 18 16 17 16 17 16 14 16 17 16 14 15 14 15 14 15 13 14 13 15 14 15 11 14 14 14 15 15 14 13 0 0 14 13 15 12 15 12 15 10 13 12 14 11 15 11 13 9 14 9 14 7 15 7 14 8 14 7 15 6 14 7 15 5 16 6 14 4 14 4 13 3 14 5 14 4 15 4 15 2 14 4 13 2 0 0 0 0 0 0 0 0 0 0 -1 -1 -1 -1 -13 -24 -13 -24 -16 -22 -13 -19 -8 -22 -8 -20 -9 -20 -9 -21 -8 -19 -7 -18 -9 -18 -9 -16 -10 -18 -11 -17 -10 -18 -11 -16 -12 -18 -12 -17 -10 -16 -12 -14 -13 -13 -11 -15 -13 -13 -11 -13 -11 -14 -12 -12 -10 -13 -14 -11 -12 -14 -13 -12 -15 -8 -12 -12 -13 -12 -13 -10 -12 -9 -12 -11 -12 -11 -12 -11 -12 -10 -11 -10 -10 -9 -10 -10 -10 -10 -10 -10 -9 -9 -9 -8 -8 -8 -9 -9 -7 -8 -6 -7 -6 -7 -6 -7 -6 -7 -5 -7 -5 -6 -4 -6 -3 -5 0 0 -1 -1 -1 -1 -1 -1 -1 -1 -1 -1 -1 -1 -1 -1 0 0 0 0 -1 -1 40 8 38 7 39 8 40 11 38 12 36 12 38 13 36 12 40 14 37 16 39 18 38 17 41 20 39 19 33 19 36 17 36 15 34 20 33 16 31 17 31 18 31 16 28 17 32 15 33 19 32 14 34 7 31 14 31 12 31 11 28 9 29 12 29 11 29 10 29 8 30 7 26 6 29 5 28 6 30 4 29 3 28 2 27 2 30 0 26 0 25 -1 25 -1 25 -2 26 -3 26 -2 27 -3 26 -2 25 -2 24 -9 27 -13 27 -14 24 -16 -1 -1 ]
CSI_DATA,STA,08:3A:F2:51:5D:9D,-46,11,1,2,0,1,1,0,0,0,0,-93,0,6,1,4954177,0,110,0,0,5.145156,256,[110 96 6 0 0 0 0 0 0 0 0 0 -1 12 -2 12 -1 12 -2 12 -2 12 -3 12 -2 12 -3 12 -3 12 -3 12 -3 12 -3 12 -4 12 -3 12 -4 11 -4 12 -4 10 -4 11 -4 10 -4 10 -3 10 -4 10 -3 10 -3 10 -3 10 -3 10 0 0 -2 10 -2 10 -2 9 -1 9 -2 9 -1 9 -1 9 -1 8 -1 9 0 8 0 9 0 9 0 8 0 8 0 8 0 8 1 9 1 8 1 8 1 8 1 8 1 8 1 8 2 7 2 8 2 7 0 0 0 0 0 0 0 0 0 0 -1 -1 -1 -1 -1 -1 0 0 12 21 9 19 4 20 3 21 2 22 3 23 1 23 0 23 1 22 1 22 -1 23 0 21 0 22 -1 23 0 22 0 22 -1 22 -2 22 -3 22 -3 19 -3 19 -1 19 -2 19 -3 19 -1 19 0 18 0 18 -1 17 -1 -1 0 18 1 18 1 16 2 17 2 15 3 17 3 14 3 15 2 16 4 15 4 15 3 14 4 15 4 15 3 13 4 14 4 13 5 13 6 14 6 13 6 13 5 13 6 11 6 12 7 12 7 13 8 9 9 10 -1 -1 -1 -1 -1 -1 ]
CSI_DATA,STA,08:3A:F2:51:5D:9D,-46,11,1,2,0,1,1,0,0,0,0,-93,0,6,1,4954977,0,110,0,0,5.151540,256,[110 96 6 0 0 0 0 0 0 0 0 0 -10 -8 -10 -9 -10 -9 -10 -9 -10 -9 -9 -9 -9 -10 -9 -10 -9 -10 -8 -10 -9 -10 -9 -11 -9 -10 -9 -9 -8 -9 -9 -10 -7 -10 -7 -10 -8 -10 -8 -10 -7 -9 -7 -10 -7 -9 -7 -9 -8 -9 -8 -8 0 0 -8 -7 -8 -8 -8 -7 -7 -7 -7 -7 -8 -7 -8 -6 -7 -6 -8 -6 -8 -6 -8 -6 -8 -5 -8 -5 -8 -5 -8 -5 -8 -5 -8 -5 -8 -5 -8 -4 -8 -4 -8 -4 -8 -4 -9 -4 -8 -4 -8 -3 -8 -3 0 0 0 0 0 0 0 0 0 0 -1 -1 -1 -1 -1 -1 0 0 -23 0 -24 -1 -21 -8 -23 -7 -22 -10 -22 -10 -21 -9 -20 -10 -21 -10 -19 -11 -20 -12 -20 -11 -21 -12 -20 -11 -20 -12 -19 -11 -18 -13 -19 -11 -18 -13 -18 -13 -17 -11 -17 -13 -16 -11 -18 -12 -16 -11 -16 -11 -17 -11 -17 -10 -1 -1 -16 -8 -18 -10 -16 -8 -16 -9 -15 -8 -15 -7 -16 -6 -16 -7 -17 -5 -17 -6 -18 -5 -16 -4 -17 -3 -14 -5 -16 -4 -15 -4 -16 -5 -15 -3 -14 -4 -15 -2 -16 -4 -14 -2 -16 -1 -15 -1 -15 0 -14 -1 -15 5 -15 6 -1 -1 -1 -1 -1 -1 ]
CSI_DATA,STA,08:3A:F2:51:5D:9D,-46,11,1,2,0,1,1,0,0,0,0,-93,0,6,1,4955399,0,110,0,0,5.159093,256,[110 96 6 0 0 0 0 0 0 0 0 0 3 -14 4 -14 4 -15 4 -14 5 -15 6 -14 6 -13 6 -13 7 -13 6 -13 6 -13 6 -14 6 -13 6 -13 6 -13 7 -13 6 -12 6 -11 7 -12 6 -11 6 -11 6 -11 5 -10 5 -11 5 -11 5 -11 0 0 4 -11 3 -11 4 -11 3 -11 3 -10 3 -11 3 -10 3 -11 2 -11 2 -10 2 -11 1 -10 2 -10 2 -11 1 -10 1 -10 0 -11 1 -10 0 -11 0 -10 0 -9 0 -11 0 -9 0 -10 -1 -10 -1 -10 0 0 0 0 0 0 0 0 0 0 -1 -1 -1 -1 -1 -1 0 0 -10 -26 -8 -25 -1 -25 1 -25 1 -27 2 -26 2 -28 3 -26 3 -27 3 -25 5 -27 4 -26 4 -27 4 -25 4 -26 5 -25 6 -25 6 -26 6 -25 7 -22 5 -22 6 -22 6 -22 6 -23 4 -21 5 -21 4 -21 4 -20 -1 -1 3 -20 2 -21 2 -20 2 -21 1 -19 0 -20 0 -19 1 -20 -1 -20 -3 -19 -2 -20 -2 -20 -2 -19 -2 -18 -3 -17 -3 -17 -3 -18 -3 -17 -3 -18 -5 -17 -4 -18 -3 -17 -5 -16 -4 -16 -6 -17 -5 -16 -9 -13 -10 -14 -1 -1 -1 -1 -1 -1 ]
CSI_DATA,STA,08:3A:F2:51:5D:9D,-46,11,1,2,0,1,1,0,0,0,0,-93,0,6,1,4955767,0,110,0,0,5.166181,256,[110 96 6 0 0 0 0 0 0 0 0 0 12 -2 12 -1 13 -1 13 -1 13 -1 12 -1 12 0 12 1 12 1 12 1 12 1 13 1 12 1 11 1 11 2 12 1 11 1 11 1 11 1 11 1 10 1 10 2 10 2 10 1 11 1 10 0 0 0 10 0 10 0 9 0 9 0 9 0 9 -1 9 -1 8 -1 9 -1 8 -1 9 -2 8 -2 8 -2 8 -2 8 -2 8 -3 8 -2 8 -3 7 -3 7 -2 7 -3 7 -3 8 -3 7 -4 7 -4 7 -4 0 0 0 0 0 0 0 0 0 0 -1 -1 -1 -1 -1 -1 0 0 18 -17 16 -14 20 -8 20 -8 21 -8 21 -8 23 -7 22 -6 22 -5 20 -6 23 -5 21 -4 23 -5 22 -4 22 -4 21 -5 22 -4 21 -4 22 -3 20 -1 19 -3 18 -3 20 -3 20 -2 18 -3 17 -4 17 -4 18 -3 -1 -1 18 -4 17 -4 16 -4 16 -6 15 -5 17 -6 15 -6 14 -7 15 -6 14 -7 15 -7 15 -7 14 -8 14 -9 13 -6 14 -8 13 -8 12 -8 12 -10 12 -8 11 -9 11 -9 11 -8 11 -9 12 -10 11 -11 9 -9 9 -12 -1 -1 -1 -1 -1 -1 ]
CSI_DATA,STA,08:3A:F2:51:5D:9D,-46,11,1,2,0,1,1,0,0,0,0,-93,0,6,1,4956054,0,110,0,0,5.172846,256,[110 96 6 0 0 0 0 0 0 0 0 0 10 5 11 6 11 6 10 7 10 7 10 7 10 7 9 8 10 8 9 8 10 8 10 8 9 7 9 8 8 8 9 8 8 8 8 8 8 7 7 8 7 7 8 7 7 6 7 6 8 7 8 7 0 0 8 6 8 5 8 5 8 5 7 5 8 4 8 4 7 4 8 4 7 4 8 4 8 3 7 3 8 3 7 3 8 3 8 3 8 2 7 2 8 2 7 2 8 2 8 1 8 0 8 1 7 1 0 0 0 0 0 0 0 0 0 0 -1 -1 -1 -1 -1 -1 0 0 22 -4 21 -3 20 4 21 4 20 5 21 6 20 6 21 7 22 6 20 8 21 8 21 7 22 8 19 7 19 7 19 9 19 10 20 8 18 9 17 9 17 8 17 9 16 8 18 10 17 8 17 7 17 6 16 7 -1 -1 15 5 17 6 16 6 16 6 15 5 16 4 15 3 15 4 15 3 16 2 16 1 15 1 15 1 14 1 14 2 15 1 15 1 16 0 13 0 15 -1 15 0 13 0 15 -2 14 -2 14 -2 12 -2 14 -6 13 -7 -1 -1 -1 -1 -1 -1 ]
CSI_DATA,STA,08:3A:F2:51:5D:9D,-50,11,1,1,1,1,1,0,0,0,0,-93,0,6,1,4959681,0,110,0,0,5.178860,384,[110 96 6 0 0 0 0 0 0 0 0 0 5 -22 6 -21 6 -23 8 -24 8 -23 8 -21 9 -22 9 -20 10 -21 10 -20 11 -22 11 -22 11 -21 12 -20 12 -19 11 -22 11 -19 11 -18 10 -18 11 -18 11 -17 11 -18 11 -16 10 -18 11 -19 9 -18 0 0 9 -18 7 -18 7 -19 6 -18 8 -16 7 -18 7 -18 6 -17 5 -17 3 -16 3 -17 4 -16 3 -17 2 -16 3 -17 1 -17 2 -18 0 -16 0 -16 -1 -15 1 -16 0 -16 0 -16 -2 -16 0 -15 -1 -15 0 0 0 0 0 0 0 0 0 0 -1 -1 -1 -1 -21 15 -19 16 -19 20 -16 16 -19 10 -18 10 -17 11 -19 11 -16 11 -16 10 -16 12 -14 11 -15 13 -14 12 -15 12 -13 13 -14 15 -13 13 -13 12 -12 13 -11 14 -12 13 -9 13 -11 13 -11 12 -10 13 -10 12 -8 14 -10 13 -9 15 -5 16 -9 14 -8 13 -8 14 -7 14 -8 12 -8 12 -8 12 -8 12 -8 12 -7 12 -8 12 -8 10 -7 10 -7 10 -7 10 -7 9 -7 9 -7 8 -6 7 -7 7 -6 6 -5 6 -5 5 -5 5 -6 4 -6 4 0 0 -1 -1 -1 -1 -1 -1 -1 -1 -1 -1 -1 -1 -1 -1 0 0 0 0 -1 -1 -3 -39 -2 -40 -1 -41 1 -43 2 -41 3 -39 3 -42 4 -39 5 -43 7 -40 8 -43 6 -42 6 -44 8 -42 9 -38 9 -38 7 -40 9 -38 7 -36 9 -36 9 -35 8 -36 9 -34 6 -36 10 -37 5 -35 -3 -36 6 -35 4 -33 3 -35 3 -32 3 -34 2 -33 2 -32 1 -32 0 -32 -2 -29 -3 -31 -1 -30 -4 -31 -4 -31 -6 -29 -6 -30 -7 -31 -7 -27 -7 -26 -8 -27 -8 -26 -9 -26 -8 -27 -9 -27 -9 -25 -9 -27 -14 -22 -20 -23 -19 -23 -20 -20 -1 -1 ]
CSI_DATA,STA,08:3A:F2:51:5D:9D,-50,11,1,2,1,1,1,0,0,0,0,-93,0,6,1,4974350,0,110,0,0,5.189481,384,[110 96 6 0 0 0 0 0 0 0 0 0 17 11 16 10 18 11 18 14 17 13 15 12 16 14 15 13 15 14 15 15 15 16 16 16 15 16 14 16 12 16 15 16 12 15 11 15 12 14 11 14 11 14 12 15 10 14 12 14 13 15 12 13 0 0 12 13 13 12 13 12 13 10 11 12 13 11 13 12 12 9 13 10 13 7 13 8 12 9 13 8 13 7 13 7 13 6 14 7 13 5 13 5 12 4 13 5 13 5 14 5 14 3 13 5 12 3 0 0 0 0 0 0 0 0 0 0 -1 -1 -1 -1 -10 -24 -10 -24 -13 -22 -13 -19 -6 -22 -5 -19 -7 -20 -6 -21 -6 -19 -5 -17 -7 -18 -7 -16 -8 -18 -8 -18 -7 -19 -8 -16 -9 -19 -8 -17 -7 -17 -10 -15 -11 -14 -9 -16 -10 -14 -9 -14 -8 -15 -10 -13 -8 -14 -10 -13 -9 -16 -11 -14 -12 -10 -11 -13 -11 -13 -11 -12 -10 -11 -9 -12 -10 -12 -10 -12 -10 -11 -9 -11 -8 -11 -8 -12 -7 -12 -8 -12 -8 -11 -7 -10 -6 -9 -8 -10 -5 -9 -5 -8 -5 -8 -5 -8 -4 -9 -3 -8 -3 -8 -2 -7 -2 -6 -1 -1 -1 -1 -1 -1 -1 -1 -1 -1 -1 -1 -1 -1 -1 -1 -1 -1 0 0 0 0 37 9 34 8 37 9 36 12 36 12 32 12 35 13 32 13 37 14 34 18 35 21 34 19 37 22 34 20 29 20 33 17 32 15 30 20 29 16 27 17 28 17 29 16 25 18 28 18 29 22 28 16 31 9 27 16 29 13 27 12 25 10 26 12 27 11 26 11 26 9 28 8 25 8 27 7 25 8 28 6 26 5 26 3 25 4 29 2 23 2 24 0 23 1 24 -1 25 -1 25 1 26 0 24 0 23 0 23 -8 26 -10 26 -9 24 -13 -1 -1 ]
CSI_DATA,STA,08:3A:F2:51:5D:9D,-50,11,1,2,1,1,1,0,0,0,0,-93,0,6,1,4974596,0,110,0,0,5.199862,384,[110 96 6 0 0 0 0 0 0 0 0 0 7 19 7 18 8 20 7 21 6 21 4 19 5 21 4 19 4 20 3 21 3 22 3 22 3 22 2 21 0 19 3 22 1 19 1 19 1 18 0 19 0 18 1 19 -1 17 1 18 1 20 2 17 0 0 2 18 3 17 3 18 4 17 2 16 3 17 3 17 3 15 4 16 5 13 6 14 4 14 5 14 6 13 6 14 7 13 7 14 7 11 7 12 7 11 7 12 7 12 8 12 9 11 7 12 7 10 0 0 0 0 0 0 0 0 0 0 -1 -1 -1 -1 4 -25 4 -26 1 -25 0 -23 7 -21 6 -18 5 -20 7 -19 5 -19 5 -17 5 -19 3 -17 3 -19 4 -19 5 -19 3 -18 3 -20 3 -19 3 -16 0 -18 -1 -17 1 -18 -2 -15 0 -16 1 -16 -2 -16 1 -16 -2 -17 1 -18 -1 -17 -6 -16 -1 -16 -2 -17 -2 -14 -2 -15 -1 -15 -3 -15 -2 -14 -2 -14 -2 -14 -1 -13 0 -13 0 -13 0 -14 -1 -12 -1 -12 0 -11 -1 -12 1 -9 0 -10 1 -9 0 -9 0 -9 1 -8 1 -8 2 -7 2 -6 -1 -1 -1 -1 -1 -1 -1 -1 -1 -1 -1 -1 -1 -1 -1 -1 -1 -1 0 0 0 0 24 31 21 28 24 30 21 31 21 33 17 29 20 33 18 30 22 34 15 36 15 38 15 36 16 40 15 38 11 33 16 34 16 31 13 35 13 30 11 31 11 31 13 30 9 31 11 31 10 35 13 30 19 27 12 29 15 28 14 26 15 24 13 25 15 25 14 25 15 23 18 23 15 21 18 22 15 22 18 22 17 19 19 18 17 18 22 18 17 15 18 14 18 15 19 13 20 13 19 16 20 15 19 15 18 14 23 9 27 7 25 7 27 2 -1 -1 ]
CSI_DATA,STA,08:3A:F2:51:5D:9D,-50,11,1,2,1,1,1,0,0,0,0,-93,0,6,1,5004643,0,110,0,0,5.209785,384,[110 96 6 0 0 0 0 0 0 0 0 0 -22 -1 -21 -2 -23 -1 -24 -3 -23 -3 -21 -4 -22 -4 -21 -4 -22 -5 -22 -6 -23 -7 -23 -7 -22 -7 -21 -8 -20 -8 -23 -7 -19 -7 -19 -7 -19 -7 -19 -7 -18 -7 -19 -7 -17 -8 -18 -7 -20 -8 -18 -6 0 0 -19 -6 -18 -5 -19 -5 -18 -3 -17 -5 -18 -4 -18 -5 -16 -3 -18 -3 -16 -1 -17 -1 -16 -3 -16 -2 -15 -1 -16 -1 -16 1 -18 0 -15 2 -16 2 -14 2 -16 1 -15 1 -16 1 -15 2 -15 1 -14 2 0 0 0 0 0 0 0 0 0 0 -1 -1 -1 -1 22 10 24 11 24 8 22 4 16 13 14 12 15 11 14 13 14 11 12 11 15 10 13 9 15 9 14 9 15 11 14 9 16 10 15 9 12 9 15 6 15 4 15 7 13 5 13 5 13 6 14 4 13 6 14 4 15 7 15 5 17 -2 14 4 15 4 13 3 13 2 13 4 13 3 12 4 12 3 12 4 12 4 12 5 11 5 11 5 10 4 10 3 10 4 11 3 8 4 8 3 8 4 7 3 7 3 5 4 6 5 5 5 5 4 -1 -1 -1 -1 -1 -1 -1 -1 -1 -1 -1 -1 -1 -1 -1 -1 -1 -1 0 0 0 0 -36 13 -33 11 -35 13 -35 10 -36 10 -33 8 -38 9 -33 7 -38 11 -38 4 -41 3 -39 3 -43 3 -41 3 -35 0 -37 5 -34 6 -37 3 -32 3 -33 2 -33 1 -32 4 -32 0 -33 1 -36 -2 -33 3 -32 14 -32 3 -31 5 -29 5 -27 7 -28 4 -29 7 -28 5 -27 7 -28 10 -25 7 -27 9 -26 7 -26 10 -24 10 -24 12 -23 10 -25 14 -21 11 -19 13 -21 12 -19 13 -20 14 -22 12 -22 14 -22 13 -20 13 -15 22 -14 26 -14 23 -9 26 -1 -1 ]
CSI_DATA,STA,08:3A:F2:51:5D:9D,-49,11,1,2,1,1,1,0,0,0,0,-93,0,6,1,5005116,0,110,0,0,5.220045,384,[110 96 6 0 0 0 0 0 0 0 0 0 -20 -8 -20 -8 -22 -8 -22 -11 -21 -11 -19 -10 -20 -11 -18 -11 -19 -12 -19 -13 -20 -14 -20 -13 -19 -14 -19 -14 -16 -14 -20 -14 -16 -13 -16 -13 -16 -12 -16 -13 -15 -13 -16 -13 -13 -13 -15 -13 -17 -14 -16 -11 0 0 -16 -11 -17 -10 -16 -10 -16 -9 -14 -10 -16 -10 -16 -10 -15 -8 -16 -8 -15 -6 -16 -6 -15 -7 -15 -7 -15 -6 -15 -6 -16 -5 -17 -6 -15 -3 -15 -3 -14 -2 -15 -4 -15 -4 -16 -4 -16 -3 -15 -4 -14 -3 0 0 0 0 0 0 0 0 0 0 -1 -1 -1 -1 13 21 14 22 16 19 15 16 8 20 7 18 8 18 7 19 8 17 7 16 9 16 8 14 10 15 9 16 8 17 9 14 11 17 10 16 8 14 11 13 12 11 10 14 11 11 9 12 9 13 11 11 9 12 11 11 11 13 12 11 14 7 11 11 12 11 11 9 11 9 10 10 10 10 10 10 9 10 9 10 9 9 9 10 8 10 8 10 8 9 7 8 6 8 8 9 5 8 6 7 4 7 5 7 4 7 3 7 3 7 2 7 1 6 -1 -1 -1 -1 -1 -1 -1 -1 -1 -1 -1 -1 -1 -1 -1 -1 -1 -1 0 0 0 0 -40 -3 -37 -3 -40 -3 -39 -6 -39 -7 -36 -7 -39 -8 -35 -8 -40 -8 -39 -13 -41 -15 -38 -13 -42 -15 -40 -14 -34 -15 -37 -11 -35 -10 -37 -14 -33 -11 -32 -14 -33 -13 -33 -11 -31 -14 -32 -13 -34 -17 -33 -11 -35 -4 -32 -11 -33 -9 -31 -8 -29 -6 -29 -8 -30 -7 -30 -7 -30 -5 -31 -3 -26 -5 -30 -3 -28 -4 -30 -2 -28 -1 -28 1 -27 0 -30 3 -25 2 -25 3 -25 2 -25 4 -26 4 -26 2 -27 3 -26 3 -25 3 -24 12 -25 15 -26 14 -22 18 -1 -1 ]
CSI_DATA,STA,08:3A:F2:51:5D:9D,-49,11,1,2,1,1,1,0,0,0,0,-93,0,6,1,5006604,0,110,0,0,5.230846,384,[110 96 6 0 0 0 0 0 0 0 0 0 2 21 2 20 3 22 1 23 1 23 0 20 0 22 0 20 0 21 -2 22 -3 23 -3 23 -3 22 -4 22 -4 20 -2 23 -3 19 -4 20 -3 19 -3 19 -3 19 -3 20 -4 17 -4 19 -4 20 -2 18 0 0 -2 18 0 18 0 18 1 17 -2 16 1 17 0 18 1 16 2 17 3 15 3 16 1 15 2 15 4 14 3 15 5 14 5 16 5 13 6 13 6 12 5 14 5 13 6 14 6 13 5 13 6 12 0 0 0 0 0 0 0 0 0 0 -1 -1 -1 -1 11 -23 12 -24 8 -25 7 -22 12 -20 11 -17 10 -20 11 -19 10 -18 9 -16 9 -18 8 -17 8 -20 8 -18 10 -19 7 -18 7 -20 7 -19 7 -17 4 -19 3 -19 5 -18 2 -17 3 -17 4 -17 2 -17 4 -17 1 -18 4 -19 2 -18 -1 -17 2 -17 1 -18 1 -16 0 -16 2 -16 1 -17 1 -16 1 -16 1 -16 2 -15 3 -15 3 -14 3 -15 2 -14 2 -14 3 -12 2 -13 3 -11 2 -10 3 -10 2 -10 2 -10 3 -9 3 -9 4 -8 3 -7 -1 -1 -1 -1 -1 -1 -1 -1 -1 -1 -1 -1 -1 -1 -1 -1 -1 -1 -1 -1 0 0 15 36 14 33 16 36 13 37 12 38 10 34 11 38 10 35 12 39 7 39 6 42 6 40 6 43 6 41 3 36 7 38 8 36 4 38 6 34 4 34 4 34 6 34 2 33 4 34 2 37 6 33 12 31 6 32 8 32 8 30 9 27 7 29 9 29 9 29 10 27 13 28 11 25 12 26 10 25 13 25 13 24 15 23 14 23 18 24 14 20 16 19 15 20 16 18 17 19 16 20 17 20 16 20 15 19 21 15 26 15 24 14 26 11 -1 -1 ]
CSI_DATA,STA,08:3A:F2:51:5D:9D,-50,11,1,2,1,1,1,0,0,0,0,-93,0,6,1,5007401,0,110,0,0,5.240689,384,[110 96 6 0 0 0 0 0 0 0 0 0 -21 2 -21 1 -23 2 -24 0 -24 0 -21 -1 -22 -1 -21 -2 -22 -2 -22 -3 -23 -4 -23 -4 -23 -4 -23 -5 -20 -6 -23 -4 -20 -5 -20 -5 -20 -5 -20 -5 -19 -6 -20 -5 -18 -6 -19 -5 -21 -6 -19 -4 0 0 -19 -4 -19 -2 -19 -3 -18 -1 -18 -4 -18 -2 -19 -3 -17 -1 -17 -1 -16 0 -17 1 -16 -1 -16 0 -16 1 -16 1 -16 2 -18 2 -14 3 -15 3 -14 4 -15 2 -16 3 -16 3 -15 4 -15 2 -14 3 0 0 0 0 0 0 0 0 0 0 -1 -1 -1 -1 22 13 23 13 24 9 22 7 16 14 14 12 16 12 15 14 15 12 13 11 15 11 14 9 16 9 15 10 15 11 14 9 17 11 16 9 13 10 16 7 15 5 15 8 14 5 14 6 14 7 14 5 14 7 15 5 15 7 15 5 17 0 14 5 15 5 14 3 13 3 13 5 14 4 13 4 13 4 13 4 11 5 12 5 12 5 12 5 11 5 10 4 9 5 11 4 8 5 8 4 7 5 8 4 7 4 6 6 6 5 5 5 4 4 -1 -1 -1 -1 -1 -1 -1 -1 -1 -1 -1 -1 -1 -1 -1 -1 -1 -1 0 0 0 0 -36 16 -33 14 -36 16 -37 13 -38 13 -34 10 -38 12 -35 10 -39 12 -39 7 -42 5 -39 6 -44 6 -41 5 -36 2 -38 7 -35 7 -39 3 -34 5 -34 3 -34 3 -34 5 -33 2 -34 2 -38 1 -34 5 -31 13 -33 4 -33 7 -30 7 -28 7 -29 6 -30 7 -29 7 -28 8 -27 10 -25 8 -27 10 -27 9 -27 11 -25 11 -24 13 -24 11 -26 15 -21 12 -20 13 -21 13 -20 14 -20 15 -22 14 -23 15 -22 14 -21 13 -16 21 -16 25 -15 23 -11 26 -1 -1 ]
CSI_DATA,STA,08:3A:F2:51:5D:9D,-49,11,1,2,1,1,1,0,0,0,0,-93,0,6,1,5047863,0,110,0,0,5.251048,384,[110 96 6 0 0 0 0 0 0 0 0 0 -8 -23 -7 -23 -8 -24 -6 -26 -6 -25 -4 -23 -3 -24 -3 -23 -2 -24 -2 -24 -1 -26 -2 -26 -1 -26 0 -25 1 -23 -1 -26 0 -23 1 -22 0 -22 1 -22 1 -22 1 -22 2 -20 0 -21 1 -23 -1 -21 0 0 0 -21 -2 -21 -2 -21 -2 -20 0 -19 -2 -20 -1 -20 -2 -18 -3 -19 -5 -17 -5 -17 -3 -17 -4 -18 -5 -17 -5 -17 -6 -17 -6 -18 -7 -15 -6 -15 -7 -14 -6 -16 -6 -16 -7 -16 -8 -15 -6 -15 -7 -14 0 0 0 0 0 0 0 0 0 0 -1 -1 -1 -1 -10 25 -9 27 -5 26 -5 24 -13 21 -12 18 -11 19 -12 19 -10 18 -10 16 -9 19 -7 17 -7 19 -8 19 -10 19 -7 18 -8 20 -7 19 -8 16 -5 18 -3 18 -6 18 -3 16 -4 15 -5 17 -2 16 -5 16 -2 17 -5 18 -2 18 3 18 -2 17 -2 17 -1 16 -1 15 -2 15 -1 15 -1 15 -1 14 -1 15 -1 14 -2 14 -1 14 -1 13 -1 12 -1 12 -1 11 -1 13 -2 10 -1 9 -2 10 0 9 -1 9 -1 9 -1 8 -2 8 -2 8 0 0 0 0 -1 -1 -1 -1 -1 -1 -1 -1 -1 -1 0 0 0 0 -1 -1 -1 -1 -28 -36 -25 -33 -27 -35 -23 -37 -23 -37 -20 -34 -21 -38 -20 -35 -22 -39 -18 -40 -17 -43 -17 -41 -17 -44 -16 -43 -12 -38 -16 -39 -16 -37 -13 -40 -13 -34 -11 -35 -11 -35 -13 -34 -10 -35 -12 -35 -10 -39 -14 -34 -22 -30 -12 -34 -15 -33 -14 -30 -14 -28 -13 -30 -14 -29 -14 -29 -16 -28 -17 -29 -15 -26 -18 -27 -15 -26 -18 -26 -18 -24 -20 -24 -18 -23 -22 -24 -18 -20 -18 -19 -18 -20 -20 -18 -20 -19 -20 -20 -21 -20 -20 -20 -19 -19 -26 -13 -29 -11 -28 -11 -31 -7 -1 -1 ]
CSI_DATA,STA,08:3A:F2:51:5D:9D,-49,11,1,2,1,1,1,0,0,0,0,-93,0,6,1,5048315,0,110,0,0,5.262198,384,[110 96 6 0 0 0 0 0 0 0 0 0 19 -13 19 -13 20 -14 23 -13 22 -11 21 -10 22 -10 21 -9 22 -9 22 -8 24 -8 24 -9 23 -8 23 -6 22 -5 24 -7 22 -5 21 -5 21 -5 20 -4 20 -4 21 -5 19 -3 20 -5 22 -5 19 -6 0 0 19 -6 18 -7 19 -7 17 -7 18 -5 18 -7 18 -7 16 -7 16 -8 14 -8 15 -9 15 -7 15 -8 14 -9 14 -9 14 -10 15 -10 12 -10 12 -10 11 -10 13 -10 12 -10 13 -10 11 -11 12 -10 11 -10 0 0 0 0 0 0 0 0 0 0 -1 -1 -1 -1 -27 -10 -27 -10 -27 -6 -25 -4 -23 -10 -22 -9 -22 -9 -22 -11 -21 -8 -20 -8 -21 -7 -19 -5 -22 -5 -21 -6 -22 -8 -21 -5 -22 -6 -21 -5 -19 -6 -20 -2 -20 -1 -20 -4 -19 -1 -19 -2 -19 -3 -18 -1 -19 -3 -19 0 -20 -3 -20 0 -18 3 -19 0 -19 0 -17 1 -17 1 -17 -1 -17 0 -16 0 -16 0 -16 1 -16 1 -16 0 -15 0 -15 0 -14 0 -14 1 -14 1 -14 1 -12 0 -11 1 -11 0 -11 1 -10 1 -11 0 -10 0 -10 0 -10 0 0 0 0 0 -1 -1 -1 -1 -1 -1 -1 -1 -1 -1 0 0 0 0 -1 -1 -1 -1 31 -33 29 -31 30 -32 34 -30 34 -29 33 -25 35 -28 32 -26 36 -29 38 -24 41 -23 39 -23 43 -24 41 -22 37 -17 37 -22 35 -22 38 -19 34 -19 34 -17 34 -17 33 -17 33 -15 34 -16 38 -15 33 -19 29 -22 32 -17 31 -19 29 -19 26 -18 29 -17 28 -19 27 -19 26 -20 26 -22 23 -20 24 -22 24 -19 23 -21 22 -21 21 -23 20 -22 21 -26 17 -21 17 -22 17 -22 15 -23 16 -24 17 -23 18 -24 17 -23 16 -22 12 -26 11 -30 11 -29 6 -29 -1 -1 ]
CSI_DATA,STA,08:3A:F2:51:5D:9D,-49,11,1,2,1,1,1,0,0,0,0,-93,0,6,1,5089423,0,110,0,0,5.273196,384,[110 96 6 0 0 0 0 0 0 0 0 0 16 15 15 15 17 16 16 18 15 18 13 17 14 18 12 17 12 18 12 18 13 20 13 20 12 20 11 20 9 19 12 20 10 18 9 18 9 17 9 17 9 18 9 18 7 17 9 17 9 18 9 16 0 0 9 16 10 15 11 16 11 14 9 15 10 14 10 15 10 13 10 13 10 11 11 11 10 12 11 11 11 10 11 11 12 10 13 11 11 8 12 8 11 7 11 9 11 8 12 9 12 7 11 8 11 7 0 0 0 0 0 0 0 0 0 0 -1 -1 -1 -1 -3 -24 -4 -24 -7 -24 -6 -21 0 -22 -1 -20 -2 -20 0 -21 -1 -19 -1 -17 -2 -18 -3 -16 -3 -18 -3 -18 -3 -19 -4 -17 -5 -19 -5 -18 -3 -16 -5 -16 -7 -15 -5 -16 -7 -14 -5 -14 -5 -15 -6 -13 -5 -14 -8 -14 -6 -15 -7 -14 -10 -12 -7 -13 -7 -13 -7 -12 -7 -12 -6 -13 -7 -12 -6 -12 -6 -12 -6 -11 -5 -10 -5 -11 -5 -11 -5 -11 -5 -11 -4 -10 -4 -9 -5 -10 -3 -9 -3 -8 -2 -8 -3 -7 -2 -7 -2 -7 -2 -7 -1 -6 -1 -5 0 0 -1 -1 -1 -1 -1 -1 -1 -1 -1 -1 -1 -1 -1 -1 0 0 0 0 -1 -1 37 17 35 16 36 17 36 20 34 20 32 19 34 22 31 20 35 22 31 24 33 28 31 25 34 28 32 27 27 26 29 24 30 23 28 27 27 23 25 24 25 24 26 23 22 23 26 23 26 27 26 21 31 15 25 22 25 20 25 19 23 16 24 18 25 17 24 17 25 15 25 14 21 13 26 13 24 13 26 12 25 11 25 9 25 10 27 9 23 8 23 6 23 7 23 5 24 5 24 7 25 6 23 6 22 6 25 -1 28 -4 27 -4 26 -7 -1 -1 ]
CSI_DATA,STA,08:3A:F2:51:5D:9D,-49,11,1,1,1,1,1,0,0,0,0,-93,0,6,1,5121878,0,110,0,0,5.289827,384,[110 96 6 0 0 0 0 0 0 0 0 0 -4 -24 -4 -24 -4 -26 -2 -28 -2 -26 -1 -24 0 -25 0 -24 0 -25 1 -25 2 -26 1 -27 1 -26 2 -25 3 -24 2 -26 3 -23 3 -22 2 -22 3 -22 3 -22 2 -22 4 -20 2 -21 2 -23 0 -21 0 0 1 -21 -1 -20 -1 -21 -2 -20 0 -19 -2 -19 -1 -20 -2 -18 -3 -19 -4 -16 -5 -17 -3 -17 -4 -17 -6 -17 -5 -16 -7 -16 -6 -18 -7 -14 -6 -15 -7 -13 -6 -15 -7 -15 -7 -15 -9 -14 -7 -14 -8 -13 0 0 0 0 0 0 0 0 0 0 -1 -1 -1 -1 -9 23 -7 23 -4 25 -4 21 -11 17 -9 17 -8 17 -10 18 -7 17 -7 16 -6 17 -5 15 -5 17 -5 16 -5 17 -3 16 -2 18 -3 17 -4 15 -2 15 0 15 -2 15 1 14 -1 15 -1 14 1 14 -1 14 2 14 1 15 2 14 6 13 2 13 2 13 3 13 2 12 3 12 3 12 3 11 3 11 2 11 3 10 3 10 3 10 4 9 3 9 3 7 3 7 3 8 2 7 3 6 3 6 3 5 4 5 3 5 4 5 3 4 3 4 -1 -1 -1 -1 -1 -1 -1 -1 -1 -1 -1 -1 -1 -1 -1 -1 -1 -1 0 0 0 0 -19 -38 -18 -39 -19 -40 -17 -43 -15 -42 -14 -40 -15 -43 -13 -40 -14 -44 -11 -43 -10 -45 -12 -43 -13 -45 -11 -44 -7 -41 -8 -41 -10 -41 -8 -41 -9 -38 -7 -39 -7 -37 -9 -38 -6 -36 -10 -37 -7 -40 -11 -35 -19 -32 -9 -35 -11 -33 -13 -33 -12 -31 -12 -32 -13 -31 -13 -31 -14 -29 -15 -30 -16 -27 -17 -27 -15 -27 -18 -26 -17 -27 -18 -23 -19 -24 -20 -25 -19 -21 -18 -20 -19 -20 -19 -19 -20 -20 -19 -20 -20 -20 -19 -19 -20 -20 -24 -12 -28 -10 -27 -10 -27 -7 -1 -1 ]
CSI_DATA,STA,08:3A:F2:51:5D:9D,-49,11,1,2,1,1,1,0,0,0,0,-93,0,6,1,5122278,0,110,0,0,5.301116,384,[110 96 6 0 0 0 0 0 0 0 0 0 17 -17 18 -16 18 -18 21 -18 20 -16 19 -14 20 -14 19 -13 20 -13 20 -13 22 -14 22 -14 21 -13 21 -12 21 -10 22 -13 20 -11 19 -9 19 -10 19 -9 19 -9 19 -10 17 -8 18 -11 19 -11 17 -11 0 0 17 -11 15 -12 16 -13 14 -12 15 -10 15 -12 15 -12 13 -11 13 -12 10 -12 11 -14 11 -12 11 -13 10 -13 10 -13 9 -14 10 -15 7 -14 8 -13 7 -13 9 -13 8 -13 8 -14 6 -14 7 -13 6 -13 0 0 0 0 0 0 0 0 0 0 -1 -1 -1 -1 -25 3 -24 4 -24 8 -22 7 -22 1 -20 2 -20 3 -22 2 -19 2 -18 3 -19 4 -17 5 -18 5 -17 5 -19 5 -17 6 -18 7 -17 7 -16 5 -15 8 -14 9 -16 7 -13 8 -14 7 -14 7 -12 8 -13 7 -12 9 -13 8 -12 10 -9 12 -12 9 -11 9 -10 9 -9 9 -10 8 -9 9 -9 8 -9 8 -8 8 -8 8 -8 9 -7 7 -7 7 -6 7 -6 7 -6 7 -5 7 -5 6 -4 6 -5 6 -3 6 -4 5 -3 5 -3 5 -3 6 -3 6 -1 -1 -1 -1 -1 -1 -1 -1 -1 -1 -1 -1 -1 -1 -1 -1 -1 -1 0 0 0 0 24 -40 23 -37 24 -38 27 -38 27 -35 26 -33 28 -35 26 -32 29 -36 30 -31 33 -34 30 -33 34 -35 33 -33 31 -28 30 -31 29 -32 32 -28 27 -28 28 -26 29 -26 26 -27 26 -24 26 -27 30 -26 25 -29 18 -32 25 -27 22 -27 21 -27 18 -25 21 -26 20 -26 19 -26 17 -27 16 -29 13 -24 13 -28 14 -26 13 -28 12 -28 10 -28 10 -28 9 -30 7 -26 7 -25 7 -25 5 -26 5 -26 6 -26 5 -27 4 -27 5 -26 -2 -26 -4 -29 -4 -29 -8 -27 -1 -1 ]
CSI_DATA,STA,08:3A:F2:51:5D:9D,-49,11,1,2,1,1,1,0,0,0,0,-93,0,6,1,5122577,0,110,0,0,5.311718,384,[110 96 6 0 0 0 0 0 0 0 0 0 23 3 23 3 25 3 26 5 25 5 22 5 23 6 22 6 23 7 22 7 23 8 24 8 23 8 22 9 20 10 24 8 20 8 20 9 19 8 19 8 19 9 19 8 17 9 19 7 20 8 18 6 0 0 18 6 19 4 19 5 18 3 17 5 18 4 18 4 16 3 18 3 16 0 17 0 16 2 16 1 16 -1 16 0 16 -2 17 -1 14 -3 15 -3 14 -3 15 -2 15 -2 15 -3 14 -4 14 -2 13 -4 0 0 0 0 0 0 0 0 0 0 -1 -1 -1 -1 -21 -14 -21 -13 -24 -11 -20 -9 -17 -14 -15 -13 -16 -13 -16 -14 -16 -12 -14 -11 -16 -11 -15 -9 -16 -9 -16 -9 -17 -10 -16 -7 -18 -9 -17 -8 -15 -8 -16 -5 -16 -4 -15 -6 -16 -4 -15 -4 -15 -5 -14 -3 -14 -5 -16 -2 -16 -4 -15 -2 -15 3 -15 -2 -15 -1 -14 -1 -13 -1 -14 -2 -14 -1 -13 -1 -13 -1 -12 -1 -11 0 -12 0 -11 -1 -11 0 -10 0 -9 1 -9 1 -10 1 -8 1 -8 1 -7 1 -7 2 -7 1 -7 1 -7 2 -7 2 -7 2 -1 -1 -1 -1 -1 -1 -1 -1 -1 -1 -1 -1 -1 -1 -1 -1 -1 -1 0 0 0 0 42 -12 40 -11 40 -11 43 -9 42 -7 39 -6 43 -6 39 -5 44 -6 42 -2 45 -2 42 -3 47 -2 44 -1 40 2 40 -2 40 -4 40 2 37 -1 37 1 36 2 35 0 34 2 35 0 38 2 35 -3 34 -13 34 -1 34 -4 32 -4 29 -5 31 -4 31 -5 30 -5 29 -7 30 -9 25 -8 28 -10 27 -8 28 -11 27 -11 25 -12 25 -11 27 -14 22 -13 21 -13 22 -12 21 -14 22 -14 22 -13 22 -15 21 -14 20 -14 16 -21 16 -25 16 -25 12 -24 -1 -1 ]
CSI_DATA,STA,08:3A:F2:51:5D:9D,-49,11,1,2,1,1,1,0,0,0,0,-93,0,6,1,5123082,0,110,0,0,5.321997,384,[110 96 6 0 0 0 0 0 0 0 0 0 5 23 4 23 6 24 3 26 3 25 2 23 1 24 0 23 1 24 0 24 -1 25 0 26 -1 25 -1 24 -3 22 -1 25 -1 22 -2 22 -2 21 -2 21 -2 21 -2 21 -3 19 -1 20 -2 22 0 20 0 0 0 20 1 19 2 19 2 18 0 18 2 19 2 19 2 17 3 17 4 15 5 16 3 16 5 16 5 15 5 15 6 14 7 16 7 13 7 13 7 12 6 13 7 13 7 13 8 12 6 13 7 11 0 0 0 0 0 0 0 0 0 0 -1 -1 -1 -1 5 -25 2 -24 0 -26 0 -22 7 -20 6 -19 4 -19 6 -20 4 -18 4 -17 4 -18 2 -17 2 -19 1 -17 2 -19 0 -17 0 -19 0 -18 1 -17 -1 -16 -3 -17 0 -17 -3 -15 -2 -15 -1 -16 -3 -15 -2 -15 -5 -15 -3 -15 -4 -15 -8 -14 -4 -15 -5 -14 -5 -13 -5 -12 -5 -13 -5 -13 -5 -12 -5 -11 -5 -11 -4 -10 -5 -11 -5 -10 -5 -10 -5 -9 -5 -9 -5 -8 -6 -8 -5 -7 -4 -7 -4 -7 -5 -6 -5 -6 -5 -5 -6 -6 -5 -6 -5 -5 -1 -1 -1 -1 -1 -1 -1 -1 -1 -1 -1 -1 -1 -1 -1 -1 -1 -1 0 0 0 0 25 35 24 33 23 33 22 37 20 36 19 34 19 37 17 35 20 38 16 38 16 41 16 38 18 42 16 40 11 37 15 37 17 35 12 38 13 34 10 34 11 34 12 32 9 32 13 33 11 36 15 31 25 27 13 32 14 30 15 28 14 25 14 28 14 28 14 27 16 25 17 25 14 21 18 22 16 22 19 21 19 20 19 19 18 19 21 19 19 17 19 15 18 16 20 14 20 15 19 15 21 15 19 14 19 14 23 7 28 4 29 5 26 2 -1 -1 ]
CSI_DATA,STA,08:3A:F2:51:5D:9D,-49,11,1,2,1,1,1,0,0,0,0,-93,0,6,1,5123506,0,110,0,0,5.332046,384,[110 96 6 0 0 0 0 0 0 0 0 0 -21 12 -21 11 -22 12 -25 11 -24 10 -22 8 -24 9 -22 7 -23 8 -23 7 -25 8 -25 8 -24 8 -24 7 -23 4 -25 7 -23 5 -22 5 -22 5 -21 4 -21 4 -22 4 -20 3 -21 5 -22 5 -19 6 0 0 -20 6 -19 7 -19 8 -17 8 -18 6 -18 7 -18 7 -16 7 -16 8 -14 9 -15 10 -14 8 -14 9 -13 9 -14 9 -13 11 -14 11 -11 11 -11 10 -10 10 -12 10 -11 10 -11 10 -10 12 -11 10 -9 10 0 0 0 0 0 0 0 0 0 0 -1 -1 -1 -1 24 0 24 -2 25 -5 21 -4 20 1 19 1 18 0 20 1 17 0 17 0 18 -1 16 -2 18 -3 16 -3 17 -3 16 -4 18 -5 16 -5 15 -3 15 -5 15 -8 15 -4 13 -7 13 -5 14 -5 12 -6 12 -6 12 -8 13 -7 12 -9 10 -11 12 -8 12 -7 11 -8 10 -8 10 -8 10 -7 10 -7 8 -7 9 -8 8 -8 8 -8 7 -7 7 -7 6 -7 6 -8 5 -7 5 -7 5 -7 4 -6 4 -6 3 -7 3 -6 3 -5 2 -6 3 -6 3 -6 -1 -1 -1 -1 -1 -1 -1 -1 -1 -1 -1 -1 -1 -1 -1 -1 -1 -1 0 0 0 0 -30 33 -30 31 -31 30 -35 31 -33 27 -33 27 -35 27 -32 25 -36 28 -35 24 -38 26 -36 25 -40 27 -38 25 -36 20 -35 23 -35 25 -36 19 -33 21 -33 18 -34 19 -32 19 -30 17 -31 21 -35 19 -29 22 -23 28 -30 20 -28 20 -27 22 -23 19 -26 21 -25 20 -25 20 -24 21 -23 21 -19 19 -19 24 -19 21 -18 24 -17 23 -16 23 -17 24 -16 25 -13 23 -12 22 -12 22 -11 23 -11 23 -11 22 -11 24 -10 23 -11 23 -4 25 -1 29 -1 29 1 26 -1 -1 ]
CSI_DATA,STA,08:3A:F2:51:5D:9D,-49,11,1,2,1,1,1,0,0,0,0,-93,0,6,1,5123811,0,110,0,0,5.342518,384,[110 96 6 0 0 0 0 0 0 0 0 0 -23 -8 -23 -8 -24 -8 -26 -11 -24 -10 -21 -10 -23 -11 -21 -11 -21 -12 -21 -12 -23 -13 -23 -13 -22 -13 -21 -14 -19 -14 -22 -13 -19 -13 -18 -13 -19 -12 -18 -13 -17 -13 -19 -13 -16 -12 -18 -12 -19 -13 -18 -10 0 0 -18 -10 -18 -9 -19 -9 -18 -8 -17 -9 -18 -8 -18 -9 -17 -7 -17 -6 -17 -4 -18 -4 -16 -5 -16 -4 -16 -3 -16 -3 -17 -2 -18 -3 -16 -1 -15 -1 -14 0 -16 -2 -15 -2 -16 -1 -15 1 -15 -1 -14 0 0 0 0 0 0 0 0 0 0 0 -1 -1 -1 -1 15 19 16 18 18 16 17 13 12 17 11 15 11 15 11 17 11 13 10 13 12 13 11 11 13 11 12 11 13 12 13 9 14 11 14 10 12 10 13 8 14 6 13 8 13 6 12 7 13 8 13 6 11 6 13 5 13 6 14 4 13 1 13 4 13 4 13 3 12 2 12 3 12 3 11 3 11 2 11 2 10 1 10 2 10 2 10 1 9 1 9 0 8 0 9 0 7 0 7 -1 6 -1 6 -1 6 -2 6 -1 6 -1 6 -2 6 -2 -1 -1 -1 -1 -1 -1 -1 -1 -1 -1 -1 -1 -1 -1 -1 -1 -1 -1 0 0 0 0 -46 -1 -43 -2 -44 -2 -46 -6 -44 -6 -42 -6 -45 -7 -41 -8 -46 -8 -43 -11 -46 -13 -44 -12 -47 -13 -45 -13 -40 -15 -41 -11 -41 -9 -40 -14 -38 -10 -36 -13 -37 -13 -37 -11 -34 -12 -36 -11 -38 -14 -37 -9 -37 -1 -36 -9 -35 -7 -34 -6 -31 -4 -33 -6 -34 -5 -32 -6 -32 -3 -33 -1 -29 -1 -32 2 -29 0 -31 2 -30 2 -29 4 -29 3 -31 5 -27 5 -25 6 -26 5 -25 7 -26 7 -26 6 -27 8 -25 7 -25 7 -22 13 -23 18 -23 17 -20 18 -1 -1 ]
CSI_DATA,STA,08:3A:F2:51:5D:9D,-49,11,1,1,1,1,1,0,0,0,0,-93,0,6,1,5125771,0,110,0,0,5.353254,384,[110 96 6 0 0 0 0 0 0 0 0 0 -24 11 -24 10 -25 12 -27 10 -27 9 -24 7 -26 7 -25 6 -25 6 -26 5 -28 5 -28 6 -27 5 -27 4 -25 2 -28 5 -24 3 -24 2 -23 3 -23 2 -23 2 -24 2 -22 0 -23 3 -24 3 -21 4 0 0 -21 4 -21 5 -21 5 -20 6 -19 3 -20 5 -20 5 -18 5 -18 6 -16 7 -17 8 -16 6 -16 7 -15 8 -16 8 -15 9 -16 10 -13 10 -13 10 -12 9 -14 9 -13 9 -14 10 -12 10 -13 9 -11 9 0 0 0 0 0 0 0 0 0 0 -1 -1 -1 -1 25 3 25 1 26 -2 23 -2 20 5 19 4 19 3 20 4 18 3 17 2 18 1 17 1 18 -1 17 0 18 0 17 -2 18 -3 17 -2 16 -1 16 -3 16 -5 16 -4 14 -5 14 -4 15 -3 15 -4 14 -4 14 -7 15 -4 13 -7 11 -10 13 -7 13 -6 12 -6 12 -7 12 -6 12 -6 11 -6 10 -6 10 -6 9 -7 9 -6 9 -5 8 -6 8 -6 7 -7 7 -6 6 -6 5 -6 5 -6 5 -6 5 -6 4 -6 4 -5 4 -6 4 -6 4 -6 -1 -1 -1 -1 -1 -1 -1 -1 -1 -1 -1 -1 -1 -1 -1 -1 -1 -1 0 0 0 0 -33 31 -33 30 -35 31 -38 30 -38 28 -36 25 -39 28 -37 24 -40 27 -41 22 -43 22 -41 24 -42 26 -42 23 -39 18 -40 19 -38 21 -40 19 -35 19 -38 17 -36 16 -37 18 -35 16 -36 18 -38 16 -33 19 -27 27 -33 18 -31 18 -30 20 -29 19 -29 19 -28 20 -28 19 -26 20 -26 21 -24 20 -24 23 -24 21 -22 23 -22 23 -19 23 -19 23 -20 25 -17 23 -16 22 -15 23 -15 22 -15 23 -16 23 -15 23 -14 22 -15 23 -6 26 -4 30 -4 29 -1 28 -1 -1 ]
CSI_DATA,STA,08:3A:F2:51:5D:9D,-49,11,1,2,1,1,1,0,0,0,0,-93,0,6,1,5126234,0,110,0,0,5.363669,384,[110 96 6 0 0 0 0 0 0 0 0 0 -20 -14 -19 -14 -21 -15 -21 -18 -19 -17 -17 -16 -18 -17 -17 -17 -17 -18 -17 -18 -17 -20 -18 -20 -17 -19 -16 -20 -13 -19 -17 -20 -14 -18 -13 -18 -14 -17 -13 -18 -12 -18 -13 -18 -11 -17 -13 -17 -14 -18 -13 -15 0 0 -13 -16 -15 -14 -15 -14 -14 -13 -13 -14 -14 -13 -14 -14 -13 -12 -14 -12 -14 -9 -15 -10 -13 -10 -14 -10 -14 -9 -14 -9 -15 -8 -16 -9 -14 -6 -14 -6 -14 -5 -14 -7 -14 -7 -15 -7 -15 -5 -14 -6 -13 -5 0 0 0 0 0 0 0 0 0 0 -1 -1 -1 -1 9 22 10 21 14 20 11 18 5 19 5 17 6 17 5 18 6 16 6 15 7 16 7 14 8 15 7 14 7 15 8 13 9 15 9 13 7 13 9 11 11 10 8 12 10 10 8 10 8 11 9 9 8 9 11 8 10 10 11 8 12 4 10 8 10 8 10 6 9 6 10 7 9 6 9 6 9 6 9 5 8 5 8 4 8 5 8 4 8 3 7 2 6 3 7 3 6 2 6 1 6 1 5 1 6 1 6 1 5 1 5 0 5 0 -1 -1 -1 -1 -1 -1 -1 -1 -1 -1 -1 -1 -1 -1 -1 -1 -1 -1 0 0 0 0 -43 -13 -41 -13 -41 -13 -43 -17 -39 -17 -38 -17 -40 -19 -37 -18 -41 -19 -37 -21 -39 -24 -38 -22 -42 -24 -39 -24 -34 -24 -36 -21 -36 -19 -33 -24 -33 -20 -30 -22 -31 -22 -32 -20 -28 -21 -31 -20 -32 -23 -32 -17 -36 -8 -31 -19 -31 -16 -31 -14 -27 -12 -29 -15 -30 -14 -29 -14 -30 -12 -30 -11 -27 -9 -30 -7 -27 -8 -29 -7 -28 -6 -28 -5 -28 -5 -30 -4 -26 -3 -25 -3 -26 -3 -26 -1 -26 -1 -25 -2 -27 0 -26 -1 -25 -1 -24 7 -27 13 -27 11 -24 12 -1 -1 ]
CSI_DATA,STA,08:3A:F2:51:5D:9D,-50,11,1,2,1,1,1,0,0,0,0,-93,0,6,1,5142991,0,110,0,0,5.374566,384,[110 96 6 0 0 0 0 0 0 0 0 0 -14 -22 -13 -22 -15 -23 -13 -25 -13 -24 -10 -23 -11 -24 -10 -23 -9 -24 -9 -24 -8 -26 -9 -26 -9 -25 -7 -26 -6 -24 -8 -26 -6 -23 -6 -22 -6 -22 -6 -22 -6 -22 -6 -22 -4 -20 -6 -21 -6 -23 -7 -20 0 0 -7 -20 -9 -19 -9 -19 -9 -18 -7 -18 -9 -18 -8 -19 -9 -16 -9 -17 -10 -14 -10 -15 -9 -15 -10 -15 -11 -14 -10 -14 -12 -13 -12 -14 -11 -11 -11 -11 -12 -10 -11 -11 -12 -11 -12 -11 -12 -10 -11 -11 -11 -9 0 0 0 0 0 0 0 0 0 0 -1 -1 -1 -1 4 25 6 26 9 23 8 20 0 20 0 18 1 19 -1 19 1 18 0 16 2 17 3 16 4 16 3 17 2 18 3 16 4 18 4 17 3 15 6 14 7 13 5 15 6 13 5 13 5 14 7 12 5 13 7 12 6 14 7 12 11 10 6 11 7 11 7 10 7 10 6 10 6 10 6 9 6 9 6 9 5 8 5 8 5 8 5 7 5 6 5 5 4 5 5 5 4 4 4 4 3 3 4 2 4 3 3 3 3 3 3 2 3 1 -1 -1 -1 -1 -1 -1 -1 -1 -1 -1 -1 -1 -1 -1 -1 -1 -1 -1 0 0 0 0 -38 -26 -34 -25 -37 -26 -35 -29 -35 -29 -30 -28 -34 -31 -30 -28 -35 -30 -30 -33 -30 -36 -29 -34 -31 -38 -30 -36 -24 -33 -28 -32 -28 -29 -26 -34 -24 -29 -23 -30 -23 -30 -25 -28 -21 -30 -23 -29 -23 -34 -24 -28 -33 -19 -23 -27 -26 -25 -24 -23 -23 -20 -23 -23 -24 -22 -24 -22 -25 -20 -26 -19 -23 -17 -26 -17 -24 -17 -26 -16 -25 -15 -26 -13 -24 -13 -29 -12 -23 -10 -23 -9 -23 -10 -24 -7 -25 -8 -25 -9 -26 -9 -25 -9 -23 -8 -27 1 -30 5 -28 4 -27 9 -1 -1 ]
CSI_DATA,STA,08:3A:F2:51:5D:9D,-50,11,1,2,1,1,1,0,0,0,0,-93,0,6,1,5330163,0,110,0,0,5.497101,384,[110 96 6 0 0 0 0 0 0 0 0 0 -19 15 -19 15 -20 16 -23 15 -22 15 -20 12 -21 12 -21 11 -21 12 -22 11 -24 11 -24 12 -23 11 -23 10 -22 8 -23 11 -21 9 -21 8 -20 8 -20 8 -20 8 -20 8 -19 6 -19 8 -21 8 -18 9 0 0 -18 9 -17 10 -17 10 -16 11 -16 8 -16 10 -16 10 -14 10 -14 10 -12 10 -12 11 -13 10 -12 10 -11 11 -11 11 -10 12 -11 12 -9 12 -8 12 -7 11 -9 11 -9 11 -9 12 -7 12 -8 11 -7 11 0 0 0 0 0 0 0 0 0 0 -1 -1 -1 -1 21 -5 22 -6 20 -8 18 -9 19 -3 16 -3 17 -4 17 -2 16 -4 15 -4 16 -5 14 -5 15 -7 15 -6 16 -6 14 -7 15 -7 14 -7 13 -5 12 -9 11 -10 12 -8 10 -9 10 -8 11 -7 10 -9 11 -8 10 -9 12 -9 10 -10 8 -12 9 -10 9 -10 8 -9 7 -9 8 -8 8 -9 8 -8 7 -8 7 -9 7 -8 7 -8 7 -7 7 -7 6 -7 6 -7 5 -7 5 -7 5 -5 4 -5 5 -5 4 -5 4 -4 4 -3 4 -3 4 -3 3 -3 0 0 0 0 -1 -1 -1 -1 -1 -1 -1 -1 -1 -1 0 0 0 0 -1 -1 -1 -1 -25 38 -24 35 -24 37 -28 35 -28 35 -27 31 -29 34 -28 31 -29 35 -33 30 -36 31 -34 30 -37 32 -35 30 -33 24 -29 30 -28 28 -32 27 -28 25 -29 24 -29 23 -27 26 -29 21 -28 23 -32 23 -27 25 -20 30 -25 23 -23 26 -21 24 -19 24 -21 23 -20 24 -20 24 -18 24 -18 26 -16 23 -16 26 -16 23 -14 25 -13 24 -10 26 -11 24 -10 28 -8 22 -6 23 -8 23 -6 23 -6 23 -8 23 -7 24 -6 23 -6 22 2 25 4 25 3 24 8 23 -1 -1 ]
CSI_DATA,STA,08:3A:F2:51:5D:9D,-50,11,1,2,1,1,1,0,0,0,0,-93,0,6,1,5330612,0,110,0,0,5.508262,384,[110 96 6 0 0 0 0 0 0 0 0 0 -24 -6 -23 -6 -26 -6 -27 -9 -25 -8 -22 -9 -24 -9 -22 -9 -23 -10 -23 -11 -23 -12 -24 -12 -23 -12 -22 -13 -20 -13 -23 -12 -20 -12 -19 -12 -19 -11 -19 -11 -19 -12 -19 -11 -17 -12 -19 -11 -20 -12 -18 -9 0 0 -18 -9 -19 -7 -19 -7 -18 -6 -17 -8 -18 -7 -18 -7 -17 -5 -17 -5 -16 -3 -17 -3 -16 -4 -16 -4 -16 -2 -16 -2 -16 -1 -18 -1 -14 0 -15 0 -14 1 -15 0 -15 0 -15 0 -14 1 -14 0 -13 1 0 0 0 0 0 0 0 0 0 0 -1 -1 -1 -1 18 13 19 12 19 9 18 6 13 13 12 11 13 10 12 12 13 9 11 9 13 9 12 7 13 6 13 7 13 8 12 6 14 7 13 6 12 7 13 3 13 2 13 4 12 2 12 3 12 4 12 2 12 4 13 2 13 4 13 2 13 -2 12 1 13 1 11 0 11 0 11 1 12 0 11 1 10 0 10 0 9 1 10 1 10 1 9 1 8 1 8 0 7 1 8 0 6 1 6 0 5 1 5 1 5 1 4 1 4 1 3 1 3 1 0 0 0 0 -1 -1 -1 -1 -1 -1 -1 -1 -1 -1 0 0 0 0 -1 -1 -1 -1 -45 5 -42 4 -45 6 -44 2 -45 2 -40 0 -45 1 -41 -1 -46 2 -45 -5 -46 -7 -44 -7 -48 -7 -46 -7 -40 -9 -42 -3 -40 -3 -42 -6 -37 -4 -37 -6 -37 -7 -37 -3 -35 -8 -37 -6 -39 -10 -37 -4 -36 6 -35 -4 -35 -1 -32 0 -30 1 -31 -1 -32 0 -31 1 -30 2 -31 4 -29 2 -30 5 -28 3 -28 5 -27 6 -26 9 -25 7 -28 10 -23 8 -21 9 -22 9 -21 11 -22 11 -23 9 -23 10 -22 9 -21 9 -16 18 -17 21 -16 19 -12 23 -1 -1 ]
CSI_DATA,STA,08:3A:F2:51:5D:9D,-50,11,1,1,1,1,1,0,0,0,0,-93,0,6,1,5331589,0,110,0,0,5.518587,384,[110 96 6 0 0 0 0 0 0 0 0 0 23 9 21 9 24 9 24 11 23 11 20 11 21 12 20 12 21 12 20 13 21 15 21 15 20 15 19 15 17 15 21 14 17 13 17 14 16 13 16 13 16 13 17 13 14 13 16 13 17 14 16 11 0 0 16 11 16 9 17 10 16 8 14 9 16 8 16 9 14 7 16 7 15 5 15 5 14 6 15 5 15 4 15 4 15 2 16 3 14 1 14 2 13 1 14 2 14 1 14 1 14 0 13 2 12 0 0 0 0 0 0 0 0 0 0 0 -1 -1 -1 -1 -20 -13 -20 -13 -21 -10 -19 -7 -12 -14 -12 -13 -13 -12 -12 -13 -13 -11 -10 -11 -13 -10 -11 -9 -13 -9 -13 -10 -13 -10 -13 -8 -14 -8 -13 -8 -12 -8 -13 -6 -13 -4 -14 -5 -12 -4 -13 -6 -12 -6 -13 -4 -12 -5 -14 -4 -14 -6 -13 -3 -14 2 -12 -3 -13 -3 -12 -2 -12 -2 -12 -3 -12 -3 -12 -3 -11 -3 -11 -2 -11 -2 -10 -3 -10 -3 -10 -3 -9 -4 -9 -2 -8 -2 -9 -2 -7 -2 -7 -2 -7 -2 -6 -2 -6 -3 -5 -3 -5 -3 -4 -3 -4 -3 0 0 0 0 -1 -1 -1 -1 -1 -1 -1 -1 -1 -1 0 0 0 0 -1 -1 -1 -1 40 -4 38 -3 41 -4 41 -1 42 -1 38 1 41 1 38 2 43 1 41 6 42 8 41 7 43 5 42 7 36 9 38 6 36 4 38 5 32 5 35 7 33 7 35 5 33 8 34 6 36 9 33 4 35 -9 31 4 31 2 30 1 29 0 29 1 30 -1 29 1 28 -2 28 -4 26 -3 28 -4 27 -1 27 -5 26 -5 24 -8 23 -7 26 -10 21 -7 21 -9 22 -9 21 -9 21 -10 22 -9 22 -9 20 -9 21 -9 15 -19 15 -22 15 -21 11 -23 -1 -1 ]
CSI_DATA,STA,08:3A:F2:51:5D:9D,-50,11,1,2,1,1,1,0,0,0,0,-93,0,6,1,5331865,0,110,0,0,5.528760,384,[110 96 6 0 0 0 0 0 0 0 0 0 17 17 16 17 18 18 17 20 16 19 13 19 14 20 13 19 13 20 13 20 13 22 14 22 13 21 12 22 10 20 13 22 10 19 9 19 9 19 9 18 9 19 10 19 7 18 10 18 10 19 10 16 0 0 10 17 11 16 11 16 11 14 9 15 11 14 11 15 10 12 11 13 11 11 12 10 11 11 12 11 12 9 11 10 12 9 13 10 12 7 12 7 12 6 12 8 12 7 12 7 12 6 11 7 11 5 0 0 0 0 0 0 0 0 0 0 -1 -1 -1 -1 -4 -22 -7 -22 -10 -21 -7 -19 -3 -20 -4 -18 -5 -18 -4 -19 -4 -17 -4 -16 -5 -17 -5 -15 -7 -16 -7 -16 -6 -16 -7 -14 -9 -16 -8 -15 -7 -14 -9 -13 -10 -12 -8 -13 -10 -11 -8 -12 -8 -12 -9 -11 -8 -12 -10 -10 -9 -12 -10 -10 -12 -8 -9 -11 -10 -10 -10 -9 -9 -9 -9 -10 -9 -10 -9 -9 -9 -8 -8 -9 -7 -8 -8 -8 -7 -8 -8 -8 -7 -8 -6 -7 -6 -7 -7 -7 -5 -6 -5 -6 -4 -6 -5 -6 -5 -6 -4 -5 -4 -5 -2 -5 -2 -5 -1 -1 -1 -1 -1 -1 -1 -1 -1 -1 -1 -1 -1 -1 -1 -1 -1 -1 0 0 0 0 40 21 37 20 38 21 38 25 36 25 33 24 35 27 32 24 36 27 33 29 33 31 33 29 36 32 33 31 27 29 31 28 31 26 28 30 27 26 25 26 25 27 26 25 23 25 26 25 26 28 27 23 31 16 25 23 26 22 26 19 24 17 24 19 25 19 25 17 25 16 26 16 23 14 26 12 24 13 26 11 25 10 26 9 25 9 27 8 23 6 23 5 22 6 23 4 23 5 23 5 25 3 23 4 22 4 23 -2 26 -6 26 -6 23 -8 -1 -1 ]
CSI_DATA,STA,08:3A:F2:51:5D:9D,-50,11,1,2,1,1,1,0,0,0,0,-93,0,6,1,5338845,0,110,0,0,5.539107,384,[110 96 6 0 0 0 0 0 0 0 0 0 22 11 21 11 23 12 23 14 22 14 19 13 20 14 18 14 19 15 19 15 20 17 20 17 19 17 18 17 15 17 19 17 16 16 15 16 15 15 14 15 14 16 14 16 12 15 14 15 15 16 14 13 0 0 14 13 15 12 15 12 15 11 13 12 14 11 14 12 13 9 14 9 14 7 15 8 13 8 14 8 14 6 13 7 14 5 15 6 13 4 14 4 13 3 13 5 13 4 14 4 13 3 13 4 12 2 0 0 0 0 0 0 0 0 0 0 -1 -1 -1 -1 -11 -21 -12 -22 -14 -18 -13 -15 -8 -19 -7 -17 -8 -17 -7 -18 -8 -16 -7 -14 -9 -15 -8 -13 -10 -14 -10 -14 -9 -15 -10 -13 -11 -14 -10 -13 -9 -13 -11 -11 -11 -10 -11 -12 -11 -9 -10 -10 -10 -11 -11 -9 -10 -10 -12 -9 -11 -11 -12 -9 -13 -5 -11 -8 -12 -8 -11 -7 -11 -7 -10 -8 -10 -7 -10 -7 -10 -7 -10 -7 -9 -7 -9 -7 -9 -7 -9 -7 -7 -6 -8 -5 -7 -6 -8 -6 -6 -5 -6 -5 -5 -4 -5 -4 -4 -4 -4 -5 -4 -5 -3 -4 -3 -3 0 0 0 0 -1 -1 -1 -1 -1 -1 -1 -1 -1 -1 0 0 0 0 -1 -1 -1 -1 46 8 42 8 44 9 44 12 44 12 39 13 43 14 39 13 44 14 41 18 42 22 41 20 44 22 41 21 35 21 39 18 37 16 37 21 34 16 32 18 32 18 33 16 30 19 32 18 34 22 32 16 35 9 31 15 32 13 30 12 28 10 29 12 30 11 29 11 29 8 30 7 27 7 29 6 27 7 29 5 27 4 27 1 25 3 30 0 24 0 24 -1 24 0 24 -2 24 -2 24 -1 25 -2 23 -1 22 -2 22 -8 24 -12 24 -11 21 -15 -1 -1 ]
CSI_DATA,STA,08:3A:F2:51:5D:9D,-45,11,1,2,0,1,1,0,0,0,0,-93,0,6,1,5363566,0,110,0,0,5.549404,256,[110 96 6 0 0 0 0 0 0 0 0 0 -10 11 -10 10 -11 11 -10 10 -11 11 -10 9 -11 10 -10 8 -11 9 -12 9 -12 9 -12 8 -11 8 -11 7 -11 6 -11 9 -10 7 -11 7 -10 7 -10 6 -10 6 -10 7 -10 6 -9 6 -10 7 -9 6 0 0 -8 6 -8 7 -8 6 -8 7 -7 6 -7 7 -7 7 -6 6 -6 7 -6 7 -7 7 -6 7 -5 6 -5 7 -5 7 -5 6 -4 7 -4 6 -4 7 -3 7 -4 7 -3 7 -4 7 -4 7 -3 6 -3 6 0 0 0 0 0 0 0 0 0 0 -1 -1 -1 -1 -1 -1 0 0 -3 26 -4 25 -10 22 -11 22 -11 22 -10 22 -12 23 -13 22 -14 23 -14 20 -13 22 -15 20 -17 21 -15 19 -14 19 -14 18 -16 18 -13 20 -13 17 -15 17 -13 18 -14 16 -13 15 -13 17 -12 15 -12 15 -13 15 -11 15 -1 -1 -10 15 -11 16 -9 15 -9 15 -8 13 -7 14 -7 14 -7 14 -6 14 -7 16 -6 15 -6 14 -5 14 -5 13 -4 14 -3 14 -4 15 -4 13 -3 14 -2 13 -3 13 -2 12 -2 13 -2 13 -1 13 -1 12 3 14 5 13 -1 -1 -1 -1 -1 -1 ]
CSI_DATA,STA,08:3A:F2:51:5D:9D,-46,11,1,2,0,1,1,0,0,0,0,-93,0,6,1,5364015,0,110,0,0,5.556363,256,[110 96 6 0 0 0 0 0 0 0 0 0 -14 -6 -13 -6 -15 -7 -14 -7 -14 -7 -12 -7 -13 -7 -12 -7 -14 -7 -13 -9 -13 -8 -13 -9 -12 -8 -11 -8 -11 -8 -12 -8 -10 -8 -11 -8 -10 -7 -11 -7 -11 -6 -11 -7 -10 -7 -9 -7 -10 -7 -10 -6 0 0 -10 -6 -10 -5 -9 -4 -10 -4 -9 -4 -10 -4 -10 -3 -9 -3 -9 -3 -9 -3 -9 -3 -9 -3 -9 -2 -9 -2 -9 -2 -9 -2 -9 -1 -8 -1 -9 -1 -8 -1 -8 0 -9 0 -9 -1 -8 0 -8 0 -8 0 0 0 0 0 0 0 0 0 0 0 -1 -1 -1 -1 -1 -1 0 0 -11 8 -12 7 -12 1 -11 1 -12 1 -11 1 -12 0 -12 0 -12 0 -11 -1 -12 0 -12 -1 -12 -2 -11 -2 -12 -1 -11 -2 -11 -2 -11 -1 -10 -2 -11 -1 -9 -1 -10 -1 -10 -2 -10 -1 -10 -2 -9 -1 -9 -1 -9 -1 -1 -1 -9 -1 -9 0 -8 0 -9 0 -8 1 -8 0 -8 1 -8 1 -7 1 -8 1 -8 2 -7 1 -7 1 -7 1 -7 2 -6 2 -7 2 -6 2 -7 2 -6 3 -6 3 -6 2 -6 3 -6 2 -6 2 -6 2 -3 6 -3 5 -1 -1 -1 -1 -1 -1 ]
CSI_DATA,STA,08:3A:F2:51:5D:9D,-46,11,1,2,0,1,1,0,0,0,0,-93,0,6,1,5364356,0,110,0,0,5.563364,256,[110 96 6 0 0 0 0 0 0 0 0 0 -4 -14 -3 -14 -4 -15 -4 -14 -3 -15 -2 -14 -2 -15 -2 -14 -2 -15 -1 -15 -1 -15 -1 -16 -1 -14 0 -14 0 -12 -1 -15 0 -13 0 -13 0 -12 -1 -13 -1 -12 0 -13 0 -12 0 -11 -1 -12 -1 -11 0 0 -1 -11 -1 -11 -2 -11 -2 -10 -2 -10 -2 -10 -3 -10 -3 -10 -3 -9 -2 -10 -3 -9 -3 -9 -3 -9 -3 -8 -3 -9 -3 -8 -4 -8 -3 -7 -4 -8 -3 -7 -4 -7 -4 -8 -5 -8 -4 -7 -4 -7 -5 -6 0 0 0 0 0 0 0 0 0 0 -1 -1 -1 -1 -1 -1 0 0 -21 -17 -18 -18 -12 -22 -14 -21 -14 -23 -12 -21 -14 -22 -11 -21 -12 -24 -9 -22 -12 -23 -10 -24 -9 -26 -8 -24 -9 -23 -7 -23 -7 -22 -10 -23 -7 -21 -7 -22 -7 -20 -8 -21 -7 -19 -7 -22 -5 -20 -5 -19 -6 -20 -6 -18 -1 -1 -8 -17 -9 -19 -8 -16 -9 -16 -7 -15 -9 -15 -10 -14 -8 -15 -10 -13 -10 -16 -11 -14 -9 -14 -10 -12 -9 -12 -10 -12 -10 -11 -11 -13 -10 -10 -10 -10 -10 -9 -10 -10 -9 -9 -11 -11 -11 -10 -11 -9 -10 -8 -14 -4 -12 -4 -1 -1 -1 -1 -1 -1 ]
CSI_DATA,STA,08:3A:F2:51:5D:9D,-46,11,1,2,0,1,1,0,0,0,0,-93,0,6,1,5364706,0,110,0,0,5.571024,256,[110 96 6 0 0 0 0 0 0 0 0 0 7 -13 6 -12 7 -13 7 -13 8 -13 8 -12 8 -12 8 -11 8 -12 9 -11 9 -11 9 -11 9 -10 9 -10 8 -10 9 -11 9 -9 8 -10 8 -9 8 -9 7 -8 7 -9 7 -8 7 -9 7 -9 7 -9 0 0 6 -8 6 -9 5 -8 5 -9 5 -8 5 -9 4 -9 4 -8 4 -9 4 -9 3 -9 3 -8 4 -9 3 -8 3 -8 3 -8 2 -9 1 -8 2 -8 2 -8 2 -8 1 -8 2 -8 1 -8 1 -7 1 -7 0 0 0 0 0 0 0 0 0 0 -1 -1 -1 -1 -1 -1 0 0 0 -28 2 -24 7 -24 7 -24 7 -26 7 -23 8 -27 8 -24 10 -25 10 -23 10 -25 12 -24 12 -25 12 -22 11 -22 12 -22 11 -20 11 -23 10 -20 11 -21 10 -19 10 -20 10 -18 11 -20 10 -19 10 -17 10 -17 9 -17 -1 -1 7 -17 7 -19 6 -16 6 -18 5 -14 5 -18 4 -17 4 -15 3 -17 4 -17 3 -17 3 -16 2 -17 2 -15 2 -15 1 -15 0 -16 0 -14 -1 -15 0 -15 0 -15 -1 -14 0 -15 0 -15 -1 -15 -1 -13 -5 -13 -4 -14 -1 -1 -1 -1 -1 -1 ]
CSI_DATA,STA,08:3A:F2:51:5D:9D,-46,11,1,2,0,1,1,0,0,0,0,-93,0,6,1,5365038,0,110,0,0,5.577896,256,[110 96 6 0 0 0 0 0 0 0 0 0 14 3 13 3 14 3 13 3 14 3 12 4 13 5 12 4 13 5 13 5 13 5 13 6 12 5 12 5 10 5 12 5 10 5 11 6 10 5 10 4 10 4 10 4 9 4 10 4 10 4 10 4 0 0 9 3 9 3 9 3 9 3 9 2 9 2 9 1 8 1 8 1 8 1 8 0 8 1 8 0 8 0 8 0 8 0 8 -1 7 -1 8 -1 8 -2 7 -1 7 -2 7 -2 7 -2 7 -2 7 -2 0 0 0 0 0 0 0 0 0 0 -1 -1 -1 -1 -1 -1 0 0 27 -9 23 -8 24 -1 23 -1 25 -1 24 0 25 1 24 1 25 2 23 2 26 3 25 4 26 4 24 4 24 4 23 3 23 5 24 3 22 4 21 4 19 4 19 2 20 4 21 4 19 3 19 2 18 2 17 2 -1 -1 17 0 18 0 16 1 18 -1 15 -1 16 -2 15 -2 16 -2 15 -3 15 -3 15 -4 14 -3 15 -4 14 -4 13 -4 12 -4 13 -5 12 -5 13 -6 13 -5 12 -6 13 -6 11 -7 11 -6 12 -7 11 -7 7 -8 8 -10 -1 -1 -1 -1 -1 -1 ]
CSI_DATA,STA,08:3A:F2:51:5D:9D,-46,11,1,2,0,1,1,0,0,0,0,-93,0,6,1,5365334,0,110,0,0,5.584202,256,[110 96 6 0 0 0 0 0 0 0 0 0 11 9 11 8 11 9 11 9 10 9 10 10 9 10 9 9 9 10 9 11 9 10 9 11 8 10 8 10 8 9 9 10 7 9 7 10 7 9 7 9 6 9 7 9 6 9 6 8 7 9 7 7 0 0 6 7 7 7 7 7 7 6 6 6 7 6 7 5 7 5 7 5 6 5 7 5 7 5 7 5 7 5 7 4 6 4 7 4 7 4 6 4 7 3 7 3 7 3 7 2 6 2 6 2 6 2 0 0 0 0 0 0 0 0 0 0 -1 -1 -1 -1 -1 -1 0 0 23 12 20 13 20 15 21 13 21 14 20 14 21 15 19 15 20 17 18 16 20 17 18 18 20 18 16 18 17 17 16 17 15 18 19 17 16 16 15 17 14 15 14 16 14 15 15 16 13 16 13 15 13 15 12 14 -1 -1 14 11 15 13 13 11 15 10 12 10 14 9 13 9 13 9 13 7 15 9 14 8 14 8 14 7 13 7 13 6 14 5 13 6 12 6 13 5 14 4 13 5 12 3 13 3 12 3 13 2 12 2 13 1 13 0 -1 -1 -1 -1 -1 -1 ]
CSI_DATA,STA,08:3A:F2:51:5D:9D,-46,11,1,2,0,1,1,0,0,0,0,-93,0,6,1,5365702,0,110,0,0,5.590400,256,[110 96 6 0 0 0 0 0 0 0 0 0 -5 12 -6 12 -6 13 -6 13 -6 13 -6 12 -6 12 -6 12 -7 12 -8 12 -8 12 -8 12 -8 12 -7 11 -7 10 -7 12 -7 10 -7 10 -7 10 -7 10 -7 9 -6 10 -7 8 -6 9 -6 9 -5 9 0 0 -5 9 -5 9 -4 9 -4 9 -3 8 -3 8 -3 9 -3 8 -2 9 -3 8 -3 8 -2 8 -2 8 -2 8 -2 8 -1 8 -1 8 -1 7 -1 7 -1 8 -1 7 0 7 0 7 0 7 0 7 0 7 0 0 0 0 0 0 0 0 0 0 -1 -1 -1 -1 -1 -1 0 0 18 20 14 20 2 21 3 21 3 22 2 20 2 22 1 21 1 23 -1 21 2 21 -1 22 -2 24 -2 22 -1 22 -2 21 -3 20 0 21 -1 19 -2 19 -1 18 -1 18 -2 17 -1 20 -2 16 -2 17 -2 17 -1 17 -1 -1 0 15 0 17 1 15 2 15 1 13 4 13 3 14 2 13 4 13 2 15 4 14 4 13 5 13 4 11 4 12 5 11 4 11 4 11 5 10 6 11 4 10 6 9 6 10 7 10 6 10 6 8 12 6 13 5 -1 -1 -1 -1 -1 -1 ]
CSI_DATA,STA,08:3A:F2:51:5D:9D,-51,11,1,2,1,1,1,0,0,0,0,-93,0,6,1,5406590,0,110,0,0,5.596870,384,[110 96 6 0 0 0 0 0 0 0 0 0 -17 20 -17 19 -18 21 -20 20 -19 19 -18 16 -20 17 -19 16 -20 16 -20 15 -22 16 -22 17 -22 15 -22 15 -21 12 -22 16 -20 12 -20 12 -19 12 -19 11 -19 11 -20 12 -19 9 -18 11 -20 12 -17 12 0 0 -17 12 -16 13 -16 13 -14 13 -15 11 -14 12 -15 12 -13 12 -13 13 -10 13 -11 13 -11 12 -11 13 -9 13 -10 12 -9 14 -9 14 -7 13 -7 13 -6 13 -8 13 -7 13 -7 13 -5 13 -7 13 -5 12 0 0 0 0 0 0 0 0 0 0 -1 -1 -1 -1 17 -16 17 -16 14 -18 12 -17 16 -9 15 -8 14 -9 15 -8 13 -9 12 -8 13 -10 11 -9 11 -11 11 -11 13 -10 11 -11 12 -12 11 -11 10 -10 9 -12 7 -13 10 -12 7 -12 7 -11 8 -11 7 -11 8 -11 7 -12 9 -12 8 -13 2 -16 7 -13 7 -12 6 -11 5 -12 6 -11 6 -11 6 -11 5 -10 6 -11 6 -10 7 -10 6 -9 6 -9 6 -8 6 -9 5 -7 5 -8 5 -6 5 -6 5 -5 4 -5 4 -4 4 -3 4 -3 4 -3 4 -2 -1 -1 -1 -1 -1 -1 -1 -1 -1 -1 -1 -1 -1 -1 -1 -1 -1 -1 0 0 0 0 -10 43 -9 40 -10 42 -13 41 -14 41 -13 36 -15 41 -14 36 -13 42 -19 38 -22 40 -20 38 -23 42 -22 39 -21 33 -18 36 -15 35 -21 35 -17 32 -18 30 -18 30 -15 31 -19 29 -19 30 -22 32 -16 31 -4 37 -16 30 -14 30 -12 28 -10 26 -12 27 -10 27 -10 26 -8 27 -7 29 -8 25 -6 27 -7 25 -5 27 -4 25 -2 25 -3 25 -1 27 -1 22 1 21 0 22 2 22 3 22 1 22 2 24 1 22 1 21 13 21 16 22 15 21 18 17 -1 -1 ]
CSI_DATA,STA,08:3A:F2:51:5D:9D,-51,11,1,2,1,1,1,0,0,0,0,-93,0,6,1,5406910,0,110,0,0,5.607441,384,[110 96 6 0 0 0 0 0 0 0 0 0 -23 3 -22 3 -24 3 -26 1 -25 1 -22 0 -23 0 -22 -1 -23 -1 -23 -1 -24 -2 -25 -2 -24 -2 -23 -4 -21 -4 -24 -2 -21 -4 -20 -4 -20 -3 -20 -4 -19 -4 -20 -4 -18 -5 -19 -3 -21 -4 -19 -2 0 0 -19 -2 -18 -1 -19 -1 -18 0 -17 -2 -17 -1 -18 -1 -16 0 -16 1 -15 2 -15 3 -14 1 -15 2 -14 3 -14 2 -14 4 -15 4 -12 5 -13 4 -11 5 -13 4 -12 4 -12 5 -11 6 -12 4 -11 5 0 0 0 0 0 0 0 0 0 0 -1 -1 -1 -1 19 6 20 5 20 2 18 1 16 6 13 5 14 5 14 6 14 4 12 4 14 3 13 2 14 2 14 2 14 3 13 1 15 1 14 1 13 2 13 -1 13 -3 13 -1 12 -2 12 -1 12 0 12 -2 12 -1 12 -3 13 -1 12 -3 12 -7 12 -3 12 -3 11 -3 11 -3 11 -2 11 -2 11 -2 10 -2 11 -2 10 -2 10 -1 10 -1 10 -1 9 -1 8 -1 8 0 8 -1 7 0 6 0 6 0 5 0 5 0 4 1 4 1 4 1 3 1 -1 -1 -1 -1 -1 -1 -1 -1 -1 -1 -1 -1 -1 -1 -1 -1 -1 -1 0 0 0 0 -39 18 -35 17 -38 18 -39 15 -40 15 -36 12 -40 14 -36 11 -40 14 -41 9 -44 8 -42 8 -45 9 -43 7 -37 4 -39 9 -36 9 -39 6 -34 7 -34 5 -34 5 -34 7 -33 3 -34 5 -37 3 -33 7 -31 14 -32 6 -31 9 -29 9 -26 9 -27 8 -28 9 -27 9 -26 10 -26 13 -23 10 -24 12 -23 11 -23 13 -22 12 -20 14 -20 13 -21 16 -17 13 -16 14 -16 14 -15 15 -15 15 -16 14 -17 15 -16 15 -15 14 -10 20 -9 22 -9 21 -5 23 -1 -1 ]
CSI_DATA,STA,08:3A:F2:51:5D:9D,-51,11,1,2,1,1,1,0,0,0,0,-93,0,6,1,5409357,0,110,0,0,5.617690,384,[110 96 6 0 0 0 0 0 0 0 0 0 -23 1 -23 1 -24 1 -26 -1 -24 -1 -22 -2 -23 -2 -22 -3 -22 -3 -22 -3 -24 -4 -25 -4 -24 -4 -23 -5 -22 -6 -24 -4 -21 -5 -20 -5 -20 -5 -19 -5 -19 -6 -20 -5 -17 -6 -19 -5 -21 -5 -19 -4 0 0 -19 -4 -18 -2 -19 -2 -17 -1 -17 -3 -17 -2 -18 -2 -16 -1 -16 0 -14 1 -15 1 -15 0 -15 1 -14 2 -14 1 -15 3 -15 2 -13 4 -13 3 -12 4 -13 3 -13 3 -13 3 -12 4 -12 3 -11 4 0 0 0 0 0 0 0 0 0 0 -1 -1 -1 -1 18 8 19 7 19 5 17 2 14 8 12 7 13 7 13 8 13 6 12 5 13 5 12 4 14 3 13 4 14 5 13 3 15 3 14 3 12 3 13 1 13 -1 13 1 12 0 12 1 12 2 12 0 12 1 12 -1 13 1 13 -1 13 -4 12 0 12 0 12 -1 11 -1 11 0 11 -1 11 0 10 0 10 -1 9 0 10 0 10 1 10 1 8 1 8 0 7 1 8 1 6 1 6 1 6 1 5 1 5 1 4 2 3 2 3 2 3 2 -1 -1 -1 -1 -1 -1 -1 -1 -1 -1 -1 -1 -1 -1 -1 -1 -1 -1 0 0 0 0 -39 17 -36 15 -37 16 -39 13 -39 13 -36 11 -39 12 -36 10 -40 12 -40 7 -43 6 -40 7 -45 7 -42 6 -38 2 -38 7 -36 7 -38 4 -34 5 -34 3 -34 3 -33 5 -32 2 -34 3 -37 1 -33 5 -30 14 -32 4 -31 6 -29 6 -26 7 -28 6 -28 7 -27 7 -26 8 -26 10 -23 9 -25 10 -24 9 -24 11 -22 11 -21 12 -21 11 -22 14 -18 12 -17 12 -17 12 -16 13 -17 14 -18 13 -18 14 -17 13 -16 12 -11 19 -11 21 -10 20 -7 22 -1 -1 ]
CSI_DATA,STA,08:3A:F2:51:5D:9D,-51,11,1,2,1,1,1,0,0,0,0,-93,0,6,1,5410220,0,110,0,0,5.627855,384,[110 96 6 0 0 0 0 0 0 0 0 0 15 -21 14 -20 15 -23 17 -22 18 -21 16 -18 18 -19 17 -17 18 -18 19 -18 20 -18 20 -18 20 -17 20 -16 19 -14 20 -18 18 -14 19 -14 17 -13 18 -13 18 -12 18 -13 17 -11 17 -13 19 -14 15 -13 0 0 15 -13 14 -14 14 -14 13 -14 13 -12 13 -14 14 -13 11 -13 11 -14 9 -14 9 -15 10 -13 9 -14 8 -14 9 -14 7 -14 8 -16 5 -13 6 -14 5 -13 6 -13 6 -13 6 -14 4 -14 6 -13 4 -13 0 0 0 0 0 0 0 0 0 0 -1 -1 -1 -1 -23 8 -22 9 -20 12 -18 10 -20 5 -18 4 -18 5 -19 5 -17 5 -16 5 -16 6 -14 7 -16 7 -15 7 -16 7 -14 8 -16 9 -15 9 -14 7 -13 9 -12 10 -14 9 -11 10 -12 8 -13 8 -11 9 -12 8 -11 10 -13 9 -11 11 -8 13 -11 10 -11 10 -10 10 -10 10 -11 8 -10 8 -10 8 -10 8 -10 8 -10 8 -10 7 -10 6 -9 6 -9 5 -9 5 -9 5 -9 5 -8 4 -7 3 -7 3 -7 2 -6 1 -6 1 -6 1 -6 0 -6 0 -1 -1 -1 -1 -1 -1 -1 -1 -1 -1 -1 -1 -1 -1 -1 -1 -1 -1 0 0 0 0 14 -46 13 -43 14 -45 18 -45 18 -43 18 -39 20 -43 18 -39 20 -44 23 -40 26 -42 24 -40 27 -43 26 -40 25 -34 23 -38 21 -37 26 -35 21 -33 23 -31 23 -32 21 -31 22 -29 21 -31 25 -32 19 -32 12 -35 19 -31 17 -31 16 -30 13 -28 15 -28 15 -29 14 -29 12 -29 11 -30 10 -26 9 -29 9 -26 8 -29 7 -28 6 -28 5 -27 4 -30 3 -25 3 -25 3 -25 1 -25 1 -26 2 -25 1 -26 1 -25 1 -24 -6 -24 -10 -26 -9 -25 -11 -23 -1 -1 ]
CSI_DATA,STA,08:3A:F2:51:5D:9D,-51,11,1,1,1,1,1,0,0,0,0,-93,0,6,1,5423964,0,110,0,0,5.638554,384,[110 96 6 0 0 0 0 0 0 0 0 0 -23 -2 -22 -2 -24 -2 -25 -5 -24 -5 -21 -5 -23 -6 -21 -6 -22 -6 -22 -7 -23 -8 -24 -8 -23 -8 -22 -8 -20 -9 -23 -7 -19 -8 -19 -8 -19 -7 -18 -8 -18 -8 -19 -8 -16 -8 -18 -7 -19 -8 -18 -6 0 0 -18 -6 -18 -4 -18 -4 -17 -3 -16 -5 -17 -4 -17 -4 -15 -3 -16 -2 -15 -1 -15 0 -14 -2 -15 -1 -14 0 -14 0 -14 1 -16 1 -13 2 -13 2 -12 3 -13 2 -13 2 -13 2 -12 3 -12 2 -11 3 0 0 0 0 0 0 0 0 0 0 -1 -1 -1 -1 13 13 15 12 16 11 14 8 11 11 11 10 11 9 11 10 11 9 10 8 12 7 11 7 13 6 12 6 12 7 12 5 13 5 12 5 11 5 12 3 12 2 12 3 11 1 11 3 11 3 12 3 11 3 12 1 12 2 12 1 12 -1 11 1 11 1 11 0 11 0 10 1 10 1 10 1 9 1 9 1 8 1 9 1 8 2 8 1 7 2 6 1 6 1 6 2 5 1 5 1 4 1 4 1 3 1 2 1 1 1 1 1 1 0 -1 -1 -1 -1 -1 -1 -1 -1 -1 -1 -1 -1 -1 -1 -1 -1 -1 -1 0 0 0 0 -41 5 -40 4 -43 4 -44 2 -44 1 -40 -1 -43 -2 -40 -2 -44 -2 -42 -5 -43 -6 -43 -4 -45 -4 -43 -5 -38 -8 -39 -6 -39 -5 -39 -6 -35 -4 -37 -7 -34 -7 -37 -5 -34 -7 -35 -4 -36 -8 -34 -3 -33 2 -33 -4 -32 -2 -32 -1 -30 0 -31 -1 -30 0 -30 0 -29 1 -30 2 -26 3 -28 5 -27 3 -27 6 -26 5 -24 8 -24 7 -27 8 -21 8 -21 8 -21 9 -21 9 -21 9 -22 8 -21 9 -20 9 -20 9 -16 13 -17 16 -17 16 -14 17 -1 -1 ]
CSI_DATA,STA,08:3A:F2:51:5D:9D,-51,11,1,2,1,1,1,0,0,0,0,-93,0,6,1,5450439,0,110,0,0,5.648689,384,[110 96 6 0 0 0 0 0 0 0 0 0 -16 19 -17 18 -17 20 -20 20 -19 18 -19 16 -20 17 -19 15 -20 16 -20 15 -21 16 -21 17 -21 16 -21 15 -21 12 -21 16 -20 13 -20 12 -19 12 -19 12 -19 11 -19 12 -18 9 -18 12 -19 13 -17 13 0 0 -17 12 -15 14 -15 14 -14 13 -15 12 -14 13 -15 13 -12 12 -12 13 -10 13 -10 14 -10 13 -10 13 -9 13 -9 13 -8 14 -9 15 -6 13 -6 14 -5 13 -7 13 -6 13 -6 13 -4 14 -6 13 -4 12 0 0 0 0 0 0 0 0 0 0 -1 -1 -1 -1 17 -16 16 -17 13 -19 12 -17 16 -10 14 -9 13 -9 14 -9 13 -9 12 -9 12 -10 10 -9 11 -11 11 -11 12 -11 10 -11 11 -13 10 -12 9 -10 8 -12 7 -13 9 -12 6 -11 7 -10 8 -10 6 -10 7 -10 6 -12 7 -11 6 -12 1 -14 6 -11 6 -11 4 -10 5 -11 6 -10 5 -10 5 -9 4 -9 5 -9 4 -8 5 -8 4 -7 5 -7 4 -6 4 -6 4 -6 3 -6 4 -4 3 -4 3 -3 2 -3 2 -2 2 -2 1 -1 2 -1 1 -1 0 0 -1 -1 -1 -1 -1 -1 -1 -1 -1 -1 -1 -1 -1 -1 0 0 0 0 -1 -1 -8 41 -8 38 -8 39 -11 40 -11 39 -12 36 -12 39 -12 35 -12 40 -16 37 -18 40 -16 38 -18 42 -18 39 -18 33 -15 36 -13 35 -18 34 -14 32 -16 30 -17 30 -13 31 -16 28 -14 30 -18 32 -13 31 2 37 -13 30 -11 30 -10 29 -8 26 -10 27 -9 27 -8 27 -6 27 -5 29 -5 24 -3 27 -4 26 -2 26 -2 25 0 25 0 25 1 27 1 22 2 21 1 22 3 21 4 22 3 22 4 23 4 22 3 21 14 20 19 20 17 20 19 17 -1 -1 ]
CSI_DATA,STA,08:3A:F2:51:5D:9D,-51,11,1,2,1,1,1,0,0,0,0,-93,0,6,1,5460145,0,110,0,0,5.659145,384,[110 96 6 0 0 0 0 0 0 0 0 0 -21 13 -20 12 -22 15 -23 13 -24 13 -21 10 -23 11 -21 10 -23 10 -23 9 -25 9 -25 9 -24 8 -24 8 -22 6 -25 10 -21 7 -22 6 -20 7 -21 7 -21 6 -21 7 -20 4 -20 6 -22 7 -19 7 0 0 -19 8 -18 9 -17 9 -17 10 -16 7 -16 9 -17 9 -15 9 -15 10 -13 10 -13 10 -14 9 -13 10 -12 10 -12 11 -11 11 -12 13 -9 11 -9 12 -8 11 -10 11 -9 11 -10 12 -8 12 -9 11 -8 11 0 0 0 0 0 0 0 0 0 0 -1 -1 -1 -1 20 -8 21 -9 20 -12 17 -11 19 -4 16 -4 16 -5 17 -4 16 -5 14 -5 16 -6 14 -6 15 -8 14 -7 16 -6 14 -7 15 -8 14 -8 12 -6 12 -9 10 -10 12 -9 9 -9 10 -8 11 -8 9 -9 11 -8 9 -10 11 -8 10 -10 7 -13 9 -9 9 -10 7 -9 8 -9 8 -8 8 -8 7 -8 6 -7 7 -8 7 -7 7 -7 7 -6 6 -6 5 -5 5 -5 5 -4 4 -5 4 -3 3 -4 4 -3 3 -3 2 -2 2 -1 2 -1 2 -1 2 -1 -1 -1 -1 -1 -1 -1 -1 -1 -1 -1 -1 -1 -1 -1 -1 -1 -1 -1 -1 -1 0 0 -25 37 -23 33 -24 36 -26 33 -27 34 -25 30 -29 33 -26 29 -28 35 -32 29 -35 30 -33 29 -36 32 -34 30 -31 24 -29 30 -26 29 -31 27 -26 25 -28 24 -28 23 -25 26 -28 21 -27 23 -31 24 -26 25 -18 32 -25 24 -22 26 -19 24 -17 24 -19 23 -19 25 -19 23 -17 24 -15 26 -15 22 -14 25 -15 23 -13 26 -11 24 -9 25 -10 24 -8 27 -7 22 -5 23 -7 23 -4 22 -4 23 -7 23 -5 24 -5 23 -5 22 4 24 8 25 6 25 11 22 -1 -1 ]
CSI_DATA,STA,08:3A:F2:51:5D:9D,-47,11,1,2,0,1,1,0,0,0,0,-93,0,6,1,5461940,0,110,0,0,5.669578,256,[110 96 6 0 0 0 0 0 0 0 0 0 16 19 15 19 17 21 16 20 16 22 14 20 14 21 13 20 14 21 12 22 13 22 12 23 12 22 12 21 10 20 13 22 10 20 10 20 10 19 10 19 10 18 10 18 9 18 10 17 10 18 10 16 0 0 11 15 11 16 11 14 12 14 10 12 12 13 12 13 11 11 13 12 11 12 12 11 11 11 12 10 12 10 12 10 12 9 13 9 12 8 13 8 13 8 12 7 13 7 13 7 13 6 12 6 12 5 0 0 0 0 0 0 0 0 0 0 -1 -1 -1 -1 -1 -1 -1 -1 47 7 42 11 37 23 37 23 39 22 37 22 38 25 36 25 38 27 33 27 37 26 35 30 36 31 32 29 33 28 32 28 30 29 34 27 30 25 29 28 28 24 28 25 26 24 30 26 27 25 26 24 27 24 25 22 -1 -1 26 18 29 19 26 16 28 17 24 15 27 13 26 13 26 13 27 11 28 12 28 11 27 11 27 9 26 9 26 8 25 7 27 7 25 6 26 5 26 5 26 4 24 3 26 3 25 3 25 3 23 2 24 -7 23 -7 -1 -1 -1 -1 -1 -1 ]
CSI_DATA,STA,08:3A:F2:51:5D:9D,-47,11,1,2,0,1,1,0,0,0,0,-93,0,6,1,5462271,0,110,0,0,5.676364,256,[110 96 6 0 0 0 0 0 0 0 0 0 2 25 1 25 1 26 1 26 0 26 -1 24 -1 25 -2 24 -2 25 -3 25 -3 26 -4 26 -4 24 -4 24 -5 23 -4 25 -4 21 -5 22 -4 21 -4 21 -4 20 -4 21 -5 19 -4 20 -3 21 -3 19 0 0 -2 19 -2 19 -1 18 -1 18 -1 17 0 17 0 17 0 16 1 17 1 17 1 17 1 16 2 16 2 15 2 15 3 15 3 16 3 15 3 14 4 14 3 14 4 14 4 14 4 13 4 13 4 12 0 0 0 0 0 0 0 0 0 0 -1 -1 0 0 0 0 -1 -1 28 40 23 38 13 43 13 43 13 45 12 44 11 46 9 44 9 47 6 44 6 46 4 46 5 49 4 45 4 44 3 44 1 44 5 44 2 42 0 41 2 40 1 39 0 38 1 40 0 37 1 36 2 37 2 34 -1 -1 4 33 5 36 5 32 6 33 5 29 8 31 7 29 7 29 9 29 9 30 10 30 10 29 11 27 10 26 10 26 11 25 12 26 11 25 12 24 13 24 13 24 12 22 13 23 13 22 14 22 14 21 17 16 19 16 -1 -1 -1 -1 -1 -1 ]
CSI_DATA,STA,08:3A:F2:51:5D:9D,-47,11,1,2,0,1,1,0,0,0,0,-93,0,6,1,5462831,0,110,0,0,5.682911,256,[110 96 6 0 0 0 0 0 0 0 0 0 -26 4 -25 3 -28 3 -26 3 -28 2 -25 0 -26 0 -25 0 -26 -1 -27 -2 -26 -2 -27 -3 -25 -3 -26 -3 -23 -3 -26 -2 -22 -3 -24 -3 -22 -3 -23 -3 -21 -3 -22 -2 -21 -4 -21 -2 -22 -2 -20 -2 0 0 -19 -1 -21 0 -18 0 -20 0 -17 0 -19 1 -18 1 -17 1 -18 2 -18 2 -18 2 -16 2 -16 3 -16 2 -16 3 -15 3 -17 4 -15 4 -15 4 -15 5 -15 5 -15 5 -15 5 -14 5 -14 5 -13 5 0 0 0 0 0 0 0 0 0 0 -1 -1 0 0 0 0 -1 -1 -37 33 -36 25 -43 17 -42 16 -43 19 -41 16 -46 18 -43 14 -47 15 -42 10 -46 13 -47 9 -49 9 -46 7 -45 7 -45 8 -43 6 -45 10 -41 6 -43 6 -39 6 -40 6 -38 4 -41 6 -39 4 -37 5 -37 5 -35 5 -1 -1 -34 8 -36 9 -31 8 -34 10 -29 8 -30 11 -29 11 -29 11 -29 12 -32 12 -30 12 -29 12 -27 13 -26 12 -26 13 -24 13 -26 15 -23 13 -23 15 -24 15 -23 15 -21 15 -23 15 -22 15 -23 16 -20 15 -14 20 -14 20 -1 -1 -1 -1 -1 -1 ]
CSI_DATA,STA,08:3A:F2:51:5D:9D,-47,11,1,2,0,1,1,0,0,0,0,-93,0,6,1,5463209,0,110,0,0,5.690231,256,[110 96 6 0 0 0 0 0 0 0 0 0 -20 -17 -18 -18 -21 -19 -20 -18 -19 -20 -17 -19 -17 -20 -16 -19 -17 -20 -16 -21 -16 -22 -16 -22 -15 -21 -15 -21 -13 -20 -16 -21 -13 -20 -13 -20 -12 -19 -13 -18 -12 -18 -12 -18 -12 -18 -12 -17 -13 -18 -12 -17 0 0 -12 -16 -13 -15 -12 -14 -13 -15 -12 -13 -13 -13 -13 -13 -13 -12 -14 -12 -13 -12 -13 -12 -13 -11 -13 -11 -13 -11 -13 -10 -13 -10 -14 -10 -13 -9 -13 -8 -13 -8 -13 -8 -14 -8 -14 -8 -13 -7 -13 -7 -13 -7 0 0 0 0 0 0 0 0 0 0 -1 -1 0 0 0 0 -1 -1 -47 -18 -44 -20 -40 -25 -40 -25 -41 -26 -40 -26 -41 -29 -37 -29 -40 -30 -35 -30 -37 -31 -36 -33 -37 -34 -33 -33 -33 -33 -33 -33 -31 -34 -35 -32 -30 -31 -30 -32 -28 -29 -29 -30 -26 -29 -30 -30 -27 -30 -26 -28 -27 -28 -25 -26 -1 -1 -26 -24 -29 -25 -26 -21 -29 -23 -25 -20 -28 -20 -27 -18 -26 -18 -28 -17 -30 -19 -29 -17 -28 -16 -28 -15 -26 -15 -27 -13 -26 -13 -28 -13 -27 -12 -27 -11 -27 -10 -27 -11 -26 -10 -27 -10 -26 -9 -26 -9 -25 -8 -26 -2 -25 -2 -1 -1 -1 -1 -1 -1 ]
CSI_DATA,STA,08:3A:F2:51:5D:9D,-46,11,1,2,0,1,1,0,0,0,0,-93,0,6,1,5466096,0,110,0,0,5.698526,256,[110 96 6 0 0 0 0 0 0 0 0 0 -2 -14 -2 -14 -1 -15 -1 -15 -1 -15 -1 -14 -1 -14 0 -14 0 -14 0 -15 0 -15 0 -15 0 -15 0 -14 0 -13 1 -14 1 -13 1 -13 1 -12 1 -12 1 -12 0 -12 0 -11 0 -11 0 -12 0 -11 0 0 -1 -11 -1 -11 -1 -11 -1 -11 -2 -10 -2 -10 -2 -10 -2 -9 -3 -10 -3 -10 -3 -10 -3 -9 -3 -9 -3 -10 -3 -9 -3 -8 -4 -9 -4 -7 -4 -8 -4 -8 -4 -8 -4 -8 -4 -8 -4 -8 -4 -7 -4 -7 0 0 0 0 0 0 0 0 0 0 -1 -1 -1 -1 -1 -1 -1 -1 -7 -13 -6 -12 -4 -13 -3 -12 -4 -13 -4 -12 -4 -14 -3 -13 -3 -13 -2 -13 -3 -13 -2 -13 -2 -14 -1 -13 -1 -13 -2 -13 -2 -13 -2 -13 -2 -12 -2 -12 -1 -11 -1 -11 -2 -11 -2 -12 -2 -11 -1 -11 -1 -11 -1 -10 -1 -1 -2 -10 -3 -11 -2 -9 -3 -10 -3 -8 -4 -9 -4 -8 -4 -8 -4 -9 -4 -9 -4 -9 -4 -8 -5 -8 -4 -7 -4 -8 -4 -7 -5 -8 -4 -7 -5 -6 -5 -7 -5 -7 -5 -6 -5 -7 -5 -7 -6 -6 -5 -5 -6 -4 -6 -4 -1 -1 -1 -1 -1 -1 ]
CSI_DATA,STA,08:3A:F2:51:5D:9D,-51,11,1,1,1,1,1,0,0,0,0,-93,0,6,1,5492085,0,110,0,0,5.705826,384,[110 96 6 0 0 0 0 0 0 0 0 0 2 24 2 23 2 25 0 26 0 25 -1 22 -1 24 -2 22 -2 23 -3 24 -4 25 -4 25 -5 24 -6 24 -6 21 -4 25 -5 21 -6 21 -5 20 -5 20 -6 20 -5 20 -6 18 -5 19 -6 21 -4 19 0 0 -4 19 -3 19 -2 19 -2 18 -4 17 -2 18 -2 18 -1 16 -1 17 0 16 1 16 -1 15 1 16 1 15 1 15 3 15 2 16 3 13 3 14 4 12 2 14 3 13 3 14 4 13 2 13 3 12 0 0 0 0 0 0 0 0 0 0 -1 -1 -1 -1 11 -21 9 -20 7 -21 6 -20 11 -15 10 -15 9 -15 10 -16 8 -15 8 -14 7 -15 6 -14 7 -16 6 -15 7 -15 5 -15 5 -16 4 -15 4 -14 3 -14 2 -15 3 -15 1 -14 2 -14 3 -13 1 -14 3 -14 0 -15 2 -15 1 -14 -4 -14 1 -14 0 -13 0 -13 0 -13 0 -12 0 -12 0 -12 0 -11 0 -11 0 -10 0 -10 1 -10 -1 -9 -1 -8 0 -8 -1 -7 -2 -8 0 -6 -1 -6 -1 -6 -1 -5 -2 -4 -2 -4 -2 -4 -1 -3 -2 -3 0 0 0 0 -1 -1 -1 -1 -1 -1 -1 -1 -1 -1 0 0 0 0 -1 -1 -1 -1 17 37 17 37 16 39 16 41 15 41 11 38 13 41 10 38 12 42 7 42 6 43 8 42 9 44 7 43 4 39 6 39 7 38 5 39 5 35 4 37 3 35 5 37 2 35 5 36 2 37 6 34 15 32 5 34 6 31 8 31 7 30 6 30 8 29 7 30 9 28 10 28 9 26 10 27 9 27 12 26 11 26 13 23 13 23 14 24 12 20 14 19 14 20 13 19 15 19 14 21 14 20 13 19 14 19 19 14 23 13 22 13 22 9 -1 -1 ]
CSI_DATA,STA,08:3A:F2:51:5D:9D,-52,11,1,1,1,1,1,0,0,0,0,-93,0,6,1,5516950,0,110,0,0,5.715828,384,[110 96 6 0 0 0 0 0 0 0 0 0 -1 24 -1 24 -1 26 -4 27 -4 26 -5 23 -5 25 -6 23 -6 24 -6 24 -7 26 -7 26 -7 25 -8 24 -9 22 -7 25 -7 22 -8 22 -7 21 -8 20 -8 20 -8 21 -9 19 -7 20 -8 22 -6 19 0 0 -6 19 -4 20 -4 20 -3 19 -5 18 -4 19 -4 19 -3 17 -2 18 -1 16 0 17 -1 16 0 16 1 16 0 16 2 16 1 17 3 14 2 14 3 13 2 15 2 14 3 15 4 13 2 14 3 12 0 0 0 0 0 0 0 0 0 0 -1 -1 -1 -1 14 -19 12 -19 11 -21 10 -18 13 -14 12 -14 10 -14 12 -15 10 -14 9 -13 9 -14 8 -13 8 -15 7 -14 8 -15 6 -15 5 -15 5 -15 5 -13 5 -14 3 -15 5 -14 2 -13 3 -13 3 -13 2 -13 3 -13 0 -14 3 -14 1 -14 -2 -14 2 -13 1 -12 0 -12 1 -13 1 -11 1 -11 1 -11 1 -11 2 -10 1 -9 2 -10 2 -8 1 -8 1 -8 1 -7 1 -6 1 -6 2 -5 2 -4 1 -4 1 -3 1 -3 0 -2 0 -1 1 -1 0 -1 0 0 -1 -1 -1 -1 -1 -1 -1 -1 -1 -1 -1 -1 -1 -1 0 0 0 0 -1 -1 10 42 10 43 9 44 7 47 5 45 4 43 4 45 3 43 4 47 0 45 -1 47 2 46 3 48 0 47 -3 42 -2 43 0 43 -3 42 -1 38 -3 40 -3 38 -2 40 -3 36 0 39 -3 40 2 37 10 36 0 36 1 34 3 35 3 33 3 33 3 33 3 32 5 31 6 32 8 28 8 30 7 29 10 29 9 28 11 26 11 26 12 28 11 24 11 23 13 22 12 22 13 22 12 23 13 22 12 21 13 22 16 17 22 17 22 17 20 14 -1 -1 ]
CSI_DATA,STA,08:3A:F2:51:5D:9D,-52,11,1,2,1,1,1,0,0,0,0,-93,0,6,1,5614155,0,110,0,0,5.780668,384,[110 96 6 0 0 0 0 0 0 0 0 0 17 -10 17 -9 19 -10 20 -9 19 -8 18 -6 19 -6 18 -6 19 -5 19 -5 21 -5 21 -5 20 -5 20 -4 18 -2 20 -4 18 -3 17 -2 17 -3 17 -2 17 -2 17 -2 15 -1 16 -3 17 -2 15 -4 0 0 15 -3 15 -5 15 -4 14 -5 14 -3 14 -5 14 -4 12 -5 13 -5 11 -6 12 -7 12 -5 11 -6 11 -6 11 -6 10 -8 11 -8 9 -8 9 -8 8 -8 9 -7 9 -7 9 -8 8 -9 9 -7 7 -8 0 0 0 0 0 0 0 0 0 0 -1 -1 -1 -1 -20 -2 -19 -1 -20 1 -17 1 -17 -4 -15 -3 -16 -3 -17 -4 -15 -2 -14 -3 -16 -1 -14 -1 -15 -1 -15 -1 -16 -1 -14 1 -17 1 -15 0 -14 0 -13 2 -13 3 -13 1 -12 3 -13 1 -13 1 -12 2 -11 1 -12 3 -13 2 -12 4 -10 7 -11 3 -12 3 -10 3 -9 3 -10 3 -9 3 -9 3 -9 3 -8 3 -7 3 -7 4 -7 3 -6 4 -5 3 -5 4 -4 4 -4 4 -4 4 -3 4 -3 4 -2 4 -2 4 -2 4 -2 5 -1 5 -1 5 -1 -1 0 0 0 0 -1 -1 -1 -1 -1 -1 0 0 0 0 -1 -1 -1 -1 -1 -1 25 -28 24 -26 25 -26 28 -25 27 -23 26 -22 29 -23 27 -20 29 -23 30 -19 32 -20 30 -20 33 -21 32 -19 29 -15 29 -18 27 -19 30 -15 26 -16 27 -14 27 -13 26 -15 25 -12 26 -15 28 -13 25 -16 19 -21 24 -14 22 -16 22 -15 19 -14 21 -14 20 -15 20 -15 18 -16 18 -17 15 -15 16 -18 16 -15 15 -18 15 -17 13 -18 13 -17 13 -20 10 -17 10 -17 10 -17 9 -18 9 -18 10 -17 10 -19 9 -18 9 -18 3 -20 1 -23 1 -23 0 -21 -1 -1 ]
CSI_DATA,STA,08:3A:F2:51:5D:9D,-51,11,1,2,1,1,1,0,0,0,0,-93,0,6,1,5631226,0,110,0,0,5.797604,384,[110 96 6 0 0 0 0 0 0 0 0 0 -24 3 -23 3 -25 3 -27 1 -25 1 -23 0 -24 0 -23 -1 -24 -2 -24 -2 -25 -3 -25 -3 -24 -3 -24 -4 -22 -5 -25 -4 -22 -4 -21 -5 -21 -4 -20 -4 -20 -5 -21 -5 -19 -5 -20 -4 -22 -5 -19 -3 0 0 -19 -3 -19 -2 -19 -2 -18 0 -18 -3 -18 -1 -19 -1 -17 0 -17 0 -16 2 -16 2 -16 0 -16 1 -16 2 -16 2 -15 3 -17 3 -14 4 -14 4 -13 5 -14 4 -14 4 -15 4 -13 6 -14 4 -12 5 0 0 0 0 0 0 0 0 0 0 -1 -1 -1 -1 20 13 21 13 21 10 20 7 17 12 15 11 16 10 16 12 16 10 14 9 17 9 15 7 17 7 16 8 16 9 16 7 18 8 17 7 15 7 17 4 17 2 17 6 15 3 15 4 16 5 15 3 15 5 16 2 16 5 16 2 15 -1 15 2 16 2 14 1 14 0 13 2 14 1 13 1 12 1 12 1 11 1 11 1 11 1 11 1 10 0 9 -1 8 -1 9 -1 7 -1 7 -1 7 -1 6 -2 6 -2 6 -2 6 -2 5 -3 5 -3 0 0 0 0 -1 -1 -1 -1 -1 -1 -1 -1 -1 -1 0 0 0 0 -1 -1 -1 -1 -41 17 -39 15 -41 16 -43 13 -43 13 -39 10 -43 11 -39 9 -44 11 -44 6 -46 4 -44 5 -48 5 -46 4 -40 1 -41 5 -39 5 -42 2 -37 4 -37 1 -37 1 -36 4 -36 0 -37 2 -39 -1 -36 4 -34 9 -35 3 -35 5 -32 5 -29 7 -31 4 -31 6 -30 6 -30 7 -30 9 -27 8 -28 10 -27 8 -27 10 -25 11 -25 13 -24 11 -26 15 -21 12 -20 13 -21 13 -20 14 -21 15 -22 13 -22 15 -21 14 -20 13 -16 19 -17 22 -16 21 -12 24 -1 -1 ]
CSI_DATA,STA,08:3A:F2:51:5D:9D,-51,11,1,2,1,1,1,0,0,0,0,-93,0,6,1,5635675,0,110,0,0,5.808804,384,[110 96 6 0 0 0 0 0 0 0 0 0 -23 7 -23 6 -24 7 -26 5 -25 5 -23 3 -24 3 -23 3 -24 2 -24 1 -26 1 -26 1 -25 1 -25 0 -23 -1 -25 1 -22 -1 -22 -1 -21 0 -21 -1 -21 -1 -22 -1 -19 -2 -20 -1 -22 -1 -20 1 0 0 -20 1 -19 2 -19 2 -18 3 -18 0 -18 2 -19 2 -17 3 -18 4 -15 5 -16 6 -15 4 -16 4 -15 5 -15 5 -14 7 -16 7 -13 7 -13 7 -12 7 -14 7 -13 7 -13 7 -12 8 -13 7 -11 8 0 0 0 0 0 0 0 0 0 0 -1 -1 -1 -1 23 -7 24 -9 21 -11 20 -12 19 0 17 0 17 -1 17 1 17 -1 15 -1 16 -2 15 -2 16 -4 16 -3 17 -2 15 -3 18 -4 16 -3 14 -2 15 -6 13 -7 14 -5 13 -6 13 -5 13 -4 12 -6 13 -5 12 -7 14 -5 13 -7 10 -14 12 -7 12 -6 11 -6 10 -7 11 -6 11 -6 10 -6 9 -6 9 -6 9 -6 10 -5 9 -5 8 -5 8 -5 7 -6 7 -5 7 -5 5 -4 5 -5 5 -4 4 -5 4 -4 4 -4 3 -4 3 -5 3 -5 0 0 0 0 -1 -1 -1 -1 -1 -1 -1 -1 -1 -1 0 0 0 0 -1 -1 -1 -1 -25 29 -23 26 -25 28 -27 27 -27 26 -25 23 -28 25 -26 22 -27 26 -30 22 -34 22 -31 21 -35 23 -33 21 -30 17 -28 20 -26 20 -30 19 -26 17 -27 15 -27 16 -25 18 -26 14 -27 16 -31 16 -25 18 -16 31 -25 17 -24 18 -21 17 -19 16 -21 17 -20 17 -19 16 -18 18 -17 20 -17 17 -17 20 -17 17 -15 19 -14 19 -12 20 -13 19 -12 22 -11 18 -9 18 -10 18 -8 19 -8 19 -9 20 -10 21 -9 19 -8 19 4 25 5 27 6 26 10 25 -1 -1 ]
CSI_DATA,STA,08:3A:F2:51:5D:9D,-47,11,1,2,0,1,1,0,0,0,0,-93,0,6,1,5642758,0,110,0,0,5.819490,256,[110 96 6 0 0 0 0 0 0 0 0 0 -7 23 -9 22 -9 24 -9 23 -11 23 -11 21 -11 21 -12 21 -12 21 -13 21 -13 21 -13 21 -13 20 -13 20 -13 18 -13 20 -13 17 -13 17 -13 17 -13 17 -12 16 -12 17 -12 15 -11 16 -11 17 -10 16 0 0 -10 15 -10 16 -9 15 -9 16 -8 14 -8 15 -7 15 -7 15 -7 15 -6 15 -6 15 -5 14 -5 15 -5 15 -5 15 -5 15 -4 15 -4 14 -4 14 -3 14 -3 14 -3 14 -2 14 -2 14 -2 14 -2 13 0 0 0 0 0 0 0 0 0 0 -1 -1 -1 -1 0 0 0 0 12 47 9 44 -3 43 -3 42 -6 44 -5 45 -8 45 -9 43 -8 44 -9 42 -12 42 -11 42 -13 44 -12 40 -13 41 -14 41 -14 39 -14 40 -15 38 -15 35 -13 35 -13 35 -14 34 -15 35 -13 33 -12 32 -12 33 -11 31 -1 -1 -9 31 -9 33 -8 30 -8 32 -7 28 -6 30 -4 28 -5 29 -5 29 -2 31 -2 30 -2 29 -1 28 -2 27 -2 27 -1 27 0 28 1 26 1 27 2 26 2 27 1 25 3 25 3 25 4 26 4 24 10 23 12 22 -1 -1 -1 -1 -1 -1 ]
CSI_DATA,STA,08:3A:F2:51:5D:9D,-47,11,1,2,0,1,1,0,0,0,0,-93,0,6,1,5643200,0,110,0,0,5.826698,256,[110 96 6 0 0 0 0 0 0 0 0 0 -28 4 -28 2 -29 1 -30 1 -28 -1 -27 -2 -27 -1 -28 -2 -28 -3 -27 -3 -28 -2 -29 -3 -27 -3 -26 -3 -26 -5 -26 -4 -25 -5 -25 -6 -24 -5 -24 -6 -22 -5 -22 -5 -21 -5 -22 -3 -22 -3 -22 -2 0 0 -21 -4 -22 -3 -21 -2 -21 -2 -20 -1 -20 -2 -19 -1 -19 0 -19 0 -19 0 -18 2 -17 2 -18 2 -18 1 -18 2 -18 2 -18 3 -17 3 -17 3 -17 3 -17 3 -16 3 -16 4 -16 5 -15 5 -15 5 0 0 0 0 0 0 0 0 0 0 -1 -1 -1 -1 0 0 0 0 -44 27 -43 22 -48 13 -48 13 -50 10 -50 10 -51 8 -50 6 -52 7 -49 4 -51 3 -49 4 -52 4 -49 3 -49 4 -48 2 -49 -1 -50 0 -47 -1 -45 -4 -43 -2 -43 -2 -42 0 -44 -3 -41 -1 -40 -1 -40 -1 -37 1 -1 -1 -37 2 -39 4 -36 4 -38 3 -33 4 -35 5 -32 6 -33 5 -33 6 -34 9 -33 9 -31 9 -32 9 -31 9 -30 9 -30 10 -31 11 -29 11 -29 11 -29 12 -28 12 -27 11 -26 14 -25 13 -27 15 -25 14 -22 19 -21 21 -1 -1 -1 -1 -1 -1 ]
CSI_DATA,STA,08:3A:F2:51:5D:9D,-51,11,1,2,1,1,1,0,0,0,0,-93,0,6,1,5650437,0,110,0,0,5.834021,384,[110 96 6 0 0 0 0 0 0 0 0 0 -15 -18 -15 -18 -16 -19 -15 -22 -14 -20 -12 -19 -12 -21 -11 -20 -11 -21 -11 -20 -11 -22 -12 -23 -11 -22 -10 -22 -8 -21 -11 -22 -9 -20 -8 -19 -9 -19 -8 -19 -7 -19 -8 -20 -6 -18 -8 -19 -9 -20 -9 -17 0 0 -9 -17 -10 -16 -10 -17 -10 -15 -9 -16 -10 -15 -10 -16 -10 -14 -10 -14 -10 -12 -12 -12 -10 -12 -11 -12 -12 -11 -11 -11 -12 -10 -13 -11 -12 -9 -12 -9 -12 -7 -12 -9 -12 -9 -12 -9 -13 -7 -12 -8 -12 -7 0 0 0 0 0 0 0 0 0 0 -1 -1 -1 -1 3 24 5 23 9 23 7 20 0 20 0 19 2 19 0 21 2 18 1 17 3 18 3 16 4 18 4 17 3 19 5 16 5 19 5 17 4 16 6 16 8 15 5 16 7 14 5 14 5 15 6 14 5 14 8 13 6 15 8 14 11 11 7 14 7 13 8 12 6 11 7 13 6 12 7 12 6 11 6 11 4 10 5 10 5 10 5 9 5 9 4 8 4 8 5 8 3 7 3 6 2 6 2 5 3 5 2 4 2 4 2 3 1 3 0 0 0 0 -1 -1 -1 -1 -1 -1 -1 -1 -1 -1 0 0 0 0 0 0 -1 -1 -37 -21 -35 -21 -36 -22 -36 -25 -33 -24 -31 -24 -33 -26 -30 -25 -33 -27 -30 -28 -31 -31 -30 -29 -33 -32 -31 -31 -26 -30 -28 -28 -29 -27 -26 -30 -26 -26 -24 -27 -23 -27 -25 -25 -21 -25 -24 -25 -24 -29 -25 -24 -30 -16 -24 -24 -25 -22 -25 -20 -22 -18 -24 -20 -24 -20 -24 -19 -25 -18 -25 -16 -22 -14 -26 -14 -23 -14 -26 -13 -25 -12 -25 -11 -25 -11 -28 -10 -24 -8 -23 -8 -23 -8 -24 -6 -24 -6 -24 -7 -25 -6 -24 -6 -24 -6 -24 1 -28 5 -28 4 -26 7 -1 -1 ]
CSI_DATA,STA,08:3A:F2:51:5D:9D,-51,11,1,2,1,1,1,0,0,0,0,-93,0,6,1,5651372,0,110,0,0,5.844898,384,[110 96 6 0 0 0 0 0 0 0 0 0 22 4 21 4 23 5 23 7 22 7 20 7 21 8 19 8 20 8 20 9 21 10 21 10 20 10 20 11 18 11 21 10 18 10 17 10 17 9 17 10 16 10 17 10 14 10 16 9 17 10 16 8 0 0 16 8 17 6 17 7 16 5 15 7 16 5 16 6 14 4 16 4 14 2 15 2 14 3 15 3 14 1 14 2 15 0 16 1 13 -1 14 -1 13 -2 14 0 14 -1 14 -1 14 -2 13 -1 12 -2 0 0 0 0 0 0 0 0 0 0 -1 -1 -1 -1 -18 -17 -19 -17 -21 -15 -18 -12 -15 -17 -13 -15 -14 -15 -14 -16 -14 -14 -13 -14 -14 -13 -13 -12 -15 -12 -15 -13 -15 -13 -15 -11 -17 -13 -16 -12 -13 -12 -16 -9 -16 -7 -15 -10 -15 -8 -14 -9 -15 -10 -14 -7 -14 -9 -16 -7 -15 -9 -16 -7 -16 -3 -15 -7 -15 -7 -15 -6 -14 -5 -13 -7 -14 -7 -13 -6 -13 -6 -12 -6 -11 -5 -12 -5 -11 -5 -11 -6 -10 -5 -10 -4 -9 -4 -9 -4 -7 -4 -7 -3 -7 -4 -7 -3 -6 -3 -5 -3 -5 -3 -5 -2 -4 -2 0 0 0 0 -1 -1 -1 -1 -1 -1 -1 -1 -1 -1 0 0 0 0 0 0 -1 -1 42 -4 39 -4 40 -4 42 0 40 0 37 1 41 2 38 3 42 1 40 6 42 7 40 6 44 7 42 7 36 9 39 5 38 4 37 9 34 5 33 8 34 8 33 6 31 8 33 6 35 9 34 4 33 -4 32 5 32 3 30 2 27 0 29 2 30 1 29 1 28 -1 29 -2 25 -2 28 -4 26 -3 27 -5 25 -5 25 -7 25 -6 27 -9 22 -8 22 -9 22 -8 22 -10 22 -10 22 -9 23 -11 21 -10 21 -9 18 -15 19 -20 19 -20 16 -21 -1 -1 ]
CSI_DATA,STA,08:3A:F2:51:5D:9D,-51,11,1,2,1,1,1,0,0,0,0,-93,0,6,1,5651855,0,110,0,0,5.855142,384,[110 96 6 0 0 0 0 0 0 0 0 0 -20 11 -19 11 -21 12 -23 11 -22 10 -20 8 -21 9 -21 8 -21 8 -22 7 -24 7 -24 8 -23 7 -23 6 -21 4 -23 7 -20 5 -20 5 -20 6 -19 5 -19 5 -20 6 -18 3 -19 5 -20 6 -18 6 0 0 -18 6 -17 8 -17 8 -16 8 -16 6 -16 8 -16 8 -14 8 -14 9 -12 9 -13 10 -13 8 -12 9 -11 10 -12 10 -11 11 -12 12 -9 11 -9 11 -8 10 -10 10 -9 10 -9 11 -8 12 -9 10 -8 10 0 0 0 0 0 0 0 0 0 0 -1 -1 -1 -1 19 -12 19 -14 18 -16 15 -15 18 -6 16 -6 16 -6 17 -6 15 -7 14 -6 16 -7 14 -7 15 -8 15 -8 16 -7 14 -9 15 -10 14 -9 14 -8 12 -10 11 -12 13 -9 10 -11 11 -9 12 -9 10 -10 11 -8 10 -11 12 -10 11 -12 6 -16 10 -11 10 -11 8 -10 8 -10 9 -10 8 -10 8 -9 8 -9 8 -9 8 -8 8 -8 7 -8 7 -8 6 -8 6 -7 6 -7 5 -7 5 -6 4 -6 5 -5 3 -5 3 -5 3 -4 2 -4 2 -4 2 -3 0 0 -1 -1 -1 -1 -1 -1 -1 -1 -1 -1 -1 -1 -1 -1 0 0 0 0 -1 -1 -18 32 -17 31 -18 31 -20 31 -20 29 -20 28 -22 30 -21 27 -22 31 -24 27 -27 28 -24 27 -27 30 -26 28 -25 23 -22 26 -20 26 -25 24 -21 24 -22 22 -23 21 -20 23 -21 20 -21 22 -24 23 -20 24 -7 33 -19 22 -18 23 -15 23 -14 20 -15 22 -15 22 -15 21 -13 22 -12 24 -11 20 -10 23 -10 21 -8 23 -8 22 -6 22 -7 22 -5 24 -5 21 -3 20 -4 21 -2 20 -2 21 -3 21 -2 23 -2 21 -2 20 9 21 14 23 13 22 16 20 -1 -1 ]
CSI_DATA,STA,08:3A:F2:51:5D:9D,-51,11,1,2,1,1,1,0,0,0,0,-93,0,6,1,5652257,0,110,0,0,5.865613,384,[110 96 6 0 0 0 0 0 0 0 0 0 -20 11 -19 11 -21 13 -23 11 -22 11 -20 8 -22 9 -20 8 -21 8 -22 7 -24 7 -24 7 -23 6 -23 6 -21 4 -23 7 -20 5 -21 5 -19 5 -20 4 -20 3 -20 5 -19 2 -19 4 -21 4 -18 5 0 0 -18 5 -18 7 -17 7 -17 7 -16 5 -16 6 -17 6 -15 6 -15 8 -13 8 -14 9 -14 7 -13 8 -12 8 -13 9 -12 9 -13 10 -10 10 -10 10 -9 10 -11 9 -10 9 -11 10 -9 10 -11 9 -9 9 0 0 0 0 0 0 0 0 0 0 -1 -1 -1 -1 23 -6 23 -7 22 -10 19 -10 20 -1 18 -2 17 -2 18 -1 17 -2 16 -2 17 -4 16 -3 17 -5 17 -4 17 -3 16 -5 18 -6 16 -5 15 -3 15 -7 13 -9 15 -6 13 -7 13 -6 14 -5 13 -7 13 -5 13 -8 14 -6 13 -8 10 -13 13 -8 12 -7 11 -7 11 -7 11 -6 11 -6 11 -6 10 -5 10 -6 9 -6 10 -6 9 -4 9 -5 8 -5 7 -6 7 -4 8 -4 6 -4 6 -4 6 -3 5 -4 4 -3 4 -2 3 -3 4 -3 3 -2 0 0 0 0 -1 -1 -1 -1 -1 -1 -1 -1 -1 -1 0 0 0 0 0 0 -1 -1 -22 33 -21 31 -21 32 -24 31 -25 30 -23 27 -26 30 -25 26 -26 31 -29 26 -31 27 -29 26 -32 29 -31 27 -29 21 -27 26 -24 25 -29 24 -24 22 -26 20 -27 19 -24 22 -25 18 -26 20 -29 20 -24 22 -14 30 -23 20 -22 22 -19 21 -17 20 -19 20 -19 21 -19 20 -17 20 -16 23 -15 20 -14 22 -14 20 -13 23 -12 21 -10 23 -11 21 -10 25 -8 21 -7 20 -9 21 -7 21 -7 21 -7 21 -7 22 -7 21 -7 20 4 24 7 26 6 25 9 24 -1 -1 ]
CSI_DATA,STA,08:3A:F2:51:5D:9D,-52,11,1,2,1,1,1,0,0,0,0,-93,0,6,1,5652718,0,110,0,0,5.876018,384,[110 96 6 0 0 0 0 0 0 0 0 0 -18 -15 -17 -15 -19 -16 -18 -18 -18 -18 -15 -16 -15 -18 -14 -17 -14 -18 -14 -19 -14 -20 -15 -20 -14 -20 -13 -20 -11 -19 -14 -20 -11 -18 -11 -19 -11 -17 -10 -18 -10 -18 -11 -18 -8 -17 -11 -17 -11 -19 -11 -16 0 0 -11 -16 -12 -15 -12 -15 -13 -14 -10 -14 -12 -14 -11 -15 -11 -12 -12 -12 -12 -10 -13 -10 -11 -11 -12 -11 -12 -10 -12 -10 -13 -8 -14 -10 -13 -7 -12 -7 -12 -6 -13 -8 -13 -8 -14 -8 -14 -6 -13 -7 -12 -6 0 0 0 0 0 0 0 0 0 0 -1 -1 -1 -1 8 22 10 22 12 20 12 17 4 19 4 17 5 18 4 19 5 17 4 16 6 17 6 15 7 16 6 16 6 17 7 15 8 17 8 16 6 15 8 14 10 12 8 14 9 12 8 13 7 14 8 12 7 13 10 12 8 14 10 12 12 9 9 11 9 12 9 10 8 9 8 11 8 10 7 10 7 9 7 10 6 9 6 9 6 9 6 9 5 8 5 7 4 7 5 7 3 6 3 5 3 5 3 4 3 4 2 4 3 4 1 3 1 2 0 0 0 0 -1 -1 -1 -1 -1 -1 -1 -1 -1 -1 0 0 0 0 0 0 -1 -1 -39 -15 -37 -14 -38 -15 -38 -18 -37 -18 -34 -18 -36 -20 -33 -19 -38 -20 -34 -23 -35 -25 -34 -24 -37 -26 -35 -25 -29 -25 -32 -22 -32 -20 -31 -25 -29 -21 -27 -22 -27 -23 -28 -20 -25 -22 -27 -21 -28 -25 -28 -19 -33 -11 -27 -19 -28 -17 -27 -15 -25 -14 -26 -16 -26 -15 -26 -15 -26 -13 -27 -12 -23 -11 -27 -10 -25 -10 -27 -9 -26 -8 -26 -6 -25 -7 -28 -5 -24 -4 -23 -3 -23 -4 -23 -2 -24 -2 -24 -3 -26 -2 -24 -2 -23 -3 -23 6 -26 10 -26 9 -23 13 -1 -1 ]
CSI_DATA,STA,08:3A:F2:51:5D:9D,-52,11,1,2,1,1,1,0,0,0,0,-93,0,6,1,5653684,0,110,0,0,5.886944,384,[110 96 6 0 0 0 0 0 0 0 0 0 22 11 21 11 23 12 23 14 22 14 19 13 20 14 18 14 19 15 19 16 19 17 20 17 19 17 18 17 15 17 19 17 16 16 15 16 15 15 15 15 14 16 15 16 12 15 15 15 16 16 15 13 0 0 15 13 16 12 15 12 15 11 13 12 15 11 15 11 14 10 15 10 14 7 15 7 14 8 15 7 15 6 15 6 15 5 16 6 14 3 15 4 14 3 15 4 15 4 15 4 15 2 14 4 13 2 0 0 0 0 0 0 0 0 0 0 -1 -1 -1 -1 -19 -21 -19 -20 -21 -18 -20 -13 -12 -20 -11 -19 -12 -18 -11 -19 -11 -17 -10 -16 -12 -16 -11 -15 -14 -15 -13 -16 -12 -17 -12 -15 -14 -17 -14 -16 -12 -15 -14 -12 -15 -10 -14 -13 -14 -11 -13 -12 -12 -13 -14 -10 -12 -12 -15 -11 -14 -13 -15 -11 -18 -5 -14 -10 -14 -10 -14 -9 -13 -9 -12 -9 -13 -9 -12 -9 -12 -9 -12 -8 -11 -8 -11 -8 -10 -8 -10 -8 -9 -8 -9 -6 -8 -6 -9 -7 -7 -5 -6 -5 -6 -5 -6 -4 -5 -5 -5 -4 -5 -4 -4 -3 -4 -3 0 0 0 0 -1 -1 -1 -1 -1 -1 -1 -1 -1 -1 0 0 0 0 0 0 -1 -1 44 4 41 4 42 4 43 7 42 8 39 8 43 9 38 10 44 8 40 15 42 17 40 15 45 17 43 17 36 17 39 12 37 10 38 16 35 12 33 15 33 14 34 11 30 15 33 14 34 18 34 12 37 1 32 12 33 9 31 8 28 6 30 8 31 6 29 6 29 5 29 3 26 3 29 2 28 3 29 1 28 0 27 -3 26 -1 29 -4 24 -3 24 -5 24 -4 24 -6 24 -6 25 -4 26 -6 24 -5 24 -5 22 -16 22 -19 23 -18 18 -23 -1 -1 ]
CSI_DATA,STA,08:3A:F2:51:5D:9D,-52,11,1,2,1,1,1,0,0,0,0,-93,0,6,1,5654494,0,110,0,0,5.897374,384,[110 96 6 0 0 0 0 0 0 0 0 0 -9 23 -9 22 -9 25 -12 25 -11 24 -11 20 -12 22 -12 21 -12 21 -13 21 -15 22 -15 23 -14 22 -15 21 -15 18 -15 23 -13 18 -14 19 -12 17 -13 17 -14 17 -13 18 -14 15 -13 17 -14 18 -10 17 0 0 -11 17 -9 18 -9 18 -8 18 -10 15 -8 17 -9 17 -7 15 -6 17 -4 16 -4 17 -6 16 -5 16 -3 15 -4 16 -2 16 -3 18 -1 15 -1 15 0 14 -1 15 -1 15 -1 16 1 15 -1 15 1 13 0 0 0 0 0 0 0 0 0 0 -1 -1 -1 -1 8 -26 8 -27 5 -26 2 -25 12 -18 10 -16 10 -17 11 -16 9 -16 9 -15 8 -17 8 -15 7 -17 8 -17 9 -17 6 -17 7 -19 7 -17 8 -15 4 -17 1 -16 4 -18 2 -16 3 -16 5 -15 2 -15 4 -16 2 -16 5 -17 2 -17 -6 -18 2 -16 1 -16 1 -14 0 -14 2 -14 1 -14 1 -14 1 -13 1 -13 1 -13 1 -12 2 -12 2 -11 2 -10 0 -10 1 -10 0 -10 0 -8 0 -8 1 -7 0 -7 1 -6 1 -6 1 -5 0 -5 0 -4 0 0 -1 -1 -1 -1 -1 -1 -1 -1 -1 -1 -1 -1 -1 -1 0 0 0 0 -1 -1 8 41 6 37 8 38 4 39 4 40 3 36 3 41 1 36 5 41 -2 41 -4 43 -3 40 -3 45 -3 42 -6 36 0 38 2 35 -3 39 -2 33 -3 33 -5 33 0 33 -5 32 -3 33 -7 36 0 33 16 34 -1 32 2 31 2 29 4 27 2 28 3 28 2 28 4 27 7 27 5 24 8 27 5 25 8 25 8 24 11 22 9 22 13 24 10 20 11 18 11 20 12 18 13 18 12 20 13 20 12 20 12 18 24 12 27 10 26 10 28 5 -1 -1 ]
CSI_DATA,STA,08:3A:F2:51:5D:9D,-51,11,1,2,1,1,1,0,0,0,0,-93,0,6,1,5893644,0,110,0,0,6.60651,384,[110 96 6 0 0 0 0 0 0 0 0 0 13 15 13 15 14 16 14 19 13 18 11 17 12 18 10 17 10 17 10 18 10 20 11 20 10 20 9 19 7 18 10 20 7 18 7 18 7 17 7 17 7 17 7 17 5 16 7 17 7 18 8 15 0 0 8 15 9 15 9 15 9 13 7 14 9 14 8 14 8 12 9 13 9 10 10 11 8 11 9 11 9 10 9 10 10 9 11 10 10 8 10 8 10 6 10 8 10 8 10 8 11 6 9 8 9 6 0 0 0 0 0 0 0 0 0 0 -1 -1 -1 -1 0 -21 -1 -23 -3 -21 -4 -19 0 -19 0 -17 -1 -18 0 -18 -2 -17 -1 -15 -2 -16 -2 -14 -4 -16 -3 -16 -2 -16 -3 -15 -4 -17 -4 -15 -3 -13 -6 -14 -6 -13 -5 -14 -7 -12 -6 -12 -5 -12 -6 -11 -5 -12 -7 -12 -6 -13 -7 -11 -8 -9 -7 -10 -8 -10 -7 -9 -6 -8 -6 -9 -7 -9 -6 -9 -6 -8 -6 -7 -6 -7 -5 -7 -5 -6 -5 -6 -5 -5 -5 -4 -5 -4 -6 -4 -4 -3 -4 -2 -4 -2 -4 -1 -4 -1 -5 -1 -5 -1 -5 0 -5 0 -1 -1 0 0 0 0 -1 -1 -1 -1 -1 -1 0 0 0 0 -1 -1 -1 -1 -1 -1 33 23 29 21 32 22 30 25 31 25 26 24 29 27 26 25 31 26 26 30 26 32 25 31 27 34 25 32 20 30 25 28 24 26 23 30 21 25 20 27 19 26 22 25 18 27 20 27 19 31 21 25 23 21 20 24 22 23 20 21 20 18 19 20 21 20 20 19 21 18 23 18 20 17 22 16 20 17 22 15 21 13 23 12 20 12 25 12 19 9 21 8 20 9 21 7 21 7 21 9 22 8 20 8 19 8 22 3 24 1 22 1 24 -3 -1 -1 ]
CSI_DATA,STA,08:3A:F2:51:5D:9D,-50,11,1,1,1,1,1,0,0,0,0,-93,0,6,1,5901351,0,110,0,0,6.71749,384,[110 96 6 0 0 0 0 0 0 0 0 0 -13 21 -13 20 -14 22 -17 22 -16 21 -15 18 -17 19 -16 18 -17 18 -17 18 -19 18 -19 19 -19 18 -19 17 -19 15 -19 19 -18 15 -18 15 -17 15 -17 14 -17 14 -17 15 -17 12 -17 14 -18 15 -15 14 0 0 -15 14 -14 15 -14 15 -13 15 -14 13 -13 15 -14 15 -11 14 -11 15 -9 14 -9 15 -10 13 -9 14 -8 14 -9 14 -7 15 -8 16 -5 14 -6 14 -4 14 -6 14 -5 14 -6 14 -4 14 -6 13 -4 13 0 0 0 0 0 0 0 0 0 0 -1 -1 -1 -1 15 -19 14 -20 11 -22 9 -20 15 -10 13 -10 13 -11 13 -10 12 -10 12 -9 11 -11 10 -10 10 -12 11 -11 11 -11 9 -12 9 -13 8 -12 9 -10 8 -12 6 -13 7 -12 5 -12 6 -11 6 -11 5 -12 6 -11 4 -12 6 -12 4 -13 -1 -15 4 -11 3 -11 3 -10 3 -11 3 -10 2 -10 2 -9 1 -9 2 -9 1 -9 2 -9 1 -7 0 -7 0 -7 0 -7 0 -6 -1 -6 -1 -5 -2 -5 -2 -4 -2 -4 -2 -4 -3 -4 -3 -3 -3 -4 -4 -4 0 0 0 0 -1 -1 -1 -1 -1 -1 -1 -1 -1 -1 0 0 0 0 -1 -1 -1 -1 1 37 0 36 0 38 -3 39 -3 39 -4 35 -4 38 -4 35 -4 40 -9 38 -11 39 -8 38 -8 40 -10 39 -12 34 -10 36 -7 35 -8 36 -8 31 -11 33 -10 30 -8 33 -10 31 -9 32 -12 34 -7 31 9 37 -8 31 -7 30 -5 30 -5 28 -5 29 -4 29 -4 28 -1 27 -1 28 -1 26 -1 28 -2 27 1 27 0 26 4 24 3 25 4 27 4 22 5 21 6 22 5 21 6 21 5 22 5 23 5 22 6 23 18 18 22 19 21 18 23 14 -1 -1 ]
CSI_DATA,STA,08:3A:F2:51:5D:9D,-51,11,1,2,1,1,1,0,0,0,0,-93,0,6,1,5908829,0,110,0,0,6.83094,384,[110 96 6 0 0 0 0 0 0 0 0 0 -21 -7 -21 -7 -22 -8 -23 -10 -21 -10 -19 -10 -20 -10 -19 -11 -19 -12 -19 -11 -20 -13 -21 -12 -20 -12 -19 -13 -17 -13 -20 -13 -17 -13 -16 -12 -16 -12 -16 -12 -16 -12 -16 -12 -14 -12 -16 -11 -17 -12 -16 -10 0 0 -16 -11 -16 -9 -17 -9 -16 -8 -15 -9 -15 -8 -16 -9 -15 -7 -15 -7 -14 -5 -15 -5 -14 -5 -15 -5 -15 -4 -14 -5 -15 -3 -16 -4 -14 -2 -14 -3 -13 -1 -14 -3 -14 -2 -14 -2 -14 0 -13 -2 -13 -1 0 0 0 0 0 0 0 0 0 0 -1 -1 -1 -1 7 19 9 18 12 17 9 15 7 16 7 15 8 14 7 15 8 13 7 13 8 13 8 11 9 12 9 11 8 12 9 10 11 11 10 10 8 10 10 8 11 7 9 9 10 7 9 7 9 7 9 6 9 7 10 5 10 6 10 5 10 4 10 5 9 5 9 4 8 3 8 4 8 3 8 3 7 3 7 3 6 2 6 3 6 2 6 1 6 1 5 1 5 0 5 -1 4 0 3 -1 3 -1 3 -2 3 -2 3 -2 4 -3 3 -3 3 -4 0 0 0 0 -1 -1 -1 -1 -1 -1 -1 -1 -1 -1 0 0 0 0 -1 -1 -1 -1 -42 -5 -40 -5 -41 -6 -43 -9 -40 -9 -38 -9 -40 -10 -38 -10 -42 -12 -39 -13 -41 -16 -39 -14 -43 -16 -41 -16 -36 -16 -37 -15 -37 -14 -35 -18 -34 -13 -32 -15 -33 -15 -33 -14 -30 -15 -33 -14 -33 -17 -33 -12 -33 -8 -32 -13 -32 -10 -31 -10 -28 -8 -30 -10 -30 -9 -29 -9 -29 -7 -30 -6 -26 -5 -29 -3 -27 -4 -29 -3 -28 -3 -27 -1 -27 -1 -29 0 -25 1 -24 1 -23 1 -24 3 -24 2 -24 1 -25 3 -24 2 -23 2 -21 6 -24 10 -23 9 -21 11 -1 -1 ]
CSI_DATA,STA,08:3A:F2:51:5D:9D,-51,11,1,1,1,1,1,0,0,0,0,-93,0,6,1,5910098,0,110,0,0,6.93815,384,[110 96 6 0 0 0 0 0 0 0 0 0 2 24 2 23 2 25 0 27 0 26 -1 23 -1 24 -2 23 -2 24 -3 24 -4 26 -3 26 -4 25 -5 25 -6 22 -4 25 -5 22 -6 22 -5 21 -5 21 -5 21 -5 22 -6 19 -4 21 -5 22 -3 20 0 0 -3 20 -2 20 -1 20 -1 19 -3 18 -1 19 -2 19 -1 17 0 18 2 16 2 17 1 16 2 17 2 16 2 16 4 16 3 17 4 14 4 14 4 13 3 14 4 14 4 14 6 13 4 13 5 12 0 0 0 0 0 0 0 0 0 0 -1 -1 -1 -1 10 -22 8 -22 6 -24 6 -21 11 -17 9 -16 8 -17 9 -17 8 -17 8 -15 7 -16 6 -15 6 -16 5 -16 6 -16 4 -16 4 -17 3 -16 4 -15 2 -15 1 -15 2 -15 0 -14 1 -14 2 -14 0 -14 2 -14 -2 -14 0 -14 -1 -14 -4 -14 -1 -13 -2 -13 -2 -12 -2 -13 -1 -11 -2 -11 -2 -11 -2 -10 -2 -10 -3 -9 -2 -9 -3 -9 -3 -8 -3 -7 -2 -7 -3 -6 -4 -6 -3 -5 -3 -4 -4 -4 -4 -4 -5 -3 -5 -3 -5 -2 -5 -2 -5 -2 0 0 0 0 -1 -1 -1 -1 -1 -1 -1 -1 -1 -1 0 0 0 0 -1 -1 -1 -1 19 36 18 36 18 38 17 41 15 40 13 38 13 41 12 39 13 43 10 41 10 43 11 42 12 44 10 43 6 39 7 40 9 39 7 40 7 36 4 38 4 36 7 38 5 36 8 36 4 38 8 34 19 32 7 34 8 33 10 33 9 31 9 31 9 31 9 30 11 29 11 29 11 26 13 27 11 27 15 26 14 26 15 23 15 24 16 25 15 21 15 20 16 20 15 19 16 19 16 20 16 19 15 19 16 20 21 13 26 11 25 11 25 9 -1 -1 ]
CSI_DATA,STA,08:3A:F2:51:5D:9D,-51,11,1,2,1,1,1,0,0,0,0,-93,0,6,1,5910908,0,110,0,0,6.103768,384,[110 96 6 0 0 0 0 0 0 0 0 0 -20 -10 -19 -10 -21 -11 -21 -13 -20 -13 -18 -12 -19 -13 -18 -13 -18 -14 -18 -14 -18 -16 -19 -16 -18 -16 -17 -16 -15 -16 -18 -16 -15 -15 -15 -15 -15 -14 -14 -14 -14 -15 -15 -15 -12 -14 -14 -14 -15 -15 -14 -12 0 0 -14 -13 -15 -11 -15 -12 -15 -10 -13 -12 -14 -11 -15 -12 -14 -9 -15 -9 -14 -7 -15 -7 -13 -8 -14 -8 -14 -6 -14 -7 -14 -5 -15 -6 -13 -4 -13 -4 -13 -3 -14 -5 -13 -5 -14 -4 -14 -3 -13 -4 -12 -3 0 0 0 0 0 0 0 0 0 0 -1 -1 -1 -1 10 19 11 17 14 16 12 14 6 16 6 14 7 14 7 15 7 13 6 12 8 13 7 11 8 12 8 11 8 11 8 10 10 12 9 10 7 10 9 8 10 7 9 9 10 7 8 8 9 8 9 6 8 7 10 6 9 7 10 5 11 2 9 5 9 5 9 4 8 3 8 4 8 4 8 3 7 3 7 3 6 2 6 2 6 2 6 2 5 1 5 0 4 0 5 0 3 -1 3 -1 3 -1 3 -2 3 -2 3 -2 3 -2 3 -4 2 -4 0 0 0 0 -1 -1 -1 -1 -1 -1 -1 -1 -1 -1 0 0 0 0 -1 -1 -1 -1 -41 -5 -39 -6 -40 -6 -41 -9 -39 -10 -37 -10 -39 -12 -37 -12 -41 -12 -37 -15 -40 -17 -38 -15 -42 -17 -40 -17 -34 -18 -35 -15 -36 -13 -34 -18 -33 -14 -31 -16 -32 -17 -32 -14 -29 -16 -31 -14 -33 -18 -32 -13 -34 -4 -31 -13 -31 -11 -30 -10 -27 -9 -29 -10 -29 -10 -28 -10 -29 -8 -30 -7 -25 -6 -28 -4 -26 -5 -28 -4 -27 -3 -26 -1 -26 -2 -28 0 -24 0 -23 1 -23 0 -23 2 -23 1 -23 1 -24 2 -23 2 -23 1 -21 8 -23 12 -23 11 -20 14 -1 -1 ]
CSI_DATA,STA,08:3A:F2:51:5D:9D,-51,11,1,2,1,1,1,0,0,0,0,-93,0,6,1,5911353,0,110,0,0,6.114460,384,[110 96 6 0 0 0 0 0 0 0 0 0 -2 -25 -1 -25 -2 -26 1 -28 1 -27 2 -24 2 -26 3 -24 3 -25 4 -25 5 -26 5 -27 5 -26 6 -25 7 -23 6 -26 6 -23 7 -22 6 -22 6 -21 7 -21 6 -22 7 -19 6 -21 6 -23 4 -21 0 0 5 -21 3 -20 3 -21 2 -20 4 -19 3 -20 3 -20 2 -18 1 -19 0 -17 -1 -18 1 -17 0 -18 -1 -17 0 -17 -2 -17 -2 -18 -3 -16 -3 -16 -3 -15 -2 -16 -2 -15 -3 -16 -5 -15 -2 -15 -3 -14 0 0 0 0 0 0 0 0 0 0 -1 -1 -1 -1 -19 16 -16 16 -14 20 -14 16 -17 13 -15 12 -14 13 -16 13 -13 12 -13 12 -13 13 -11 12 -11 14 -11 13 -12 13 -9 13 -10 15 -9 14 -9 12 -7 13 -6 14 -9 12 -6 13 -6 12 -7 12 -5 12 -6 11 -4 12 -5 13 -5 13 -2 12 -5 12 -4 12 -3 11 -3 10 -3 10 -3 10 -3 9 -2 8 -2 9 -2 8 -2 8 -1 8 -1 7 0 7 -1 6 -1 5 0 5 0 5 1 4 1 4 2 3 3 3 2 3 3 3 2 2 3 2 0 0 0 0 -1 -1 -1 -1 -1 -1 -1 -1 -1 -1 0 0 0 0 -1 -1 -1 -1 -14 -46 -13 -44 -12 -44 -10 -48 -8 -45 -7 -44 -7 -46 -6 -44 -7 -48 -2 -46 -2 -50 -2 -47 -2 -51 -1 -49 2 -45 0 -45 -2 -45 4 -44 0 -42 2 -40 2 -40 1 -40 3 -37 1 -40 4 -42 -2 -40 -7 -37 1 -39 -2 -37 -2 -37 -3 -32 -2 -35 -2 -35 -3 -34 -4 -33 -6 -34 -5 -29 -8 -32 -6 -30 -9 -31 -9 -30 -10 -29 -9 -29 -11 -30 -11 -26 -10 -25 -10 -25 -12 -25 -12 -25 -11 -24 -13 -25 -12 -25 -11 -24 -15 -20 -20 -21 -21 -22 -20 -17 -1 -1 ]
CSI_DATA,STA,08:3A:F2:51:5D:9D,-46,11,1,2,0,1,1,0,0,0,0,-93,0,6,1,5913191,0,110,0,0,6.125041,256,[110 96 6 0 0 0 0 0 0 0 0 0 -23 3 -24 2 -25 3 -25 2 -25 1 -24 0 -24 -1 -23 -1 -24 -1 -24 -2 -25 -2 -25 -2 -24 -2 -24 -2 -22 -3 -24 -3 -22 -4 -21 -4 -21 -4 -20 -3 -20 -3 -21 -3 -19 -3 -19 -2 -20 -2 -19 -2 0 0 -19 -2 -19 -1 -18 -1 -18 0 -17 0 -17 0 -17 0 -17 1 -17 1 -16 1 -16 2 -16 2 -15 3 -16 2 -15 2 -15 3 -15 4 -15 3 -14 3 -14 4 -14 4 -14 4 -14 4 -13 5 -13 5 -12 5 0 0 0 0 0 0 0 0 0 0 -1 -1 -1 -1 -1 -1 0 0 -34 27 -34 26 -39 16 -40 16 -40 13 -41 14 -41 11 -43 11 -43 11 -41 9 -42 8 -41 8 -44 9 -41 7 -42 8 -42 7 -43 5 -40 6 -41 5 -38 2 -38 4 -37 4 -37 3 -38 3 -35 4 -35 5 -34 5 -33 5 -1 -1 -33 6 -33 7 -31 8 -32 7 -29 8 -29 9 -27 9 -29 9 -28 10 -28 12 -27 13 -26 12 -25 12 -25 11 -24 11 -24 12 -24 12 -24 13 -23 12 -22 13 -23 13 -21 12 -20 13 -20 14 -21 14 -19 14 -14 18 -14 20 -1 -1 -1 -1 -1 -1 ]
CSI_DATA,STA,08:3A:F2:51:5D:9D,-46,11,1,2,0,1,1,0,0,0,0,-93,0,6,1,5913514,0,110,0,0,6.132347,256,[110 96 6 0 0 0 0 0 0 0 0 0 -23 -14 -23 -15 -23 -15 -23 -16 -22 -16 -20 -17 -21 -17 -19 -18 -20 -18 -20 -19 -21 -19 -20 -19 -19 -18 -18 -18 -17 -18 -19 -18 -16 -18 -16 -18 -16 -18 -16 -17 -15 -17 -16 -17 -14 -16 -16 -16 -16 -16 -16 -15 0 0 -15 -14 -16 -14 -16 -13 -16 -13 -15 -12 -15 -12 -16 -11 -15 -11 -16 -11 -15 -10 -16 -10 -15 -9 -16 -9 -16 -9 -16 -9 -16 -8 -16 -8 -15 -7 -15 -7 -15 -7 -15 -7 -15 -6 -15 -6 -15 -5 -15 -5 -14 -5 0 0 0 0 0 0 0 0 0 0 -1 -1 -1 -1 0 0 0 0 -47 5 -43 1 -43 -14 -46 -15 -43 -15 -45 -17 -44 -18 -45 -19 -45 -21 -41 -21 -44 -22 -41 -23 -45 -24 -42 -22 -42 -21 -41 -22 -40 -24 -40 -23 -40 -24 -35 -25 -37 -23 -34 -22 -35 -22 -35 -24 -32 -20 -33 -20 -33 -20 -32 -19 -1 -1 -33 -17 -34 -17 -32 -16 -32 -15 -30 -14 -32 -13 -30 -12 -31 -12 -32 -11 -32 -9 -33 -8 -31 -8 -31 -7 -31 -7 -29 -8 -30 -7 -29 -7 -29 -6 -29 -5 -30 -5 -29 -5 -27 -4 -28 -3 -27 -2 -29 -2 -27 -1 -25 5 -26 7 -1 -1 -1 -1 -1 -1 ]
CSI_DATA,STA,08:3A:F2:51:5D:9D,-46,11,1,2,0,1,1,0,0,0,0,-93,0,6,1,5913791,0,110,0,0,6.140591,256,[110 96 6 0 0 0 0 0 0 0 0 0 -4 -29 -3 -29 -3 -31 -3 -32 -1 -31 0 -30 0 -29 1 -29 2 -30 2 -30 2 -30 2 -31 2 -30 3 -29 3 -28 3 -30 4 -27 4 -27 4 -26 3 -25 4 -25 4 -25 4 -24 2 -24 2 -25 1 -24 0 0 1 -23 0 -23 0 -23 0 -23 0 -21 -1 -21 -1 -21 -1 -21 -2 -21 -3 -20 -3 -20 -3 -19 -4 -19 -4 -20 -4 -19 -4 -19 -5 -19 -5 -18 -5 -18 -5 -17 -6 -18 -5 -17 -6 -17 -7 -17 -7 -16 -7 -16 0 0 0 0 0 0 0 0 0 0 -1 -1 -1 -1 0 0 0 0 -27 -52 -25 -50 -15 -52 -14 -52 -13 -54 -13 -55 -8 -55 -7 -57 -7 -56 -5 -54 -3 -56 -3 -53 -3 -57 -2 -54 -3 -55 -2 -55 0 -55 -1 -53 1 -54 2 -48 2 -49 0 -48 2 -47 3 -48 0 -46 -1 -45 -1 -44 -2 -43 -1 -1 -3 -43 -4 -43 -4 -40 -5 -42 -5 -38 -7 -40 -8 -37 -6 -37 -8 -38 -11 -37 -11 -37 -11 -35 -12 -35 -10 -34 -11 -32 -12 -33 -12 -33 -14 -32 -13 -32 -14 -31 -15 -32 -12 -30 -15 -28 -15 -28 -16 -29 -16 -28 -17 -21 -19 -23 -1 -1 -1 -1 -1 -1 ]
CSI_DATA,STA,08:3A:F2:51:5D:9D,-50,11,1,1,1,1,1,0,0,0,0,-93,0,6,1,5916373,0,110,0,0,6.148195,384,[110 96 6 0 0 0 0 0 0 0 0 0 -13 -18 -12 -18 -14 -19 -13 -22 -12 -21 -10 -19 -10 -21 -9 -20 -10 -21 -9 -21 -9 -23 -9 -23 -8 -22 -7 -22 -6 -21 -9 -22 -7 -20 -6 -19 -7 -19 -6 -19 -6 -19 -7 -19 -4 -18 -6 -19 -6 -20 -7 -18 0 0 -7 -18 -8 -17 -9 -17 -9 -16 -7 -16 -8 -16 -8 -16 -8 -14 -9 -15 -9 -12 -10 -13 -8 -13 -9 -13 -10 -12 -10 -12 -11 -11 -11 -12 -11 -9 -10 -10 -10 -8 -10 -10 -10 -10 -10 -10 -11 -8 -10 -9 -10 -8 0 0 0 0 0 0 0 0 0 0 -1 -1 -1 -1 -2 21 -1 20 2 21 2 18 -3 17 -2 16 -1 16 -2 17 -1 15 -1 15 0 15 1 14 1 15 1 14 1 15 3 14 3 14 3 13 2 12 4 12 5 12 3 12 5 10 4 11 3 11 5 10 4 11 6 10 4 11 6 10 8 9 5 10 5 8 6 8 6 8 5 7 6 7 5 7 4 6 5 6 4 6 5 6 4 5 5 4 4 4 4 3 4 3 4 2 3 2 3 1 3 1 3 1 3 -1 3 -1 3 -1 4 -1 4 -1 0 0 0 0 -1 -1 -1 -1 -1 -1 -1 -1 -1 -1 0 0 0 0 -1 -1 -1 -1 -30 -24 -31 -25 -31 -25 -32 -29 -29 -29 -27 -28 -28 -30 -26 -29 -29 -32 -24 -32 -25 -34 -26 -33 -28 -34 -26 -34 -21 -33 -22 -32 -24 -31 -22 -32 -21 -28 -20 -31 -19 -30 -22 -29 -18 -29 -21 -28 -19 -32 -21 -26 -26 -21 -21 -27 -20 -24 -23 -24 -21 -23 -21 -24 -21 -23 -21 -22 -22 -21 -22 -21 -20 -18 -23 -19 -21 -19 -24 -17 -23 -17 -23 -14 -24 -14 -25 -15 -22 -12 -21 -11 -23 -11 -22 -11 -22 -11 -22 -11 -22 -11 -22 -10 -23 -10 -22 -4 -26 -2 -26 -2 -23 1 -1 -1 ]
CSI_DATA,STA,08:3A:F2:51:5D:9D,-51,11,1,1,1,1,1,0,0,0,0,-93,0,6,1,5918824,0,110,0,0,6.159127,384,[110 96 6 0 0 0 0 0 0 0 0 0 23 -7 23 -7 24 -8 26 -6 25 -5 23 -4 25 -4 23 -3 24 -3 24 -2 26 -1 26 -1 25 -1 25 0 23 1 26 -1 23 0 22 1 21 0 21 0 21 1 22 1 20 2 21 1 23 1 20 -1 0 0 20 -1 20 -3 20 -3 19 -4 18 -1 19 -3 19 -2 17 -3 18 -4 16 -5 17 -5 16 -4 16 -5 15 -6 15 -6 15 -7 16 -7 13 -7 13 -7 12 -8 13 -7 13 -7 13 -7 12 -9 13 -7 11 -8 0 0 0 0 0 0 0 0 0 0 -1 -1 -1 -1 -24 -8 -23 -7 -24 -4 -21 -3 -18 -10 -17 -8 -18 -7 -18 -8 -17 -6 -16 -6 -18 -5 -16 -4 -18 -4 -16 -5 -17 -5 -17 -3 -18 -3 -16 -3 -15 -3 -16 -1 -15 0 -16 -1 -14 1 -15 0 -14 -1 -14 1 -14 0 -14 2 -15 0 -14 2 -13 5 -13 1 -13 2 -12 3 -12 3 -11 2 -11 2 -10 2 -9 2 -10 3 -10 2 -9 2 -8 2 -7 2 -7 2 -6 3 -6 3 -5 3 -5 2 -4 3 -4 3 -4 2 -2 3 -2 3 -2 4 -2 4 -2 4 0 0 0 0 -1 -1 -1 -1 -1 -1 -1 -1 -1 -1 0 0 0 0 -1 -1 -1 -1 34 -25 33 -24 35 -27 37 -24 38 -24 35 -20 39 -22 36 -19 40 -23 41 -17 44 -16 42 -17 43 -19 43 -16 39 -12 39 -15 37 -15 39 -15 34 -14 37 -13 35 -11 36 -14 35 -11 36 -12 39 -10 33 -14 31 -22 34 -12 31 -14 30 -15 29 -16 29 -14 29 -16 29 -15 27 -17 27 -18 25 -16 26 -18 26 -16 25 -19 24 -18 21 -21 20 -19 22 -22 18 -19 17 -20 17 -20 17 -19 16 -20 18 -20 18 -20 17 -19 17 -20 9 -24 9 -26 9 -26 4 -27 -1 -1 ]
CSI_DATA,STA,08:3A:F2:51:5D:9D,-45,11,0,0,0,0,0,0,0,0,0,-93,0,6,1,5929806,0,110,0,0,6.169600,128,[110 96 6 0 0 0 0 0 0 0 0 0 -26 5 -25 4 -27 4 -28 4 -27 3 -25 1 -27 2 -25 1 -26 1 -26 0 -28 0 -28 0 -27 0 -26 0 -24 -2 -28 0 -24 -2 -24 -2 -23 -2 -23 -1 -22 -1 -24 -1 -20 -2 -22 0 -24 0 -22 1 0 0 -21 1 -22 2 -21 2 -21 2 -19 2 -20 3 -20 4 -18 3 -19 4 -19 3 -19 4 -17 4 -17 4 -18 4 -17 4 -17 5 -18 6 -16 5 -16 6 -16 6 -15 6 -15 6 -15 7 -15 7 -14 6 -14 6 0 0 0 0 0 0 0 0 0 0 ]
CSI_DATA,STA,08:3A:F2:51:5D:9D,-50,11,1,2,1,1,1,0,0,0,0,-93,0,6,1,5966390,0,110,0,0,6.173486,384,[110 96 6 0 0 0 0 0 0 0 0 0 -13 18 -13 17 -14 18 -16 18 -16 17 -15 15 -16 16 -16 15 -16 15 -17 15 -18 15 -18 16 -18 15 -18 14 -18 12 -19 15 -17 12 -17 11 -17 12 -17 11 -17 11 -17 11 -16 9 -16 11 -18 12 -15 12 0 0 -15 12 -15 12 -15 13 -13 13 -14 11 -14 12 -14 12 -12 11 -12 12 -10 12 -10 13 -10 12 -10 12 -9 12 -10 12 -9 13 -10 14 -7 13 -7 12 -6 12 -8 12 -8 12 -7 13 -6 13 -7 12 -6 12 0 0 0 0 0 0 0 0 0 0 -1 -1 -1 -1 24 -5 24 -6 22 -9 19 -8 20 -3 18 -3 18 -4 19 -2 17 -3 16 -3 17 -5 16 -5 16 -6 16 -5 17 -5 15 -6 17 -7 16 -6 14 -5 14 -7 13 -9 14 -6 12 -8 12 -6 13 -7 11 -8 12 -7 12 -8 13 -7 11 -9 9 -10 11 -9 11 -8 10 -8 9 -8 10 -7 9 -7 9 -7 8 -7 8 -7 7 -6 7 -6 8 -6 8 -6 6 -5 5 -6 5 -5 5 -5 4 -4 3 -4 3 -4 3 -4 3 -4 2 -4 2 -3 1 -4 1 -4 0 0 -1 -1 -1 -1 -1 -1 -1 -1 -1 -1 -1 -1 -1 -1 0 0 0 0 -1 -1 -14 39 -13 36 -14 37 -18 38 -18 36 -18 33 -19 36 -18 33 -19 37 -22 34 -25 35 -23 35 -26 37 -26 35 -24 30 -23 33 -21 33 -25 30 -21 29 -22 27 -23 28 -21 28 -22 25 -22 28 -26 28 -20 29 -14 31 -21 28 -19 28 -18 27 -15 25 -18 26 -16 26 -16 26 -15 26 -13 28 -11 23 -12 27 -12 25 -11 27 -10 26 -9 26 -9 25 -8 28 -6 24 -5 23 -6 23 -4 24 -5 24 -5 24 -5 25 -5 24 -5 23 1 25 4 28 5 27 7 25 -1 -1 ]
CSI_DATA,STA,08:3A:F2:51:5D:9D,-51,11,1,2,1,1,1,0,0,0,0,-93,0,6,1,6008165,0,110,0,0,6.184286,384,[110 96 6 0 0 0 0 0 0 0 0 0 -22 2 -21 2 -24 2 -24 0 -24 0 -22 -1 -23 -1 -22 -2 -22 -2 -22 -3 -24 -4 -24 -4 -23 -4 -23 -5 -21 -5 -23 -4 -21 -5 -20 -5 -20 -4 -20 -5 -20 -5 -20 -5 -18 -6 -19 -5 -21 -5 -19 -4 0 0 -19 -4 -19 -2 -19 -2 -18 -1 -17 -3 -18 -2 -18 -3 -17 -1 -17 -1 -16 1 -16 1 -16 0 -16 0 -15 1 -16 1 -15 2 -17 2 -14 3 -14 3 -13 3 -14 2 -14 3 -15 3 -14 4 -14 2 -13 3 0 0 0 0 0 0 0 0 0 0 -1 -1 -1 -1 17 15 18 14 19 11 17 9 14 13 13 12 14 11 13 12 13 11 12 10 13 10 13 8 14 8 13 9 13 9 13 7 15 8 14 8 12 8 13 5 14 4 12 6 13 4 12 5 12 6 12 4 11 5 12 3 12 5 12 3 12 -1 12 3 12 3 11 2 10 2 10 3 10 2 10 2 9 2 9 2 8 2 8 1 8 2 7 2 7 1 6 1 5 1 5 1 4 0 4 0 4 0 3 -1 3 -1 2 0 2 -1 1 -1 1 -2 -1 -1 -1 -1 -1 -1 -1 -1 -1 -1 -1 -1 -1 -1 -1 -1 -1 -1 0 0 0 0 -40 13 -38 12 -39 12 -41 9 -41 9 -38 7 -42 7 -38 6 -43 7 -41 3 -44 2 -42 3 -46 2 -44 2 -39 -1 -40 3 -39 3 -40 -1 -37 2 -36 -1 -37 -1 -36 1 -34 -2 -36 1 -38 -2 -36 2 -33 8 -35 1 -34 3 -32 4 -29 4 -31 3 -31 4 -31 4 -30 5 -31 6 -27 6 -28 8 -27 7 -28 9 -27 9 -26 10 -25 10 -27 12 -23 10 -22 11 -22 10 -21 12 -22 12 -22 11 -23 13 -22 12 -21 11 -17 16 -17 20 -18 19 -15 20 -1 -1 ]
CSI_DATA,STA,08:3A:F2:51:5D:9D,-50,11,1,2,1,1,1,0,0,0,0,-93,0,6,1,6008536,0,110,0,0,6.194456,384,[110 96 6 0 0 0 0 0 0 0 0 0 -22 -7 -21 -7 -23 -7 -23 -10 -23 -9 -20 -9 -21 -10 -19 -10 -20 -11 -20 -12 -21 -13 -21 -12 -21 -13 -20 -13 -17 -13 -20 -13 -17 -12 -17 -13 -17 -12 -16 -13 -16 -13 -17 -13 -14 -12 -17 -12 -17 -13 -17 -11 0 0 -16 -11 -17 -10 -17 -9 -17 -8 -15 -10 -16 -9 -16 -10 -15 -8 -16 -8 -15 -6 -16 -5 -15 -6 -15 -6 -15 -5 -15 -5 -15 -4 -17 -5 -14 -3 -14 -3 -14 -2 -14 -4 -14 -3 -15 -3 -15 -1 -14 -3 -13 -2 0 0 0 0 0 0 0 0 0 0 -1 -1 -1 -1 9 21 11 19 14 19 11 17 7 18 6 17 7 16 7 18 7 15 7 15 8 15 8 13 9 14 8 13 8 14 9 12 10 14 9 13 8 12 9 11 11 10 8 12 10 9 8 10 8 11 9 9 8 9 10 8 9 10 10 8 11 6 9 8 9 8 9 7 8 6 8 7 8 7 7 7 7 6 7 6 6 5 6 5 6 5 6 5 5 4 5 3 4 3 4 4 3 3 3 2 3 2 3 1 2 1 2 1 2 1 1 -1 1 -1 -1 -1 -1 -1 -1 -1 -1 -1 -1 -1 -1 -1 -1 -1 -1 -1 -1 -1 0 0 0 0 -43 -2 -40 -2 -41 -3 -43 -6 -41 -7 -39 -7 -41 -9 -38 -9 -42 -10 -39 -11 -42 -13 -40 -11 -44 -14 -42 -13 -38 -15 -37 -13 -39 -12 -36 -16 -36 -12 -34 -14 -34 -15 -33 -13 -30 -14 -34 -12 -35 -15 -34 -10 -34 -3 -33 -12 -32 -10 -32 -9 -28 -8 -31 -10 -31 -9 -30 -9 -30 -7 -31 -6 -27 -5 -30 -2 -28 -3 -30 -2 -29 -2 -28 -1 -28 -1 -30 0 -26 1 -24 1 -25 1 -25 3 -25 2 -25 2 -27 4 -25 3 -25 2 -22 7 -25 12 -25 12 -22 12 -1 -1 ]
CSI_DATA,STA,08:3A:F2:51:5D:9D,-50,11,1,2,1,1,1,0,0,0,0,-93,0,6,1,6009005,0,110,0,0,6.205110,384,[110 96 6 0 0 0 0 0 0 0 0 0 -3 -23 -2 -22 -3 -24 -1 -26 0 -24 1 -22 1 -23 1 -22 2 -23 2 -23 3 -24 2 -25 3 -24 4 -23 4 -22 3 -24 4 -21 4 -20 3 -20 3 -20 4 -20 4 -21 4 -18 3 -19 3 -21 2 -19 0 0 2 -20 0 -19 0 -19 -1 -18 1 -18 0 -18 0 -19 -1 -17 -1 -18 -3 -16 -3 -16 -2 -16 -3 -16 -4 -16 -3 -16 -5 -16 -5 -17 -5 -14 -5 -14 -6 -13 -5 -14 -5 -14 -5 -14 -7 -13 -5 -14 -6 -12 0 0 0 0 0 0 0 0 0 0 -1 -1 -1 -1 -14 19 -13 19 -11 20 -9 18 -14 16 -12 15 -11 15 -12 15 -10 14 -10 13 -10 15 -8 14 -8 15 -8 15 -9 14 -7 14 -8 16 -7 15 -7 14 -5 14 -4 15 -6 14 -3 13 -4 13 -5 13 -3 13 -4 12 -2 13 -4 13 -2 14 0 13 -3 12 -2 12 -1 11 -1 11 -2 11 -2 10 -1 10 -1 10 -2 10 -2 9 -1 9 -1 8 -1 7 -1 7 -1 6 -1 6 0 5 -1 5 -1 4 -1 3 0 3 0 2 0 2 1 2 0 1 0 1 -1 -1 -1 -1 -1 -1 -1 -1 -1 -1 -1 -1 -1 -1 -1 -1 -1 -1 -1 -1 0 0 -14 -41 -12 -39 -13 -40 -11 -42 -10 -41 -8 -39 -7 -42 -7 -39 -8 -43 -4 -41 -3 -44 -4 -42 -4 -46 -3 -44 -1 -40 -4 -40 -5 -40 -1 -40 -3 -37 -1 -37 -1 -37 -3 -36 0 -34 -3 -36 0 -39 -4 -36 -10 -34 -4 -35 -6 -34 -7 -32 -7 -29 -5 -32 -6 -31 -6 -31 -8 -30 -10 -31 -9 -27 -11 -28 -9 -27 -12 -28 -12 -27 -13 -26 -12 -25 -16 -26 -13 -22 -13 -22 -13 -22 -15 -21 -15 -22 -14 -21 -16 -22 -15 -21 -14 -21 -19 -17 -22 -16 -21 -17 -22 -13 -1 -1 ]
CSI_DATA,STA,08:3A:F2:51:5D:9D,-50,11,1,2,1,1,1,0,0,0,0,-93,0,6,1,6020362,0,110,0,0,6.215938,384,[110 96 6 0 0 0 0 0 0 0 0 0 -11 -20 -11 -19 -12 -21 -10 -23 -10 -22 -8 -20 -8 -21 -8 -20 -8 -21 -7 -22 -6 -23 -7 -24 -6 -23 -5 -23 -4 -21 -6 -23 -5 -21 -5 -20 -5 -20 -4 -20 -4 -20 -5 -20 -3 -19 -5 -19 -5 -21 -5 -18 0 0 -5 -19 -7 -18 -7 -18 -7 -17 -5 -17 -7 -17 -7 -17 -7 -15 -8 -16 -8 -13 -9 -14 -8 -14 -8 -14 -9 -13 -8 -13 -9 -13 -10 -14 -10 -11 -10 -11 -10 -10 -9 -11 -10 -11 -10 -12 -11 -10 -9 -11 -9 -9 0 0 0 0 0 0 0 0 0 0 -1 -1 -1 -1 -3 23 -2 24 1 22 2 20 -5 19 -4 17 -3 17 -4 17 -3 17 -3 15 -2 17 -1 15 0 16 -1 16 -2 16 -1 15 0 17 0 16 -1 14 2 14 3 13 1 14 3 13 2 12 1 13 3 12 1 12 3 12 2 13 3 12 6 11 3 11 4 12 4 10 4 9 3 9 3 9 3 9 3 8 3 8 2 8 2 7 2 7 2 7 2 6 2 5 1 5 2 5 1 4 1 3 1 3 1 2 1 2 1 2 1 2 1 1 1 0 -1 -1 -1 -1 -1 -1 -1 -1 -1 -1 -1 -1 -1 -1 -1 -1 -1 -1 -1 -1 0 0 -30 -29 -27 -27 -30 -29 -27 -31 -28 -31 -24 -29 -26 -32 -24 -30 -28 -33 -23 -35 -22 -38 -21 -36 -23 -40 -22 -38 -18 -34 -22 -33 -22 -31 -20 -35 -19 -30 -17 -31 -17 -32 -20 -30 -16 -31 -18 -31 -16 -34 -19 -30 -24 -25 -18 -29 -20 -27 -19 -25 -19 -23 -18 -25 -20 -25 -19 -24 -20 -22 -22 -22 -19 -20 -21 -20 -20 -20 -22 -20 -21 -18 -22 -17 -21 -17 -25 -16 -21 -14 -21 -12 -21 -13 -21 -12 -23 -12 -22 -14 -23 -13 -22 -13 -20 -12 -25 -6 -27 -4 -25 -4 -26 1 -1 -1 ]
CSI_DATA,STA,08:3A:F2:51:5D:9D,-50,11,1,2,1,1,1,0,0,0,0,-93,0,6,1,6020809,0,110,0,0,6.226884,384,[110 96 6 0 0 0 0 0 0 0 0 0 18 -17 18 -17 19 -19 21 -18 21 -17 19 -14 20 -15 19 -14 21 -14 21 -14 23 -13 23 -14 23 -13 23 -12 22 -10 23 -13 21 -11 21 -10 20 -10 20 -10 19 -10 20 -10 19 -8 19 -10 21 -10 18 -11 0 0 18 -11 17 -12 17 -12 16 -13 16 -10 16 -12 16 -12 14 -12 14 -13 12 -12 13 -13 13 -12 13 -13 11 -13 12 -13 10 -14 12 -15 9 -14 9 -13 7 -13 10 -14 9 -13 9 -14 7 -14 9 -13 7 -13 0 0 0 0 0 0 0 0 0 0 -1 -1 -1 -1 -26 -3 -27 -3 -26 1 -24 2 -25 -3 -22 -2 -22 -1 -23 -2 -21 -1 -20 -1 -21 0 -19 1 -21 1 -20 1 -21 0 -19 2 -21 2 -20 2 -18 1 -18 4 -17 6 -18 4 -16 5 -16 4 -16 3 -15 5 -16 3 -15 5 -16 4 -15 6 -13 7 -15 5 -14 6 -12 6 -12 6 -12 4 -12 5 -11 4 -11 4 -11 5 -10 4 -10 4 -9 2 -8 3 -8 3 -8 3 -7 3 -7 3 -6 2 -5 2 -4 2 -4 2 -3 2 -3 1 -2 1 -2 2 -2 2 -1 -1 -1 -1 -1 -1 -1 -1 -1 -1 -1 -1 -1 -1 -1 -1 -1 -1 -1 -1 0 0 28 -39 27 -36 27 -39 31 -37 31 -37 29 -33 32 -35 30 -32 33 -37 36 -31 40 -31 38 -31 41 -32 39 -31 36 -25 35 -30 33 -30 37 -27 32 -27 33 -24 33 -25 31 -26 32 -22 32 -25 36 -23 31 -26 27 -28 30 -25 27 -27 25 -26 22 -25 25 -24 25 -26 24 -25 22 -27 21 -29 19 -24 20 -28 20 -25 19 -28 17 -27 15 -29 15 -27 14 -31 12 -26 11 -26 12 -26 9 -27 10 -28 12 -27 11 -28 11 -27 10 -26 5 -27 4 -30 4 -30 -2 -29 -1 -1 ]
CSI_DATA,STA,08:3A:F2:51:5D:9D,-50,11,1,1,1,1,1,0,0,0,0,-93,0,6,1,6022019,0,110,0,0,6.237684,384,[110 96 6 0 0 0 0 0 0 0 0 0 -22 5 -21 5 -23 6 -24 4 -24 4 -22 2 -23 2 -22 2 -23 2 -23 0 -24 0 -25 0 -24 0 -24 -1 -22 -2 -25 0 -21 -1 -21 -1 -20 -1 -21 -1 -20 -2 -21 -1 -19 -3 -20 -2 -22 -2 -19 0 0 0 -19 0 -19 1 -19 1 -19 2 -17 0 -18 2 -19 1 -17 2 -17 3 -16 4 -16 4 -16 3 -16 4 -15 4 -15 4 -14 5 -16 5 -13 6 -13 6 -12 6 -13 6 -13 6 -14 6 -13 6 -13 5 -12 6 0 0 0 0 0 0 0 0 0 0 -1 -1 -1 -1 22 5 23 5 22 2 21 0 17 8 15 6 17 6 16 7 16 6 14 5 16 4 14 3 16 2 15 4 15 4 15 3 16 2 15 2 13 3 14 0 13 -1 14 -1 12 -1 13 -1 12 0 13 -1 13 0 13 -2 13 0 12 -2 11 -5 12 -2 11 -2 10 -2 11 -3 10 -2 10 -2 9 -2 8 -2 8 -2 8 -2 8 -2 8 -1 7 -1 6 -1 5 -2 5 -2 5 -2 4 -2 4 -2 3 -2 2 -2 2 -2 1 -2 1 -2 1 -2 1 -3 -1 -1 -1 -1 -1 -1 -1 -1 -1 -1 -1 -1 -1 -1 -1 -1 -1 -1 -1 -1 0 0 -33 20 -32 19 -35 22 -36 19 -38 20 -34 16 -38 18 -34 16 -39 18 -40 12 -42 11 -41 12 -41 14 -41 12 -36 8 -38 12 -36 12 -37 12 -33 10 -36 9 -34 8 -35 11 -34 8 -34 10 -37 7 -33 10 -30 18 -31 10 -30 11 -29 12 -28 13 -28 12 -28 14 -28 12 -26 14 -26 16 -25 15 -26 15 -26 13 -24 16 -23 15 -20 18 -20 16 -22 20 -18 16 -16 18 -17 18 -16 17 -16 18 -19 17 -18 17 -17 17 -17 17 -9 23 -8 25 -9 23 -4 26 -1 -1 ]
CSI_DATA,STA,08:3A:F2:51:5D:9D,-50,11,1,2,1,1,1,0,0,0,0,-93,0,6,1,6022556,0,110,0,0,6.247986,384,[110 96 6 0 0 0 0 0 0 0 0 0 -16 -17 -15 -17 -17 -18 -16 -20 -15 -20 -13 -18 -14 -19 -12 -18 -13 -20 -12 -20 -12 -22 -12 -22 -11 -22 -11 -21 -9 -20 -12 -22 -9 -20 -9 -20 -9 -19 -9 -19 -9 -19 -9 -19 -7 -18 -9 -19 -9 -20 -9 -17 0 0 -9 -17 -11 -16 -11 -16 -11 -16 -9 -16 -10 -15 -10 -16 -10 -14 -11 -14 -11 -12 -12 -12 -10 -13 -11 -12 -11 -11 -11 -12 -12 -11 -13 -12 -12 -9 -12 -9 -12 -8 -12 -10 -12 -9 -12 -10 -13 -8 -11 -9 -11 -8 0 0 0 0 0 0 0 0 0 0 -1 -1 -1 -1 -3 23 -3 23 1 23 1 20 -4 20 -3 18 -2 19 -3 19 -2 18 -2 16 -1 17 0 16 1 17 0 17 -1 17 1 16 1 18 1 17 0 15 3 14 4 14 2 14 4 13 3 13 2 14 4 12 2 13 5 12 3 14 4 13 6 11 4 12 5 12 5 10 4 10 3 10 4 10 4 9 3 9 4 9 2 8 3 8 3 7 2 7 3 6 2 6 2 5 3 5 2 4 2 3 1 2 1 2 1 2 2 2 2 2 1 0 1 0 -1 -1 -1 -1 -1 -1 -1 -1 -1 -1 -1 -1 -1 -1 -1 -1 -1 -1 -1 -1 0 0 -35 -27 -33 -25 -35 -26 -34 -29 -32 -29 -29 -28 -31 -31 -29 -29 -33 -32 -28 -34 -28 -36 -27 -35 -29 -38 -28 -36 -23 -34 -27 -32 -26 -31 -24 -34 -24 -30 -22 -31 -22 -31 -23 -29 -20 -30 -22 -30 -21 -34 -23 -29 -25 -25 -22 -28 -24 -26 -23 -24 -22 -22 -22 -24 -23 -24 -22 -23 -23 -22 -25 -21 -22 -19 -24 -19 -22 -19 -25 -18 -24 -17 -25 -15 -24 -15 -28 -15 -23 -12 -23 -11 -22 -12 -24 -11 -24 -11 -23 -12 -25 -11 -24 -11 -23 -10 -24 -6 -27 -4 -27 -5 -27 0 -1 -1 ]
CSI_DATA,STA,08:3A:F2:51:5D:9D,-50,11,1,2,1,1,1,0,0,0,0,-93,0,6,1,6022957,0,110,0,0,6.259112,384,[110 96 6 0 0 0 0 0 0 0 0 0 10 -21 10 -20 11 -22 12 -22 13 -22 12 -19 13 -20 12 -18 13 -19 14 -18 15 -19 15 -19 15 -19 16 -18 15 -16 15 -20 14 -16 15 -16 13 -16 13 -16 13 -15 13 -16 14 -13 13 -15 14 -16 11 -15 0 0 11 -16 10 -17 10 -16 9 -16 10 -14 9 -16 9 -16 7 -15 7 -16 5 -15 5 -16 7 -14 6 -15 4 -15 5 -15 3 -15 4 -17 1 -14 2 -15 1 -14 2 -15 2 -15 2 -15 1 -15 2 -14 1 -14 0 0 0 0 0 0 0 0 0 0 -1 -1 -1 -1 -20 13 -21 12 -17 14 -14 15 -19 10 -17 8 -17 10 -18 8 -16 10 -14 8 -15 10 -13 9 -13 11 -14 10 -16 10 -13 10 -14 11 -13 11 -12 9 -10 12 -9 11 -11 12 -8 11 -9 11 -10 10 -7 11 -10 10 -8 11 -10 11 -7 12 -5 12 -7 11 -7 12 -5 10 -5 10 -6 9 -6 9 -5 8 -5 8 -5 8 -5 8 -5 8 -4 6 -5 6 -4 5 -3 6 -3 5 -3 6 -3 4 -2 4 -2 3 -2 3 -1 2 -1 2 0 2 -1 1 0 2 -1 -1 -1 -1 -1 -1 -1 -1 -1 -1 -1 -1 -1 -1 -1 -1 -1 -1 -1 -1 0 0 7 -42 7 -38 6 -42 9 -40 9 -42 9 -37 10 -42 10 -37 10 -42 16 -40 18 -41 17 -39 18 -42 17 -39 17 -34 13 -39 12 -36 17 -38 12 -33 14 -34 15 -33 12 -34 16 -31 14 -33 18 -34 12 -34 4 -35 12 -32 9 -34 7 -30 6 -30 8 -30 7 -32 7 -30 5 -30 3 -31 4 -28 2 -31 4 -28 2 -30 0 -27 -2 -29 -1 -27 -3 -31 -3 -25 -4 -25 -3 -25 -5 -25 -6 -25 -4 -26 -5 -26 -5 -25 -4 -24 -12 -23 -15 -24 -12 -22 -18 -20 -1 -1 ]
CSI_DATA,STA,08:3A:F2:51:5D:9D,-87,11,0,0,0,0,0,0,0,0,0,-93,0,6,1,6028713,0,110,0,0,6.269728,128,[110 96 6 0 0 0 0 0 0 0 0 0 -13 -16 -8 1 -22 -27 -15 -18 -34 -25 -19 -4 -18 -35 17 -19 -5 -16 -11 -15 -24 -11 -45 -12 -33 -38 -34 -30 -27 -21 -52 -37 -50 -16 -39 -22 -55 -19 -40 -17 -32 -19 -58 -23 -40 3 -54 -19 -65 -28 -33 -48 0 0 -35 -64 -99 -49 -80 -40 -70 -59 -64 -39 -65 -40 -50 -54 -87 -19 -70 -63 -15 -61 -63 -80 -47 -56 -48 -68 -65 -99 -41 -52 -31 -115 -69 -75 -50 -73 -54 -52 -78 -62 -54 -90 -70 -65 -47 -78 -63 -61 -78 -45 -79 -82 0 0 0 0 0 0 0 0 0 0 ]
CSI_DATA,STA,08:3A:F2:51:5D:9D,-45,11,0,0,0,0,0,0,0,0,0,-93,0,6,1,6237150,0,110,0,0,6.403802,128,[110 96 6 0 0 0 0 0 0 0 0 0 -5 22 -6 21 -6 23 -7 24 -8 22 -8 20 -9 21 -9 19 -9 21 -10 20 -9 22 -9 22 -9 21 -9 21 -10 18 -10 21 -10 18 -10 17 -10 17 -10 17 -9 17 -10 18 -9 15 -7 17 -7 19 -7 18 0 0 -6 17 -6 18 -5 17 -5 17 -5 15 -5 16 -4 17 -4 15 -3 16 -4 16 -3 17 -2 15 -2 15 -2 16 -2 15 -2 16 -1 16 -1 15 -1 15 -1 15 -1 14 0 14 0 14 1 15 1 14 1 13 0 0 0 0 0 0 0 0 0 0 ]
CSI_DATA,STA,08:3A:F2:51:5D:9D,-51,11,1,1,1,1,1,0,0,0,0,-93,0,6,1,6239248,0,110,0,0,6.408216,384,[110 96 6 0 0 0 0 0 0 0 0 0 13 15 13 15 14 16 13 19 12 17 11 17 11 18 10 17 10 18 9 18 10 19 10 20 9 19 9 20 7 19 9 20 7 18 6 17 7 17 6 17 6 17 7 18 5 16 7 17 7 18 7 16 0 0 8 16 8 15 9 16 9 14 7 15 8 14 8 15 8 13 9 13 9 11 10 11 9 11 9 11 10 11 9 11 10 10 11 11 10 8 10 9 10 7 10 9 10 9 10 9 11 7 9 8 10 7 0 0 0 0 0 0 0 0 0 0 -1 -1 -1 -1 1 -24 0 -23 -3 -24 -1 -21 3 -20 2 -19 1 -20 2 -21 1 -18 2 -18 0 -18 0 -17 0 -19 -1 -18 0 -18 -2 -17 -3 -19 -3 -18 -2 -17 -2 -16 -4 -16 -3 -16 -5 -15 -3 -15 -3 -15 -4 -15 -3 -14 -6 -14 -4 -15 -5 -14 -7 -12 -4 -14 -5 -13 -5 -13 -5 -12 -5 -13 -4 -12 -4 -12 -4 -11 -3 -11 -4 -10 -3 -10 -3 -10 -4 -10 -3 -9 -2 -8 -3 -8 -3 -8 -2 -6 -2 -5 -2 -5 -2 -5 -2 -5 -2 -4 -3 -4 -2 -3 -2 -3 0 0 -1 -1 -1 -1 -1 -1 -1 -1 -1 -1 -1 -1 -1 -1 0 0 0 0 -1 -1 29 21 29 22 30 23 30 26 28 26 26 25 27 27 25 26 28 29 24 28 25 30 26 29 28 30 26 31 21 30 21 29 23 29 21 29 21 26 19 28 19 27 20 28 18 26 21 26 20 29 21 24 25 19 20 25 20 23 22 23 20 21 21 22 21 21 21 21 21 19 22 19 20 16 23 16 21 17 24 15 23 16 22 13 23 13 24 14 21 11 21 11 22 10 21 10 23 10 22 10 22 9 21 9 23 10 22 4 27 1 28 1 25 0 -1 -1 ]
CSI_DATA,STA,08:3A:F2:51:5D:9D,-51,11,1,1,1,1,1,0,0,0,0,-93,0,6,1,6241033,0,110,0,0,6.418321,384,[110 96 6 0 0 0 0 0 0 0 0 0 20 -11 20 -10 22 -12 24 -10 23 -9 21 -8 22 -8 22 -7 23 -7 23 -6 24 -6 25 -6 24 -5 24 -4 22 -3 25 -6 21 -4 21 -3 20 -4 21 -3 21 -2 21 -3 19 -1 20 -3 22 -3 19 -4 0 0 19 -4 19 -6 19 -5 18 -6 18 -4 18 -5 19 -5 17 -5 17 -7 15 -8 15 -8 15 -6 15 -7 14 -8 15 -8 14 -9 16 -10 12 -9 13 -9 11 -9 13 -9 13 -9 13 -9 12 -10 12 -9 11 -9 0 0 0 0 0 0 0 0 0 0 -1 -1 -1 -1 -26 -7 -26 -6 -27 -2 -23 -2 -20 -9 -20 -8 -21 -7 -21 -9 -20 -7 -18 -7 -19 -5 -18 -5 -20 -5 -19 -5 -20 -5 -19 -3 -20 -3 -19 -3 -17 -4 -18 -2 -18 0 -18 -1 -16 0 -17 -2 -16 -3 -16 -1 -16 -2 -16 1 -17 -2 -16 1 -15 5 -15 0 -15 0 -14 1 -14 1 -14 0 -14 -1 -14 0 -13 -1 -12 0 -11 0 -11 0 -11 -1 -10 -1 -9 -1 -9 0 -8 0 -9 0 -7 0 -6 0 -6 0 -5 0 -4 0 -4 0 -3 0 -4 0 -3 1 0 0 -1 -1 -1 -1 -1 -1 -1 -1 -1 -1 -1 -1 -1 -1 0 0 0 0 -1 -1 28 -29 28 -28 31 -30 33 -28 33 -27 32 -24 35 -26 33 -22 36 -26 37 -22 38 -22 36 -23 38 -25 38 -22 36 -17 36 -19 35 -20 36 -20 32 -18 35 -16 33 -15 34 -17 32 -15 33 -18 35 -15 30 -19 25 -26 31 -17 29 -18 28 -19 26 -19 28 -19 27 -19 27 -18 25 -19 26 -21 22 -20 23 -22 23 -20 22 -23 22 -22 18 -23 18 -23 20 -25 16 -22 16 -22 16 -23 15 -22 15 -23 16 -22 16 -23 15 -22 15 -23 7 -26 6 -30 7 -29 3 -29 -1 -1 ]
CSI_DATA,STA,08:3A:F2:51:5D:9D,-51,11,1,1,1,1,1,0,0,0,0,-93,0,6,1,6245068,0,110,0,0,6.428981,384,[110 96 6 0 0 0 0 0 0 0 0 0 -8 -20 -7 -19 -9 -21 -7 -22 -7 -22 -5 -20 -5 -21 -5 -20 -5 -21 -4 -22 -3 -23 -3 -23 -3 -22 -2 -22 -1 -20 -3 -23 -2 -20 -2 -20 -2 -19 -2 -19 -1 -19 -2 -20 0 -18 -2 -19 -1 -21 -2 -18 0 0 -3 -18 -4 -18 -4 -18 -5 -17 -3 -16 -5 -17 -4 -17 -5 -15 -6 -16 -6 -14 -6 -15 -5 -15 -6 -15 -7 -13 -7 -14 -7 -13 -8 -15 -8 -11 -8 -12 -8 -11 -8 -12 -8 -12 -8 -13 -9 -12 -7 -12 -8 -11 0 0 0 0 0 0 0 0 0 0 -1 -1 -1 -1 -4 23 -2 23 0 22 1 20 -7 17 -6 16 -5 17 -6 17 -4 16 -5 14 -3 16 -3 15 -2 16 -3 16 -4 15 -2 15 -1 16 -2 15 -2 14 -1 14 1 13 0 14 2 12 0 14 -1 13 1 13 -1 13 2 13 0 13 1 13 6 12 1 12 2 12 2 11 2 11 1 10 2 10 1 10 1 9 1 9 0 9 0 9 0 8 1 7 0 7 0 6 0 6 0 6 0 5 0 4 0 4 0 3 0 3 0 2 0 2 0 2 0 1 0 0 -1 -1 -1 -1 -1 -1 -1 -1 -1 -1 -1 -1 -1 -1 0 0 0 0 -1 -1 -24 -27 -23 -27 -26 -28 -24 -30 -24 -31 -20 -28 -23 -32 -19 -30 -23 -33 -18 -34 -18 -36 -19 -34 -21 -35 -18 -35 -14 -32 -17 -32 -17 -31 -17 -33 -16 -28 -15 -31 -13 -29 -17 -30 -13 -30 -15 -30 -14 -33 -16 -28 -23 -24 -15 -28 -17 -26 -17 -24 -17 -24 -17 -24 -18 -24 -17 -24 -18 -22 -20 -22 -18 -21 -20 -21 -17 -21 -20 -20 -19 -19 -21 -17 -20 -16 -23 -18 -19 -14 -19 -14 -20 -14 -19 -14 -21 -13 -21 -15 -21 -14 -19 -14 -20 -14 -23 -6 -26 -3 -25 -4 -26 0 -1 -1 ]
CSI_DATA,STA,08:3A:F2:51:5D:9D,-51,11,1,1,1,1,1,0,0,0,0,-93,0,6,1,6248861,0,110,0,0,6.439844,384,[110 96 6 0 0 0 0 0 0 0 0 0 -23 1 -23 0 -25 1 -26 -1 -25 -1 -22 -2 -24 -2 -23 -3 -24 -3 -24 -4 -25 -5 -25 -4 -24 -5 -24 -5 -22 -6 -25 -4 -21 -5 -22 -5 -21 -4 -21 -5 -20 -5 -22 -5 -19 -6 -20 -5 -22 -5 -20 -3 0 0 -20 -3 -20 -1 -20 -1 -20 0 -18 -3 -19 -1 -20 -1 -18 0 -19 1 -17 2 -18 2 -17 1 -17 2 -16 3 -17 3 -16 4 -18 4 -14 5 -15 5 -14 5 -15 4 -15 5 -15 5 -14 6 -15 4 -13 5 0 0 0 0 0 0 0 0 0 0 -1 -1 -1 -1 22 9 24 9 24 5 22 4 17 11 16 9 17 8 17 10 17 8 15 8 17 7 15 6 18 6 16 7 17 7 17 6 18 5 16 5 14 5 16 3 16 1 16 3 14 1 14 2 14 3 14 1 14 3 14 0 15 3 15 0 14 -3 14 1 13 0 12 0 13 -1 12 1 12 0 11 0 10 0 11 1 10 0 10 1 9 1 8 1 7 1 7 0 6 0 6 0 5 0 5 0 4 0 3 0 3 -1 2 0 1 -1 1 -1 1 -1 0 0 -1 -1 -1 -1 -1 -1 -1 -1 -1 -1 -1 -1 -1 -1 0 0 0 0 -1 -1 -36 16 -35 14 -38 16 -39 13 -40 14 -36 11 -40 13 -37 10 -41 13 -41 7 -43 6 -43 8 -43 10 -43 8 -38 4 -39 7 -38 8 -40 8 -34 7 -38 5 -35 5 -36 8 -35 4 -36 6 -39 3 -34 7 -32 17 -34 7 -32 9 -31 10 -31 10 -30 10 -30 11 -30 10 -29 12 -29 13 -28 12 -28 14 -28 11 -27 15 -26 14 -23 16 -23 16 -25 18 -21 15 -20 17 -20 17 -20 16 -19 18 -22 17 -20 17 -20 16 -20 17 -13 23 -12 27 -12 24 -7 27 -1 -1 ]
CSI_DATA,STA,08:3A:F2:51:5D:9D,-51,11,1,1,1,1,1,0,0,0,0,-93,0,6,1,6249244,0,110,0,0,6.450038,384,[110 96 6 0 0 0 0 0 0 0 0 0 -23 -1 -22 -2 -25 -1 -25 -3 -26 -3 -22 -4 -23 -5 -22 -5 -23 -6 -23 -7 -24 -8 -25 -7 -24 -8 -23 -8 -21 -9 -25 -8 -20 -8 -21 -8 -20 -7 -20 -8 -19 -8 -20 -8 -18 -9 -20 -8 -21 -9 -19 -6 0 0 -19 -6 -20 -5 -19 -5 -19 -4 -17 -6 -19 -4 -19 -5 -17 -4 -18 -3 -17 -1 -17 -1 -17 -3 -17 -2 -16 -1 -17 -1 -16 1 -19 0 -15 1 -15 1 -14 2 -16 1 -16 1 -17 1 -15 2 -15 1 -14 2 0 0 0 0 0 0 0 0 0 0 -1 -1 -1 -1 20 14 22 13 22 11 21 7 13 15 13 13 14 13 13 13 14 12 11 11 14 10 13 10 15 9 14 11 14 11 14 9 15 10 14 9 12 9 14 7 14 5 14 7 12 4 13 7 12 7 13 6 12 6 13 5 13 7 13 5 14 0 12 4 12 5 11 4 12 3 10 4 11 4 10 3 9 4 9 3 9 3 8 4 8 4 7 4 6 3 6 2 5 2 6 3 4 2 4 1 3 2 3 1 2 1 2 1 1 1 1 0 1 -1 0 0 -1 -1 -1 -1 -1 -1 -1 -1 -1 -1 -1 -1 -1 -1 0 0 0 0 -1 -1 -39 10 -37 9 -40 11 -40 8 -43 9 -38 6 -42 7 -38 5 -43 7 -43 0 -45 -1 -43 0 -45 2 -44 0 -38 -3 -41 1 -37 1 -41 1 -35 1 -38 -1 -35 -2 -38 1 -36 -2 -37 -1 -39 -4 -35 0 -35 10 -34 0 -34 3 -32 4 -32 4 -31 3 -32 5 -32 4 -30 6 -31 7 -30 6 -30 7 -30 5 -29 9 -28 7 -26 12 -25 10 -29 13 -23 10 -22 12 -23 13 -22 11 -23 13 -26 11 -24 12 -23 11 -23 11 -18 21 -17 23 -16 21 -12 25 -1 -1 ]
CSI_DATA,STA,08:3A:F2:51:5D:9D,-51,11,1,1,1,1,1,0,0,0,0,-93,0,6,1,6249725,0,110,0,0,6.460261,384,[110 96 6 0 0 0 0 0 0 0 0 0 5 -23 4 -22 5 -24 7 -25 7 -24 7 -21 8 -22 8 -21 8 -22 9 -22 10 -23 10 -23 10 -22 11 -22 11 -20 10 -23 10 -19 10 -19 9 -19 9 -18 9 -18 9 -19 10 -17 9 -18 10 -20 8 -18 0 0 8 -18 6 -19 6 -19 5 -18 6 -17 5 -18 6 -18 4 -17 4 -18 2 -17 2 -17 3 -16 2 -17 1 -17 2 -17 0 -16 0 -18 -1 -15 -1 -16 -2 -14 -1 -16 -1 -16 -1 -16 -3 -15 -1 -15 -2 -14 0 0 0 0 0 0 0 0 0 0 -1 -1 -1 -1 -12 22 -12 23 -8 22 -6 21 -15 13 -13 12 -12 15 -13 14 -11 14 -11 12 -10 14 -9 13 -9 14 -10 14 -12 14 -9 14 -9 15 -9 14 -9 12 -6 13 -5 13 -6 14 -4 12 -6 13 -6 11 -4 13 -7 13 -5 14 -6 13 -5 13 -1 14 -5 12 -4 12 -3 11 -4 12 -4 10 -3 11 -3 10 -3 9 -3 9 -4 9 -4 8 -4 8 -3 7 -3 6 -3 6 -3 5 -2 6 -3 4 -2 4 -2 3 -2 3 -1 2 -1 2 -1 1 -2 1 -1 0 0 0 -1 -1 -1 -1 -1 -1 -1 -1 -1 -1 -1 -1 -1 -1 0 0 0 0 -1 -1 -8 -38 -7 -35 -9 -39 -6 -38 -8 -41 -4 -35 -6 -40 -3 -36 -6 -41 1 -41 2 -42 1 -42 -1 -43 1 -41 3 -36 0 -38 -1 -36 -1 -39 0 -32 1 -36 2 -33 -2 -35 2 -35 1 -36 4 -37 0 -34 -12 -35 0 -32 -3 -32 -4 -30 -5 -31 -4 -29 -6 -30 -4 -30 -7 -28 -9 -30 -8 -29 -8 -29 -6 -28 -9 -28 -8 -27 -13 -25 -11 -24 -14 -27 -10 -22 -13 -21 -14 -22 -12 -21 -15 -21 -13 -24 -13 -23 -12 -22 -13 -22 -23 -15 -25 -14 -23 -14 -28 -9 -1 -1 ]
CSI_DATA,STA,08:3A:F2:51:5D:9D,-51,11,1,1,1,1,1,0,0,0,0,-93,0,6,1,6250139,0,110,0,0,6.470879,384,[110 96 6 0 0 0 0 0 0 0 0 0 19 -13 18 -12 20 -14 22 -13 21 -12 19 -10 20 -11 19 -10 20 -10 21 -9 23 -9 23 -9 22 -9 22 -7 20 -6 23 -9 20 -7 20 -6 19 -7 19 -7 19 -6 19 -7 18 -5 19 -7 20 -7 18 -8 0 0 17 -8 17 -9 17 -9 16 -10 16 -7 16 -9 17 -9 14 -9 15 -10 12 -10 13 -11 13 -9 13 -10 12 -11 12 -11 11 -12 12 -13 9 -12 10 -12 8 -12 10 -12 10 -12 10 -12 8 -13 10 -11 8 -11 0 0 0 0 0 0 0 0 0 0 -1 -1 -1 -1 -24 6 -26 6 -23 9 -20 10 -21 0 -19 0 -20 1 -20 0 -19 2 -17 1 -18 3 -17 3 -18 3 -18 3 -19 2 -17 4 -18 5 -17 3 -15 2 -15 5 -14 6 -16 6 -13 5 -15 5 -14 4 -13 5 -14 4 -13 6 -15 4 -13 7 -10 11 -12 5 -13 6 -11 5 -12 6 -11 4 -11 5 -11 4 -10 4 -10 4 -9 4 -9 4 -9 2 -8 2 -8 2 -7 3 -7 2 -7 3 -5 2 -5 1 -4 1 -4 1 -3 0 -3 0 -2 0 -2 0 -1 0 0 0 -1 -1 -1 -1 -1 -1 -1 -1 -1 -1 -1 -1 -1 -1 0 0 0 0 -1 -1 20 -32 21 -30 21 -34 23 -31 24 -34 22 -27 25 -31 24 -28 26 -33 30 -29 31 -29 29 -29 29 -31 30 -28 27 -23 27 -27 25 -26 27 -28 23 -23 27 -24 25 -22 24 -26 26 -23 25 -25 29 -23 23 -25 15 -32 22 -23 21 -24 19 -24 18 -25 19 -24 18 -26 18 -24 16 -25 15 -27 14 -25 15 -26 15 -24 13 -26 13 -25 9 -26 9 -25 9 -29 7 -23 6 -24 6 -25 6 -24 5 -25 8 -26 7 -25 6 -24 6 -25 -4 -26 -7 -28 -5 -27 -11 -26 -1 -1 ]
CSI_DATA,STA,08:3A:F2:51:5D:9D,-51,11,1,1,1,1,1,0,0,0,0,-93,0,6,1,6250607,0,110,0,0,6.481424,384,[110 96 6 0 0 0 0 0 0 0 0 0 15 16 15 16 16 16 15 19 15 18 12 17 13 18 12 17 12 18 12 19 12 20 13 21 12 20 11 20 9 19 12 21 10 18 9 18 9 18 9 18 9 18 9 18 7 17 9 17 10 19 10 16 0 0 10 16 11 15 11 15 11 14 9 14 11 14 11 15 11 12 12 12 11 10 12 11 11 11 12 11 12 10 12 10 13 9 14 10 12 7 12 7 12 6 12 8 13 8 13 8 13 6 12 7 11 6 0 0 0 0 0 0 0 0 0 0 -1 -1 -1 -1 3 -25 2 -27 -1 -25 -2 -22 2 -22 1 -21 0 -22 1 -22 -1 -21 0 -19 -2 -20 -1 -18 -3 -20 -2 -20 -1 -19 -3 -19 -4 -20 -4 -19 -2 -17 -5 -18 -6 -17 -5 -17 -7 -16 -5 -16 -4 -16 -6 -16 -4 -16 -7 -15 -5 -16 -6 -15 -7 -13 -5 -14 -6 -14 -6 -13 -6 -13 -5 -13 -5 -13 -5 -12 -5 -11 -5 -11 -4 -11 -4 -10 -3 -10 -3 -10 -3 -9 -3 -8 -3 -7 -4 -7 -2 -6 -2 -5 -2 -4 -1 -4 -1 -4 -1 -3 -1 -3 -1 -2 -1 -2 0 0 -1 -1 -1 -1 -1 -1 -1 -1 -1 -1 -1 -1 -1 -1 0 0 0 0 -1 -1 31 25 30 25 33 27 31 29 32 30 27 27 30 30 27 29 31 32 26 34 26 36 27 34 28 35 27 36 21 33 25 33 25 31 25 33 23 28 22 31 21 30 23 30 20 30 22 29 20 33 22 27 24 25 21 27 23 25 24 24 23 22 23 23 24 22 23 22 24 20 25 20 24 18 25 19 24 20 26 18 25 16 26 13 25 13 29 14 23 11 25 10 25 10 25 9 26 9 26 11 25 10 24 10 24 9 25 6 28 3 27 4 27 0 -1 -1 ]
CSI_DATA,STA,08:3A:F2:51:5D:9D,-51,11,1,1,1,1,1,0,0,0,0,-93,0,6,1,6251057,0,110,0,0,6.491652,384,[110 96 6 0 0 0 0 0 0 0 0 0 -15 16 -15 15 -16 18 -18 17 -18 17 -16 14 -18 15 -17 13 -18 14 -19 13 -20 14 -21 14 -20 13 -20 12 -19 10 -20 14 -18 11 -19 11 -17 11 -18 11 -18 10 -18 11 -17 8 -17 10 -19 11 -16 11 0 0 -16 11 -15 12 -15 12 -14 13 -14 10 -14 12 -15 12 -12 11 -13 12 -11 12 -11 13 -11 11 -10 12 -9 12 -10 13 -8 13 -10 15 -7 13 -7 13 -6 13 -8 13 -7 13 -8 13 -6 13 -7 12 -6 12 0 0 0 0 0 0 0 0 0 0 -1 -1 -1 -1 18 -16 20 -17 17 -18 13 -18 18 -7 16 -7 16 -8 16 -7 15 -8 14 -7 14 -9 13 -8 14 -10 14 -9 15 -8 13 -9 14 -10 12 -9 12 -8 11 -10 10 -11 11 -11 8 -10 10 -9 10 -9 9 -10 10 -10 9 -11 11 -9 9 -11 4 -14 8 -10 8 -9 6 -9 7 -10 7 -8 7 -9 7 -8 6 -8 6 -8 6 -7 6 -7 6 -6 5 -6 5 -5 4 -6 4 -4 4 -5 3 -4 3 -4 3 -3 2 -3 1 -2 1 -2 0 -2 0 -1 0 -1 0 0 -1 -1 -1 -1 -1 -1 -1 -1 -1 -1 -1 -1 -1 -1 0 0 0 0 -1 -1 -9 34 -9 32 -9 36 -11 35 -12 36 -12 31 -13 35 -13 31 -13 37 -18 33 -20 34 -18 34 -18 36 -19 34 -18 29 -17 32 -15 30 -16 32 -14 27 -17 29 -16 27 -15 30 -17 27 -16 29 -20 29 -14 28 -2 35 -14 27 -12 27 -11 27 -10 27 -10 26 -9 27 -10 26 -7 26 -6 27 -7 26 -7 27 -8 26 -4 27 -5 25 0 25 -2 24 -1 27 -1 22 1 22 1 24 1 22 2 22 0 24 1 24 0 22 1 23 13 22 17 22 15 22 20 18 -1 -1 ]
CSI_DATA,STA,08:3A:F2:51:5D:9D,-46,11,0,0,0,0,0,0,0,0,0,-93,0,6,1,6253100,0,110,0,0,6.502165,128,[110 96 6 0 0 0 0 0 0 0 0 0 -6 28 -7 28 -6 31 -7 31 -8 31 -8 26 -9 29 -10 26 -9 28 -11 28 -11 30 -12 30 -11 28 -11 26 -11 24 -11 30 -11 24 -12 25 -11 24 -11 24 -10 23 -10 24 -11 21 -9 23 -9 25 -8 23 0 0 -6 23 -7 24 -5 23 -5 23 -5 20 -4 22 -4 22 -3 20 -2 22 -3 21 -2 22 -2 20 -2 20 -1 20 -1 20 -1 20 1 22 0 19 1 19 1 19 1 19 2 19 2 19 2 19 2 18 2 17 0 0 0 0 0 0 0 0 0 0 ]
CSI_DATA,STA,08:3A:F2:51:5D:9D,-45,11,0,0,0,0,0,0,0,0,0,-93,0,6,1,6339863,0,110,0,0,6.506302,128,[110 96 6 0 0 0 0 0 0 0 0 0 -23 11 -23 10 -25 11 -25 11 -25 9 -23 7 -24 8 -23 6 -25 7 -25 5 -26 7 -27 6 -25 6 -24 6 -23 4 -26 7 -23 4 -22 3 -22 4 -22 4 -21 3 -23 4 -20 2 -20 5 -22 6 -21 5 0 0 -20 6 -20 7 -19 7 -19 7 -17 6 -18 7 -18 7 -17 6 -17 8 -17 7 -17 8 -15 7 -15 8 -16 8 -15 8 -15 9 -15 10 -14 9 -14 9 -14 9 -14 8 -13 9 -13 9 -13 10 -12 9 -12 9 0 0 0 0 0 0 0 0 0 0 ]
CSI_DATA,STA,08:3A:F2:51:5D:9D,-51,11,1,1,1,1,1,0,0,0,0,-93,0,6,1,6340798,0,110,0,0,6.514708,384,[110 96 6 0 0 0 0 0 0 0 0 0 -19 -14 -18 -14 -21 -15 -20 -18 -19 -17 -16 -17 -17 -18 -16 -17 -16 -18 -16 -19 -16 -20 -16 -20 -16 -20 -15 -20 -13 -19 -16 -21 -13 -19 -12 -19 -12 -18 -12 -18 -11 -18 -12 -18 -10 -18 -12 -17 -12 -19 -12 -16 0 0 -12 -17 -14 -15 -13 -15 -14 -14 -11 -15 -13 -14 -13 -15 -12 -13 -13 -13 -13 -11 -14 -11 -12 -11 -13 -11 -13 -10 -13 -11 -14 -9 -15 -10 -13 -8 -14 -8 -13 -7 -13 -9 -14 -8 -14 -8 -14 -7 -13 -8 -13 -7 0 0 0 0 0 0 0 0 0 0 -1 -1 -1 -1 2 23 3 24 6 23 6 22 -1 21 0 19 1 19 0 20 2 18 0 17 2 19 2 17 4 18 2 17 2 18 4 17 5 17 4 17 3 15 5 15 6 14 5 15 6 12 5 14 4 13 6 13 4 13 7 13 5 13 7 13 8 11 6 12 6 11 6 11 6 11 5 10 5 10 5 10 5 9 4 9 4 9 4 9 4 8 4 7 4 6 3 6 3 6 4 5 2 5 2 4 2 4 2 3 3 2 2 2 2 1 2 1 2 0 0 0 0 0 -1 -1 -1 -1 -1 -1 -1 -1 -1 -1 0 0 0 0 -1 -1 -1 -1 -39 -17 -38 -17 -41 -18 -40 -21 -40 -22 -35 -21 -38 -23 -35 -23 -39 -25 -35 -28 -35 -30 -36 -28 -37 -29 -36 -29 -30 -28 -32 -28 -32 -26 -33 -28 -29 -24 -29 -27 -27 -26 -30 -25 -27 -26 -29 -25 -28 -29 -29 -23 -33 -18 -28 -24 -28 -21 -29 -19 -28 -19 -28 -20 -28 -19 -28 -19 -28 -17 -29 -17 -26 -15 -28 -15 -27 -16 -29 -13 -28 -13 -28 -10 -28 -10 -31 -10 -26 -8 -26 -8 -27 -7 -26 -7 -27 -6 -27 -8 -26 -7 -26 -7 -27 -7 -25 0 -29 3 -28 1 -26 6 -1 -1 ]
CSI_DATA,STA,08:3A:F2:51:5D:9D,-51,11,1,1,1,1,1,0,0,0,0,-93,0,6,1,6341094,0,110,0,0,6.526138,384,[110 96 6 0 0 0 0 0 0 0 0 0 13 -19 13 -19 14 -20 17 -21 16 -19 15 -17 16 -17 16 -16 17 -16 17 -16 19 -17 19 -17 19 -16 19 -15 19 -13 19 -16 18 -13 17 -12 17 -13 17 -12 17 -12 17 -12 16 -10 16 -12 18 -13 15 -13 0 0 15 -13 14 -13 14 -14 13 -14 14 -12 13 -13 14 -13 12 -12 12 -13 9 -13 10 -14 10 -12 10 -13 9 -14 9 -13 8 -14 9 -15 7 -14 7 -13 6 -13 8 -14 7 -13 7 -14 5 -14 7 -13 5 -13 0 0 0 0 0 0 0 0 0 0 -1 -1 -1 -1 -25 3 -25 4 -24 9 -22 6 -21 0 -21 1 -20 2 -22 1 -19 1 -18 2 -18 3 -17 3 -19 4 -17 3 -19 3 -18 5 -18 6 -17 5 -16 3 -16 5 -15 7 -15 6 -14 6 -15 5 -14 5 -14 5 -14 5 -13 7 -14 6 -13 7 -11 10 -13 7 -12 6 -12 7 -11 6 -11 5 -11 5 -11 5 -10 5 -10 5 -9 5 -9 5 -8 4 -8 4 -7 4 -7 4 -7 3 -6 3 -5 3 -5 2 -4 3 -4 2 -3 2 -3 2 -2 2 -2 2 -2 2 -1 -1 -1 -1 -1 -1 -1 -1 -1 -1 -1 -1 -1 -1 -1 -1 -1 -1 0 0 0 0 14 -39 14 -39 15 -40 18 -41 18 -39 19 -36 19 -38 19 -36 22 -39 23 -36 25 -37 23 -38 24 -39 25 -37 25 -32 25 -33 23 -34 24 -32 21 -30 24 -30 23 -29 23 -30 22 -28 22 -30 25 -30 19 -30 13 -34 20 -29 18 -28 17 -30 16 -28 17 -28 16 -28 16 -28 14 -29 14 -29 11 -27 11 -30 12 -27 10 -29 11 -29 7 -28 8 -29 8 -30 6 -27 5 -26 4 -27 5 -26 4 -27 5 -27 4 -26 4 -26 4 -28 -3 -26 -6 -28 -5 -30 -8 -27 -1 -1 ]
CSI_DATA,STA,08:3A:F2:51:5D:9D,-51,11,1,1,1,1,1,0,0,0,0,-93,0,6,1,6341562,0,110,0,0,6.536766,384,[110 96 6 0 0 0 0 0 0 0 0 0 22 6 22 6 23 6 24 9 23 9 20 9 21 10 20 10 20 11 20 11 21 12 22 12 21 12 20 13 18 13 21 13 18 12 17 12 17 12 16 12 16 12 17 13 14 12 16 12 17 13 16 10 0 0 16 10 17 9 17 9 16 8 15 9 16 8 16 9 15 7 16 7 15 5 16 5 15 6 15 5 15 4 15 5 15 3 16 4 14 2 15 2 13 1 14 3 15 2 15 2 14 0 14 2 13 1 0 0 0 0 0 0 0 0 0 0 -1 -1 -1 -1 -13 -23 -14 -22 -17 -21 -14 -18 -8 -20 -8 -19 -10 -19 -9 -20 -9 -18 -8 -16 -10 -16 -9 -15 -11 -16 -10 -16 -10 -16 -11 -15 -12 -15 -11 -14 -9 -14 -11 -13 -12 -12 -12 -13 -12 -11 -11 -12 -10 -12 -11 -11 -10 -11 -13 -10 -11 -12 -12 -10 -13 -6 -11 -10 -12 -10 -11 -9 -11 -8 -10 -9 -11 -9 -10 -8 -10 -8 -9 -7 -8 -7 -8 -7 -8 -7 -8 -7 -7 -6 -7 -5 -6 -5 -7 -5 -5 -4 -5 -4 -4 -3 -4 -3 -3 -3 -4 -2 -4 -2 -3 -1 -3 -1 0 0 0 0 -1 -1 -1 -1 -1 -1 -1 -1 -1 -1 0 0 0 0 -1 -1 -1 -1 40 0 40 1 42 1 43 4 43 4 40 5 42 6 39 7 44 7 41 11 43 12 42 10 44 10 43 12 38 13 39 12 39 10 38 12 35 10 35 13 34 13 36 11 33 13 35 11 36 15 34 9 35 2 33 10 32 8 33 7 31 6 31 6 32 6 31 6 31 4 32 3 29 2 31 1 29 3 31 0 30 1 28 -3 28 -3 30 -3 26 -3 26 -4 26 -4 25 -4 26 -5 27 -4 26 -5 25 -4 25 -4 22 -11 24 -15 24 -14 21 -16 -1 -1 ]
CSI_DATA,STA,08:3A:F2:51:5D:9D,-51,11,1,1,1,1,1,0,0,0,0,-93,0,6,1,6341962,0,110,0,0,6.547019,384,[110 96 6 0 0 0 0 0 0 0 0 0 4 23 3 22 4 24 2 26 2 25 0 22 0 23 -1 22 -1 23 -2 23 -3 25 -2 25 -3 24 -4 24 -5 22 -3 24 -4 21 -5 21 -4 21 -4 20 -5 20 -4 21 -6 19 -4 20 -5 21 -3 19 0 0 -3 20 -1 19 -1 19 0 18 -3 17 -1 18 -2 19 0 17 0 18 1 16 2 16 0 16 1 16 2 15 2 16 3 15 3 17 4 14 4 14 4 13 3 14 4 14 4 15 5 14 3 14 4 12 0 0 0 0 0 0 0 0 0 0 -1 -1 -1 -1 11 -23 11 -23 8 -23 6 -22 13 -17 11 -16 10 -17 11 -17 10 -16 9 -14 9 -17 8 -15 8 -17 8 -16 9 -16 7 -16 7 -17 6 -16 7 -15 5 -16 3 -16 5 -16 2 -14 3 -15 4 -14 3 -15 4 -14 2 -15 4 -15 2 -15 -2 -16 2 -14 1 -13 1 -13 1 -14 1 -12 1 -12 1 -12 1 -11 1 -11 1 -11 1 -10 1 -10 0 -9 1 -9 0 -8 0 -8 -1 -8 0 -7 0 -6 0 -6 -1 -5 -1 -4 -1 -4 -2 -4 -1 -3 -2 -3 0 0 0 0 -1 -1 -1 -1 -1 -1 -1 -1 -1 -1 0 0 0 0 -1 -1 -1 -1 18 36 16 36 18 38 15 39 15 41 12 37 14 40 11 37 14 42 8 42 6 44 8 43 9 44 7 43 3 39 7 39 7 38 7 40 6 35 4 38 4 35 7 37 3 36 5 37 2 39 6 35 14 33 5 34 7 32 8 32 9 31 8 30 9 31 8 30 10 28 12 29 10 27 11 28 9 28 13 27 12 26 14 23 14 23 16 25 13 21 15 20 15 21 14 20 16 20 15 22 15 21 14 21 15 21 21 15 25 14 23 13 26 9 -1 -1 ]
CSI_DATA,STA,08:3A:F2:51:5D:9D,-51,11,1,1,1,1,1,0,0,0,0,-93,0,6,1,6342268,0,110,0,0,6.556846,384,[110 96 6 0 0 0 0 0 0 0 0 0 -18 15 -18 14 -19 16 -21 15 -21 14 -19 12 -21 12 -20 11 -21 11 -21 11 -23 11 -23 12 -22 11 -22 10 -21 8 -23 11 -20 9 -21 8 -20 8 -20 8 -20 7 -20 8 -19 6 -19 8 -21 8 -18 9 0 0 -18 9 -17 10 -17 10 -16 11 -16 8 -16 10 -17 10 -14 9 -15 10 -12 11 -13 12 -13 10 -12 11 -11 11 -12 11 -11 12 -12 13 -9 12 -9 12 -8 12 -10 12 -9 11 -9 12 -8 12 -9 11 -7 11 0 0 0 0 0 0 0 0 0 0 -1 -1 -1 -1 24 -5 24 -7 23 -10 20 -9 20 -1 19 -2 19 -3 19 -2 18 -3 17 -2 18 -5 16 -4 18 -5 17 -5 17 -5 16 -6 17 -7 16 -6 15 -5 15 -7 14 -8 14 -7 12 -7 14 -7 13 -6 13 -7 13 -7 12 -9 13 -7 12 -9 9 -11 11 -8 10 -8 10 -8 10 -9 9 -7 10 -7 9 -7 8 -7 8 -7 8 -7 8 -7 8 -6 7 -5 6 -6 5 -6 5 -5 5 -5 4 -4 3 -4 3 -4 3 -5 1 -4 1 -3 1 -3 1 -3 1 -3 -1 -1 -1 -1 -1 -1 -1 -1 -1 -1 -1 -1 -1 -1 -1 -1 -1 -1 0 0 0 0 -19 34 -19 33 -20 35 -23 35 -24 35 -23 30 -25 34 -25 30 -27 35 -29 30 -30 31 -28 32 -29 34 -30 32 -29 26 -28 28 -26 28 -28 29 -25 25 -28 25 -27 24 -26 27 -26 24 -25 26 -29 25 -23 26 -15 33 -24 25 -22 25 -20 26 -19 26 -20 25 -19 25 -19 25 -17 25 -17 26 -14 25 -15 26 -16 25 -13 27 -13 26 -10 26 -10 26 -10 28 -9 24 -7 24 -7 25 -7 24 -6 24 -8 25 -7 25 -6 24 -6 25 2 26 6 28 5 27 8 26 -1 -1 ]
CSI_DATA,STA,08:3A:F2:51:5D:9D,-51,11,1,1,1,1,1,0,0,0,0,-93,0,6,1,6342571,0,110,0,0,6.567359,384,[110 96 6 0 0 0 0 0 0 0 0 0 -23 -5 -23 -5 -25 -5 -25 -8 -25 -8 -22 -8 -23 -9 -21 -9 -22 -10 -22 -11 -23 -12 -23 -12 -22 -12 -22 -13 -19 -13 -22 -12 -19 -12 -19 -12 -18 -11 -18 -11 -18 -12 -19 -12 -16 -12 -18 -11 -19 -13 -18 -10 0 0 -18 -10 -18 -9 -18 -9 -18 -8 -16 -9 -17 -8 -18 -9 -16 -7 -17 -7 -16 -5 -17 -5 -16 -6 -16 -6 -16 -4 -16 -5 -17 -3 -18 -4 -15 -2 -15 -2 -14 -1 -16 -3 -15 -3 -16 -3 -15 -1 -15 -2 -14 -1 0 0 0 0 0 0 0 0 0 0 -1 -1 -1 -1 20 15 20 14 21 10 20 8 11 15 10 13 11 13 11 14 11 12 10 11 11 11 11 10 13 10 12 11 11 12 12 10 13 10 12 10 10 10 12 7 12 6 12 7 11 5 11 7 10 7 11 6 10 7 12 6 12 7 12 5 14 0 11 4 11 5 10 4 10 3 10 4 10 4 9 4 8 3 8 3 8 3 8 4 7 4 7 3 6 3 6 1 5 2 6 2 4 1 4 0 4 1 3 0 3 0 3 0 2 -1 2 -1 2 -1 0 0 0 0 -1 -1 -1 -1 -1 -1 -1 -1 -1 -1 0 0 0 0 -1 -1 -1 -1 -39 7 -37 6 -41 7 -41 4 -42 4 -38 2 -41 3 -38 1 -43 3 -42 -3 -43 -5 -42 -3 -44 -2 -43 -4 -37 -6 -39 -4 -37 -2 -39 -3 -34 -3 -36 -5 -34 -5 -36 -2 -34 -6 -36 -5 -37 -8 -34 -3 -36 10 -33 -3 -32 -1 -32 0 -31 0 -31 -1 -31 1 -31 0 -30 2 -30 3 -28 3 -30 4 -29 2 -29 5 -28 4 -25 8 -26 7 -28 8 -23 7 -22 8 -23 9 -22 8 -23 9 -25 8 -24 8 -23 8 -23 9 -17 19 -18 22 -17 21 -13 25 -1 -1 ]
CSI_DATA,STA,08:3A:F2:51:5D:9D,-51,11,1,1,1,1,1,0,0,0,0,-93,0,6,1,6351120,0,110,0,0,6.577754,384,[110 96 6 0 0 0 0 0 0 0 0 0 -3 21 -3 20 -3 22 -5 23 -5 22 -5 19 -6 21 -6 20 -7 20 -8 20 -9 21 -9 22 -9 20 -9 20 -10 18 -9 21 -9 18 -9 18 -8 17 -8 17 -9 16 -9 18 -10 15 -9 16 -10 18 -8 16 0 0 -8 16 -6 17 -6 17 -5 17 -7 15 -6 16 -6 16 -5 15 -4 16 -3 15 -3 15 -4 14 -3 15 -2 14 -3 14 -1 14 -2 16 0 13 0 14 0 13 -1 14 -1 13 0 14 1 13 -1 13 0 12 0 0 0 0 0 0 0 0 0 0 -1 -1 -1 -1 13 -19 12 -20 10 -20 8 -20 14 -12 12 -12 12 -13 13 -12 11 -12 11 -11 10 -13 9 -12 9 -14 10 -13 10 -13 9 -13 8 -14 8 -13 8 -11 7 -13 6 -13 6 -13 4 -12 6 -12 6 -12 5 -12 6 -12 4 -13 6 -12 4 -13 0 -14 4 -12 3 -12 3 -11 3 -11 3 -10 3 -11 2 -10 2 -10 2 -10 2 -9 3 -9 3 -8 2 -8 2 -7 1 -7 1 -6 0 -7 1 -6 1 -5 1 -5 0 -5 -1 -4 -1 -4 -1 -4 -1 -3 -1 -3 0 0 0 0 -1 -1 -1 -1 -1 -1 -1 -1 -1 -1 0 0 0 0 -1 -1 -1 -1 7 36 6 35 7 38 5 38 5 39 2 35 3 38 3 35 3 40 -2 39 -4 40 -2 39 -1 41 -3 39 -5 34 -2 37 -2 35 -2 37 -2 31 -4 34 -4 32 -2 34 -5 32 -3 33 -6 34 -2 32 7 32 -2 30 -1 30 1 29 1 29 1 28 2 29 2 28 3 27 4 27 3 26 4 27 2 27 6 26 5 25 8 23 7 22 10 25 7 21 9 20 10 21 9 20 10 20 9 22 9 21 8 21 9 21 18 16 21 15 19 15 22 12 -1 -1 ]
CSI_DATA,STA,08:3A:F2:51:5D:9D,-51,11,1,1,1,1,1,0,0,0,0,-93,0,6,1,6351745,0,110,0,0,6.587686,384,[110 96 6 0 0 0 0 0 0 0 0 0 -20 -14 -20 -14 -22 -15 -21 -17 -21 -17 -18 -16 -19 -17 -17 -16 -18 -17 -17 -18 -17 -20 -18 -20 -17 -20 -16 -20 -14 -19 -18 -20 -14 -18 -15 -18 -14 -17 -15 -17 -13 -17 -15 -17 -12 -17 -14 -17 -15 -19 -14 -16 0 0 -14 -15 -16 -14 -15 -14 -16 -13 -13 -14 -15 -13 -15 -14 -14 -11 -16 -12 -15 -9 -16 -10 -14 -11 -15 -10 -15 -9 -15 -9 -16 -7 -17 -8 -15 -6 -15 -6 -14 -5 -15 -6 -15 -6 -16 -6 -16 -5 -14 -6 -14 -5 0 0 0 0 0 0 0 0 0 0 -1 -1 -1 -1 18 18 19 19 19 15 19 11 8 17 7 15 9 16 8 16 9 15 7 13 10 13 9 12 11 12 10 14 9 14 10 12 11 13 10 12 8 11 11 10 11 8 12 10 10 7 11 9 9 9 11 8 10 9 11 8 11 9 11 7 14 3 10 6 10 7 10 6 10 5 9 6 10 5 9 5 8 5 9 4 8 4 8 5 7 5 7 4 6 4 6 3 5 2 6 3 4 2 4 1 4 1 3 1 3 1 3 1 3 0 2 0 2 -1 0 0 0 0 -1 -1 -1 -1 -1 -1 -1 -1 -1 -1 0 0 0 0 0 0 -1 -1 -39 -5 -37 -6 -41 -5 -39 -8 -42 -7 -36 -9 -40 -9 -36 -9 -41 -9 -39 -15 -40 -17 -39 -15 -41 -14 -39 -16 -33 -16 -36 -14 -34 -12 -38 -13 -31 -12 -35 -14 -31 -13 -34 -11 -32 -14 -33 -14 -34 -17 -33 -12 -38 1 -31 -12 -31 -10 -30 -8 -30 -8 -30 -7 -31 -6 -30 -7 -30 -5 -31 -3 -29 -4 -30 -4 -29 -5 -29 -2 -28 -2 -27 2 -26 1 -30 3 -24 2 -24 4 -25 4 -24 3 -24 5 -27 3 -26 3 -25 2 -25 3 -22 17 -23 19 -21 18 -18 23 -1 -1 ]
CSI_DATA,STA,08:3A:F2:51:5D:9D,-51,11,1,1,1,1,1,0,0,0,0,-93,0,6,1,6352150,0,110,0,0,6.598400,384,[110 96 6 0 0 0 0 0 0 0 0 0 -7 -24 -6 -23 -8 -25 -6 -27 -5 -26 -4 -23 -3 -25 -3 -24 -3 -25 -2 -25 -1 -26 -2 -27 -1 -26 0 -25 1 -24 -1 -26 0 -23 1 -23 0 -22 0 -22 0 -21 0 -23 2 -20 0 -22 0 -23 -1 -21 0 0 -1 -21 -3 -21 -3 -21 -4 -20 -1 -19 -3 -19 -3 -20 -4 -18 -4 -19 -5 -16 -6 -17 -4 -17 -5 -17 -6 -16 -6 -16 -7 -16 -8 -17 -8 -14 -8 -15 -8 -13 -7 -15 -8 -14 -8 -15 -9 -13 -7 -14 -8 -12 0 0 0 0 0 0 0 0 0 0 -1 -1 -1 -1 -7 25 -6 25 -4 25 -1 23 -10 19 -9 18 -7 19 -9 19 -7 18 -7 16 -6 18 -5 16 -5 18 -5 17 -6 18 -4 17 -3 18 -3 17 -4 15 -2 16 0 16 -2 16 1 14 -1 15 -2 14 0 15 -2 15 1 15 -1 15 0 15 4 14 1 14 1 13 2 13 1 13 1 12 1 12 1 12 1 11 1 11 0 10 0 11 0 10 1 9 1 8 1 8 0 7 1 7 0 6 1 5 1 5 1 4 1 3 1 3 1 2 1 2 1 2 0 0 0 0 -1 -1 -1 -1 -1 -1 -1 -1 -1 -1 0 0 0 0 0 0 -1 -1 -24 -36 -23 -35 -25 -38 -23 -38 -23 -40 -19 -37 -21 -39 -18 -37 -21 -41 -15 -42 -15 -45 -16 -43 -18 -44 -15 -44 -11 -39 -14 -40 -15 -38 -15 -40 -13 -35 -12 -38 -11 -35 -14 -37 -10 -36 -13 -37 -10 -39 -13 -34 -22 -32 -12 -34 -15 -32 -15 -31 -15 -30 -15 -30 -16 -30 -16 -29 -17 -27 -19 -28 -18 -26 -19 -27 -16 -27 -19 -26 -19 -25 -21 -22 -20 -22 -23 -24 -19 -19 -20 -18 -21 -18 -20 -18 -22 -17 -22 -20 -21 -19 -20 -18 -21 -18 -26 -10 -29 -9 -28 -8 -29 -4 -1 -1 ]
CSI_DATA,STA,08:3A:F2:51:5D:9D,-51,11,1,1,1,1,1,0,0,0,0,-93,0,6,1,6575040,0,110,0,0,6.741571,384,[110 96 6 0 0 0 0 0 0 0 0 0 -7 22 -7 21 -7 24 -9 24 -9 24 -9 20 -10 22 -10 20 -10 21 -12 21 -14 21 -13 22 -13 21 -14 20 -13 17 -13 22 -12 18 -13 18 -12 17 -12 17 -12 16 -12 18 -13 15 -12 16 -13 18 -10 16 0 0 -10 16 -9 17 -9 17 -8 17 -9 15 -8 16 -9 17 -7 15 -7 16 -5 15 -5 16 -6 15 -5 15 -4 15 -5 15 -3 15 -4 17 -2 14 -2 15 -1 14 -2 15 -2 15 -2 15 0 15 -3 14 -1 13 0 0 0 0 0 0 0 0 0 0 -1 -1 -1 -1 14 -21 14 -23 10 -23 9 -21 16 -13 13 -12 14 -14 14 -13 13 -13 12 -12 12 -13 11 -13 11 -14 11 -14 12 -13 11 -14 10 -15 10 -14 9 -12 8 -13 7 -14 8 -14 6 -13 7 -13 8 -12 6 -13 7 -13 5 -14 7 -13 5 -14 0 -15 5 -12 5 -12 4 -11 4 -12 3 -11 4 -11 3 -10 2 -10 4 -10 3 -9 3 -9 3 -8 2 -8 2 -7 1 -7 1 -6 0 -7 1 -5 0 -6 0 -5 -1 -5 -2 -5 -1 -4 -2 -4 -2 -4 -2 -4 -1 -1 -1 -1 -1 -1 -1 -1 -1 -1 -1 -1 -1 -1 -1 -1 -1 -1 -1 -1 0 0 5 38 4 36 5 40 2 39 2 42 0 37 0 41 -1 37 -1 42 -6 41 -7 42 -5 41 -4 43 -6 41 -8 35 -6 39 -4 36 -5 38 -5 32 -7 35 -7 33 -5 35 -8 33 -5 34 -9 35 -4 32 8 34 -4 31 -3 31 -1 30 -1 30 -1 29 0 30 -1 30 2 28 2 30 2 27 3 28 1 28 5 27 4 26 7 25 7 24 8 27 6 22 9 22 9 23 8 21 10 22 8 24 9 23 8 22 9 23 19 18 23 17 21 16 24 12 -1 -1 ]
CSI_DATA,STA,08:3A:F2:51:5D:9D,-51,11,1,1,1,1,1,0,0,0,0,-93,0,6,1,6580429,0,110,0,0,6.752424,384,[110 96 6 0 0 0 0 0 0 0 0 0 22 -2 21 -1 24 -2 24 0 24 0 21 1 23 2 21 2 22 2 22 3 23 4 24 4 23 4 22 5 20 6 23 4 19 5 20 5 19 4 19 5 19 5 20 5 17 6 19 4 20 5 18 3 0 0 18 3 18 2 18 2 17 0 16 3 17 1 18 2 16 0 17 0 15 -2 15 -2 15 0 16 -1 15 -2 15 -2 14 -4 16 -3 13 -4 14 -4 12 -5 14 -4 14 -4 14 -4 13 -5 13 -4 12 -5 0 0 0 0 0 0 0 0 0 0 -1 -1 -1 -1 -24 -9 -24 -9 -24 -6 -22 -4 -17 -12 -16 -10 -17 -11 -17 -11 -17 -10 -15 -9 -16 -8 -15 -7 -17 -8 -17 -8 -16 -9 -16 -7 -17 -7 -16 -7 -14 -7 -15 -5 -15 -4 -16 -5 -14 -3 -15 -5 -14 -5 -14 -4 -14 -4 -15 -3 -15 -5 -14 -2 -14 1 -13 -3 -13 -3 -12 -2 -12 -2 -11 -2 -12 -2 -11 -2 -11 -2 -10 -1 -10 -1 -9 -2 -9 -3 -8 -2 -8 -2 -7 -1 -6 -1 -6 -1 -5 0 -5 -1 -4 0 -4 1 -4 0 -3 0 -3 0 -2 1 -2 2 -1 -1 -1 -1 -1 -1 -1 -1 -1 -1 -1 -1 -1 -1 -1 -1 -1 -1 -1 -1 0 0 34 -18 33 -17 36 -18 36 -15 38 -16 34 -13 37 -14 35 -12 39 -14 39 -9 41 -7 39 -9 40 -11 40 -8 35 -5 37 -8 35 -8 37 -8 31 -7 34 -6 33 -5 34 -8 33 -5 33 -7 35 -5 31 -8 30 -17 30 -7 30 -8 29 -9 27 -10 27 -10 28 -11 27 -10 26 -12 27 -13 24 -13 25 -13 25 -11 25 -14 24 -13 21 -16 21 -15 22 -18 18 -14 18 -16 18 -17 17 -16 18 -17 19 -17 19 -17 18 -16 18 -17 11 -22 11 -26 10 -25 6 -27 -1 -1 ]
CSI_DATA,STA,08:3A:F2:51:5D:9D,-51,11,1,1,1,1,1,0,0,0,0,-93,0,6,1,6580761,0,110,0,0,6.762913,384,[110 96 6 0 0 0 0 0 0 0 0 0 19 11 18 10 21 11 20 13 20 13 17 12 18 13 17 13 17 14 17 15 17 17 17 16 16 16 16 16 14 15 17 16 14 14 14 15 14 14 14 14 13 14 14 14 11 14 13 14 14 15 13 12 0 0 13 12 14 11 14 11 14 10 12 11 14 10 14 11 13 9 14 9 13 7 14 8 13 8 13 7 13 6 13 6 14 5 15 6 13 4 13 4 13 3 13 4 13 4 14 4 13 3 13 4 12 3 0 0 0 0 0 0 0 0 0 0 -1 -1 -1 -1 -15 -20 -15 -20 -17 -18 -17 -15 -8 -19 -8 -18 -10 -18 -8 -18 -9 -17 -8 -16 -10 -16 -9 -14 -11 -15 -9 -16 -9 -17 -10 -14 -12 -15 -10 -14 -8 -13 -10 -12 -11 -11 -11 -12 -11 -10 -11 -12 -10 -11 -11 -11 -9 -11 -11 -10 -10 -12 -11 -10 -13 -6 -10 -9 -10 -9 -10 -8 -9 -8 -9 -8 -9 -7 -9 -7 -8 -7 -8 -7 -7 -6 -7 -6 -7 -6 -7 -6 -6 -5 -5 -4 -5 -4 -6 -4 -4 -3 -4 -2 -4 -2 -3 -2 -3 -1 -3 -1 -3 -1 -2 0 -2 1 -1 -1 0 0 0 0 -1 -1 -1 -1 -1 -1 0 0 0 0 -1 -1 -1 -1 -1 -1 38 6 36 7 40 6 39 9 40 9 36 10 40 11 36 11 40 11 37 16 38 18 37 16 39 16 37 18 32 17 35 15 33 13 35 14 30 12 32 16 29 14 32 13 29 16 31 14 32 17 30 13 34 4 29 12 29 10 29 9 28 8 28 8 29 7 28 8 27 5 29 4 27 4 28 4 28 6 28 2 27 3 26 -1 25 -1 29 -2 23 -2 24 -3 24 -4 23 -3 24 -4 25 -3 25 -3 23 -2 23 -3 22 -12 23 -15 22 -14 20 -20 -1 -1 ]
CSI_DATA,STA,08:3A:F2:51:5D:9D,-51,11,1,1,1,1,1,0,0,0,0,-93,0,6,1,6581121,0,110,0,0,6.773214,384,[110 96 6 0 0 0 0 0 0 0 0 0 -9 20 -10 20 -10 22 -13 22 -12 21 -12 18 -13 20 -12 18 -12 19 -14 18 -15 19 -15 19 -15 19 -15 18 -15 16 -15 19 -13 16 -14 16 -13 16 -13 15 -13 15 -13 16 -13 13 -13 15 -14 16 -11 15 0 0 -11 15 -10 16 -10 16 -8 16 -10 14 -8 16 -9 16 -7 14 -7 15 -5 14 -6 15 -6 14 -5 15 -4 15 -5 15 -3 15 -3 16 -2 14 -2 14 -1 13 -2 14 -2 14 -2 14 0 14 -2 14 -1 13 0 0 0 0 0 0 0 0 0 0 -1 -1 -1 -1 15 -19 15 -20 12 -21 10 -20 16 -12 14 -12 13 -14 14 -13 13 -14 12 -11 12 -13 11 -13 11 -15 11 -13 13 -13 11 -14 11 -15 10 -14 10 -12 9 -14 7 -14 8 -14 5 -12 7 -13 7 -12 6 -13 7 -13 5 -14 7 -13 5 -13 1 -14 5 -12 4 -12 3 -11 3 -12 3 -10 3 -11 3 -10 3 -9 3 -10 3 -9 3 -9 3 -8 2 -8 2 -7 1 -7 1 -6 0 -6 1 -5 1 -5 0 -4 -1 -4 -1 -3 -1 -3 -2 -2 -1 -3 -2 -2 -1 -1 -1 -1 -1 -1 -1 -1 -1 -1 -1 -1 -1 -1 -1 -1 -1 -1 -1 -1 0 0 -2 39 -4 36 -2 40 -5 39 -5 42 -7 36 -7 40 -7 36 -7 41 -12 39 -14 40 -12 39 -11 41 -12 40 -13 34 -11 37 -9 35 -10 37 -9 31 -11 34 -11 31 -9 34 -11 32 -10 32 -13 34 -9 32 1 35 -8 31 -6 30 -5 29 -4 29 -4 29 -2 30 -4 29 -1 28 0 30 0 27 0 29 -2 28 2 28 2 27 5 25 4 25 7 27 5 22 7 23 7 23 7 22 9 22 7 24 7 23 7 23 7 23 16 19 19 20 18 18 22 15 -1 -1 ]
CSI_DATA,STA,08:3A:F2:51:5D:9D,-51,11,1,1,1,1,1,0,0,0,0,-93,0,6,1,6581601,0,110,0,0,6.783608,384,[110 96 6 0 0 0 0 0 0 0 0 0 -22 6 -22 5 -24 7 -25 5 -25 4 -22 3 -24 3 -22 2 -23 2 -24 1 -25 0 -25 0 -24 0 -24 -1 -22 -2 -25 0 -21 -1 -22 -1 -21 -1 -21 -1 -21 -2 -21 -1 -19 -3 -20 -2 -22 -2 -20 0 0 0 -19 0 -19 1 -19 1 -18 2 -18 0 -18 2 -19 1 -17 2 -18 3 -16 4 -16 4 -16 2 -16 3 -15 4 -15 4 -15 6 -17 6 -13 6 -13 6 -12 7 -14 6 -14 6 -14 6 -13 7 -13 6 -12 6 0 0 0 0 0 0 0 0 0 0 -1 -1 -1 -1 23 6 25 5 23 2 22 0 18 8 16 7 18 6 17 8 17 6 15 6 17 5 15 4 17 4 16 5 16 6 16 4 17 3 16 4 14 4 15 2 15 0 15 1 13 0 14 1 13 2 14 1 13 2 14 0 14 2 13 0 13 -4 12 0 12 0 12 -1 11 -1 11 0 11 0 10 0 9 -1 9 -1 8 -1 8 0 8 1 7 0 6 0 6 -1 5 -1 5 -1 3 -2 3 -2 3 -2 2 -2 2 -1 2 -1 1 -2 1 -3 1 -3 -1 -1 0 0 0 0 -1 -1 -1 -1 -1 -1 0 0 0 0 -1 -1 -1 -1 -1 -1 -33 23 -31 22 -35 24 -35 21 -36 22 -33 17 -36 20 -34 18 -38 20 -40 15 -41 14 -39 15 -41 16 -40 14 -36 10 -37 14 -35 13 -37 14 -32 11 -36 11 -33 10 -34 13 -34 9 -34 11 -37 9 -32 12 -28 20 -30 11 -30 13 -28 13 -28 14 -28 13 -28 15 -27 13 -26 15 -26 17 -24 15 -25 16 -25 14 -24 17 -23 16 -19 19 -20 17 -22 21 -17 17 -16 18 -16 19 -16 18 -16 19 -18 18 -18 18 -17 17 -17 18 -9 24 -8 27 -8 25 -4 27 -1 -1 ]
CSI_DATA,STA,08:3A:F2:51:5D:9D,-51,11,1,1,1,1,1,0,0,0,0,-93,0,6,1,6582043,0,110,0,0,6.793805,384,[110 96 6 0 0 0 0 0 0 0 0 0 -8 -23 -7 -22 -8 -24 -6 -25 -6 -25 -5 -22 -5 -24 -4 -22 -4 -23 -3 -24 -2 -25 -3 -26 -2 -25 -1 -24 0 -22 -2 -25 -1 -21 -1 -22 -2 -20 -1 -21 -1 -20 -2 -21 0 -19 -1 -20 -1 -22 -3 -19 0 0 -3 -19 -5 -19 -4 -19 -5 -19 -3 -17 -5 -18 -4 -19 -5 -16 -6 -17 -7 -15 -7 -16 -6 -15 -7 -16 -7 -14 -7 -15 -8 -14 -9 -15 -9 -12 -9 -13 -9 -11 -9 -13 -9 -12 -10 -13 -10 -11 -8 -12 -9 -11 0 0 0 0 0 0 0 0 0 0 -1 -1 -1 -1 6 22 7 25 9 22 10 19 -3 18 -2 16 -1 17 -2 17 0 17 -1 15 1 16 1 14 2 16 0 16 -1 16 1 15 2 16 2 15 0 13 3 13 4 12 4 13 4 11 4 13 2 12 4 11 3 12 4 12 3 13 4 11 9 9 3 10 4 10 4 9 4 9 4 8 5 9 3 8 3 7 3 7 3 7 2 7 2 7 2 6 2 5 2 4 2 4 3 3 1 3 2 2 1 2 1 1 1 1 1 1 2 0 1 0 1 -1 -1 -1 -1 -1 -1 -1 -1 -1 -1 -1 -1 -1 -1 -1 -1 -1 -1 -1 -1 -1 0 0 -27 -26 -24 -25 -29 -26 -25 -27 -28 -29 -23 -26 -26 -29 -22 -27 -26 -30 -21 -33 -20 -36 -21 -34 -24 -34 -22 -34 -16 -31 -21 -30 -19 -27 -22 -30 -17 -25 -19 -29 -17 -27 -20 -27 -17 -28 -18 -28 -17 -31 -18 -26 -30 -19 -18 -25 -20 -23 -19 -22 -20 -22 -19 -21 -21 -20 -19 -21 -21 -18 -23 -18 -21 -18 -22 -19 -20 -19 -22 -17 -21 -16 -22 -12 -20 -13 -25 -13 -20 -11 -21 -9 -22 -9 -20 -9 -22 -8 -23 -11 -23 -11 -21 -11 -22 -10 -26 3 -27 5 -26 4 -25 10 -1 -1 ]
CSI_DATA,STA,08:3A:F2:51:5D:9D,-51,11,1,1,1,1,1,0,0,0,0,-93,0,6,1,6582463,0,110,0,0,6.804534,384,[110 96 6 0 0 0 0 0 0 0 0 0 13 -19 13 -18 14 -20 17 -20 16 -19 15 -16 16 -17 16 -15 17 -16 17 -15 19 -16 19 -16 18 -15 19 -14 18 -12 19 -16 17 -13 17 -12 16 -12 16 -12 16 -11 17 -12 16 -10 16 -12 17 -12 15 -12 0 0 15 -13 13 -13 14 -13 12 -13 13 -11 12 -13 13 -13 11 -12 11 -13 9 -13 10 -14 10 -12 10 -13 8 -13 9 -13 7 -14 9 -15 6 -14 6 -14 5 -13 7 -14 6 -14 7 -14 5 -14 7 -13 5 -13 0 0 0 0 0 0 0 0 0 0 -1 -1 -1 -1 -22 10 -23 11 -20 12 -17 14 -21 4 -18 3 -19 5 -19 3 -18 5 -16 3 -17 6 -15 6 -17 7 -17 5 -18 5 -16 6 -17 7 -16 6 -15 5 -14 8 -13 8 -14 8 -11 7 -13 7 -12 6 -12 8 -13 6 -12 8 -13 6 -12 8 -9 11 -11 7 -11 7 -9 7 -10 7 -9 5 -9 6 -9 6 -8 5 -8 6 -8 5 -8 5 -7 4 -6 4 -6 3 -6 4 -5 3 -5 3 -4 2 -3 2 -3 2 -2 2 -1 2 -1 2 -1 2 -1 2 0 2 -1 -1 0 0 0 0 -1 -1 -1 -1 -1 -1 0 0 0 0 -1 -1 -1 -1 -1 -1 11 -39 11 -36 12 -41 14 -38 15 -40 15 -34 15 -39 15 -35 16 -40 21 -37 24 -36 22 -36 22 -38 23 -36 22 -30 20 -34 18 -32 20 -35 17 -29 20 -30 18 -28 17 -32 20 -29 19 -30 23 -30 17 -30 8 -35 16 -28 14 -28 13 -28 12 -29 12 -27 11 -29 12 -28 9 -27 8 -30 8 -28 9 -29 10 -27 7 -28 7 -27 3 -28 4 -26 3 -30 2 -24 0 -25 0 -25 1 -24 -1 -25 2 -27 2 -26 2 -25 1 -25 -10 -25 -11 -26 -11 -24 -16 -23 -1 -1 ]
CSI_DATA,STA,08:3A:F2:51:5D:9D,-51,11,1,1,1,1,1,0,0,0,0,-93,0,6,1,6582894,0,110,0,0,6.815112,384,[110 96 6 0 0 0 0 0 0 0 0 0 19 12 17 12 20 13 19 15 19 15 16 14 17 15 15 15 16 16 16 16 16 18 17 18 15 18 15 18 13 17 16 18 13 16 13 16 13 15 13 15 12 15 13 16 11 15 12 15 13 16 13 13 0 0 13 13 14 12 14 12 14 10 12 11 14 11 14 12 13 9 14 9 13 7 14 8 13 9 14 8 14 6 14 7 14 5 15 6 13 3 14 4 13 3 14 5 14 4 14 4 14 3 13 4 13 3 0 0 0 0 0 0 0 0 0 0 -1 -1 -1 -1 -20 -15 -22 -16 -22 -13 -19 -9 -11 -16 -9 -14 -12 -15 -11 -15 -11 -15 -9 -13 -11 -12 -11 -11 -12 -12 -12 -13 -11 -13 -11 -12 -13 -12 -12 -12 -10 -11 -12 -10 -12 -8 -13 -9 -11 -7 -12 -9 -10 -9 -11 -7 -11 -9 -12 -7 -12 -9 -12 -7 -15 -2 -11 -6 -11 -6 -10 -5 -11 -5 -10 -6 -11 -6 -9 -5 -9 -5 -8 -5 -8 -4 -7 -4 -7 -5 -7 -5 -7 -4 -6 -2 -5 -3 -6 -2 -4 -1 -4 -1 -4 -1 -3 -1 -3 -1 -3 -1 -3 0 -2 0 -3 1 -1 -1 -1 -1 -1 -1 -1 -1 -1 -1 -1 -1 -1 -1 -1 -1 -1 -1 -1 -1 0 0 35 2 32 3 37 2 35 5 38 4 32 6 36 6 32 5 37 6 36 11 36 13 35 11 37 10 35 11 30 13 34 10 31 9 34 8 28 8 31 10 28 9 30 8 29 10 29 9 31 12 29 8 35 -6 27 8 28 6 26 5 27 3 26 3 28 2 26 4 25 1 27 0 25 0 26 0 26 2 26 -2 25 -1 23 -5 22 -4 26 -6 20 -4 20 -7 22 -7 20 -6 21 -8 23 -7 23 -6 21 -6 21 -7 17 -19 18 -22 17 -20 12 -24 -1 -1 ]
CSI_DATA,STA,08:3A:F2:51:5D:9D,-51,11,1,1,1,1,1,0,0,0,0,-93,0,6,1,6587564,0,110,0,0,6.825416,384,[110 96 6 0 0 0 0 0 0 0 0 0 5 22 5 21 6 23 4 24 4 24 2 21 2 23 1 21 1 22 0 23 -1 24 0 24 -1 24 -1 23 -3 21 0 24 -2 20 -2 21 -1 19 -2 20 -2 19 -1 21 -3 18 -2 19 -2 21 -1 19 0 0 0 18 1 19 1 18 2 18 0 16 2 17 1 18 2 16 3 16 4 15 4 15 3 15 4 15 5 14 4 14 5 14 6 15 6 12 6 13 6 12 5 13 6 13 6 13 7 12 5 12 6 11 0 0 0 0 0 0 0 0 0 0 -1 -1 -1 -1 -4 -25 -4 -25 -7 -24 -7 -21 5 -18 3 -17 2 -18 3 -18 2 -17 3 -15 1 -17 1 -15 0 -17 1 -17 2 -17 1 -16 -1 -17 0 -16 0 -15 -1 -15 -2 -14 -2 -15 -3 -13 -2 -14 -1 -13 -3 -13 -1 -13 -3 -13 -2 -14 -3 -13 -8 -13 -3 -13 -3 -12 -3 -11 -3 -11 -3 -11 -3 -11 -3 -10 -3 -10 -2 -9 -2 -9 -2 -9 -2 -9 -2 -8 -1 -7 -2 -7 -2 -6 -3 -6 -1 -5 -2 -4 -2 -4 -2 -3 -2 -3 -2 -3 -2 -2 -1 -2 -2 -1 -1 -1 0 0 0 0 -1 -1 -1 -1 -1 -1 0 0 0 0 -1 -1 -1 -1 -1 -1 25 24 23 24 25 26 23 27 24 28 20 26 22 28 20 26 23 30 19 31 18 33 18 31 21 32 19 32 14 30 17 30 17 27 18 29 14 25 14 29 13 26 17 27 13 27 15 27 14 30 15 25 29 19 15 24 15 24 16 22 16 21 16 21 17 20 16 20 17 18 18 18 17 17 18 18 17 19 19 17 18 16 19 13 18 13 21 14 17 12 18 11 19 11 17 10 19 10 19 12 19 11 18 11 19 11 25 0 28 -2 27 -2 25 -7 -1 -1 ]
CSI_DATA,STA,08:3A:F2:51:5D:9D,-47,11,1,1,0,1,1,0,0,0,0,-93,0,6,1,6661720,0,110,0,0,6.835826,256,[110 96 6 0 0 0 0 0 0 0 0 0 -22 -10 -22 -11 -22 -11 -22 -12 -21 -12 -20 -13 -20 -13 -20 -13 -20 -14 -19 -14 -20 -14 -20 -15 -19 -14 -19 -14 -18 -14 -19 -14 -17 -14 -17 -14 -16 -14 -16 -13 -16 -13 -16 -13 -15 -12 -16 -12 -16 -12 -16 -11 0 0 -16 -11 -16 -10 -16 -9 -16 -9 -15 -8 -16 -8 -16 -8 -15 -8 -16 -7 -15 -7 -16 -6 -15 -6 -15 -6 -15 -6 -15 -5 -15 -5 -15 -4 -15 -4 -15 -4 -15 -4 -14 -3 -15 -3 -15 -3 -15 -2 -14 -2 -14 -2 0 0 0 0 0 0 0 0 0 0 -1 -1 -1 -1 -1 -1 0 0 -46 3 -46 3 -43 -6 -43 -7 -43 -11 -45 -11 -40 -12 -42 -13 -42 -12 -41 -14 -40 -15 -39 -14 -41 -14 -41 -16 -40 -14 -41 -15 -39 -16 -38 -15 -37 -17 -35 -16 -34 -15 -36 -15 -33 -16 -33 -15 -32 -13 -34 -12 -34 -12 -32 -11 -1 -1 -32 -11 -31 -9 -30 -8 -31 -9 -30 -7 -30 -7 -30 -6 -31 -6 -30 -5 -31 -2 -30 -1 -28 -3 -28 -1 -29 -2 -27 -1 -27 0 -28 1 -28 1 -28 1 -26 1 -27 3 -26 1 -25 4 -25 4 -25 4 -26 4 -22 11 -22 12 -1 -1 -1 -1 -1 -1 ]
CSI_DATA,STA,08:3A:F2:51:5D:9D,-52,11,1,1,1,1,1,0,0,0,0,-93,0,6,1,6670823,0,110,0,0,6.843826,384,[110 96 6 0 0 0 0 0 0 0 0 0 23 -1 23 -1 25 -1 25 1 25 1 22 2 23 2 22 3 23 3 23 4 24 5 24 5 23 5 23 6 21 6 24 4 21 5 20 5 20 5 19 5 19 5 20 5 18 6 19 4 21 5 19 3 0 0 19 3 18 1 18 1 18 0 17 2 18 1 18 1 16 0 17 -1 15 -2 16 -2 15 -1 15 -2 15 -3 15 -3 14 -4 15 -4 13 -5 13 -5 12 -6 13 -5 13 -5 13 -5 12 -6 12 -5 11 -6 0 0 0 0 0 0 0 0 0 0 -1 -1 -1 -1 -23 -5 -23 -3 -23 0 -20 1 -17 -7 -16 -6 -17 -6 -17 -6 -16 -5 -15 -5 -15 -3 -15 -3 -16 -3 -16 -4 -16 -4 -15 -2 -16 -1 -15 -2 -14 -2 -14 0 -14 1 -14 1 -13 1 -13 0 -12 0 -12 1 -13 1 -13 2 -13 1 -12 3 -10 7 -11 2 -11 3 -10 3 -10 3 -9 2 -9 2 -8 3 -8 2 -8 3 -7 3 -7 3 -6 2 -6 2 -5 2 -4 3 -4 3 -3 3 -3 3 -2 3 -2 3 -1 3 -1 3 0 3 0 4 0 4 0 5 -1 -1 -1 -1 -1 -1 -1 -1 -1 -1 -1 -1 -1 -1 -1 -1 -1 -1 0 0 0 0 35 -18 34 -16 37 -18 38 -16 38 -15 35 -13 38 -14 36 -12 40 -14 40 -9 41 -8 40 -10 41 -11 40 -10 36 -6 37 -8 35 -10 37 -9 32 -8 35 -6 33 -6 34 -8 32 -6 33 -8 35 -6 31 -9 28 -21 30 -8 29 -10 28 -11 27 -11 27 -11 28 -11 27 -11 25 -13 25 -13 22 -13 24 -15 24 -13 22 -15 22 -15 19 -17 19 -17 20 -19 17 -16 16 -16 16 -17 16 -16 15 -17 17 -17 16 -17 15 -17 15 -18 7 -22 5 -27 5 -25 2 -25 -1 -1 ]
CSI_DATA,STA,08:3A:F2:51:5D:9D,-52,11,1,1,1,1,1,0,0,0,0,-93,0,6,1,6671265,0,110,0,0,6.854026,384,[110 96 6 0 0 0 0 0 0 0 0 0 10 21 10 20 12 21 10 23 10 23 7 21 8 22 7 21 7 22 6 22 6 24 6 24 6 23 5 23 3 21 6 24 5 21 4 21 4 20 4 20 4 20 4 20 2 18 4 19 4 21 5 18 0 0 5 18 6 17 7 17 7 16 5 16 7 16 6 17 7 14 8 15 8 13 8 13 7 13 8 13 9 12 8 12 9 11 10 12 9 9 10 10 9 8 9 10 10 9 10 10 10 8 9 9 9 7 0 0 0 0 0 0 0 0 0 0 -1 -1 -1 -1 -2 -22 -3 -23 -5 -22 -5 -19 1 -19 0 -18 -2 -18 0 -18 -2 -18 -1 -15 -3 -17 -2 -15 -4 -17 -4 -16 -2 -16 -4 -15 -5 -16 -5 -15 -3 -14 -6 -14 -7 -13 -6 -14 -8 -11 -7 -12 -6 -12 -7 -11 -6 -12 -8 -11 -7 -12 -7 -11 -9 -9 -7 -10 -8 -9 -7 -9 -7 -9 -7 -8 -7 -8 -6 -7 -7 -7 -6 -6 -5 -6 -5 -6 -5 -5 -6 -4 -5 -4 -5 -3 -4 -2 -5 -2 -4 -1 -4 -1 -4 0 -4 0 -4 0 -5 1 -5 1 -4 2 -5 2 -1 -1 -1 -1 -1 -1 -1 -1 -1 -1 -1 -1 -1 -1 -1 -1 -1 -1 0 0 0 0 29 29 27 28 30 30 28 32 29 33 24 31 27 34 23 32 27 35 22 36 22 38 23 36 25 37 22 37 18 34 20 34 21 32 21 34 19 30 19 32 17 31 20 31 16 31 19 31 17 34 19 28 26 23 18 27 19 26 20 24 20 23 19 23 21 22 20 23 20 20 22 20 20 19 22 19 20 20 23 18 22 17 22 13 22 13 24 14 20 11 22 10 22 10 21 10 22 8 22 11 22 10 21 9 21 9 22 2 26 -1 24 0 24 -4 -1 -1 ]
CSI_DATA,STA,08:3A:F2:51:5D:9D,-52,11,1,1,1,1,1,0,0,0,0,-93,0,6,1,6671705,0,110,0,0,6.864030,384,[110 96 6 0 0 0 0 0 0 0 0 0 -18 16 -17 15 -19 17 -21 16 -21 15 -19 13 -20 14 -19 13 -20 13 -21 12 -22 12 -23 12 -22 11 -22 11 -21 9 -22 12 -20 10 -20 9 -19 9 -19 9 -19 9 -19 10 -18 7 -18 9 -20 9 -17 10 0 0 -17 10 -16 11 -16 11 -15 11 -15 9 -14 11 -15 11 -13 10 -13 11 -11 11 -11 12 -11 10 -11 11 -9 11 -10 11 -9 12 -10 13 -7 12 -7 12 -6 11 -8 12 -7 11 -7 12 -6 12 -7 11 -6 11 0 0 0 0 0 0 0 0 0 0 -1 -1 -1 -1 20 -8 20 -9 18 -12 15 -11 17 -4 15 -5 15 -6 16 -5 14 -6 13 -6 14 -7 13 -6 13 -8 13 -7 13 -7 12 -8 12 -9 11 -9 11 -7 10 -9 9 -10 10 -10 7 -9 9 -9 9 -8 8 -9 8 -9 7 -10 9 -9 7 -10 4 -12 6 -9 5 -8 5 -9 5 -10 5 -8 4 -8 4 -7 3 -7 3 -8 3 -7 3 -7 3 -6 1 -6 1 -5 0 -6 0 -5 -1 -5 -1 -5 -1 -4 -2 -4 -3 -4 -3 -3 -4 -4 -4 -3 -4 -4 -4 -4 -1 -1 -1 -1 -1 -1 -1 -1 -1 -1 -1 -1 -1 -1 -1 -1 -1 -1 0 0 0 0 -20 35 -20 34 -21 37 -23 36 -24 36 -23 32 -25 35 -23 31 -25 37 -29 31 -31 32 -29 32 -30 34 -29 32 -28 27 -27 30 -25 29 -26 30 -23 27 -27 27 -25 25 -25 28 -25 24 -25 27 -28 25 -22 26 -15 32 -22 25 -20 25 -18 26 -17 26 -17 25 -16 26 -17 25 -14 25 -14 27 -13 25 -13 26 -14 25 -11 26 -10 25 -7 25 -7 24 -7 27 -6 23 -4 23 -4 24 -4 22 -3 23 -5 24 -4 23 -4 22 -3 23 4 22 8 24 7 22 10 21 -1 -1 ]
CSI_DATA,STA,08:3A:F2:51:5D:9D,-52,11,1,1,1,1,1,0,0,0,0,-93,0,6,1,6672155,0,110,0,0,6.874583,384,[110 96 6 0 0 0 0 0 0 0 0 0 -23 -9 -22 -9 -24 -9 -24 -11 -24 -11 -20 -11 -22 -12 -20 -11 -21 -12 -21 -13 -21 -15 -22 -14 -20 -14 -20 -15 -18 -15 -21 -14 -18 -13 -18 -14 -17 -12 -17 -13 -17 -13 -18 -13 -15 -13 -17 -13 -18 -14 -17 -11 0 0 -17 -11 -17 -9 -17 -9 -17 -8 -15 -9 -17 -8 -17 -9 -16 -7 -16 -6 -15 -5 -16 -5 -15 -6 -16 -5 -15 -4 -15 -4 -15 -3 -17 -3 -14 -1 -14 -1 -13 0 -14 -2 -14 -1 -15 -1 -14 0 -14 -2 -13 0 0 0 0 0 0 0 0 0 0 0 -1 -1 -1 -1 17 13 17 12 18 10 17 7 10 12 10 11 11 11 11 11 11 10 10 9 12 8 11 8 12 7 11 8 11 8 12 6 13 7 12 6 10 6 11 4 11 3 12 4 10 2 11 4 10 4 11 2 10 3 11 2 11 3 10 1 11 -3 10 1 10 1 9 1 9 0 8 1 8 0 7 0 7 0 6 -1 5 -1 6 -1 5 0 5 -1 4 -1 3 -3 3 -2 3 -3 1 -3 1 -3 1 -4 1 -4 1 -4 1 -4 0 -5 0 -6 0 -6 -1 -1 -1 -1 -1 -1 -1 -1 -1 -1 -1 -1 -1 -1 -1 -1 -1 -1 0 0 0 0 -41 0 -39 0 -42 0 -42 -3 -44 -3 -38 -4 -43 -4 -39 -5 -44 -4 -41 -9 -43 -11 -42 -9 -44 -8 -43 -10 -37 -11 -39 -9 -37 -7 -39 -9 -34 -7 -36 -10 -34 -10 -37 -7 -33 -10 -35 -9 -36 -12 -34 -7 -35 4 -33 -7 -32 -5 -31 -3 -31 -2 -31 -3 -31 -2 -30 -2 -29 -1 -30 1 -28 1 -29 1 -29 0 -29 3 -27 3 -26 6 -25 6 -27 6 -22 6 -21 7 -23 8 -22 7 -22 9 -23 7 -23 7 -22 7 -22 8 -16 16 -17 19 -17 17 -13 20 -1 -1 ]
CSI_DATA,STA,08:3A:F2:51:5D:9D,-52,11,1,1,1,1,1,0,0,0,0,-93,0,6,1,6672559,0,110,0,0,6.885176,384,[110 96 6 0 0 0 0 0 0 0 0 0 -3 -24 -3 -24 -4 -25 -2 -27 -2 -26 0 -23 0 -24 0 -23 1 -24 2 -24 2 -25 2 -26 3 -25 3 -24 4 -23 2 -25 3 -22 3 -21 3 -21 3 -21 3 -21 3 -21 4 -19 2 -20 3 -22 1 -20 0 0 1 -20 -1 -19 0 -20 -1 -19 1 -18 -1 -18 0 -19 -2 -17 -2 -17 -3 -15 -3 -16 -2 -16 -3 -16 -4 -15 -4 -15 -5 -15 -5 -16 -6 -13 -5 -13 -6 -12 -5 -14 -6 -13 -6 -13 -7 -12 -6 -13 -6 -11 0 0 0 0 0 0 0 0 0 0 -1 -1 -1 -1 -9 20 -9 21 -5 20 -4 18 -10 15 -8 14 -7 15 -8 15 -7 15 -6 13 -5 15 -5 14 -4 15 -5 14 -5 14 -4 14 -3 15 -3 14 -3 13 -2 13 0 13 -1 13 0 11 -1 12 -1 11 1 11 -1 11 2 11 0 11 1 11 4 11 1 10 2 10 2 9 2 9 2 8 2 8 2 7 2 7 2 7 1 6 1 5 2 5 2 4 2 3 2 2 2 2 3 2 2 1 2 0 2 0 3 -1 4 -1 4 -1 4 -2 4 -2 5 -2 -1 -1 -1 -1 -1 -1 -1 -1 -1 -1 -1 -1 -1 -1 -1 -1 -1 -1 0 0 0 0 -16 -39 -15 -39 -17 -42 -15 -42 -15 -43 -11 -40 -12 -43 -10 -40 -12 -44 -7 -44 -6 -45 -7 -45 -8 -46 -7 -45 -4 -40 -7 -41 -7 -40 -7 -41 -6 -36 -5 -39 -4 -37 -7 -38 -4 -37 -6 -37 -3 -39 -7 -35 -13 -34 -6 -35 -8 -33 -10 -32 -10 -31 -9 -31 -10 -30 -9 -30 -11 -29 -12 -29 -11 -26 -13 -28 -11 -27 -14 -26 -14 -26 -16 -23 -15 -23 -18 -24 -15 -20 -15 -19 -16 -19 -16 -19 -17 -19 -16 -20 -17 -19 -16 -19 -17 -18 -20 -13 -23 -13 -21 -12 -24 -8 -1 -1 ]
CSI_DATA,STA,08:3A:F2:51:5D:9D,-52,11,1,1,1,1,1,0,0,0,0,-93,0,6,1,6672904,0,110,0,0,6.895827,384,[110 96 6 0 0 0 0 0 0 0 0 0 20 -12 19 -11 22 -13 22 -11 23 -11 20 -9 22 -9 21 -8 22 -8 23 -7 24 -7 24 -7 23 -6 23 -5 21 -4 24 -7 20 -5 21 -4 19 -5 20 -5 19 -4 20 -5 19 -3 19 -5 20 -4 18 -5 0 0 17 -6 17 -7 17 -7 16 -8 15 -5 16 -7 16 -7 14 -7 14 -8 13 -9 13 -9 13 -7 13 -8 11 -9 12 -9 10 -10 12 -11 9 -9 9 -10 8 -10 10 -10 9 -10 10 -10 8 -10 9 -9 7 -9 0 0 0 0 0 0 0 0 0 0 -1 -1 -1 -1 -20 7 -21 7 -19 9 -16 10 -17 0 -15 1 -16 2 -16 1 -15 2 -13 2 -14 3 -13 3 -13 4 -14 3 -14 3 -13 4 -13 5 -13 4 -11 3 -11 6 -10 6 -11 6 -9 6 -10 6 -10 5 -9 6 -10 5 -9 6 -10 5 -9 7 -5 9 -8 6 -7 7 -6 6 -6 6 -6 5 -6 5 -6 4 -5 4 -4 4 -5 5 -4 4 -4 3 -3 3 -3 3 -1 3 -1 3 -1 3 0 3 0 3 1 2 1 2 2 1 2 2 3 2 2 3 3 3 -1 -1 -1 -1 -1 -1 -1 -1 -1 -1 -1 -1 -1 -1 -1 -1 -1 -1 0 0 0 0 21 -32 21 -29 22 -34 24 -31 25 -33 23 -27 25 -31 24 -27 26 -32 31 -28 32 -27 30 -27 30 -29 30 -27 27 -21 28 -25 24 -24 27 -26 23 -22 26 -23 24 -20 24 -24 26 -21 25 -22 28 -21 23 -22 15 -32 22 -21 20 -22 18 -22 18 -23 17 -21 17 -23 17 -21 15 -22 14 -23 15 -22 15 -23 16 -22 13 -23 12 -22 8 -24 9 -21 9 -25 7 -20 5 -22 6 -22 6 -21 4 -22 7 -22 6 -21 6 -21 5 -21 -5 -24 -7 -24 -6 -23 -11 -22 -1 -1 ]
CSI_DATA,STA,08:3A:F2:51:5D:9D,-52,11,1,1,1,1,1,0,0,0,0,-93,0,6,1,6673377,0,110,0,0,6.906106,384,[110 96 6 0 0 0 0 0 0 0 0 0 18 15 17 14 19 16 18 18 17 17 15 16 16 17 14 17 15 17 14 18 14 20 15 20 14 19 13 20 11 18 14 20 12 18 11 17 11 17 11 17 10 17 11 17 9 16 11 16 11 18 11 15 0 0 11 15 12 14 12 14 12 12 10 13 12 12 12 13 11 10 12 11 12 9 12 9 11 10 12 9 12 8 12 8 12 7 13 8 12 5 12 6 11 4 12 6 12 5 12 5 12 4 11 5 11 4 0 0 0 0 0 0 0 0 0 0 -1 -1 -1 -1 -3 -21 -3 -22 -7 -21 -6 -17 -2 -18 -3 -17 -4 -18 -4 -18 -5 -16 -4 -15 -6 -16 -5 -14 -6 -15 -6 -15 -6 -15 -7 -14 -8 -14 -7 -14 -6 -13 -8 -12 -9 -11 -8 -12 -8 -10 -9 -11 -7 -11 -8 -10 -8 -10 -9 -9 -8 -10 -9 -8 -9 -7 -8 -8 -8 -8 -9 -7 -8 -6 -8 -7 -8 -6 -7 -6 -7 -6 -7 -4 -6 -4 -6 -4 -5 -4 -5 -3 -5 -3 -4 -1 -4 -1 -5 0 -3 1 -3 1 -4 1 -4 2 -3 2 -4 2 -4 3 -4 4 -4 4 -1 -1 -1 -1 -1 -1 -1 -1 -1 -1 -1 -1 -1 -1 -1 -1 -1 -1 0 0 0 0 36 21 35 21 38 22 37 24 37 26 32 24 36 26 31 26 36 28 31 31 31 33 32 31 33 32 31 32 26 30 29 29 29 27 29 29 26 26 26 28 24 27 27 26 24 27 26 26 24 30 25 24 27 21 24 23 25 21 26 20 25 18 24 19 26 18 24 18 25 16 26 16 24 14 25 14 24 15 26 12 26 12 25 8 25 9 27 9 22 7 23 5 24 5 23 5 24 4 24 6 24 5 22 5 23 4 22 0 25 -2 24 -2 22 -6 -1 -1 ]
CSI_DATA,STA,08:3A:F2:51:5D:9D,-53,11,1,1,1,1,1,0,0,0,0,-93,0,6,1,6680404,0,110,0,0,6.916269,384,[110 96 6 0 0 0 0 0 0 0 0 0 -18 17 -18 17 -19 19 -21 18 -21 17 -19 14 -20 15 -20 14 -21 14 -21 14 -23 14 -23 15 -22 14 -22 13 -22 11 -23 14 -20 11 -21 10 -19 10 -20 10 -20 10 -20 10 -19 8 -19 10 -20 10 -17 11 0 0 -18 10 -17 11 -16 11 -15 12 -16 9 -15 11 -16 11 -13 10 -14 11 -11 11 -11 12 -12 10 -11 11 -10 11 -11 11 -9 12 -11 13 -8 11 -8 12 -7 11 -9 11 -8 11 -8 11 -6 11 -8 11 -6 10 0 0 0 0 0 0 0 0 0 0 -1 -1 -1 -1 20 0 21 -1 19 -4 18 -4 17 1 15 -1 16 -1 16 -1 15 -2 13 -1 14 -3 13 -3 14 -4 12 -3 13 -3 12 -4 13 -5 11 -4 10 -4 11 -5 10 -6 10 -5 8 -5 9 -5 8 -4 8 -5 8 -5 7 -6 8 -5 7 -6 6 -6 7 -5 6 -5 5 -5 6 -5 4 -4 4 -4 4 -4 3 -3 4 -3 3 -3 2 -3 2 -2 1 -1 0 -1 0 -1 -1 -1 -2 0 -2 0 -3 0 -3 0 -4 0 -4 0 -6 1 -6 0 -6 -1 -7 0 -1 -1 -1 -1 -1 -1 -1 -1 -1 -1 -1 -1 -1 -1 -1 -1 -1 -1 0 0 0 0 -26 38 -26 36 -27 39 -30 38 -31 38 -29 32 -31 36 -30 33 -34 36 -35 32 -37 32 -35 32 -36 33 -37 31 -34 26 -34 29 -32 29 -34 28 -29 25 -32 25 -31 24 -31 27 -31 24 -30 25 -33 23 -28 25 -24 27 -28 24 -26 24 -25 25 -23 25 -23 23 -22 25 -22 24 -20 25 -20 26 -17 24 -18 25 -19 24 -17 26 -16 24 -13 25 -13 24 -14 27 -11 22 -9 23 -9 24 -8 23 -9 23 -10 23 -9 22 -9 22 -8 22 -4 22 -3 25 -2 24 2 23 -1 -1 ]
CSI_DATA,STA,08:3A:F2:51:5D:9D,-51,11,1,0,1,1,1,0,0,0,0,-93,0,6,1,6895037,0,110,0,0,7.61619,384,[110 96 6 0 0 0 0 0 0 0 0 0 -22 11 -21 10 -23 12 -26 10 -24 9 -22 6 -24 8 -22 6 -22 7 -24 6 -26 6 -26 7 -25 6 -25 5 -22 2 -26 6 -22 4 -22 2 -21 3 -20 3 -21 3 -21 4 -19 1 -21 3 -22 3 -20 5 0 0 -20 4 -19 6 -19 6 -17 7 -17 4 -17 6 -18 5 -16 6 -16 7 -13 8 -14 9 -14 7 -14 7 -12 8 -12 8 -12 10 -14 10 -10 9 -10 10 -8 10 -11 9 -10 9 -10 9 -9 10 -10 8 -8 9 0 0 0 0 0 0 0 0 0 0 -1 -1 -1 -1 21 -4 20 -5 21 -9 17 -7 16 0 15 0 15 -1 16 0 14 -1 12 -1 14 -3 12 -3 14 -4 12 -3 13 -4 13 -5 13 -5 12 -4 11 -4 11 -6 11 -7 11 -5 8 -6 9 -5 10 -4 9 -6 9 -5 8 -7 10 -6 8 -7 5 -10 8 -7 8 -5 6 -5 6 -6 7 -5 6 -5 5 -4 5 -4 5 -4 4 -4 4 -4 4 -3 3 -3 2 -2 2 -3 1 -2 1 -2 0 -2 0 -1 -1 -1 -1 -1 -2 -1 -2 -1 -3 -1 -3 -1 -4 -1 0 0 -1 -1 -1 -1 -1 -1 -1 -1 -1 -1 -1 -1 -1 -1 0 0 0 0 -1 -1 -28 29 -27 29 -30 30 -34 30 -30 27 -28 24 -33 26 -28 23 -34 29 -34 23 -36 26 -35 25 -38 27 -37 25 -32 20 -34 21 -33 25 -34 19 -28 20 -31 17 -30 16 -30 20 -29 15 -29 19 -33 18 -27 20 -20 29 -28 19 -26 19 -23 20 -21 18 -25 19 -22 20 -21 19 -21 20 -19 21 -17 19 -16 22 -18 20 -16 22 -15 22 -10 22 -12 20 -13 22 -11 20 -10 20 -10 20 -8 21 -8 20 -11 20 -9 20 -8 19 -9 19 0 21 3 26 4 25 7 23 -1 -1 ]
CSI_DATA,STA,08:3A:F2:51:5D:9D,-46,11,1,0,0,1,1,0,0,0,0,-93,0,6,1,6901568,0,110,0,0,7.73001,256,[110 96 6 0 0 0 0 0 0 0 0 0 -1 13 -1 11 -1 14 -1 14 -1 14 -2 12 -2 13 -2 12 -2 13 -4 12 -3 13 -4 13 -4 12 -3 12 -3 10 -3 13 -3 10 -4 11 -3 10 -2 11 -3 10 -3 10 -4 9 -2 9 -2 10 -2 9 0 0 -1 9 -1 10 -1 9 -1 9 -1 7 0 9 0 9 0 8 0 9 0 8 1 8 0 7 1 8 1 8 1 7 1 7 2 7 1 7 2 7 2 7 2 6 2 6 2 6 2 6 2 6 2 6 0 0 0 0 0 0 0 0 0 0 -1 -1 -1 -1 -1 -1 0 0 13 21 11 20 7 22 7 21 7 22 7 24 6 22 4 21 5 22 3 22 4 24 2 23 3 23 3 23 2 22 2 21 2 21 5 21 1 18 1 19 3 18 2 20 2 19 2 18 2 18 2 17 3 18 3 16 -1 -1 4 15 5 15 5 15 6 17 5 13 5 14 7 13 5 13 6 13 7 14 8 13 6 11 6 11 6 12 7 11 7 10 8 11 7 10 8 11 8 9 9 10 8 10 8 8 8 8 7 7 7 8 9 3 10 3 -1 -1 -1 -1 -1 -1 ]
CSI_DATA,STA,08:3A:F2:51:5D:9D,-46,11,1,0,0,1,1,0,0,0,0,-93,0,6,1,6902009,0,110,0,0,7.79334,256,[110 96 6 0 0 0 0 0 0 0 0 0 -14 1 -13 1 -14 1 -14 1 -14 1 -13 0 -14 1 -13 -1 -13 0 -13 -1 -15 -1 -14 0 -13 -1 -13 -1 -12 -1 -14 0 -11 -1 -12 -2 -12 -1 -11 -1 -11 -1 -12 -1 -10 -2 -10 -1 -12 -1 -11 -1 0 0 -11 0 -10 0 -10 0 -10 0 -9 0 -9 1 -10 1 -9 1 -9 2 -9 1 -9 2 -8 1 -8 2 -8 2 -8 1 -8 2 -8 3 -8 1 -7 2 -7 2 -7 2 -6 3 -7 2 -7 3 -6 3 -6 3 0 0 0 0 0 0 0 0 0 0 -1 -1 -1 -1 -1 -1 0 0 -19 15 -19 12 -23 8 -23 9 -22 8 -25 8 -23 8 -23 6 -23 8 -23 4 -24 7 -25 5 -25 6 -24 5 -23 5 -23 4 -23 3 -24 6 -20 3 -21 3 -21 4 -21 2 -20 3 -20 4 -19 3 -19 2 -20 3 -19 4 -1 -1 -16 5 -17 4 -17 5 -18 6 -16 4 -15 6 -15 7 -15 5 -14 7 -16 7 -15 8 -13 7 -13 7 -13 6 -14 7 -12 8 -13 8 -13 7 -11 7 -11 8 -12 8 -10 8 -11 8 -10 9 -9 8 -9 7 -7 12 -6 11 -1 -1 -1 -1 -1 -1 ]
CSI_DATA,STA,08:3A:F2:51:5D:9D,-46,11,1,0,0,1,1,0,0,0,0,-93,0,6,1,6902378,0,110,0,0,7.86218,256,[110 96 6 0 0 0 0 0 0 0 0 0 -8 -12 -7 -12 -8 -13 -8 -12 -7 -12 -6 -12 -6 -12 -5 -12 -5 -12 -5 -13 -5 -13 -5 -13 -5 -13 -5 -13 -3 -12 -5 -13 -3 -11 -4 -11 -4 -11 -4 -11 -3 -10 -4 -11 -3 -10 -4 -11 -5 -11 -4 -9 0 0 -4 -9 -5 -10 -5 -9 -5 -9 -4 -8 -5 -8 -5 -8 -5 -8 -5 -7 -5 -8 -6 -7 -5 -7 -5 -7 -5 -7 -5 -6 -5 -6 -6 -7 -6 -6 -6 -6 -5 -5 -6 -6 -6 -6 -6 -6 -5 -5 -5 -5 -5 -5 0 0 0 0 0 0 0 0 0 0 -1 -1 -1 -1 -1 -1 0 0 -23 -7 -21 -10 -19 -15 -19 -15 -19 -15 -18 -17 -18 -16 -16 -16 -18 -17 -15 -18 -18 -19 -16 -18 -16 -18 -16 -18 -15 -17 -15 -17 -13 -17 -16 -17 -12 -15 -12 -17 -13 -15 -13 -17 -12 -16 -13 -16 -12 -16 -11 -15 -12 -16 -12 -15 -1 -1 -13 -12 -13 -13 -13 -12 -12 -12 -11 -11 -13 -11 -13 -11 -12 -10 -14 -10 -15 -11 -15 -8 -13 -8 -13 -8 -13 -9 -13 -8 -13 -7 -13 -8 -13 -7 -12 -6 -12 -6 -13 -7 -12 -6 -13 -6 -13 -5 -12 -4 -11 -4 -14 -2 -14 0 -1 -1 -1 -1 -1 -1 ]
CSI_DATA,STA,08:3A:F2:51:5D:9D,-50,11,1,0,1,1,1,0,0,0,0,-93,0,6,1,6903448,0,110,0,0,7.93931,384,[110 96 6 0 0 0 0 0 0 0 0 0 16 18 15 17 19 20 16 22 16 21 12 18 14 21 12 20 14 20 12 22 13 25 13 24 12 23 11 23 8 20 14 23 10 20 8 21 9 19 9 18 8 19 9 20 6 18 8 20 9 21 9 18 0 0 9 18 11 16 11 17 12 15 8 15 11 15 11 16 10 13 12 14 12 10 13 11 10 12 11 11 11 9 12 10 13 8 14 11 12 7 13 7 12 5 12 7 12 7 12 8 13 6 11 7 11 5 0 0 0 0 0 0 0 0 0 0 -1 -1 -1 -1 -10 -21 -10 -22 -13 -20 -13 -16 -4 -18 -4 -17 -6 -18 -4 -18 -6 -16 -4 -13 -7 -15 -6 -12 -8 -15 -7 -15 -7 -15 -7 -14 -8 -15 -7 -14 -6 -12 -9 -11 -10 -10 -8 -12 -9 -8 -9 -10 -7 -10 -9 -9 -7 -10 -9 -9 -8 -11 -8 -9 -10 -6 -8 -9 -8 -8 -7 -6 -7 -7 -7 -7 -7 -7 -7 -6 -6 -6 -5 -5 -5 -5 -4 -5 -4 -5 -3 -4 -3 -3 -3 -3 -2 -2 -3 -2 -1 -1 -1 -1 -1 0 0 0 0 1 -1 1 -1 2 0 2 0 3 0 0 -1 -1 -1 -1 -1 -1 -1 -1 -1 -1 -1 -1 -1 -1 0 0 0 0 -1 -1 37 21 36 18 40 22 38 24 37 23 31 21 37 25 31 20 41 25 33 30 36 32 34 30 36 32 34 31 28 26 33 27 34 24 31 29 28 21 27 25 24 24 29 23 24 26 27 25 27 30 27 22 33 15 26 22 27 21 27 17 25 15 26 19 28 14 25 15 27 14 28 12 24 12 27 12 26 14 27 11 26 9 26 4 24 6 28 6 23 5 24 3 23 4 24 1 24 0 24 5 23 3 22 3 22 3 22 -6 26 -9 25 -10 22 -15 -1 -1 ]
CSI_DATA,STA,08:3A:F2:51:5D:9D,-50,11,1,0,1,1,1,0,0,0,0,-93,0,6,1,6903896,0,110,0,0,7.104004,384,[110 96 6 0 0 0 0 0 0 0 0 0 -19 12 -18 11 -21 14 -23 12 -21 11 -19 8 -21 10 -20 8 -20 10 -21 8 -24 8 -24 8 -23 8 -23 6 -20 4 -23 8 -20 6 -20 5 -19 5 -18 6 -19 5 -20 6 -18 2 -19 5 -21 5 -18 6 0 0 -18 6 -17 8 -17 8 -15 8 -16 5 -15 8 -16 7 -14 7 -14 9 -11 9 -13 9 -13 7 -12 8 -11 9 -11 9 -10 10 -12 11 -9 10 -9 10 -7 10 -9 9 -8 9 -9 10 -8 10 -9 8 -7 9 0 0 0 0 0 0 0 0 0 0 -1 -1 -1 -1 17 -9 18 -10 16 -13 13 -12 14 -3 13 -3 13 -4 14 -2 12 -4 10 -3 12 -5 10 -5 12 -7 11 -5 12 -5 11 -6 12 -7 10 -6 9 -5 9 -7 8 -9 9 -7 6 -7 7 -6 7 -5 7 -7 8 -6 6 -7 8 -6 6 -8 4 -10 6 -7 6 -6 4 -5 5 -6 5 -5 5 -6 3 -5 3 -5 3 -4 3 -4 3 -4 3 -3 3 -3 2 -3 1 -3 1 -2 0 -2 0 -1 0 -1 -1 -1 -2 -1 -2 0 -2 -1 -3 0 -3 -1 -3 -1 0 0 -1 -1 -1 -1 -1 -1 -1 -1 -1 -1 -1 -1 -1 -1 0 0 0 0 -1 -1 -19 30 -17 29 -20 32 -22 30 -21 31 -19 25 -23 29 -19 26 -23 33 -26 27 -28 29 -27 27 -28 30 -28 28 -23 23 -25 26 -22 27 -25 25 -19 22 -22 22 -22 19 -21 25 -23 19 -22 21 -27 22 -20 22 -10 31 -20 21 -19 22 -16 21 -15 21 -17 21 -13 23 -15 20 -13 22 -12 23 -11 21 -11 22 -13 21 -10 22 -10 21 -4 21 -6 19 -6 22 -6 19 -3 19 -5 19 -3 20 -2 19 -5 20 -4 19 -4 18 -4 18 7 19 10 22 9 21 14 19 -1 -1 ]
CSI_DATA,STA,08:3A:F2:51:5D:9D,-51,11,1,0,1,1,1,0,0,0,0,-93,0,6,1,6904378,0,110,0,0,7.114264,384,[110 96 6 0 0 0 0 0 0 0 0 0 -16 -17 -14 -16 -18 -18 -16 -21 -15 -20 -12 -18 -13 -20 -12 -18 -13 -19 -12 -21 -12 -22 -13 -22 -12 -22 -11 -22 -8 -19 -13 -22 -10 -19 -9 -19 -9 -18 -8 -17 -8 -18 -9 -19 -6 -17 -9 -19 -9 -20 -10 -17 0 0 -9 -17 -11 -15 -11 -16 -11 -14 -8 -15 -10 -14 -10 -15 -10 -13 -11 -13 -11 -10 -12 -11 -10 -11 -10 -11 -11 -10 -11 -10 -12 -8 -14 -11 -12 -7 -12 -7 -11 -6 -11 -8 -12 -7 -12 -8 -12 -7 -11 -7 -10 -6 0 0 0 0 0 0 0 0 0 0 -1 -1 -1 -1 7 18 7 19 11 17 10 13 2 15 2 13 3 15 2 15 4 13 2 11 4 12 4 10 6 12 5 12 5 13 5 11 6 12 5 11 4 9 7 9 7 8 6 10 6 7 5 8 5 8 7 8 5 8 7 7 6 8 6 7 8 4 6 6 6 7 5 5 5 5 5 6 5 5 4 4 4 4 3 4 2 3 2 4 2 3 2 3 2 2 1 1 1 1 1 1 0 0 0 0 0 -1 0 -2 -1 -2 0 -2 -1 -3 -1 -3 -1 -4 0 0 -1 -1 -1 -1 -1 -1 -1 -1 -1 -1 -1 -1 -1 -1 0 0 0 0 -1 -1 -34 -19 -33 -17 -37 -21 -35 -23 -35 -21 -29 -20 -33 -24 -29 -20 -36 -24 -30 -27 -33 -29 -31 -28 -34 -30 -32 -29 -26 -24 -30 -26 -30 -24 -28 -27 -25 -21 -25 -24 -22 -23 -27 -22 -22 -24 -25 -23 -25 -28 -25 -21 -30 -13 -24 -21 -25 -19 -24 -16 -24 -15 -24 -18 -26 -15 -23 -15 -25 -14 -26 -13 -23 -11 -25 -11 -23 -13 -25 -10 -24 -10 -24 -5 -22 -6 -26 -7 -21 -6 -21 -4 -21 -5 -22 -3 -22 -2 -23 -6 -22 -4 -21 -4 -20 -4 -21 5 -23 9 -23 8 -21 12 -1 -1 ]
CSI_DATA,STA,08:3A:F2:51:5D:9D,-50,11,1,0,1,1,1,0,0,0,0,-93,0,6,1,6904905,0,110,0,0,7.125089,384,[110 96 6 0 0 0 0 0 0 0 0 0 15 -16 14 -16 17 -19 19 -18 18 -16 16 -13 18 -15 17 -13 17 -14 19 -13 21 -14 20 -14 20 -13 20 -12 17 -9 20 -14 18 -11 18 -9 17 -10 15 -10 16 -9 17 -10 16 -7 17 -9 18 -10 15 -11 0 0 15 -10 14 -12 14 -12 13 -12 13 -9 13 -11 13 -11 11 -11 12 -12 8 -12 10 -13 10 -10 9 -11 8 -12 8 -12 7 -13 9 -14 6 -12 6 -12 4 -12 6 -12 5 -12 6 -12 5 -12 6 -11 4 -11 0 0 0 0 0 0 0 0 0 0 -1 -1 -1 -1 -18 11 -18 11 -15 13 -12 13 -16 4 -14 4 -15 5 -16 4 -13 4 -12 4 -12 5 -10 5 -12 7 -12 6 -13 6 -12 6 -12 7 -11 6 -9 5 -9 7 -8 8 -10 7 -6 7 -8 6 -8 6 -7 7 -8 6 -7 7 -9 6 -7 7 -4 9 -7 7 -7 6 -5 6 -5 6 -6 5 -5 5 -5 4 -5 4 -5 4 -4 3 -5 3 -4 3 -3 2 -3 1 -3 2 -2 1 -2 1 -2 0 -1 0 -1 0 0 0 1 -1 1 -1 2 -1 2 -1 2 -1 0 0 -1 -1 -1 -1 -1 -1 -1 -1 -1 -1 -1 -1 -1 -1 0 0 0 0 -1 -1 13 -35 12 -34 14 -38 16 -36 15 -36 15 -31 18 -35 14 -30 17 -39 22 -32 23 -35 22 -34 24 -36 23 -34 20 -28 20 -32 18 -33 22 -31 16 -27 18 -27 18 -24 16 -29 20 -24 18 -26 23 -28 16 -27 7 -33 16 -26 15 -26 12 -25 11 -24 13 -25 10 -26 10 -25 9 -26 7 -27 7 -23 7 -25 9 -24 6 -26 6 -25 1 -24 3 -22 2 -25 2 -21 0 -22 1 -21 -1 -22 -2 -21 2 -22 1 -21 0 -20 0 -20 -9 -19 -12 -22 -12 -22 -16 -18 -1 -1 ]
CSI_DATA,STA,08:3A:F2:51:5D:9D,-46,11,0,0,0,0,0,0,0,0,0,-93,0,6,1,6910316,0,110,0,0,7.135507,128,[110 96 6 0 0 0 0 0 0 0 0 0 6 24 5 23 6 26 6 25 5 26 3 23 3 25 2 23 3 25 1 25 2 26 1 26 1 25 1 24 0 21 3 25 0 21 0 22 1 20 1 21 1 19 1 21 0 18 2 19 3 21 3 19 0 0 4 18 4 19 4 18 5 18 4 15 6 16 5 16 5 15 7 16 5 15 6 16 6 14 6 14 6 14 7 14 7 13 8 14 7 12 8 12 8 12 8 11 8 11 8 11 8 11 8 10 7 10 0 0 0 0 0 0 0 0 0 0 ]
CSI_DATA,STA,08:3A:F2:51:5D:9D,-50,11,1,0,1,1,1,0,0,0,0,-93,0,6,1,6915190,0,110,0,0,7.138872,384,[110 96 6 0 0 0 0 0 0 0 0 0 -18 14 -17 14 -19 16 -22 15 -20 14 -19 10 -21 12 -19 11 -19 11 -21 10 -23 11 -23 12 -22 11 -23 9 -19 7 -23 11 -20 8 -20 6 -19 7 -18 7 -19 7 -19 7 -18 4 -19 7 -20 8 -18 8 0 0 -18 8 -16 9 -17 10 -15 10 -16 7 -15 9 -16 9 -14 8 -14 10 -11 11 -12 11 -12 9 -12 9 -10 10 -11 10 -10 12 -12 12 -8 11 -9 11 -7 11 -9 10 -8 10 -8 11 -7 11 -8 10 -7 10 0 0 0 0 0 0 0 0 0 0 -1 -1 -1 -1 19 -8 20 -8 18 -11 15 -11 16 -2 14 -3 15 -4 16 -2 14 -4 12 -3 14 -5 11 -5 13 -6 13 -5 13 -5 12 -7 13 -7 12 -6 10 -5 11 -7 10 -9 11 -7 7 -7 9 -6 9 -6 8 -7 9 -6 8 -8 9 -7 8 -8 5 -10 8 -7 7 -7 6 -6 6 -7 7 -5 5 -6 4 -5 5 -5 5 -5 4 -5 4 -4 4 -4 4 -3 2 -3 2 -3 2 -2 1 -2 1 -2 0 -2 0 -2 -1 -2 -2 -1 -2 -1 -2 -1 -3 -1 -3 -2 -1 -1 -1 -1 -1 -1 -1 -1 -1 -1 -1 -1 -1 -1 -1 -1 -1 -1 0 0 0 0 -20 33 -18 31 -21 35 -24 33 -23 33 -21 27 -25 32 -20 28 -25 35 -27 29 -30 32 -28 31 -30 33 -30 30 -25 24 -28 28 -25 29 -28 26 -22 23 -25 23 -23 21 -23 25 -24 21 -24 23 -29 24 -22 24 -13 31 -22 23 -21 23 -18 23 -16 22 -20 22 -16 24 -16 23 -15 24 -14 25 -11 22 -12 24 -14 22 -12 24 -11 23 -6 23 -8 21 -8 25 -7 20 -4 21 -6 21 -3 22 -3 21 -6 21 -5 21 -5 20 -5 20 4 21 7 24 8 23 11 21 -1 -1 ]
CSI_DATA,STA,08:3A:F2:51:5D:9D,-50,11,1,0,1,1,1,0,0,0,0,-93,0,6,1,6916782,0,110,0,0,7.149276,384,[110 96 6 0 0 0 0 0 0 0 0 0 19 11 18 11 21 12 20 16 19 14 15 13 17 15 15 14 17 14 16 16 17 18 18 17 17 17 15 18 12 16 17 18 14 16 12 16 12 15 12 14 12 15 12 15 9 14 12 15 13 16 13 13 0 0 13 14 14 12 14 13 13 11 11 12 13 11 13 12 12 10 13 10 13 6 14 7 12 8 12 8 13 6 12 6 13 5 15 7 12 4 13 4 12 2 12 5 12 4 13 4 13 3 11 4 11 2 0 0 0 0 0 0 0 0 0 0 -1 -1 -1 -1 -17 -15 -17 -16 -20 -12 -16 -9 -8 -14 -8 -13 -10 -14 -8 -15 -8 -12 -7 -10 -9 -11 -8 -9 -10 -10 -10 -11 -10 -11 -10 -10 -11 -11 -10 -10 -9 -9 -10 -8 -11 -7 -10 -9 -10 -6 -9 -7 -9 -8 -10 -6 -9 -7 -10 -6 -10 -8 -10 -5 -11 -1 -9 -5 -9 -6 -8 -5 -8 -4 -8 -5 -8 -4 -7 -4 -7 -4 -6 -4 -6 -3 -5 -4 -5 -4 -4 -3 -4 -3 -3 -2 -3 -2 -3 -2 -2 -1 -1 -1 -2 -1 -1 0 -1 0 -1 1 0 1 0 2 0 2 0 0 -1 -1 -1 -1 -1 -1 -1 -1 -1 -1 -1 -1 -1 -1 0 0 0 0 -1 -1 36 3 34 2 38 3 38 6 37 5 31 5 36 8 31 5 40 6 36 11 38 12 37 12 40 12 37 13 30 11 34 11 35 9 34 13 28 8 29 10 26 11 30 8 27 12 29 11 32 14 29 8 33 -3 28 9 28 8 26 6 25 5 27 7 27 3 25 4 26 2 27 1 23 1 25 1 25 2 26 0 24 -1 22 -6 21 -2 24 -4 20 -3 20 -5 20 -3 20 -6 19 -7 21 -4 20 -5 19 -5 19 -4 17 -14 18 -18 17 -19 14 -22 -1 -1 ]
CSI_DATA,STA,08:3A:F2:51:5D:9D,-47,11,0,0,0,0,0,0,0,0,0,-93,0,6,1,6973229,0,110,0,0,7.159642,128,[110 96 6 0 0 0 0 0 0 0 0 0 -25 -3 -25 -4 -26 -4 -27 -4 -26 -5 -23 -6 -24 -6 -23 -7 -24 -7 -24 -8 -25 -7 -26 -8 -24 -7 -23 -8 -21 -8 -25 -8 -21 -9 -20 -8 -20 -8 -20 -7 -19 -7 -21 -7 -18 -7 -19 -6 -21 -6 -20 -5 0 0 -19 -4 -20 -4 -19 -4 -19 -3 -17 -3 -18 -2 -18 -2 -17 -2 -18 -1 -17 -2 -18 -1 -16 -1 -16 0 -17 0 -16 0 -16 0 -17 1 -15 1 -15 1 -15 2 -15 1 -15 2 -15 2 -14 3 -14 2 -13 2 0 0 0 0 0 0 0 0 0 0 ]
CSI_DATA,STA,08:3A:F2:51:5D:9D,-51,11,1,0,1,1,1,0,0,0,0,-93,0,6,1,6997423,0,110,0,0,7.163707,384,[110 96 6 0 0 0 0 0 0 0 0 0 15 19 15 17 18 20 16 23 15 22 11 19 13 21 11 20 13 20 11 22 11 25 12 25 11 24 9 24 7 21 12 24 9 21 7 21 8 20 8 19 7 20 8 21 4 19 7 21 8 22 8 19 0 0 8 19 10 18 10 18 10 16 7 17 9 16 10 17 9 15 10 15 11 12 12 13 9 14 10 13 11 11 11 12 13 11 13 13 12 9 12 9 12 7 11 10 12 9 12 10 12 9 10 9 10 8 0 0 0 0 0 0 0 0 0 0 -1 -1 -1 -1 -6 -24 -6 -24 -10 -24 -9 -20 1 -20 0 -18 -1 -20 0 -19 -1 -17 -1 -15 -2 -17 -3 -14 -4 -17 -3 -16 -3 -17 -4 -16 -4 -16 -4 -15 -3 -14 -5 -14 -7 -14 -4 -14 -6 -11 -5 -12 -4 -12 -6 -12 -3 -12 -6 -11 -4 -13 -5 -11 -8 -9 -5 -11 -4 -10 -5 -9 -4 -9 -3 -9 -4 -9 -3 -8 -3 -8 -2 -8 -2 -7 -2 -7 -1 -6 -1 -6 0 -5 0 -4 0 -4 0 -3 0 -2 1 -1 1 0 1 0 1 1 1 1 0 2 1 3 1 3 0 0 0 0 -1 -1 -1 -1 -1 -1 -1 -1 -1 -1 0 0 0 0 -1 -1 -1 -1 36 21 35 19 38 23 37 25 36 24 31 22 35 27 30 22 38 26 31 30 35 31 33 30 36 32 34 31 28 27 31 29 33 26 29 31 27 23 26 27 23 26 28 26 23 27 27 26 26 31 27 23 34 15 26 25 26 23 26 20 24 19 25 22 27 18 25 19 27 17 28 16 23 14 26 14 25 15 27 13 26 12 26 7 24 9 27 10 23 8 24 7 23 8 25 5 24 4 24 8 24 6 22 6 22 7 25 -2 28 -7 28 -7 26 -11 -1 -1 ]
CSI_DATA,STA,08:3A:F2:51:5D:9D,-51,11,1,0,1,1,1,0,0,0,0,-93,0,6,1,6997762,0,110,0,0,7.178644,384,[110 96 6 0 0 0 0 0 0 0 0 0 -14 16 -14 16 -15 19 -19 18 -17 17 -16 14 -17 16 -17 13 -17 14 -18 13 -21 15 -20 15 -20 14 -20 13 -18 10 -20 15 -18 12 -18 10 -18 11 -16 10 -17 10 -18 10 -17 7 -18 10 -19 11 -16 11 0 0 -16 11 -14 12 -15 12 -13 12 -15 9 -14 11 -15 11 -12 10 -13 12 -10 12 -10 13 -11 10 -11 11 -9 12 -9 12 -8 13 -10 13 -7 12 -7 12 -5 12 -8 11 -7 11 -7 12 -6 12 -7 11 -6 11 0 0 0 0 0 0 0 0 0 0 -1 -1 -1 -1 18 -11 19 -12 17 -15 15 -13 15 -4 14 -4 15 -5 15 -4 13 -4 11 -4 12 -5 10 -6 12 -7 11 -6 12 -6 11 -7 12 -7 10 -7 9 -5 9 -7 9 -9 10 -7 7 -7 8 -6 8 -5 8 -7 8 -6 6 -8 8 -7 7 -7 4 -10 7 -7 7 -5 6 -5 6 -6 7 -5 6 -5 5 -4 4 -4 5 -4 4 -4 5 -3 4 -2 3 -2 3 -2 2 -1 2 -1 1 0 1 0 0 0 0 0 0 0 -1 1 -2 1 -3 2 -3 1 -3 1 -1 -1 -1 -1 -1 -1 -1 -1 -1 -1 -1 -1 -1 -1 -1 -1 -1 -1 0 0 0 0 -10 35 -9 34 -11 37 -14 37 -13 35 -13 31 -16 34 -12 30 -15 38 -18 33 -19 36 -18 34 -19 37 -19 36 -17 30 -18 32 -16 34 -20 31 -15 27 -18 27 -18 25 -16 29 -18 25 -16 28 -21 29 -14 28 -3 34 -15 28 -15 26 -12 26 -11 24 -14 26 -10 26 -11 25 -10 26 -8 26 -7 22 -6 25 -8 24 -6 26 -5 25 -1 23 -3 22 -3 25 -3 22 -1 21 -2 21 0 22 0 21 -3 22 -1 21 -1 20 -2 20 9 19 13 23 13 22 15 19 -1 -1 ]
CSI_DATA,STA,08:3A:F2:51:5D:9D,-51,11,1,0,1,1,1,0,0,0,0,-93,0,6,1,6998235,0,110,0,0,7.189511,384,[110 96 6 0 0 0 0 0 0 0 0 0 -21 -10 -20 -10 -23 -11 -23 -15 -21 -13 -18 -13 -20 -14 -18 -13 -19 -13 -18 -15 -20 -17 -20 -16 -19 -16 -18 -17 -15 -15 -20 -16 -17 -15 -15 -15 -16 -15 -14 -13 -15 -15 -15 -15 -12 -15 -15 -15 -16 -16 -15 -13 0 0 -15 -14 -16 -12 -16 -12 -16 -10 -14 -12 -15 -11 -15 -11 -14 -10 -15 -10 -14 -6 -16 -7 -13 -9 -14 -8 -14 -6 -14 -6 -15 -5 -17 -7 -14 -4 -14 -4 -13 -3 -14 -5 -14 -5 -14 -5 -14 -4 -13 -5 -12 -3 0 0 0 0 0 0 0 0 0 0 -1 -1 -1 -1 10 19 11 18 14 17 13 13 4 16 5 14 6 15 4 16 6 13 4 11 6 13 7 10 7 12 6 12 6 12 7 11 8 12 7 11 5 9 8 9 9 8 7 10 7 7 6 8 6 8 7 8 6 8 8 7 7 9 7 7 8 5 6 7 6 7 6 6 5 5 4 6 5 5 4 5 4 5 3 5 2 4 2 4 2 5 2 4 1 3 0 2 0 2 0 1 -2 1 -2 0 -2 0 -2 0 -2 -1 -2 -1 -2 -2 -3 -3 -3 -4 0 0 0 0 -1 -1 -1 -1 -1 -1 -1 -1 -1 -1 0 0 0 0 -1 -1 -1 -1 -39 -7 -38 -6 -42 -7 -42 -10 -40 -9 -35 -10 -40 -12 -35 -10 -43 -11 -38 -16 -42 -16 -40 -16 -43 -17 -41 -17 -35 -16 -37 -15 -39 -13 -37 -18 -33 -12 -33 -16 -30 -16 -34 -13 -30 -17 -33 -15 -35 -19 -32 -13 -35 -4 -31 -14 -31 -12 -30 -9 -28 -8 -31 -12 -30 -8 -29 -9 -30 -8 -30 -6 -26 -6 -28 -4 -28 -6 -29 -3 -28 -3 -26 1 -25 -1 -29 0 -24 0 -24 1 -24 0 -25 2 -24 2 -25 -1 -24 1 -23 1 -22 0 -21 9 -23 13 -23 13 -20 16 -1 -1 ]
CSI_DATA,STA,08:3A:F2:51:5D:9D,-51,11,1,0,1,1,1,0,0,0,0,-93,0,6,1,6998698,0,110,0,0,7.200207,384,[110 96 6 0 0 0 0 0 0 0 0 0 16 -16 15 -15 17 -18 20 -16 19 -16 17 -12 19 -14 18 -12 18 -13 19 -12 22 -13 21 -14 21 -12 21 -11 18 -8 21 -13 18 -10 19 -9 18 -9 17 -8 18 -8 19 -9 17 -6 18 -9 20 -9 17 -10 0 0 17 -9 15 -11 16 -11 14 -11 15 -8 14 -10 16 -10 13 -10 14 -11 10 -11 11 -12 12 -10 12 -11 10 -11 10 -11 9 -13 12 -13 8 -12 8 -12 7 -12 9 -11 8 -12 8 -11 7 -12 8 -10 6 -11 0 0 0 0 0 0 0 0 0 0 -1 -1 -1 -1 -22 2 -22 1 -22 5 -18 5 -18 -3 -17 -2 -18 -1 -18 -3 -16 -1 -14 -1 -16 0 -13 1 -16 1 -15 0 -15 1 -15 2 -15 2 -14 1 -12 1 -13 3 -12 4 -14 2 -10 4 -12 2 -11 1 -11 3 -11 1 -10 3 -12 2 -11 3 -9 5 -11 2 -10 2 -9 3 -9 3 -8 1 -8 2 -8 1 -7 1 -7 1 -6 0 -6 0 -5 0 -5 -1 -4 -1 -4 -1 -3 -1 -2 -1 -2 -2 -1 -2 -1 -2 0 -2 1 -2 2 -2 3 -1 3 -2 3 -1 0 0 0 0 -1 -1 -1 -1 -1 -1 -1 -1 -1 -1 0 0 0 0 -1 -1 -1 -1 21 -34 19 -34 22 -37 24 -35 23 -34 21 -29 26 -33 22 -29 26 -36 29 -30 30 -33 29 -31 32 -33 30 -31 26 -25 28 -30 26 -31 29 -27 23 -26 26 -24 25 -21 25 -26 27 -21 25 -25 30 -24 23 -25 17 -30 25 -24 22 -24 19 -25 18 -23 21 -23 18 -26 19 -24 17 -25 16 -26 14 -23 14 -25 16 -24 14 -26 13 -25 8 -25 9 -23 10 -26 8 -22 7 -23 8 -22 6 -24 6 -24 9 -23 7 -22 7 -22 7 -21 0 -23 -3 -26 -2 -27 -7 -25 -1 -1 ]
CSI_DATA,STA,08:3A:F2:51:5D:9D,-51,11,1,0,1,1,1,0,0,0,0,-93,0,6,1,6999015,0,110,0,0,7.210802,384,[110 96 6 0 0 0 0 0 0 0 0 0 21 -7 20 -7 23 -9 25 -6 23 -6 20 -4 23 -5 21 -4 22 -5 22 -3 25 -3 25 -4 24 -3 24 -2 20 0 24 -3 21 -2 20 0 20 -1 19 -1 19 -1 20 -1 18 1 20 -1 22 -1 19 -3 0 0 19 -3 18 -5 19 -4 17 -5 17 -2 17 -4 18 -4 15 -5 17 -6 13 -7 15 -7 14 -5 14 -6 13 -7 13 -7 13 -9 15 -9 11 -9 11 -9 9 -9 12 -8 11 -8 11 -8 11 -9 11 -7 9 -8 0 0 0 0 0 0 0 0 0 0 -1 -1 -1 -1 -22 -1 -22 0 -23 4 -19 3 -16 -5 -16 -4 -16 -4 -17 -5 -15 -3 -13 -3 -15 -2 -12 0 -15 -1 -14 -2 -15 -2 -14 0 -15 0 -14 0 -13 0 -12 1 -13 2 -13 0 -11 2 -12 1 -11 0 -11 2 -11 1 -10 3 -11 1 -10 2 -8 5 -10 2 -10 1 -9 1 -8 1 -9 0 -8 1 -8 0 -8 0 -7 0 -6 0 -6 -1 -5 -2 -5 -2 -4 -2 -4 -1 -3 -2 -2 -2 -2 -1 -1 -2 0 -2 0 -2 1 -2 2 -2 2 -2 2 -1 3 -1 -1 -1 -1 -1 -1 -1 -1 -1 -1 -1 -1 -1 -1 -1 -1 -1 -1 -1 0 0 0 0 27 -25 26 -26 29 -26 31 -25 29 -24 27 -20 32 -22 27 -21 33 -25 33 -19 35 -22 33 -22 35 -24 35 -22 30 -18 32 -19 31 -22 33 -17 27 -17 29 -16 28 -14 28 -18 28 -13 27 -17 32 -16 25 -18 19 -29 27 -17 25 -17 23 -18 21 -17 25 -17 22 -20 22 -17 21 -20 20 -21 17 -18 17 -20 19 -18 17 -21 17 -21 12 -22 13 -20 14 -22 12 -19 11 -20 12 -19 10 -21 10 -20 12 -20 10 -20 10 -19 10 -19 2 -22 -1 -27 0 -27 -4 -25 -1 -1 ]
CSI_DATA,STA,08:3A:F2:51:5D:9D,-51,11,1,0,1,1,1,0,0,0,0,-93,0,6,1,6999512,0,110,0,0,7.221302,384,[110 96 6 0 0 0 0 0 0 0 0 0 15 16 15 15 17 17 16 20 15 18 12 17 14 18 12 17 13 17 11 19 12 22 13 21 11 21 10 21 8 18 13 21 9 19 8 19 9 18 9 17 8 18 9 18 5 17 8 18 8 20 9 17 0 0 9 17 10 15 11 16 10 14 7 15 10 14 10 15 9 13 11 13 10 10 11 11 9 12 9 12 11 10 10 10 12 9 12 12 11 8 12 8 11 6 11 9 11 8 11 8 11 7 9 8 9 7 0 0 0 0 0 0 0 0 0 0 -1 -1 -1 -1 -6 -22 -7 -22 -10 -22 -9 -17 0 -18 -1 -16 -2 -17 0 -17 -2 -15 -1 -13 -2 -15 -3 -13 -3 -15 -4 -15 -3 -15 -4 -14 -4 -14 -4 -13 -3 -12 -5 -12 -6 -12 -4 -12 -6 -10 -4 -11 -3 -11 -5 -10 -3 -11 -6 -10 -4 -11 -5 -10 -8 -8 -4 -9 -5 -9 -5 -8 -4 -8 -3 -8 -3 -8 -3 -7 -3 -7 -2 -7 -2 -6 -2 -5 -1 -5 -1 -5 -1 -4 0 -4 0 -3 0 -3 0 -2 1 -1 1 0 1 0 1 0 1 1 0 2 1 2 1 3 0 0 0 0 -1 -1 -1 -1 -1 -1 -1 -1 -1 -1 0 0 0 0 -1 -1 -1 -1 34 15 33 15 36 17 35 20 34 18 29 18 34 22 29 18 37 22 31 24 34 25 32 24 35 26 33 26 27 22 30 24 31 22 29 25 26 19 25 22 22 22 27 21 22 23 25 21 26 27 25 19 33 11 25 21 25 19 25 16 23 15 24 18 26 15 24 16 25 14 26 13 22 11 24 11 23 13 25 10 24 10 24 5 22 7 25 7 21 7 22 5 21 6 23 4 22 3 22 7 21 4 20 5 20 5 22 -4 25 -7 25 -7 23 -11 -1 -1 ]
CSI_DATA,STA,08:3A:F2:51:5D:9D,-51,11,1,0,1,1,1,0,0,0,0,-93,0,6,1,6999828,0,110,0,0,7.231266,384,[110 96 6 0 0 0 0 0 0 0 0 0 -19 12 -18 12 -21 14 -23 12 -21 12 -20 9 -21 10 -20 9 -20 10 -22 8 -24 9 -23 10 -23 9 -23 7 -20 5 -24 10 -21 7 -20 5 -20 6 -19 6 -20 6 -20 7 -19 3 -20 6 -21 6 -19 7 0 0 -19 7 -17 9 -18 9 -16 9 -17 6 -16 8 -17 8 -15 8 -15 9 -12 10 -13 11 -13 8 -13 9 -11 10 -12 10 -11 11 -13 12 -9 10 -10 11 -7 11 -10 10 -9 10 -10 10 -8 11 -9 9 -8 10 0 0 0 0 0 0 0 0 0 0 -1 -1 -1 -1 20 -3 20 -4 20 -8 17 -7 16 1 15 0 16 -1 16 1 15 -1 13 0 14 -2 12 -3 15 -3 13 -3 14 -3 13 -4 14 -4 12 -4 11 -3 12 -5 11 -6 12 -4 9 -6 10 -4 10 -3 9 -4 10 -4 8 -6 10 -4 9 -5 7 -7 9 -4 8 -4 7 -4 7 -4 7 -3 7 -4 6 -3 5 -3 6 -3 5 -2 5 -2 4 -1 3 -1 3 -1 3 -1 2 0 1 0 1 0 0 1 0 0 -1 1 -2 1 -3 1 -3 1 -4 1 -4 1 -1 -1 -1 -1 -1 -1 -1 -1 -1 -1 -1 -1 -1 -1 -1 -1 -1 -1 0 0 0 0 -24 31 -21 31 -26 32 -28 32 -26 30 -24 26 -29 29 -24 26 -30 32 -31 26 -32 29 -30 29 -33 30 -32 29 -28 23 -31 26 -29 28 -32 24 -25 23 -28 21 -27 19 -27 24 -27 19 -26 22 -31 22 -24 23 -16 30 -26 22 -24 22 -21 23 -19 21 -23 22 -20 23 -20 22 -19 23 -18 25 -15 21 -15 24 -16 22 -14 25 -14 23 -10 24 -10 22 -12 24 -10 21 -9 22 -9 21 -8 23 -7 22 -10 22 -8 21 -7 21 -8 20 0 22 4 26 3 25 5 24 -1 -1 ]
CSI_DATA,STA,08:3A:F2:51:5D:9D,-51,11,1,0,1,1,1,0,0,0,0,-93,0,6,1,7000293,0,110,0,0,7.241584,384,[110 96 6 0 0 0 0 0 0 0 0 0 -23 1 -22 1 -26 2 -27 -1 -25 -1 -21 -2 -24 -2 -22 -3 -23 -2 -23 -5 -26 -6 -26 -5 -24 -5 -24 -6 -20 -6 -25 -5 -21 -5 -21 -7 -20 -5 -19 -5 -20 -6 -21 -6 -18 -8 -20 -7 -22 -7 -20 -5 0 0 -20 -5 -20 -3 -20 -3 -19 -2 -17 -5 -18 -3 -19 -3 -17 -2 -18 -2 -16 1 -17 1 -16 -2 -16 -1 -15 1 -16 1 -16 2 -18 1 -14 3 -14 3 -13 4 -14 2 -14 2 -15 2 -14 3 -13 1 -12 2 0 0 0 0 0 0 0 0 0 0 -1 -1 -1 -1 20 8 20 8 21 5 18 2 12 10 11 9 12 9 12 10 12 8 9 6 12 7 10 5 12 5 11 7 12 6 11 5 12 6 11 6 9 5 11 3 11 2 10 4 9 2 9 3 8 4 9 2 9 3 10 2 10 4 9 2 9 -2 8 2 8 2 7 2 7 1 6 3 7 2 6 1 5 2 4 2 4 1 4 2 3 3 2 2 2 2 2 1 0 1 0 1 0 0 -1 1 -2 0 -3 0 -3 0 -3 -1 -3 -1 -4 -2 -4 -3 0 0 0 0 -1 -1 -1 -1 -1 -1 -1 -1 -1 -1 0 0 0 0 -1 -1 -1 -1 -35 15 -33 16 -38 17 -38 15 -37 15 -33 11 -39 12 -33 11 -41 15 -40 7 -42 9 -41 8 -44 9 -42 8 -35 6 -38 8 -37 10 -39 5 -32 8 -34 5 -32 3 -34 8 -33 2 -34 5 -38 2 -32 7 -30 17 -33 6 -32 6 -29 8 -27 8 -30 6 -29 10 -28 8 -28 10 -27 11 -25 9 -25 12 -26 9 -25 12 -24 12 -20 15 -20 12 -23 14 -20 12 -19 13 -19 12 -18 15 -18 14 -21 12 -19 12 -18 12 -18 11 -11 19 -11 24 -11 23 -7 24 -1 -1 ]
CSI_DATA,STA,08:3A:F2:51:5D:9D,-51,11,1,0,1,1,1,0,0,0,0,-93,0,6,1,7000685,0,110,0,0,7.251657,384,[110 96 6 0 0 0 0 0 0 0 0 0 -11 -20 -10 -19 -13 -23 -11 -25 -11 -23 -7 -20 -9 -23 -8 -21 -9 -22 -7 -23 -7 -25 -7 -25 -6 -24 -5 -24 -3 -20 -8 -25 -5 -21 -4 -21 -5 -20 -5 -19 -4 -20 -5 -21 -2 -19 -4 -21 -4 -22 -5 -19 0 0 -5 -19 -8 -18 -7 -19 -8 -17 -5 -17 -8 -17 -7 -18 -7 -16 -8 -17 -9 -13 -9 -14 -7 -14 -8 -14 -9 -12 -9 -13 -10 -12 -11 -15 -10 -10 -10 -11 -10 -9 -10 -11 -10 -11 -10 -11 -11 -10 -9 -11 -9 -9 0 0 0 0 0 0 0 0 0 0 -1 -1 -1 -1 5 20 6 21 8 18 9 16 -1 15 -1 14 0 15 -2 15 0 13 0 11 1 13 2 11 3 12 2 13 1 13 2 12 3 13 2 12 2 10 4 10 5 9 3 10 5 8 3 9 2 8 4 8 2 9 4 8 3 9 3 9 7 7 3 8 3 7 3 6 3 6 2 6 3 6 2 5 2 5 1 5 1 4 0 4 0 4 0 3 0 2 -1 2 -1 1 -1 1 -2 0 -2 0 -2 -1 -2 -1 -2 -2 -2 -3 -1 -3 -2 -4 -2 -4 0 0 0 0 -1 -1 -1 -1 -1 -1 -1 -1 -1 -1 0 0 0 0 -1 -1 -1 -1 -30 -23 -28 -21 -32 -25 -29 -25 -30 -25 -24 -23 -28 -27 -25 -22 -33 -27 -26 -31 -28 -33 -26 -32 -29 -33 -27 -32 -22 -26 -26 -28 -26 -26 -25 -30 -22 -23 -22 -26 -18 -24 -25 -23 -19 -27 -21 -26 -21 -31 -22 -24 -32 -17 -21 -24 -22 -22 -22 -19 -22 -18 -21 -21 -24 -18 -21 -18 -23 -17 -25 -16 -22 -15 -23 -15 -21 -16 -23 -14 -22 -13 -23 -8 -20 -10 -25 -11 -20 -9 -21 -7 -20 -9 -22 -6 -21 -5 -22 -9 -21 -8 -20 -8 -19 -8 -23 3 -26 6 -24 6 -23 12 -1 -1 ]
CSI_DATA,STA,08:3A:F2:51:5D:9D,-52,11,1,0,1,1,1,0,0,0,0,-93,0,6,1,7230644,0,110,0,0,7.397208,384,[110 96 6 0 0 0 0 0 0 0 0 0 23 1 21 1 26 0 26 3 24 3 20 4 23 4 21 4 22 3 22 6 25 7 25 6 23 6 23 7 19 7 24 6 20 6 19 8 18 6 18 6 18 7 19 6 16 8 19 7 20 7 18 5 0 0 18 5 18 3 19 3 17 1 16 4 17 2 17 3 15 2 17 1 14 -2 16 -2 14 1 15 0 14 -2 14 -2 14 -3 16 -3 12 -4 13 -4 11 -5 13 -3 13 -4 13 -3 12 -5 12 -3 10 -4 0 0 0 0 0 0 0 0 0 0 -1 -1 -1 -1 -21 -6 -20 -6 -22 -3 -18 -1 -14 -9 -13 -8 -14 -8 -14 -9 -13 -7 -11 -6 -13 -6 -12 -4 -14 -4 -13 -6 -14 -6 -13 -5 -14 -5 -13 -5 -11 -5 -12 -3 -12 -1 -12 -3 -11 -1 -11 -3 -10 -3 -11 -2 -10 -3 -11 -2 -11 -4 -10 -2 -10 2 -10 -2 -9 -3 -8 -2 -8 -2 -8 -3 -7 -3 -7 -3 -6 -3 -5 -3 -5 -3 -4 -4 -3 -4 -3 -4 -2 -4 -2 -3 0 -3 0 -4 0 -3 2 -3 2 -3 3 -3 4 -3 4 -2 5 -2 6 0 6 0 0 0 -1 -1 -1 -1 -1 -1 -1 -1 -1 -1 -1 -1 -1 -1 0 0 0 0 -1 -1 36 -13 34 -14 38 -14 39 -12 37 -12 33 -9 39 -9 33 -9 41 -13 39 -5 42 -7 40 -7 43 -7 42 -6 34 -4 37 -6 37 -9 37 -4 31 -6 33 -4 31 -2 33 -7 31 -1 32 -4 37 -1 30 -6 29 -18 31 -5 29 -6 27 -8 24 -8 28 -7 27 -10 26 -8 25 -11 25 -12 22 -10 22 -12 23 -10 23 -13 22 -13 17 -16 17 -13 20 -15 17 -13 16 -15 16 -13 16 -15 15 -16 18 -14 16 -14 15 -14 15 -13 8 -20 7 -25 8 -24 3 -25 -1 -1 ]
CSI_DATA,STA,08:3A:F2:51:5D:9D,-52,11,1,0,1,1,1,0,0,0,0,-93,0,6,1,7235393,0,110,0,0,7.408419,384,[110 96 6 0 0 0 0 0 0 0 0 0 -23 -2 -21 -2 -25 0 -26 -4 -25 -3 -20 -4 -24 -5 -21 -5 -23 -3 -23 -7 -25 -8 -25 -7 -24 -7 -23 -8 -19 -8 -25 -6 -20 -6 -20 -8 -19 -6 -18 -6 -18 -7 -20 -6 -17 -8 -19 -7 -20 -8 -18 -6 0 0 -18 -5 -19 -3 -19 -3 -18 -2 -16 -4 -17 -2 -18 -3 -16 -2 -17 -1 -15 1 -16 1 -15 -1 -15 0 -14 1 -15 2 -14 3 -17 2 -13 3 -13 4 -12 4 -13 3 -13 3 -13 3 -13 4 -12 2 -11 3 0 0 0 0 0 0 0 0 0 0 -1 -1 -1 -1 19 1 22 1 20 -2 16 -5 13 5 11 5 14 4 12 5 12 3 9 3 12 2 10 1 12 0 12 2 12 3 11 2 13 1 11 1 9 1 11 -1 9 -2 11 -1 8 -2 9 0 8 0 9 -2 9 0 9 -1 10 0 8 -1 8 -4 8 -1 8 0 6 -1 7 -1 6 0 6 0 5 0 5 0 4 1 4 1 3 2 3 2 3 2 2 2 1 1 0 2 0 2 -1 2 -1 2 -2 2 -3 2 -3 2 -4 2 -5 1 -6 1 -6 0 -1 -1 -1 -1 -1 -1 -1 -1 -1 -1 -1 -1 -1 -1 -1 -1 -1 -1 -1 -1 0 0 -35 13 -32 12 -38 16 -36 11 -38 13 -31 9 -38 10 -31 10 -39 15 -39 6 -42 6 -40 5 -43 7 -40 6 -32 4 -37 7 -33 9 -37 6 -28 6 -32 5 -29 3 -31 9 -31 3 -32 4 -36 2 -30 6 -28 19 -29 5 -29 8 -24 8 -24 9 -26 7 -24 12 -24 9 -23 12 -23 13 -21 10 -23 11 -23 10 -22 13 -19 12 -16 16 -16 12 -19 16 -16 11 -13 15 -15 13 -12 15 -12 15 -17 14 -16 13 -14 13 -14 13 -6 21 -5 24 -4 22 3 24 -1 -1 ]
CSI_DATA,STA,08:3A:F2:51:5D:9D,-52,11,1,0,1,1,1,0,0,0,0,-93,0,6,1,7235973,0,110,0,0,7.418665,384,[110 96 6 0 0 0 0 0 0 0 0 0 0 -23 0 -22 0 -26 3 -27 2 -25 3 -21 3 -24 3 -22 3 -23 5 -23 6 -25 5 -25 6 -24 7 -23 6 -20 5 -25 6 -21 6 -19 5 -20 5 -19 5 -19 5 -20 7 -16 6 -19 6 -21 4 -19 0 0 4 -19 1 -18 2 -19 1 -17 3 -17 1 -18 2 -18 0 -16 0 -17 -3 -15 -2 -16 0 -15 -1 -15 -3 -15 -2 -15 -4 -15 -3 -17 -4 -13 -5 -13 -6 -12 -4 -13 -5 -13 -4 -13 -5 -13 -3 -12 -5 -11 0 0 0 0 0 0 0 0 0 0 -1 -1 -1 -1 -6 19 -6 20 -3 20 0 17 -9 13 -7 12 -7 14 -9 13 -6 12 -6 10 -6 12 -3 11 -4 13 -4 12 -5 12 -4 12 -4 13 -4 12 -3 10 -2 11 -1 11 -3 11 0 9 -2 10 -3 10 -1 9 -2 9 -1 10 -3 10 -1 9 1 9 -2 8 -2 8 -2 7 -2 7 -2 6 -2 7 -2 6 -2 5 -3 4 -3 4 -4 3 -4 2 -4 2 -4 1 -4 1 -3 0 -3 0 -3 -1 -4 -2 -4 -4 -3 -4 -2 -4 -2 -5 -2 -6 -2 -6 -1 -7 -1 -1 -1 -1 -1 -1 -1 -1 -1 -1 -1 -1 -1 -1 -1 -1 -1 -1 -1 -1 0 0 -13 -37 -14 -35 -15 -40 -12 -40 -13 -39 -9 -34 -10 -40 -10 -34 -13 -42 -6 -40 -7 -44 -6 -42 -7 -45 -6 -43 -5 -35 -6 -39 -8 -38 -5 -39 -7 -32 -5 -34 -4 -32 -8 -34 -2 -33 -4 -34 -2 -38 -6 -32 -15 -31 -5 -32 -7 -31 -9 -28 -9 -26 -7 -29 -11 -28 -9 -27 -12 -26 -12 -26 -11 -23 -13 -24 -11 -24 -13 -24 -13 -23 -16 -19 -13 -19 -16 -21 -13 -18 -15 -16 -14 -17 -16 -16 -16 -15 -14 -18 -14 -17 -14 -16 -14 -16 -20 -9 -23 -9 -23 -8 -25 -3 -1 -1 ]
CSI_DATA,STA,08:3A:F2:51:5D:9D,-52,11,1,0,1,1,1,0,0,0,0,-93,0,6,1,7238260,0,110,0,0,7.429382,384,[110 96 6 0 0 0 0 0 0 0 0 0 -2 -23 -2 -23 -2 -26 1 -28 0 -25 2 -22 1 -24 1 -22 1 -23 3 -23 4 -26 3 -26 4 -25 5 -24 5 -21 4 -25 4 -22 5 -20 4 -20 4 -19 4 -20 4 -20 6 -17 5 -20 5 -21 3 -20 0 0 3 -19 0 -19 1 -20 0 -18 2 -17 0 -18 1 -18 0 -16 -1 -18 -4 -15 -3 -16 -1 -15 -2 -15 -4 -15 -3 -14 -5 -15 -4 -17 -5 -13 -5 -13 -6 -11 -4 -13 -5 -13 -5 -13 -6 -13 -4 -12 -5 -11 0 0 0 0 0 0 0 0 0 0 -1 -1 -1 -1 -7 19 -7 20 -4 20 -2 17 -9 13 -8 12 -8 14 -9 13 -7 12 -6 10 -5 12 -3 11 -4 13 -5 12 -6 12 -5 12 -4 13 -4 12 -3 10 -2 11 -1 11 -4 11 -1 9 -2 10 -3 9 -1 10 -3 9 -1 9 -2 10 -2 9 0 9 -2 9 -2 8 -2 7 -2 7 -2 6 -2 6 -2 5 -3 5 -3 4 -3 4 -4 3 -3 2 -4 2 -4 1 -4 0 -4 0 -4 -1 -4 -2 -3 -2 -3 -4 -3 -4 -3 -5 -2 -5 -1 -6 -2 -7 -1 -7 -1 -1 -1 -1 -1 -1 -1 -1 -1 -1 -1 -1 -1 -1 -1 -1 -1 -1 -1 -1 0 0 -15 -37 -15 -36 -17 -41 -14 -41 -15 -40 -11 -34 -12 -40 -12 -34 -15 -43 -8 -41 -8 -44 -8 -43 -9 -45 -8 -43 -6 -36 -7 -41 -9 -39 -6 -40 -8 -32 -5 -34 -4 -32 -8 -35 -3 -33 -5 -34 -3 -39 -7 -32 -16 -31 -6 -32 -8 -32 -9 -28 -10 -27 -7 -29 -12 -28 -10 -27 -12 -27 -13 -27 -12 -23 -13 -24 -11 -25 -14 -24 -13 -23 -17 -19 -13 -19 -17 -21 -14 -18 -15 -17 -14 -17 -17 -16 -17 -16 -15 -19 -15 -17 -14 -17 -14 -16 -20 -10 -24 -10 -23 -9 -25 -4 -1 -1 ]
CSI_DATA,STA,08:3A:F2:51:5D:9D,-52,11,1,0,1,1,1,0,0,0,0,-93,0,6,1,7238595,0,110,0,0,7.440162,384,[110 96 6 0 0 0 0 0 0 0 0 0 22 -10 21 -9 25 -12 27 -9 25 -10 22 -6 25 -8 23 -6 23 -7 24 -5 28 -5 27 -6 26 -5 25 -4 21 -2 27 -6 22 -3 23 -2 21 -3 21 -3 21 -2 22 -3 19 0 22 -2 23 -2 20 -4 0 0 20 -4 19 -6 20 -6 18 -7 17 -3 18 -6 18 -6 16 -6 17 -7 13 -9 15 -9 14 -6 14 -7 13 -9 13 -8 13 -10 15 -11 10 -10 11 -10 9 -10 11 -9 11 -10 11 -9 10 -10 10 -9 9 -9 0 0 0 0 0 0 0 0 0 0 -1 -1 -1 -1 -19 12 -20 13 -16 15 -13 14 -16 1 -13 1 -15 2 -15 1 -13 2 -11 1 -12 3 -9 4 -12 4 -12 4 -12 2 -12 3 -12 4 -12 4 -10 3 -10 5 -9 5 -10 4 -7 4 -8 4 -8 3 -8 4 -9 3 -8 4 -9 3 -8 4 -6 9 -8 3 -7 3 -6 2 -6 3 -6 1 -6 2 -5 1 -6 1 -5 0 -4 1 -5 -1 -4 -2 -4 -2 -4 -2 -3 -2 -2 -3 -2 -3 0 -3 -1 -3 0 -4 0 -4 0 -5 2 -4 3 -5 3 -4 4 -4 -1 -1 -1 -1 -1 -1 -1 -1 -1 -1 -1 -1 -1 -1 -1 -1 -1 -1 -1 -1 0 0 19 -32 18 -29 21 -34 22 -30 22 -33 19 -25 24 -29 17 -26 22 -35 27 -28 29 -30 28 -29 29 -32 28 -29 22 -22 25 -27 21 -27 26 -27 19 -21 22 -23 21 -19 19 -25 22 -21 22 -21 27 -23 20 -22 10 -37 19 -21 18 -22 15 -20 14 -21 16 -20 13 -24 13 -21 11 -23 10 -24 9 -22 11 -23 12 -22 10 -23 9 -22 2 -22 6 -19 5 -23 5 -19 3 -20 5 -19 1 -19 1 -19 5 -21 4 -20 4 -19 4 -19 -11 -22 -13 -25 -12 -24 -19 -20 -1 -1 ]
CSI_DATA,STA,08:3A:F2:51:5D:9D,-52,11,1,0,1,1,1,0,0,0,0,-93,0,6,1,7238974,0,110,0,0,7.450552,384,[110 96 6 0 0 0 0 0 0 0 0 0 22 4 21 4 24 4 25 7 23 6 19 7 22 7 20 7 21 7 21 9 23 11 23 10 22 10 21 11 17 10 23 10 19 9 17 11 17 9 16 8 17 9 18 9 14 10 17 10 18 10 17 7 0 0 17 8 17 5 18 6 16 5 15 7 16 5 16 6 15 4 16 3 14 1 15 1 14 3 14 2 14 1 14 0 14 -1 16 0 13 -2 14 -1 11 -3 13 -1 13 -1 13 -1 13 -2 12 -1 11 -2 0 0 0 0 0 0 0 0 0 0 -1 -1 -1 -1 -14 -16 -15 -16 -16 -14 -15 -11 -11 -15 -10 -13 -12 -13 -10 -14 -11 -12 -8 -10 -11 -11 -10 -8 -12 -10 -11 -11 -11 -10 -11 -10 -12 -10 -11 -10 -10 -8 -12 -8 -11 -6 -11 -8 -10 -5 -10 -7 -9 -7 -10 -6 -9 -7 -11 -5 -9 -7 -10 -6 -10 -5 -9 -5 -9 -6 -7 -5 -7 -5 -6 -6 -7 -6 -6 -5 -6 -6 -4 -5 -4 -5 -3 -5 -2 -5 -2 -6 -1 -5 0 -4 1 -3 1 -4 2 -2 2 -3 3 -2 4 -2 4 -2 5 -1 5 1 5 1 6 2 0 0 -1 -1 -1 -1 -1 -1 -1 -1 -1 -1 -1 -1 -1 -1 0 0 0 0 -1 -1 41 0 39 -2 44 -1 44 2 43 1 36 3 42 4 36 2 47 3 42 9 45 9 43 8 46 10 44 10 35 9 41 8 40 6 40 11 33 5 34 8 32 9 36 6 33 10 34 9 37 12 33 6 33 1 32 6 32 5 30 3 28 1 30 5 31 0 29 1 29 0 30 -2 25 -3 27 -3 27 -1 28 -4 26 -4 24 -9 22 -6 27 -8 21 -6 22 -9 21 -7 21 -10 21 -10 23 -7 21 -8 20 -7 19 -7 18 -12 20 -16 18 -15 16 -19 -1 -1 ]
CSI_DATA,STA,08:3A:F2:51:5D:9D,-52,11,1,0,1,1,1,0,0,0,0,-93,0,6,1,7239314,0,110,0,0,7.460545,384,[110 96 6 0 0 0 0 0 0 0 0 0 0 22 0 21 1 25 -2 26 -2 24 -3 20 -3 24 -3 21 -3 22 -5 22 -6 25 -5 25 -5 24 -6 23 -7 18 -5 24 -6 20 -7 19 -6 19 -5 18 -6 18 -6 19 -7 16 -6 18 -6 20 -4 18 0 0 -5 18 -3 18 -3 18 -1 17 -4 16 -2 17 -3 17 -1 15 -1 16 1 14 1 15 -1 14 0 14 2 13 2 13 3 14 2 16 3 12 4 13 4 11 3 12 3 12 3 12 4 12 2 12 4 11 0 0 0 0 0 0 0 0 0 0 -1 -1 -1 -1 -5 -21 -4 -22 -7 -20 -7 -17 3 -13 3 -12 2 -14 3 -13 2 -12 2 -10 1 -12 0 -10 -1 -12 0 -12 1 -12 1 -11 -1 -12 -1 -11 -1 -9 -1 -11 -3 -10 -1 -10 -3 -8 -2 -9 0 -9 -2 -9 -1 -9 -3 -9 -1 -10 -2 -8 -6 -8 -1 -8 -1 -7 -1 -6 -1 -7 -1 -7 -1 -7 0 -5 -1 -5 1 -5 1 -4 2 -4 1 -4 1 -3 1 -3 2 -3 2 -1 2 -1 2 0 2 0 2 0 2 2 2 2 2 3 1 3 1 4 1 4 -1 -1 -1 -1 -1 -1 -1 -1 -1 -1 -1 -1 -1 -1 -1 -1 -1 -1 -1 -1 0 0 18 27 18 26 21 30 17 29 18 30 13 25 15 31 14 24 20 31 14 32 13 35 14 33 15 35 14 34 10 27 13 31 15 28 12 31 11 23 10 26 7 24 13 25 9 26 9 25 8 31 11 25 26 21 10 24 11 23 11 20 11 19 11 21 14 19 11 19 14 18 15 17 12 16 14 17 13 18 15 16 14 15 16 10 13 12 16 12 12 11 15 9 13 11 15 9 15 7 15 11 14 10 13 9 13 10 21 -1 24 -2 23 -3 23 -9 -1 -1 ]
CSI_DATA,STA,08:3A:F2:51:5D:9D,-52,11,1,0,1,1,1,0,0,0,0,-93,0,6,1,7239752,0,110,0,0,7.470443,384,[110 96 6 0 0 0 0 0 0 0 0 0 -22 8 -21 7 -24 9 -26 6 -24 6 -21 4 -24 4 -22 4 -23 4 -23 3 -26 3 -26 4 -25 3 -25 2 -21 0 -25 3 -22 2 -21 0 -21 1 -20 0 -20 0 -21 0 -18 -1 -21 0 -22 0 -19 2 0 0 -20 2 -19 4 -19 4 -17 4 -17 1 -17 3 -18 3 -16 3 -17 4 -14 6 -15 7 -14 4 -14 5 -13 6 -13 6 -13 8 -15 8 -11 7 -11 8 -10 8 -12 7 -11 7 -11 7 -10 8 -11 6 -9 7 0 0 0 0 0 0 0 0 0 0 -1 -1 -1 -1 19 -5 21 -6 18 -9 15 -9 14 1 12 0 14 0 13 1 13 0 10 0 12 -1 10 -2 12 -3 12 -2 12 -1 11 -2 13 -3 11 -2 10 -1 10 -4 9 -5 10 -3 7 -4 8 -3 8 -2 8 -4 8 -3 8 -4 9 -3 8 -4 6 -6 7 -3 7 -2 6 -2 6 -3 6 -1 6 -2 5 -1 4 -1 4 -1 4 0 3 1 3 1 3 2 2 1 1 1 0 1 0 2 -1 2 -1 2 -2 3 -2 3 -3 3 -4 3 -5 3 -5 2 -6 2 -1 -1 -1 -1 -1 -1 -1 -1 -1 -1 -1 -1 -1 -1 -1 -1 -1 -1 -1 -1 0 0 -28 26 -25 24 -29 29 -30 24 -30 27 -25 20 -31 24 -24 21 -31 28 -33 22 -36 23 -35 21 -37 24 -35 22 -28 17 -32 21 -29 21 -32 19 -24 17 -28 16 -26 14 -27 19 -28 15 -28 16 -33 15 -26 17 -19 27 -25 16 -25 17 -21 16 -20 17 -22 16 -19 20 -19 17 -18 18 -17 20 -16 18 -17 19 -18 18 -16 20 -15 18 -10 20 -12 17 -12 21 -11 16 -8 18 -9 17 -7 18 -7 18 -11 19 -10 18 -9 17 -9 16 2 22 2 25 4 22 9 22 -1 -1 ]
CSI_DATA,STA,08:3A:F2:51:5D:9D,-52,11,1,0,1,1,1,0,0,0,0,-93,0,6,1,7249358,0,110,0,0,7.480634,384,[110 96 6 0 0 0 0 0 0 0 0 0 1 -23 1 -22 0 -26 4 -27 3 -25 4 -21 4 -24 4 -22 4 -23 6 -22 7 -25 5 -25 6 -24 7 -23 7 -19 7 -25 7 -21 8 -19 7 -20 6 -18 7 -19 7 -19 8 -16 7 -19 7 -21 5 -19 0 0 5 -19 3 -18 4 -19 2 -18 4 -16 3 -17 3 -18 2 -16 2 -17 -1 -15 -1 -17 1 -15 0 -15 -1 -15 -1 -15 -3 -15 -1 -17 -3 -14 -3 -14 -4 -12 -2 -14 -3 -13 -3 -14 -4 -14 -2 -13 -4 -12 0 0 0 0 0 0 0 0 0 0 -1 -1 -1 -1 -12 16 -11 17 -8 19 -6 16 -11 10 -10 11 -10 11 -12 11 -9 10 -8 9 -8 11 -6 10 -7 12 -7 11 -8 11 -7 11 -7 12 -6 11 -6 9 -5 11 -4 11 -6 10 -3 9 -5 9 -5 8 -4 9 -5 8 -3 9 -5 9 -4 9 0 9 -4 8 -4 7 -4 7 -4 6 -5 6 -3 6 -3 5 -4 4 -4 4 -4 3 -4 3 -4 1 -4 1 -4 0 -4 0 -4 -1 -4 -2 -4 -3 -3 -3 -2 -3 -2 -4 -1 -5 -1 -6 0 -6 0 -7 1 -7 -1 -1 0 0 0 0 -1 -1 -1 -1 -1 -1 0 0 0 0 -1 -1 -1 -1 -1 -1 -10 -39 -12 -37 -11 -42 -9 -44 -8 -40 -6 -36 -6 -42 -7 -36 -8 -45 -3 -41 -4 -44 -5 -43 -4 -46 -2 -43 -2 -37 -1 -40 -4 -42 2 -39 -3 -34 0 -35 1 -33 -2 -36 1 -33 -1 -34 2 -38 -3 -33 -12 -32 -1 -33 -2 -31 -4 -30 -4 -27 -3 -31 -6 -29 -5 -28 -7 -29 -8 -28 -9 -24 -10 -26 -7 -25 -10 -26 -10 -25 -12 -22 -11 -22 -12 -24 -11 -20 -12 -20 -11 -20 -14 -19 -13 -19 -11 -20 -12 -19 -11 -18 -11 -19 -16 -14 -21 -14 -22 -13 -23 -10 -1 -1 ]
CSI_DATA,STA,08:3A:F2:51:5D:9D,-52,11,1,0,1,1,1,0,0,0,0,-93,0,6,1,7316292,0,110,0,0,7.491546,384,[110 96 6 0 0 0 0 0 0 0 0 0 -16 -16 -16 -16 -17 -17 -17 -21 -15 -19 -13 -18 -14 -19 -12 -18 -13 -19 -12 -19 -14 -22 -15 -21 -14 -21 -13 -21 -9 -19 -13 -21 -11 -20 -8 -19 -10 -19 -9 -17 -9 -18 -9 -19 -7 -17 -10 -18 -10 -20 -11 -17 0 0 -10 -17 -11 -15 -12 -17 -11 -14 -9 -16 -11 -15 -11 -16 -10 -14 -11 -14 -12 -10 -13 -11 -11 -11 -11 -11 -12 -10 -11 -10 -13 -10 -14 -11 -13 -8 -12 -8 -12 -6 -12 -9 -12 -8 -13 -8 -14 -7 -11 -7 -12 -7 0 0 0 0 0 0 0 0 0 0 -1 -1 -1 -1 0 22 2 22 6 23 4 19 -2 18 -1 17 -1 18 -3 19 -1 16 -1 14 0 16 2 14 1 16 1 15 1 16 2 15 3 17 2 15 1 14 2 14 4 14 1 14 4 12 2 13 1 12 3 13 1 12 4 12 2 14 3 13 6 11 2 13 1 12 2 12 2 12 0 12 1 12 0 11 0 11 -1 11 -1 10 -2 11 -2 10 -3 10 -4 9 -4 8 -5 8 -5 8 -6 7 -6 6 -7 5 -7 5 -6 4 -7 3 -8 2 -8 1 -9 0 0 0 -1 -1 -1 -1 -1 -1 -1 -1 -1 -1 -1 -1 -1 -1 0 0 0 0 -1 -1 -34 -22 -34 -21 -35 -24 -36 -28 -33 -25 -30 -24 -32 -28 -29 -23 -34 -29 -29 -29 -33 -31 -33 -30 -35 -32 -32 -32 -27 -28 -28 -30 -31 -30 -26 -31 -26 -26 -24 -28 -22 -27 -26 -27 -22 -27 -25 -26 -25 -30 -26 -24 -29 -19 -25 -26 -23 -23 -25 -21 -23 -19 -25 -23 -25 -20 -25 -19 -26 -18 -26 -17 -23 -13 -26 -14 -25 -15 -27 -14 -26 -14 -25 -9 -24 -11 -27 -12 -24 -9 -24 -8 -23 -8 -25 -7 -24 -7 -24 -9 -24 -7 -23 -7 -23 -8 -23 -1 -28 2 -28 2 -26 5 -1 -1 ]
CSI_DATA,STA,08:3A:F2:51:5D:9D,-51,11,1,0,1,1,1,0,0,0,0,-93,0,6,1,7326386,0,110,0,0,7.507584,384,[110 96 6 0 0 0 0 0 0 0 0 0 -18 12 -17 12 -19 14 -22 12 -20 12 -18 8 -20 10 -19 9 -19 10 -21 8 -23 9 -23 10 -22 8 -22 7 -19 5 -23 9 -20 7 -20 5 -19 6 -18 6 -19 5 -20 6 -18 3 -20 5 -21 6 -18 7 0 0 -18 6 -17 8 -18 8 -16 9 -16 6 -16 8 -17 8 -15 7 -15 9 -12 10 -13 10 -13 8 -13 8 -12 10 -12 9 -11 11 -14 11 -10 11 -10 11 -8 11 -11 10 -10 10 -10 10 -9 11 -10 9 -9 10 0 0 0 0 0 0 0 0 0 0 -1 -1 -1 -1 23 -6 23 -7 22 -11 19 -9 18 1 17 0 18 -1 18 1 16 -1 14 0 16 -1 14 -2 16 -3 15 -2 16 -2 15 -3 17 -4 15 -3 13 -3 14 -5 14 -7 14 -3 11 -6 13 -4 12 -3 13 -5 13 -3 12 -6 14 -4 13 -5 11 -10 13 -5 13 -4 11 -4 12 -4 12 -2 12 -4 11 -3 11 -3 11 -2 11 -2 11 -1 11 0 11 -1 10 0 9 0 8 1 8 1 7 3 7 2 6 3 6 3 5 3 4 4 3 4 3 5 3 5 -1 -1 -1 -1 -1 -1 -1 -1 -1 -1 -1 -1 -1 -1 -1 -1 -1 -1 0 0 0 0 -20 29 -19 29 -22 31 -23 31 -22 30 -20 25 -25 29 -21 25 -25 32 -27 26 -29 29 -27 28 -29 30 -29 28 -25 23 -27 26 -24 28 -28 24 -22 22 -25 21 -24 19 -24 24 -25 19 -24 22 -29 22 -22 22 -13 31 -24 22 -21 22 -18 22 -17 21 -21 21 -17 23 -18 21 -16 23 -16 24 -13 21 -13 23 -15 22 -12 24 -12 23 -7 23 -9 21 -10 24 -9 21 -7 22 -8 21 -6 23 -6 22 -9 22 -7 21 -7 20 -7 21 3 23 8 27 7 27 10 24 -1 -1 ]
CSI_DATA,STA,08:3A:F2:51:5D:9D,-51,11,1,0,1,1,1,0,0,0,0,-93,0,6,1,7326876,0,110,0,0,7.518441,384,[110 96 6 0 0 0 0 0 0 0 0 0 -21 -8 -20 -7 -23 -8 -24 -11 -22 -10 -18 -10 -21 -11 -19 -10 -20 -10 -19 -12 -21 -15 -21 -14 -20 -14 -19 -15 -16 -13 -21 -13 -17 -13 -16 -13 -17 -12 -16 -12 -16 -12 -17 -13 -13 -13 -16 -13 -17 -14 -16 -11 0 0 -16 -11 -17 -9 -18 -10 -17 -8 -15 -10 -16 -9 -17 -10 -15 -8 -16 -7 -15 -4 -16 -5 -14 -7 -15 -6 -15 -4 -15 -5 -16 -3 -18 -5 -15 -2 -15 -2 -14 0 -15 -3 -15 -2 -15 -3 -15 -2 -14 -3 -14 -1 0 0 0 0 0 0 0 0 0 0 -1 -1 -1 -1 16 18 17 17 20 15 17 12 8 16 8 15 9 15 8 17 9 14 7 12 9 13 9 11 11 13 9 13 9 14 10 12 11 14 10 12 8 11 11 10 12 9 10 11 10 8 9 10 9 10 11 9 9 10 11 8 10 11 10 9 13 5 10 9 9 10 9 8 9 8 8 10 10 9 8 8 7 9 7 9 6 8 6 9 5 10 5 10 4 9 4 8 2 8 3 9 1 8 1 8 0 7 0 7 -1 7 -2 6 -3 6 -3 5 -4 5 -1 -1 -1 -1 -1 -1 -1 -1 -1 -1 -1 -1 -1 -1 -1 -1 -1 -1 0 0 0 0 -37 -1 -36 0 -40 -1 -40 -4 -39 -3 -34 -4 -40 -5 -34 -4 -42 -4 -39 -9 -42 -10 -40 -10 -43 -10 -41 -10 -35 -9 -38 -9 -38 -7 -37 -11 -33 -6 -33 -10 -31 -11 -35 -7 -31 -11 -33 -10 -35 -13 -32 -7 -34 3 -32 -8 -32 -7 -31 -4 -28 -4 -31 -6 -31 -2 -29 -4 -30 -2 -30 0 -26 0 -28 1 -28 -1 -29 1 -28 2 -25 6 -25 4 -28 5 -24 4 -23 6 -24 5 -23 7 -23 7 -25 4 -24 5 -23 5 -23 5 -19 14 -22 19 -21 19 -17 21 -1 -1 ]
CSI_DATA,STA,08:3A:F2:51:5D:9D,-51,11,1,0,1,1,1,0,0,0,0,-93,0,6,1,7327396,0,110,0,0,7.529087,384,[110 96 6 0 0 0 0 0 0 0 0 0 16 -14 15 -14 17 -16 21 -15 18 -14 17 -11 19 -13 17 -11 18 -12 19 -10 22 -11 22 -11 21 -10 21 -9 18 -7 22 -12 19 -9 19 -7 18 -8 17 -8 17 -7 18 -8 17 -5 19 -7 20 -8 17 -8 0 0 18 -9 16 -10 17 -10 14 -10 15 -8 15 -10 15 -10 13 -10 14 -11 11 -11 12 -12 12 -9 12 -10 10 -12 11 -11 10 -13 12 -13 8 -12 9 -12 7 -12 9 -12 9 -12 9 -12 8 -13 9 -11 7 -11 0 0 0 0 0 0 0 0 0 0 -1 -1 -1 -1 -25 4 -25 5 -24 8 -21 8 -20 -2 -19 -1 -20 0 -20 -2 -18 0 -16 -1 -18 1 -16 2 -19 2 -18 1 -19 0 -18 1 -19 2 -17 2 -15 1 -16 3 -16 5 -17 2 -13 4 -15 3 -15 1 -15 4 -16 1 -15 5 -17 2 -15 4 -14 8 -16 3 -15 3 -13 3 -14 3 -14 1 -14 3 -13 2 -13 2 -13 1 -13 1 -13 -1 -12 -1 -12 -2 -11 -2 -12 -1 -10 -2 -11 -2 -9 -3 -9 -3 -8 -5 -8 -4 -7 -5 -5 -6 -5 -5 -4 -6 -4 -7 -1 -1 -1 -1 -1 -1 -1 -1 -1 -1 -1 -1 -1 -1 -1 -1 -1 -1 0 0 0 0 19 -32 18 -32 20 -35 23 -33 21 -33 20 -27 24 -31 20 -27 24 -36 27 -29 29 -31 29 -30 30 -32 29 -30 25 -25 26 -29 25 -30 28 -27 21 -25 24 -24 24 -21 23 -27 25 -21 25 -24 30 -24 22 -24 15 -31 23 -24 21 -24 18 -24 17 -24 20 -23 17 -26 17 -24 16 -26 15 -27 13 -23 13 -25 15 -24 13 -26 12 -26 7 -26 8 -24 9 -27 8 -23 6 -24 7 -23 5 -25 4 -25 8 -25 7 -24 7 -23 7 -23 -2 -25 -5 -29 -5 -29 -11 -26 -1 -1 ]
CSI_DATA,STA,08:3A:F2:51:5D:9D,-51,11,1,0,1,1,1,0,0,0,0,-93,0,6,1,7327733,0,110,0,0,7.539813,384,[110 96 6 0 0 0 0 0 0 0 0 0 18 -10 17 -11 20 -13 23 -11 21 -11 18 -8 20 -9 19 -8 19 -9 21 -7 24 -7 23 -7 22 -7 22 -5 19 -4 23 -8 20 -6 20 -4 19 -4 18 -5 19 -4 19 -5 18 -2 19 -4 21 -4 18 -5 0 0 18 -5 17 -7 18 -7 16 -8 16 -5 16 -7 17 -7 15 -7 15 -8 12 -9 14 -9 13 -7 14 -8 12 -9 12 -9 12 -11 14 -11 10 -10 11 -11 8 -11 11 -10 11 -10 11 -10 10 -11 11 -9 9 -10 0 0 0 0 0 0 0 0 0 0 -1 -1 -1 -1 -24 5 -26 5 -24 7 -19 10 -20 -3 -17 -3 -19 -2 -19 -4 -17 -2 -14 -2 -17 -1 -14 1 -17 1 -18 0 -18 -1 -17 0 -18 0 -16 0 -14 0 -15 3 -15 4 -16 2 -12 3 -14 2 -14 0 -14 4 -15 1 -14 3 -16 1 -15 3 -13 9 -14 2 -14 2 -12 2 -13 3 -13 0 -13 2 -12 1 -12 1 -12 0 -12 1 -12 -1 -12 -2 -11 -2 -11 -3 -10 -1 -9 -2 -10 -2 -8 -3 -8 -3 -7 -5 -7 -4 -7 -4 -5 -6 -4 -6 -4 -6 -3 -6 -1 -1 -1 -1 -1 -1 -1 -1 -1 -1 -1 -1 -1 -1 -1 -1 -1 -1 0 0 0 0 22 -28 20 -27 23 -32 25 -28 24 -30 21 -24 27 -28 21 -24 26 -32 30 -25 32 -26 31 -25 33 -28 31 -25 26 -20 28 -25 26 -26 29 -24 22 -21 26 -21 25 -17 24 -24 27 -18 26 -20 32 -20 24 -21 17 -31 24 -20 22 -22 19 -21 18 -21 21 -20 18 -24 18 -21 17 -23 16 -24 15 -21 15 -23 17 -21 14 -24 14 -23 8 -24 9 -21 10 -25 9 -20 7 -22 9 -21 6 -23 5 -23 10 -23 9 -22 8 -21 8 -21 -3 -25 -5 -28 -5 -28 -12 -27 -1 -1 ]
CSI_DATA,STA,08:3A:F2:51:5D:9D,-51,11,1,0,1,1,1,0,0,0,0,-93,0,6,1,7328068,0,110,0,0,7.550511,384,[110 96 6 0 0 0 0 0 0 0 0 0 18 10 17 10 20 11 20 14 19 13 15 12 17 13 16 13 17 12 16 15 17 17 17 16 16 16 15 17 12 15 17 16 14 14 13 15 13 14 12 13 12 14 13 15 10 14 12 15 13 16 13 13 0 0 13 13 14 11 15 12 14 10 11 12 14 11 14 12 13 9 14 9 13 6 14 7 12 8 13 8 14 6 13 6 14 5 16 7 13 4 14 4 13 2 13 5 14 4 14 5 14 4 12 5 12 3 0 0 0 0 0 0 0 0 0 0 -1 -1 -1 -1 -16 -20 -17 -21 -20 -18 -18 -14 -7 -18 -7 -17 -8 -18 -7 -19 -8 -17 -6 -14 -8 -16 -8 -13 -10 -15 -9 -16 -8 -16 -8 -15 -10 -16 -9 -15 -8 -13 -10 -13 -11 -12 -10 -14 -10 -10 -10 -12 -8 -12 -10 -11 -8 -13 -11 -11 -9 -14 -10 -12 -14 -8 -9 -12 -9 -12 -9 -10 -9 -11 -7 -12 -9 -12 -8 -10 -8 -11 -7 -11 -6 -10 -5 -11 -4 -12 -4 -12 -4 -11 -4 -10 -2 -9 -3 -10 -1 -8 -1 -9 0 -8 0 -8 0 -8 2 -7 2 -7 3 -6 4 -6 -1 -1 -1 -1 -1 -1 -1 -1 -1 -1 -1 -1 -1 -1 -1 -1 -1 -1 0 0 0 0 35 5 33 4 38 4 36 6 37 6 31 7 36 9 31 6 40 7 36 13 38 14 37 13 40 13 37 14 30 12 35 12 34 9 35 13 29 9 30 11 27 12 32 9 27 14 30 13 32 17 29 10 34 0 29 11 29 9 27 6 26 5 27 9 29 4 26 6 28 3 28 2 25 3 26 2 27 4 27 1 26 0 24 -5 23 -2 27 -3 22 -2 22 -4 22 -3 23 -5 22 -6 25 -2 23 -3 22 -3 22 -3 21 -14 23 -18 23 -18 18 -22 -1 -1 ]
CSI_DATA,STA,08:3A:F2:51:5D:9D,-51,11,1,0,1,1,1,0,0,0,0,-93,0,6,1,7328397,0,110,0,0,7.560770,384,[110 96 6 0 0 0 0 0 0 0 0 0 -15 15 -14 15 -15 18 -18 17 -17 17 -15 13 -18 15 -16 13 -16 14 -19 13 -22 14 -21 14 -20 13 -20 12 -18 9 -20 15 -18 11 -19 10 -17 10 -17 10 -17 9 -18 11 -18 7 -18 9 -20 10 -17 10 0 0 -16 10 -15 12 -16 12 -14 12 -15 9 -14 11 -15 11 -13 11 -13 12 -10 12 -11 13 -12 10 -11 11 -9 12 -10 12 -8 13 -11 15 -7 12 -7 13 -6 12 -8 12 -7 13 -8 13 -7 13 -8 11 -6 11 0 0 0 0 0 0 0 0 0 0 -1 -1 -1 -1 18 -16 19 -17 16 -20 13 -18 17 -5 15 -5 16 -7 16 -5 14 -6 12 -5 14 -6 12 -7 14 -9 14 -7 15 -7 13 -7 15 -9 13 -8 11 -6 12 -9 11 -10 13 -8 8 -9 10 -8 11 -6 10 -9 12 -7 10 -9 13 -8 11 -9 7 -14 11 -8 10 -8 9 -7 10 -8 10 -6 10 -8 9 -7 9 -6 9 -6 9 -5 10 -4 10 -4 10 -4 9 -3 9 -4 7 -2 8 -3 7 -1 7 -1 7 1 6 0 6 0 5 2 4 2 4 3 4 3 -1 -1 -1 -1 -1 -1 -1 -1 -1 -1 -1 -1 -1 -1 -1 -1 -1 -1 0 0 0 0 -8 32 -7 30 -8 35 -10 33 -9 34 -9 28 -13 33 -10 28 -10 37 -16 32 -17 35 -16 33 -16 36 -16 34 -15 27 -14 32 -12 31 -16 31 -11 26 -15 27 -15 24 -12 29 -17 25 -15 27 -19 29 -13 27 0 34 -14 26 -12 27 -9 24 -8 24 -11 25 -7 26 -9 24 -7 25 -5 27 -6 23 -5 24 -7 24 -4 25 -3 24 2 23 -1 21 -1 25 -2 21 1 21 -1 21 2 22 3 21 -1 23 0 22 0 20 0 21 13 21 18 23 17 21 22 17 -1 -1 ]
CSI_DATA,STA,08:3A:F2:51:5D:9D,-51,11,1,0,1,1,1,0,0,0,0,-93,0,6,1,7328877,0,110,0,0,7.571179,384,[110 96 6 0 0 0 0 0 0 0 0 0 -22 5 -20 5 -24 6 -26 4 -24 4 -21 2 -24 3 -22 2 -22 2 -24 0 -26 0 -26 0 -25 0 -24 -1 -20 -2 -26 1 -22 -1 -21 -2 -21 -2 -20 -1 -20 -2 -22 -1 -19 -4 -21 -2 -23 -2 -20 0 0 0 -20 -1 -20 2 -20 1 -19 2 -18 -1 -18 2 -19 1 -17 2 -18 3 -15 5 -17 5 -16 2 -16 3 -15 5 -15 5 -15 6 -18 6 -13 6 -14 7 -12 7 -14 6 -14 6 -14 6 -14 7 -14 5 -12 6 0 0 0 0 0 0 0 0 0 0 -1 -1 -1 -1 22 8 24 8 25 4 21 2 17 10 16 8 17 9 16 11 16 8 13 7 16 7 14 5 18 5 16 7 16 7 16 6 18 6 16 6 14 5 16 3 17 2 15 5 14 1 14 3 14 4 15 3 14 4 15 1 15 5 15 2 15 -1 15 3 14 3 13 2 13 2 13 5 13 3 12 3 12 4 12 4 11 4 11 5 10 6 9 6 9 6 9 4 7 5 8 6 6 5 6 5 4 6 5 5 3 6 2 6 1 6 0 5 -1 5 -1 -1 -1 -1 -1 -1 -1 -1 -1 -1 -1 -1 -1 -1 -1 -1 -1 -1 0 0 0 0 -33 19 -31 20 -36 21 -37 19 -36 19 -32 15 -38 16 -32 15 -40 20 -39 13 -42 14 -40 13 -43 15 -42 13 -36 10 -39 13 -38 15 -39 10 -32 11 -35 9 -33 7 -35 12 -34 6 -35 9 -39 7 -33 11 -29 19 -33 10 -32 11 -29 13 -27 12 -30 11 -28 14 -28 12 -27 14 -27 16 -23 13 -24 16 -26 13 -25 17 -24 16 -19 19 -20 16 -23 19 -19 16 -18 18 -18 16 -17 20 -17 18 -20 17 -18 18 -17 16 -18 16 -11 22 -10 27 -10 28 -5 28 -1 -1 ]
CSI_DATA,STA,08:3A:F2:51:5D:9D,-51,11,1,0,1,1,1,0,0,0,0,-93,0,6,1,7425810,0,110,0,0,7.592352,384,[110 96 6 0 0 0 0 0 0 0 0 0 10 19 10 18 12 22 10 24 10 22 7 19 8 22 7 20 7 21 6 22 6 24 7 24 6 23 5 23 3 19 7 24 4 21 3 20 3 20 3 18 3 19 3 20 0 18 3 20 3 21 4 18 0 0 4 18 6 18 6 18 6 16 3 16 5 16 5 17 5 15 6 16 7 13 8 13 5 13 6 13 7 12 7 12 9 11 9 14 8 10 9 10 9 8 8 11 8 10 8 10 9 9 7 9 8 8 0 0 0 0 0 0 0 0 0 0 -1 -1 -1 -1 0 -20 0 -20 -3 -21 -3 -18 4 -16 3 -14 2 -16 3 -15 2 -14 2 -12 1 -14 0 -12 0 -14 0 -13 0 -14 0 -13 -1 -14 -1 -12 -1 -11 -2 -12 -3 -12 -1 -12 -3 -9 -2 -10 -1 -9 -3 -9 -1 -10 -3 -9 -2 -10 -2 -10 -5 -9 -2 -9 -2 -8 -2 -7 -2 -8 -1 -7 -1 -7 -1 -6 -1 -6 0 -6 0 -6 1 -5 1 -4 2 -4 2 -3 2 -3 2 -2 2 -2 2 -1 3 -1 3 0 3 1 3 1 3 2 2 4 2 3 2 4 0 0 -1 -1 -1 -1 -1 -1 -1 -1 -1 -1 -1 -1 -1 -1 0 0 0 0 -1 -1 28 27 28 25 30 29 28 31 27 29 23 27 26 32 23 27 29 33 22 34 24 36 24 35 25 37 23 36 19 30 22 33 24 31 20 34 19 27 17 29 15 28 20 29 14 29 17 29 17 34 18 27 26 22 17 28 17 26 19 23 17 21 17 25 20 22 18 21 20 20 21 20 19 17 20 18 18 19 21 17 20 16 21 11 19 12 21 14 18 12 19 10 18 11 20 9 19 9 19 12 18 10 18 10 17 10 21 3 25 1 24 1 23 -4 -1 -1 ]
CSI_DATA,STA,08:3A:F2:51:5D:9D,-51,11,1,0,1,1,1,0,0,0,0,-93,0,6,1,7432088,0,110,0,0,7.603021,384,[110 96 6 0 0 0 0 0 0 0 0 0 17 13 17 12 20 14 19 17 18 15 14 15 17 16 15 15 16 15 15 17 16 20 17 19 15 19 14 19 11 17 16 19 13 16 12 16 12 16 11 14 11 16 12 17 8 15 11 17 12 18 13 15 0 0 13 14 13 12 13 16 13 13 10 14 13 14 11 12 11 10 14 12 12 7 14 9 11 9 11 10 12 7 12 7 13 6 15 10 13 7 14 7 11 3 10 5 14 6 11 6 12 6 10 7 10 5 0 0 0 0 0 0 0 0 0 0 -1 -1 -1 -1 -17 -17 -16 -15 -20 -13 -14 -12 -7 -15 -4 -13 -6 -17 -5 -15 -7 -12 -5 -10 -7 -11 -6 -10 -7 -11 -7 -12 -6 -12 -6 -11 -8 -12 -7 -11 -5 -10 -7 -9 -8 -8 -7 -9 -7 -7 -7 -8 -5 -8 -7 -7 -6 -9 -8 -8 -6 -9 -6 -8 -10 -5 -6 -8 -6 -8 -6 -6 -5 -7 -4 -8 -5 -7 -4 -7 -4 -7 -3 -7 -3 -7 -2 -7 -1 -7 -1 -7 0 -7 0 -6 0 -5 0 -6 2 -5 2 -5 3 -4 2 -4 3 -5 4 -3 4 -3 5 -2 6 -2 0 0 -1 -1 -1 -1 -1 -1 -1 -1 -1 -1 -1 -1 -1 -1 0 0 0 0 -1 -1 36 9 34 7 39 8 37 11 38 9 31 10 37 13 31 9 41 10 36 16 38 18 36 18 40 18 37 18 30 14 35 14 34 13 34 15 28 10 29 14 26 13 31 10 27 17 29 15 31 20 29 13 34 -2 28 13 28 11 24 6 25 7 25 10 28 4 26 7 25 4 28 4 25 3 27 4 27 6 25 2 26 3 23 -3 20 0 24 -1 20 1 21 -4 20 -2 21 -3 20 -5 22 -2 22 -3 20 -2 20 0 24 -14 19 -18 24 -17 17 -21 -1 -1 ]
CSI_DATA,STA,08:3A:F2:51:5D:9D,-50,11,1,0,1,1,1,0,0,0,0,-93,0,6,1,7432808,0,110,0,0,7.613193,384,[110 96 6 0 0 0 0 0 0 0 0 0 -23 3 -21 4 -25 5 -27 2 -25 2 -22 0 -24 1 -22 0 -23 1 -24 -1 -26 -2 -26 -1 -25 -2 -25 -3 -21 -4 -26 -1 -22 -3 -21 -4 -21 -3 -20 -3 -20 -3 -22 -3 -18 -5 -21 -4 -23 -4 -20 -2 0 0 -20 -2 -20 0 -21 -1 -19 1 -18 -2 -19 0 -19 0 -17 0 -18 1 -15 3 -17 3 -16 0 -16 1 -15 3 -15 3 -15 5 -18 4 -14 5 -14 5 -12 6 -14 4 -14 4 -14 4 -14 5 -13 3 -12 4 0 0 0 0 0 0 0 0 0 0 -1 -1 -1 -1 22 1 22 1 22 -3 18 -3 13 7 12 6 13 5 13 7 12 5 10 4 12 4 11 2 13 2 12 3 12 4 12 3 13 3 11 3 9 2 11 1 11 -1 10 2 8 0 9 1 9 2 9 0 9 2 9 0 10 2 9 0 10 -4 9 1 8 2 7 1 8 1 7 2 8 2 7 2 6 2 6 2 5 3 5 4 6 4 5 4 4 4 4 3 2 4 3 5 1 4 1 4 0 5 0 5 0 5 -2 5 -3 5 -3 4 -4 4 0 0 -1 -1 -1 -1 -1 -1 -1 -1 -1 -1 -1 -1 -1 -1 0 0 0 0 -1 -1 -30 21 -28 21 -33 23 -34 20 -32 21 -29 16 -34 19 -28 17 -35 23 -36 15 -39 16 -37 16 -39 18 -38 16 -32 13 -35 15 -33 17 -36 14 -28 13 -31 12 -29 10 -31 15 -30 10 -31 11 -36 10 -29 12 -24 25 -29 12 -29 13 -24 13 -24 13 -27 12 -24 16 -24 14 -23 15 -22 17 -20 14 -21 16 -22 14 -21 17 -20 16 -15 19 -16 15 -17 18 -15 14 -13 16 -15 15 -13 18 -12 17 -16 16 -15 16 -13 15 -14 15 -5 23 -4 26 -3 26 2 26 -1 -1 ]
CSI_DATA,STA,08:3A:F2:51:5D:9D,-51,11,1,0,1,1,1,0,0,0,0,-93,0,6,1,7436407,0,110,0,0,7.623302,384,[110 96 6 0 0 0 0 0 0 0 0 0 22 -2 21 -2 25 -4 26 0 24 -1 21 1 24 0 22 1 23 0 23 2 26 3 26 2 25 3 24 4 20 4 26 2 21 3 20 5 20 3 19 3 20 4 21 3 18 5 20 4 22 4 20 2 0 0 20 2 19 0 20 1 18 -1 17 2 18 0 19 0 17 -1 18 -2 15 -4 17 -4 16 -1 16 -2 15 -4 15 -4 15 -6 18 -5 13 -6 14 -6 12 -7 14 -5 14 -6 14 -5 13 -6 13 -4 11 -6 0 0 0 0 0 0 0 0 0 0 -1 -1 -1 -1 -25 -4 -25 -5 -25 -1 -21 2 -17 -9 -15 -8 -17 -8 -16 -10 -15 -7 -12 -6 -14 -6 -13 -4 -16 -4 -15 -5 -15 -6 -14 -5 -16 -5 -14 -5 -13 -5 -14 -2 -14 -1 -14 -3 -12 -1 -12 -3 -12 -3 -13 -1 -12 -3 -13 -1 -14 -4 -13 -2 -12 3 -12 -2 -12 -3 -11 -2 -11 -2 -11 -4 -11 -3 -10 -2 -11 -3 -9 -3 -9 -3 -9 -5 -9 -6 -8 -6 -7 -6 -8 -4 -5 -5 -7 -6 -5 -5 -5 -5 -3 -6 -3 -6 -3 -7 -2 -6 0 -7 0 -6 1 -6 0 0 -1 -1 -1 -1 -1 -1 -1 -1 -1 -1 -1 -1 -1 -1 0 0 0 0 -1 -1 33 -18 31 -18 35 -21 35 -17 35 -19 30 -14 36 -16 29 -15 38 -20 38 -13 41 -13 39 -13 42 -14 40 -13 33 -10 37 -13 34 -15 37 -12 29 -12 32 -10 30 -8 32 -14 32 -8 32 -10 38 -8 31 -11 28 -24 30 -11 30 -12 26 -12 25 -13 27 -11 26 -16 25 -13 24 -16 24 -18 21 -15 22 -16 24 -14 23 -17 21 -17 16 -20 17 -16 19 -20 16 -16 15 -18 15 -17 13 -20 13 -20 18 -18 16 -17 15 -17 15 -16 6 -24 6 -28 5 -27 -1 -28 -1 -1 ]
CSI_DATA,STA,08:3A:F2:51:5D:9D,-51,11,1,0,1,1,1,0,0,0,0,-93,0,6,1,7436733,0,110,0,0,7.633844,384,[110 96 6 0 0 0 0 0 0 0 0 0 16 15 15 14 19 16 17 19 17 18 13 16 15 18 13 17 15 17 13 19 14 22 15 21 14 20 12 21 10 18 15 21 11 18 10 19 11 17 10 17 10 17 11 18 7 17 10 18 11 19 11 16 0 0 11 16 13 15 13 15 13 13 10 14 12 13 12 15 11 12 13 12 12 9 13 10 10 11 12 11 13 8 12 9 14 8 15 10 13 6 14 7 13 4 13 7 13 7 13 7 13 6 11 7 11 5 0 0 0 0 0 0 0 0 0 0 -1 -1 -1 -1 -17 -15 -16 -21 -24 -19 -17 -8 -6 -16 -6 -15 -9 -16 -6 -14 -8 -13 -6 -11 -8 -12 -7 -10 -9 -12 -8 -12 -8 -13 -8 -11 -9 -12 -8 -11 -7 -9 -8 -9 -9 -8 -9 -10 -9 -6 -8 -8 -7 -8 -9 -7 -7 -9 -9 -7 -8 -10 -9 -8 -13 -3 -8 -8 -8 -8 -7 -6 -7 -7 -6 -8 -7 -7 -6 -7 -6 -7 -5 -7 -5 -7 -4 -9 -4 -8 -3 -8 -3 -8 -3 -7 -2 -7 -2 -8 0 -7 -1 -7 1 -6 0 -7 1 -6 2 -5 2 -5 3 -4 3 -4 0 0 -1 -1 -1 -1 -1 -1 -1 -1 -1 -1 -1 -1 -1 -1 0 0 0 0 -1 -1 32 4 30 3 35 5 33 6 33 5 28 6 33 9 28 5 37 5 33 11 35 12 33 11 37 11 34 12 27 10 32 11 32 8 32 12 25 8 28 10 24 10 28 7 26 11 26 10 30 15 26 7 34 -6 26 9 26 8 24 5 25 3 24 9 25 2 23 3 23 0 25 0 23 1 24 1 24 3 24 0 23 0 22 -6 20 -2 22 -4 19 -3 18 -5 20 -1 20 -4 17 -9 22 -3 19 -3 19 -2 18 -3 16 -19 17 -20 17 -23 11 -27 -1 -1 ]
CSI_DATA,STA,08:3A:F2:51:5D:9D,-50,11,1,0,1,1,1,0,0,0,0,-93,0,6,1,7448684,0,110,0,0,7.643910,384,[110 96 6 0 0 0 0 0 0 0 0 0 -13 -17 -13 -17 -15 -19 -13 -22 -12 -20 -10 -18 -11 -20 -9 -19 -10 -19 -9 -20 -10 -23 -11 -22 -10 -22 -9 -22 -6 -19 -10 -22 -8 -20 -6 -19 -7 -19 -7 -18 -6 -19 -7 -19 -4 -18 -7 -19 -8 -21 -8 -18 0 0 -8 -18 -10 -16 -10 -18 -10 -15 -7 -16 -9 -16 -9 -17 -9 -14 -10 -15 -11 -11 -12 -12 -9 -12 -10 -12 -11 -11 -10 -11 -12 -10 -13 -12 -12 -9 -11 -9 -11 -8 -11 -10 -11 -9 -11 -9 -12 -8 -10 -9 -11 -7 0 0 0 0 0 0 0 0 0 0 -1 -1 -1 -1 7 20 9 20 13 19 10 16 0 16 1 15 2 15 0 17 1 14 1 12 2 13 3 11 4 14 3 13 3 13 4 12 5 14 5 12 4 11 5 11 7 11 4 11 6 9 4 10 4 10 5 10 4 9 7 9 5 10 6 9 10 6 5 9 5 9 5 8 4 8 4 8 5 8 4 7 4 7 3 7 3 7 2 7 3 7 2 6 2 6 1 5 0 5 0 4 -1 4 -1 3 -1 3 -1 2 -1 2 -1 1 -1 1 -2 1 -3 0 0 0 -1 -1 -1 -1 -1 -1 -1 -1 -1 -1 -1 -1 -1 -1 0 0 0 0 -1 -1 -30 -16 -31 -15 -32 -18 -32 -20 -30 -19 -26 -17 -29 -21 -26 -17 -33 -21 -27 -22 -31 -24 -30 -23 -32 -24 -30 -24 -26 -21 -26 -24 -30 -22 -25 -24 -24 -19 -23 -21 -21 -21 -25 -20 -21 -21 -24 -20 -25 -25 -24 -18 -33 -7 -24 -20 -23 -18 -24 -16 -21 -14 -24 -18 -24 -14 -23 -15 -25 -13 -25 -13 -22 -10 -24 -9 -23 -11 -24 -9 -24 -9 -23 -5 -23 -6 -25 -7 -22 -6 -21 -5 -21 -6 -22 -3 -22 -3 -22 -6 -22 -4 -21 -4 -21 -5 -21 6 -26 11 -25 11 -22 13 -1 -1 ]
CSI_DATA,STA,08:3A:F2:51:5D:9D,-53,11,1,0,1,1,1,0,0,0,0,-93,0,6,1,7905666,0,110,0,0,8.72259,384,[110 96 6 0 0 0 0 0 0 0 0 0 -24 -4 -23 -4 -27 -4 -28 -8 -26 -7 -22 -8 -25 -8 -22 -8 -23 -8 -23 -9 -26 -11 -26 -9 -25 -10 -24 -11 -19 -11 -25 -10 -21 -10 -20 -11 -20 -10 -19 -10 -19 -10 -20 -10 -16 -11 -19 -10 -21 -10 -19 -8 0 0 -19 -8 -19 -5 -19 -6 -18 -5 -16 -7 -17 -5 -18 -6 -16 -4 -17 -4 -15 -1 -16 -1 -15 -3 -15 -2 -15 -1 -15 -1 -15 1 -17 0 -14 2 -14 2 -12 3 -14 1 -13 1 -13 1 -13 3 -12 1 -11 2 0 0 0 0 0 0 0 0 0 0 -1 -1 -1 -1 18 3 18 3 19 -1 15 -1 11 6 10 5 11 5 11 6 10 5 9 3 10 3 9 1 11 2 10 2 11 2 10 1 11 0 10 1 9 1 10 0 10 -2 9 0 8 -1 8 0 8 0 9 -1 7 0 8 -2 8 -1 8 -2 7 -5 8 -1 7 0 7 -1 5 -1 6 0 6 0 5 -1 4 0 4 0 3 0 3 0 3 1 2 1 1 1 0 0 0 1 0 2 -1 1 -1 0 -2 1 -3 1 -3 1 -4 0 -4 0 -4 0 -5 -1 -1 -1 -1 -1 -1 -1 -1 -1 -1 -1 -1 -1 -1 -1 -1 -1 -1 -1 0 0 0 0 -36 12 -35 13 -38 12 -40 11 -37 10 -33 8 -38 7 -33 8 -41 10 -38 5 -41 7 -40 7 -42 8 -41 6 -35 5 -37 4 -38 8 -37 1 -32 5 -32 2 -30 1 -33 5 -30 1 -31 3 -35 1 -30 6 -27 21 -31 4 -29 3 -28 7 -24 5 -28 5 -26 8 -25 6 -25 9 -24 10 -20 9 -22 11 -22 9 -22 11 -21 11 -17 13 -18 11 -20 12 -17 11 -15 12 -16 11 -15 13 -15 12 -16 11 -15 12 -14 11 -15 11 -7 18 -6 23 -6 23 -3 22 -1 -1 ]
CSI_DATA,STA,08:3A:F2:51:5D:9D,-52,11,1,0,1,1,1,0,0,0,0,-93,0,6,1,7929491,0,110,0,0,8.95889,384,[110 96 6 0 0 0 0 0 0 0 0 0 23 -2 22 -2 26 -3 27 0 25 0 22 1 24 1 22 2 23 1 23 3 26 4 26 3 24 4 24 5 20 5 25 3 21 4 20 6 20 4 19 4 19 5 20 5 17 6 20 5 21 5 19 3 0 0 19 3 18 1 19 2 17 0 16 3 17 1 18 1 15 0 17 -1 14 -3 15 -3 14 -1 15 -2 14 -3 14 -3 14 -5 16 -4 12 -5 13 -5 11 -6 12 -4 12 -5 12 -5 12 -6 11 -4 10 -5 0 0 0 0 0 0 0 0 0 0 -1 -1 -1 -1 -20 -5 -21 -5 -21 -2 -17 1 -15 -7 -13 -6 -15 -6 -14 -7 -13 -6 -11 -4 -13 -4 -11 -2 -14 -2 -14 -3 -14 -3 -13 -2 -14 -2 -13 -2 -12 -2 -13 0 -12 1 -12 -1 -10 1 -11 0 -11 -1 -11 1 -11 -1 -11 1 -12 0 -11 1 -9 5 -10 1 -10 1 -9 1 -9 1 -8 0 -8 0 -7 1 -8 0 -6 0 -6 0 -6 0 -6 -1 -5 -1 -4 -1 -3 0 -3 -1 -2 -1 -1 -1 -1 0 0 -1 0 -1 0 -1 1 -1 2 0 2 0 3 1 -1 -1 -1 -1 -1 -1 -1 -1 -1 -1 -1 -1 -1 -1 -1 -1 -1 -1 -1 -1 0 0 38 -16 35 -16 41 -18 41 -14 40 -15 34 -11 40 -12 34 -11 43 -16 41 -8 45 -9 43 -8 46 -9 44 -7 36 -6 40 -8 39 -10 40 -6 31 -7 34 -6 32 -4 34 -8 33 -3 34 -5 38 -2 32 -7 30 -17 32 -7 31 -8 28 -9 26 -10 28 -7 27 -11 26 -10 26 -12 25 -14 22 -12 23 -13 24 -10 23 -14 22 -14 18 -17 18 -14 20 -17 16 -13 15 -16 16 -14 14 -17 14 -17 17 -15 15 -15 14 -14 14 -14 8 -20 8 -24 6 -23 2 -24 -1 -1 ]
CSI_DATA,STA,08:3A:F2:51:5D:9D,-51,11,1,0,1,1,1,0,0,0,0,-93,0,6,1,7934939,0,110,0,0,8.106970,384,[110 96 6 0 0 0 0 0 0 0 0 0 1 23 1 23 2 26 -2 28 -1 25 -3 22 -3 25 -3 23 -3 23 -4 23 -5 26 -4 26 -4 25 -6 24 -6 20 -5 26 -6 22 -6 21 -5 20 -5 19 -5 19 -6 21 -8 18 -5 20 -5 21 -3 19 0 0 -3 19 -1 19 -2 21 -1 17 -2 18 -2 18 -1 18 0 15 1 17 3 14 3 15 1 15 2 14 4 14 2 15 4 14 3 16 3 12 5 14 6 11 3 12 4 13 6 12 6 12 3 11 5 9 0 0 0 0 0 0 0 0 0 0 -1 -1 -1 -1 -1 -19 -2 -23 -7 -19 -2 -17 5 -15 3 -14 2 -15 3 -14 3 -13 0 -11 1 -14 0 -12 1 -14 -1 -13 0 -14 -1 -13 -1 -14 -2 -13 -1 -11 -2 -13 -4 -13 -2 -11 -4 -10 -2 -10 -3 -9 -3 -9 -2 -11 -5 -10 -4 -12 -4 -10 -10 -8 -5 -10 -3 -9 -4 -9 -3 -9 -3 -9 -2 -8 -4 -7 -4 -7 -2 -6 -3 -7 -2 -6 -2 -6 -3 -6 -2 -3 -2 -3 -2 -3 -2 -3 -1 -2 -2 -2 -1 -1 0 -1 -1 -1 -1 1 -2 2 0 0 0 2 -1 -1 -1 -1 -1 -1 -1 -1 -1 -1 -1 -1 -1 -1 -1 -1 -1 -1 -1 -1 0 0 18 33 19 32 19 36 17 37 16 35 14 31 14 36 14 30 17 38 12 36 13 39 13 38 15 40 12 39 11 33 10 37 15 36 8 36 11 28 9 30 8 29 10 30 7 29 9 30 8 33 11 27 27 25 10 28 9 27 10 26 11 23 10 27 14 24 12 22 16 22 15 22 12 20 15 19 14 21 17 17 16 18 16 15 14 15 16 17 14 13 17 12 15 13 16 11 15 11 17 12 16 12 15 11 15 12 23 2 28 0 23 -1 26 -3 -1 -1 ]
CSI_DATA,STA,08:3A:F2:51:5D:9D,-52,11,1,0,1,1,1,0,0,0,0,-93,0,6,1,7937469,0,110,0,0,8.117186,384,[110 96 6 0 0 0 0 0 0 0 0 0 2 21 2 20 2 23 0 26 0 22 -2 20 -2 23 -2 20 -1 21 -3 21 -3 24 -2 24 -3 23 -4 22 -5 18 -3 24 -4 19 -5 17 -4 18 -5 17 -5 17 -4 19 -6 15 -3 18 -4 20 -3 19 0 0 -3 16 -1 18 -1 18 -1 15 -2 16 0 15 -1 17 -1 14 0 16 2 13 2 14 2 12 2 13 3 12 3 12 5 13 3 14 5 12 5 10 4 11 4 12 4 11 4 10 7 10 4 10 5 8 0 0 0 0 0 0 0 0 0 0 -1 -1 -1 -1 5 -21 3 -21 1 -20 -1 -19 5 -13 5 -13 4 -15 5 -13 4 -12 4 -10 1 -14 1 -10 0 -13 1 -12 2 -13 0 -13 1 -15 -1 -12 0 -11 -1 -12 -4 -13 0 -12 -3 -9 -1 -11 -1 -10 -3 -11 -2 -11 -5 -10 -2 -11 -4 -10 -4 -9 -2 -10 -3 -10 -3 -10 -2 -7 -2 -8 -2 -8 -3 -8 -3 -6 -1 -7 -3 -6 -2 -7 -1 -5 -2 -5 -1 -4 -1 -5 -1 -4 -1 -2 0 -2 0 -2 -2 -1 -2 -2 -2 -1 -1 0 -2 1 -2 2 -2 2 -1 -1 0 0 0 0 -1 -1 -1 -1 -1 -1 0 0 0 0 -1 -1 -1 -1 -1 -1 15 33 17 32 16 36 15 38 13 35 11 32 11 36 11 31 14 38 9 36 10 39 11 38 11 40 9 38 7 33 7 36 11 36 5 34 8 29 6 31 4 29 8 31 4 28 8 29 5 34 7 29 18 26 7 30 6 27 9 26 8 21 9 27 11 23 10 23 12 23 11 24 11 19 13 22 11 20 14 20 14 17 16 14 13 16 14 19 12 14 15 12 12 15 15 13 15 13 13 14 14 12 13 13 12 12 17 7 20 7 25 3 22 3 -1 -1 ]
CSI_DATA,STA,08:3A:F2:51:5D:9D,-51,11,1,0,1,1,1,0,0,0,0,-93,0,6,1,7987543,0,110,0,0,8.154098,384,[110 96 6 0 0 0 0 0 0 0 0 0 19 11 18 10 22 11 21 15 21 14 16 12 19 14 16 13 18 13 17 16 18 17 19 17 17 17 16 17 12 15 19 17 14 15 14 16 13 14 13 14 12 14 14 14 10 15 13 15 14 16 13 13 0 0 13 13 15 11 15 12 14 10 11 11 14 10 14 11 12 9 14 8 13 6 14 7 12 8 13 7 13 5 13 5 13 4 15 6 12 3 13 3 12 1 12 3 13 3 13 3 13 2 11 3 11 2 0 0 0 0 0 0 0 0 0 0 -1 -1 -1 -1 -19 -11 -19 -12 -19 -8 -17 -6 -9 -12 -9 -11 -11 -12 -9 -12 -10 -10 -8 -9 -10 -9 -9 -7 -11 -8 -11 -9 -10 -9 -10 -7 -12 -8 -11 -7 -9 -7 -11 -5 -11 -4 -11 -6 -10 -3 -10 -5 -9 -6 -10 -4 -10 -5 -11 -3 -11 -5 -10 -3 -11 2 -10 -3 -10 -3 -8 -2 -8 -3 -8 -4 -8 -3 -7 -2 -7 -3 -6 -3 -6 -2 -6 -2 -6 -2 -5 -2 -5 -3 -4 -1 -3 -1 -4 -1 -2 -1 -2 -1 -1 -1 -1 0 -1 0 -1 0 -1 1 0 1 0 2 -1 -1 -1 -1 -1 -1 -1 -1 -1 -1 -1 -1 -1 -1 -1 -1 -1 -1 0 0 0 0 35 0 33 0 38 0 37 3 37 1 30 3 36 5 30 3 40 2 37 8 39 9 37 9 40 8 38 9 31 8 35 8 34 4 34 9 28 5 30 8 26 9 31 5 28 10 29 8 32 12 28 6 33 -7 28 6 28 5 25 2 24 1 25 4 26 0 25 2 25 -1 25 -2 22 -1 23 -2 24 0 24 -3 23 -3 20 -8 19 -5 22 -7 18 -5 18 -7 18 -5 18 -8 17 -8 20 -5 19 -7 17 -6 17 -6 13 -16 13 -21 13 -21 8 -23 -1 -1 ]
CSI_DATA,STA,08:3A:F2:51:5D:9D,-51,11,1,0,1,1,1,0,0,0,0,-93,0,6,1,7989973,0,110,0,0,8.164802,384,[110 96 6 0 0 0 0 0 0 0 0 0 16 16 15 14 19 17 16 19 16 18 12 16 15 18 12 17 14 17 12 20 13 22 13 21 13 21 11 21 8 17 14 21 10 18 9 19 9 17 9 17 8 17 10 18 6 17 8 18 9 19 9 16 0 0 9 16 11 15 11 15 11 13 8 14 11 13 10 14 10 12 11 12 11 9 12 10 9 10 10 10 11 8 11 9 12 7 13 10 11 6 12 6 11 4 11 7 11 6 11 7 11 5 9 6 10 5 0 0 0 0 0 0 0 0 0 0 -1 -1 -1 -1 -20 -9 -21 -10 -20 -6 -18 -3 -8 -11 -7 -10 -8 -11 -7 -11 -7 -8 -6 -7 -8 -8 -7 -6 -9 -6 -9 -8 -9 -8 -8 -7 -10 -7 -9 -7 -7 -6 -9 -5 -9 -4 -9 -5 -8 -3 -9 -4 -7 -4 -8 -3 -8 -5 -9 -3 -9 -5 -8 -3 -10 2 -8 -3 -8 -3 -7 -2 -7 -3 -7 -3 -7 -2 -6 -2 -6 -2 -5 -2 -5 -2 -5 -2 -5 -2 -4 -2 -3 -2 -3 -1 -3 -1 -3 -1 -3 -1 -2 -1 -2 -1 -1 0 -1 0 -1 0 -1 0 -1 1 -1 1 0 0 0 0 -1 -1 -1 -1 -1 -1 -1 -1 -1 -1 0 0 0 0 -1 -1 -1 -1 32 5 30 4 35 4 31 7 33 5 26 6 31 9 26 5 35 5 32 11 34 13 32 12 35 12 33 13 26 10 31 10 28 6 31 11 23 6 25 9 21 10 26 6 24 11 24 10 28 14 24 8 33 -7 23 8 24 7 21 4 21 4 22 5 23 1 20 3 21 1 21 -1 19 0 20 1 21 2 21 0 19 0 17 -7 16 -2 19 -4 15 -2 15 -5 16 -3 15 -6 14 -7 18 -4 16 -4 14 -4 15 -4 12 -18 13 -21 11 -20 6 -25 -1 -1 ]
CSI_DATA,STA,08:3A:F2:51:5D:9D,-51,11,1,0,1,1,1,0,0,0,0,-93,0,6,1,7990647,0,110,0,0,8.174658,384,[110 96 6 0 0 0 0 0 0 0 0 0 -18 14 -17 13 -20 16 -23 14 -21 14 -19 10 -21 12 -19 10 -20 11 -21 10 -24 10 -24 11 -23 10 -23 8 -20 6 -23 11 -20 7 -21 6 -19 7 -19 7 -19 6 -20 7 -18 4 -20 6 -21 7 -18 7 0 0 -18 7 -17 9 -17 9 -15 9 -16 6 -15 8 -16 8 -14 8 -15 9 -11 10 -12 10 -12 8 -12 8 -10 9 -11 9 -10 11 -12 12 -9 10 -9 11 -7 10 -9 10 -8 10 -9 10 -8 11 -9 9 -7 9 0 0 0 0 0 0 0 0 0 0 -1 -1 -1 -1 17 -10 18 -10 15 -13 12 -14 14 -3 13 -4 14 -5 14 -3 12 -4 10 -3 11 -5 9 -6 11 -7 12 -6 12 -6 11 -7 11 -8 10 -7 9 -5 9 -8 7 -9 9 -8 5 -7 8 -7 8 -6 6 -8 8 -7 6 -8 8 -7 7 -8 3 -11 6 -8 6 -7 4 -6 5 -7 5 -6 5 -7 4 -6 4 -6 4 -5 4 -6 3 -4 3 -4 3 -4 3 -3 2 -4 1 -3 1 -3 1 -2 0 -2 0 -2 -1 -2 -2 -2 -2 -2 -3 -1 -3 -2 -3 -2 0 0 0 0 -1 -1 -1 -1 -1 -1 -1 -1 -1 -1 0 0 0 0 -1 -1 -1 -1 -19 33 -17 31 -19 36 -21 32 -21 34 -19 27 -23 32 -19 27 -22 36 -27 30 -28 32 -28 31 -29 33 -28 30 -23 24 -25 29 -22 28 -26 28 -19 23 -23 24 -22 20 -20 26 -24 22 -23 23 -28 24 -20 23 -11 31 -20 22 -19 24 -15 22 -15 22 -17 21 -14 24 -14 22 -13 23 -11 24 -11 21 -11 23 -12 21 -10 23 -9 22 -4 22 -6 19 -6 24 -6 19 -3 19 -5 19 -2 20 -2 19 -5 21 -4 19 -4 18 -4 18 7 20 11 22 9 20 15 19 -1 -1 ]
CSI_DATA,STA,08:3A:F2:51:5D:9D,-51,11,1,0,1,1,1,0,0,0,0,-93,0,6,1,7991119,0,110,0,0,8.184965,384,[110 96 6 0 0 0 0 0 0 0 0 0 -21 -10 -20 -10 -24 -11 -23 -14 -22 -13 -18 -13 -20 -14 -18 -13 -19 -13 -19 -15 -21 -17 -21 -16 -19 -16 -18 -17 -14 -15 -20 -16 -16 -15 -15 -16 -15 -14 -14 -14 -14 -15 -16 -15 -12 -15 -15 -15 -15 -16 -15 -13 0 0 -15 -13 -16 -11 -16 -12 -15 -10 -13 -12 -15 -10 -15 -11 -14 -9 -15 -9 -14 -6 -15 -7 -13 -8 -14 -7 -14 -6 -14 -6 -15 -4 -17 -6 -13 -3 -14 -3 -12 -2 -14 -4 -14 -4 -13 -4 -14 -2 -12 -4 -12 -2 0 0 0 0 0 0 0 0 0 0 -1 -1 -1 -1 15 13 16 13 17 10 16 7 7 13 7 11 9 11 7 12 8 10 6 8 8 9 8 7 10 8 9 9 9 9 9 8 10 9 9 8 8 7 10 6 10 4 9 7 8 3 8 5 8 5 9 4 8 5 10 3 9 5 9 4 11 0 9 3 8 4 8 3 8 2 7 4 7 2 6 2 6 2 6 2 5 1 5 2 5 2 4 2 3 1 3 0 2 0 3 0 1 0 1 -1 1 -1 0 -1 0 -2 0 -2 0 -3 0 -3 0 -3 0 0 0 0 -1 -1 -1 -1 -1 -1 -1 -1 -1 -1 0 0 0 0 -1 -1 -1 -1 -39 -3 -37 -2 -42 -3 -41 -5 -40 -5 -34 -5 -40 -7 -33 -5 -42 -6 -39 -11 -42 -13 -40 -12 -43 -13 -41 -13 -33 -11 -38 -11 -37 -9 -37 -13 -30 -8 -32 -11 -29 -12 -33 -8 -30 -13 -32 -12 -34 -16 -31 -9 -34 2 -30 -10 -30 -8 -28 -5 -27 -5 -29 -7 -29 -3 -27 -4 -28 -2 -28 -1 -25 -1 -27 -1 -26 -3 -27 0 -25 0 -23 5 -22 2 -26 3 -21 3 -20 5 -21 4 -20 6 -20 6 -23 3 -21 4 -20 3 -20 3 -17 14 -18 17 -17 17 -13 20 -1 -1 ]
CSI_DATA,STA,08:3A:F2:51:5D:9D,-51,11,1,0,1,1,1,0,0,0,0,-93,0,6,1,7991528,0,110,0,0,8.195477,384,[110 96 6 0 0 0 0 0 0 0 0 0 -8 -22 -8 -21 -10 -24 -7 -26 -7 -25 -4 -21 -5 -24 -4 -22 -5 -23 -3 -23 -3 -26 -4 -26 -3 -25 -2 -24 0 -21 -3 -26 -1 -22 0 -21 -1 -21 -1 -19 -1 -20 -1 -21 1 -18 0 -20 0 -22 -2 -20 0 0 -2 -20 -4 -19 -3 -19 -4 -17 -2 -17 -4 -18 -3 -18 -4 -16 -5 -17 -6 -14 -7 -15 -4 -14 -5 -15 -7 -14 -6 -14 -8 -13 -8 -15 -8 -12 -7 -12 -8 -10 -7 -12 -7 -12 -8 -12 -9 -11 -6 -11 -7 -10 0 0 0 0 0 0 0 0 0 0 -1 -1 -1 -1 -3 20 -2 20 1 20 2 17 -6 15 -5 14 -4 15 -6 15 -3 13 -3 11 -2 13 -1 11 0 14 -1 14 -2 14 -1 13 0 14 0 13 -1 11 1 12 3 12 0 12 3 9 1 10 1 10 3 10 0 10 3 10 1 11 2 10 6 9 3 10 2 9 2 8 2 8 1 8 3 7 3 6 2 6 1 6 1 6 1 6 1 5 1 4 1 4 1 3 0 2 1 2 0 1 0 1 0 1 1 0 1 -1 1 -1 2 -2 1 -2 1 -2 0 0 0 0 -1 -1 -1 -1 -1 -1 -1 -1 -1 -1 0 0 0 0 -1 -1 -1 -1 -24 -34 -23 -32 -26 -37 -23 -38 -23 -37 -18 -32 -21 -37 -18 -32 -24 -40 -17 -40 -18 -43 -17 -41 -18 -44 -16 -42 -13 -35 -16 -39 -17 -37 -14 -39 -14 -31 -13 -33 -11 -31 -16 -33 -10 -34 -12 -33 -10 -38 -13 -31 -20 -28 -12 -31 -14 -30 -15 -26 -15 -25 -13 -28 -17 -26 -15 -25 -17 -24 -18 -24 -17 -21 -18 -22 -15 -23 -18 -22 -17 -20 -20 -16 -17 -16 -21 -18 -17 -15 -18 -14 -17 -14 -20 -13 -19 -12 -18 -16 -18 -14 -17 -14 -16 -13 -21 -6 -24 -5 -23 -5 -25 1 -1 -1 ]
CSI_DATA,STA,08:3A:F2:51:5D:9D,-51,11,1,0,1,1,1,0,0,0,0,-93,0,6,1,8083497,0,110,0,0,8.249965,384,[110 96 6 0 0 0 0 0 0 0 0 0 17 -11 15 -11 18 -14 21 -12 19 -11 17 -8 19 -9 18 -8 18 -9 20 -7 22 -7 22 -8 21 -7 20 -6 17 -4 21 -8 18 -6 17 -5 16 -5 16 -4 17 -4 16 -5 16 -3 17 -5 18 -4 16 -5 0 0 16 -6 14 -7 16 -7 14 -7 14 -4 13 -7 15 -7 13 -6 13 -8 11 -9 12 -8 12 -6 11 -7 9 -9 10 -9 10 -9 12 -11 7 -10 8 -10 6 -10 9 -8 8 -9 9 -8 8 -10 8 -8 7 -9 0 0 0 0 0 0 0 0 0 0 -1 -1 -1 -1 -18 1 -20 2 -20 4 -16 4 -15 -3 -14 -2 -16 -1 -16 -3 -14 0 -13 0 -14 1 -11 2 -15 3 -14 2 -14 1 -14 1 -14 2 -13 2 -12 1 -11 5 -11 5 -12 5 -10 5 -11 3 -10 2 -10 5 -11 4 -9 4 -11 4 -10 4 -7 8 -9 5 -10 6 -8 5 -8 4 -9 3 -9 4 -8 3 -7 4 -7 3 -6 4 -6 2 -7 3 -5 2 -6 1 -5 3 -3 2 -4 3 -3 2 -3 2 -2 1 -1 2 -1 0 0 1 -2 1 0 1 -1 1 -1 -1 -1 -1 -1 -1 -1 -1 -1 -1 -1 -1 -1 -1 -1 -1 -1 -1 0 0 0 0 23 -28 21 -27 24 -31 25 -27 25 -28 22 -23 28 -26 22 -22 28 -30 30 -22 32 -24 31 -23 33 -24 32 -23 26 -18 28 -23 27 -24 28 -22 22 -18 26 -18 24 -17 23 -22 27 -16 26 -17 29 -16 25 -19 20 -21 23 -18 21 -18 19 -18 18 -19 20 -17 17 -21 18 -19 16 -21 15 -22 14 -19 14 -19 16 -18 14 -20 13 -20 9 -22 10 -17 10 -23 8 -18 6 -20 8 -19 5 -21 6 -20 9 -19 8 -20 8 -17 7 -19 -1 -19 -4 -23 -2 -20 -9 -22 -1 -1 ]
CSI_DATA,STA,08:3A:F2:51:5D:9D,-51,11,1,0,1,1,1,0,0,0,0,-93,0,6,1,8083903,0,110,0,0,8.260764,384,[110 96 6 0 0 0 0 0 0 0 0 0 9 20 9 19 11 22 8 24 9 23 6 20 7 23 6 20 7 21 4 22 5 25 5 25 5 24 3 23 2 19 6 24 3 20 2 21 3 19 3 19 2 19 4 20 0 17 3 19 2 20 3 19 0 0 5 19 6 18 7 18 7 16 4 16 7 16 6 17 6 14 7 16 8 12 8 13 5 13 8 13 8 10 8 11 10 10 10 13 9 9 11 9 10 7 9 10 9 9 10 10 9 8 9 8 9 7 0 0 0 0 0 0 0 0 0 0 -1 -1 -1 -1 -11 -20 -11 -22 -16 -21 -14 -14 -1 -16 -3 -16 -3 -18 -2 -17 -4 -15 -3 -13 -4 -13 -4 -12 -6 -14 -6 -15 -5 -15 -6 -14 -7 -16 -7 -14 -5 -12 -9 -11 -9 -11 -6 -12 -7 -9 -9 -10 -6 -11 -8 -9 -7 -10 -9 -8 -8 -13 -8 -10 -9 -5 -9 -9 -7 -9 -9 -8 -7 -7 -8 -8 -8 -8 -7 -6 -7 -6 -6 -7 -6 -6 -5 -6 -6 -5 -5 -6 -6 -6 -4 -2 -3 -3 -4 -3 -5 -1 -4 -2 -4 -3 -4 -1 -2 -1 -2 0 -3 1 -2 1 -5 1 -1 -1 -1 -1 -1 -1 -1 -1 -1 -1 -1 -1 -1 -1 -1 -1 -1 -1 -1 -1 0 0 28 23 28 21 31 25 28 26 29 26 23 23 26 28 23 22 31 27 24 30 26 33 25 31 27 34 25 32 20 26 24 29 26 25 21 29 20 22 21 25 17 23 23 23 17 25 18 25 19 30 19 22 29 16 20 22 19 21 21 18 19 18 20 20 24 17 21 17 22 16 23 15 20 13 22 13 21 14 23 12 23 11 23 6 21 7 24 7 21 7 21 4 19 5 20 5 21 3 20 7 19 6 18 6 19 5 21 -7 27 -10 26 -9 23 -13 -1 -1 ]
CSI_DATA,STA,08:3A:F2:51:5D:9D,-51,11,1,0,1,1,1,0,0,0,0,-93,0,6,1,8086584,0,110,0,0,8.270786,384,[110 96 6 0 0 0 0 0 0 0 0 0 -17 -15 -16 -15 -19 -16 -18 -20 -17 -18 -13 -16 -16 -18 -15 -16 -16 -17 -14 -19 -14 -22 -15 -21 -14 -20 -12 -21 -10 -18 -15 -20 -11 -18 -10 -19 -10 -17 -11 -16 -11 -17 -12 -18 -9 -17 -10 -19 -10 -19 -11 -16 0 0 -11 -16 -13 -14 -13 -15 -12 -13 -10 -14 -12 -14 -12 -14 -12 -12 -12 -11 -13 -9 -13 -10 -10 -11 -11 -11 -12 -8 -13 -8 -13 -7 -15 -10 -12 -6 -13 -6 -12 -3 -12 -6 -13 -6 -13 -7 -13 -6 -11 -6 -10 -5 0 0 0 0 0 0 0 0 0 0 -1 -1 -1 -1 7 19 11 19 13 17 13 15 5 15 4 13 6 14 4 15 7 14 5 12 7 13 6 9 10 12 7 12 7 13 8 12 9 12 8 10 7 9 9 10 11 6 7 10 9 6 7 8 8 8 8 7 8 7 9 7 8 9 9 7 10 5 10 6 9 6 9 5 7 4 6 6 8 4 5 3 5 4 9 3 6 4 7 4 5 4 6 4 6 3 5 2 5 1 4 2 3 1 1 -1 4 0 0 0 2 -3 1 1 3 -2 3 -3 1 -4 -1 -1 -1 -1 -1 -1 -1 -1 -1 -1 -1 -1 -1 -1 -1 -1 -1 -1 -1 -1 0 0 -36 -19 -34 -17 -40 -19 -36 -22 -38 -21 -31 -19 -36 -22 -31 -18 -40 -22 -33 -27 -35 -29 -34 -28 -37 -29 -34 -28 -27 -23 -34 -25 -32 -22 -32 -27 -27 -20 -28 -23 -25 -22 -31 -21 -25 -24 -26 -24 -27 -28 -27 -21 -32 -13 -27 -20 -28 -18 -26 -16 -25 -14 -25 -17 -28 -13 -24 -13 -27 -12 -28 -11 -26 -11 -26 -10 -26 -12 -27 -9 -25 -8 -25 -3 -24 -5 -27 -5 -20 -4 -23 -1 -21 -2 -23 0 -23 1 -24 -5 -24 -4 -22 -1 -20 -2 -24 4 -25 12 -22 10 -20 16 -1 -1 ]
CSI_DATA,STA,08:3A:F2:51:5D:9D,-51,11,1,0,1,1,1,0,0,0,0,-93,0,6,1,8087035,0,110,0,0,8.281630,384,[110 96 6 0 0 0 0 0 0 0 0 0 -15 -18 -14 -17 -17 -19 -16 -22 -15 -20 -12 -18 -13 -20 -12 -19 -13 -19 -11 -21 -12 -24 -12 -23 -12 -23 -10 -22 -8 -20 -12 -22 -9 -20 -8 -20 -9 -19 -9 -18 -8 -19 -9 -19 -6 -18 -8 -19 -9 -20 -9 -17 0 0 -9 -18 -11 -16 -11 -17 -11 -15 -8 -15 -11 -15 -10 -16 -10 -14 -11 -14 -12 -11 -12 -12 -10 -12 -10 -12 -11 -10 -11 -10 -13 -9 -14 -12 -12 -8 -12 -8 -12 -6 -12 -8 -12 -8 -12 -8 -13 -7 -11 -8 -11 -6 0 0 0 0 0 0 0 0 0 0 -1 -1 -1 -1 12 16 13 18 15 14 14 11 4 15 4 13 5 14 4 15 5 12 4 10 6 11 6 9 8 11 7 11 6 12 7 11 9 12 7 10 6 9 9 9 9 7 8 9 8 6 8 7 7 8 9 6 7 7 9 6 9 8 8 6 11 3 8 6 8 6 7 4 8 5 7 5 8 4 6 3 7 3 6 3 6 3 5 3 6 4 5 3 4 2 4 1 3 1 4 1 3 1 3 0 2 0 2 -1 2 -1 2 -1 2 -1 2 -1 2 -2 -1 -1 -1 -1 -1 -1 -1 -1 -1 -1 -1 -1 -1 -1 -1 -1 -1 -1 -1 -1 0 0 -34 -18 -32 -16 -38 -18 -34 -20 -36 -19 -28 -18 -34 -22 -29 -17 -38 -20 -32 -25 -33 -27 -32 -26 -35 -28 -33 -27 -26 -22 -31 -23 -30 -20 -30 -24 -25 -18 -26 -21 -22 -21 -28 -18 -24 -22 -25 -22 -26 -26 -25 -19 -33 -10 -25 -19 -26 -17 -24 -14 -24 -13 -24 -16 -26 -11 -24 -13 -25 -11 -27 -10 -23 -10 -25 -9 -24 -11 -25 -8 -24 -8 -24 -2 -21 -5 -25 -4 -21 -4 -21 -2 -21 -3 -21 0 -21 0 -23 -3 -22 -3 -20 -3 -20 -2 -21 9 -22 12 -21 12 -18 17 -1 -1 ]
CSI_DATA,STA,08:3A:F2:51:5D:9D,-51,11,1,0,1,1,1,0,0,0,0,-93,0,6,1,8087653,0,110,0,0,8.292392,384,[110 96 6 0 0 0 0 0 0 0 0 0 15 -17 14 -16 16 -19 19 -18 17 -17 16 -13 18 -16 16 -14 17 -15 18 -14 21 -14 20 -15 20 -14 20 -13 17 -10 20 -14 18 -11 18 -11 17 -11 16 -10 16 -9 17 -10 17 -8 17 -10 19 -11 15 -11 0 0 15 -11 14 -13 14 -12 13 -12 13 -10 13 -12 13 -12 12 -12 12 -13 8 -13 9 -13 10 -11 10 -11 9 -12 8 -13 7 -13 9 -15 5 -13 6 -13 4 -13 7 -13 6 -13 5 -13 5 -13 6 -12 4 -11 0 0 0 0 0 0 0 0 0 0 -1 -1 -1 -1 -17 12 -17 13 -14 18 -7 14 -16 4 -14 6 -14 7 -16 6 -12 6 -11 5 -12 8 -10 7 -10 9 -12 8 -12 8 -12 8 -12 9 -11 8 -9 6 -10 10 -7 9 -10 9 -6 7 -7 8 -8 7 -6 9 -8 7 -6 8 -9 10 -6 8 1 10 -7 9 -6 9 -4 8 -6 7 -5 9 -6 8 -4 6 -4 6 -4 6 -5 7 -5 6 -4 5 -4 4 -4 4 -2 4 -3 4 -2 4 -1 3 -1 3 -1 3 -1 2 0 1 -1 1 0 2 1 2 0 2 -1 -1 -1 -1 -1 -1 -1 -1 -1 -1 -1 -1 -1 -1 -1 -1 -1 -1 -1 -1 0 0 10 -36 9 -34 11 -38 13 -36 12 -37 12 -30 14 -35 10 -30 13 -39 18 -34 19 -36 18 -35 19 -38 19 -36 16 -29 17 -33 14 -34 19 -32 14 -27 15 -29 15 -25 13 -30 17 -27 15 -26 21 -29 13 -27 4 -33 13 -27 12 -27 9 -26 8 -25 11 -25 8 -28 7 -25 6 -26 5 -27 4 -25 4 -25 6 -25 3 -26 3 -24 -3 -24 1 -21 0 -26 2 -21 -1 -21 0 -22 -4 -22 -2 -20 0 -23 -2 -20 0 -19 -1 -20 -13 -19 -16 -21 -17 -21 -19 -15 -1 -1 ]
CSI_DATA,STA,08:3A:F2:51:5D:9D,-51,11,1,0,1,1,1,0,0,0,0,-93,0,6,1,8088054,0,110,0,0,8.302854,384,[110 96 6 0 0 0 0 0 0 0 0 0 20 9 19 8 23 9 22 12 21 11 17 11 20 12 18 11 19 11 18 14 20 16 20 15 18 15 17 16 14 13 20 15 16 13 15 14 15 13 14 11 14 12 15 13 12 13 14 14 15 15 15 11 0 0 14 11 16 9 16 10 15 8 13 10 15 8 15 9 14 7 15 7 14 4 15 5 13 7 13 6 14 4 13 4 14 2 16 4 13 1 13 1 12 0 13 2 13 1 13 1 13 1 12 2 11 0 0 0 0 0 0 0 0 0 0 0 -1 -1 -1 -1 -20 -10 -21 -12 -22 -8 -18 -4 -11 -12 -10 -11 -12 -11 -11 -12 -11 -10 -9 -9 -11 -8 -11 -6 -13 -7 -12 -9 -12 -9 -12 -7 -14 -7 -12 -7 -11 -6 -12 -5 -12 -3 -12 -5 -11 -3 -11 -4 -11 -5 -12 -2 -12 -4 -12 -2 -12 -5 -12 -2 -12 3 -11 -3 -11 -2 -9 -1 -10 -1 -10 -3 -10 -2 -9 -1 -9 -1 -8 -1 -8 -1 -7 -2 -7 -2 -7 -2 -6 -2 -6 0 -5 -1 -5 0 -4 0 -4 0 -4 0 -3 1 -3 1 -3 1 -3 1 -2 1 -2 2 -1 -1 -1 -1 -1 -1 -1 -1 -1 -1 -1 -1 -1 -1 -1 -1 -1 -1 -1 -1 0 0 36 -1 33 -2 39 -2 37 1 38 0 32 2 38 3 31 1 41 0 38 7 40 8 38 7 41 7 39 8 31 6 37 6 35 3 36 7 29 4 31 6 28 7 31 3 30 8 30 7 34 10 30 4 32 -8 28 4 29 3 26 1 25 0 26 2 28 -2 26 0 26 -3 26 -4 23 -3 24 -3 25 -1 25 -5 23 -5 20 -10 20 -6 22 -9 18 -6 18 -9 19 -7 18 -10 17 -11 20 -8 19 -8 18 -8 17 -8 13 -18 13 -22 12 -21 7 -24 -1 -1 ]
CSI_DATA,STA,08:3A:F2:51:5D:9D,-51,11,1,0,1,1,1,0,0,0,0,-93,0,6,1,8089797,0,110,0,0,8.312912,384,[110 96 6 0 0 0 0 0 0 0 0 0 -10 -19 -10 -17 -12 -20 -10 -23 -9 -20 -7 -18 -8 -20 -7 -19 -8 -19 -7 -20 -7 -23 -8 -22 -7 -22 -6 -21 -4 -18 -7 -22 -5 -19 -4 -18 -4 -18 -5 -17 -5 -17 -5 -18 -2 -16 -5 -18 -5 -19 -6 -17 0 0 -6 -16 -8 -16 -8 -16 -7 -15 -5 -15 -7 -14 -7 -15 -7 -13 -8 -14 -9 -10 -9 -12 -7 -11 -8 -11 -8 -10 -9 -10 -10 -9 -10 -12 -10 -8 -10 -9 -9 -6 -10 -9 -9 -8 -9 -8 -11 -7 -9 -8 -10 -7 0 0 0 0 0 0 0 0 0 0 -1 -1 -1 -1 3 19 3 18 6 18 7 15 0 16 0 13 2 15 0 16 1 12 1 11 4 12 4 10 5 12 4 12 3 13 4 12 4 13 4 13 4 10 6 10 7 10 5 10 7 6 7 9 5 9 7 9 4 9 6 8 6 10 6 8 6 5 6 7 7 6 6 5 6 5 4 6 6 5 5 6 6 5 5 5 6 5 4 5 6 5 4 4 4 3 3 2 2 2 2 1 3 3 1 1 2 1 3 0 3 0 1 -1 3 -1 2 -1 2 -1 -1 -1 -1 -1 -1 -1 -1 -1 -1 -1 -1 -1 -1 -1 -1 -1 -1 -1 -1 -1 0 0 -25 -27 -25 -25 -28 -29 -25 -30 -26 -29 -21 -26 -24 -31 -21 -25 -27 -31 -21 -32 -22 -35 -22 -34 -23 -36 -21 -35 -18 -29 -21 -32 -22 -30 -19 -31 -18 -25 -18 -27 -16 -27 -20 -26 -15 -27 -17 -27 -17 -32 -18 -26 -23 -22 -18 -24 -18 -24 -19 -20 -18 -18 -18 -22 -21 -19 -19 -18 -21 -17 -22 -17 -20 -15 -21 -16 -19 -17 -22 -15 -20 -14 -22 -11 -19 -11 -23 -11 -19 -9 -20 -8 -19 -8 -21 -6 -21 -6 -20 -8 -20 -8 -19 -7 -18 -8 -20 0 -24 0 -25 3 -21 8 -1 -1 ]
CSI_DATA,STA,08:3A:F2:51:5D:9D,-51,11,1,0,1,1,1,0,0,0,0,-93,0,6,1,8090113,0,110,0,0,8.323514,384,[110 96 6 0 0 0 0 0 0 0 0 0 8 -21 8 -20 9 -24 12 -24 11 -22 11 -18 11 -21 11 -19 11 -20 13 -19 15 -21 14 -22 14 -20 15 -19 13 -15 15 -21 13 -17 14 -16 13 -16 12 -15 13 -15 12 -17 13 -13 13 -16 14 -16 11 -16 0 0 11 -16 9 -17 10 -17 8 -16 10 -14 8 -15 9 -16 7 -15 7 -16 4 -15 4 -16 6 -13 5 -14 3 -14 4 -15 3 -16 4 -18 1 -14 2 -14 0 -14 2 -15 1 -13 1 -14 1 -14 1 -13 0 -13 0 0 0 0 0 0 0 0 0 0 -1 -1 -1 -1 -11 19 -10 19 -7 17 -4 17 -13 9 -11 10 -12 10 -13 9 -11 9 -9 7 -9 10 -7 9 -7 12 -8 11 -9 11 -8 11 -8 12 -8 11 -7 9 -7 11 -4 12 -7 11 -3 10 -4 11 -5 9 -3 10 -5 11 -4 10 -5 12 -3 11 3 12 -3 11 -3 9 -1 6 -1 9 -3 9 -2 10 -3 7 -2 7 -3 7 -2 6 -2 8 -2 6 -2 4 -2 4 -1 5 -2 3 0 5 0 3 -1 2 1 3 0 2 1 1 0 0 1 1 2 1 1 2 -1 -1 -1 -1 -1 -1 -1 -1 -1 -1 -1 -1 -1 -1 -1 -1 -1 -1 -1 -1 0 0 0 -38 -2 -35 -1 -41 2 -40 0 -40 2 -33 3 -39 1 -33 1 -42 7 -39 8 -42 7 -40 8 -43 8 -40 6 -33 7 -38 5 -37 8 -37 5 -30 7 -32 7 -28 3 -32 9 -31 8 -32 11 -35 6 -31 -6 -34 6 -29 4 -31 2 -28 2 -27 3 -28 -1 -28 0 -26 -3 -27 -4 -27 -3 -24 -3 -26 -1 -26 -4 -26 -5 -24 -8 -23 -5 -21 -8 -25 -6 -20 -8 -20 -7 -20 -10 -20 -10 -18 -8 -21 -8 -20 -8 -20 -7 -19 -20 -16 -19 -15 -23 -13 -22 -10 -1 -1 ]
CSI_DATA,STA,08:3A:F2:51:5D:9D,-51,11,1,0,1,1,1,0,0,0,0,-93,0,6,1,8229840,0,110,0,0,8.396407,384,[110 96 6 0 0 0 0 0 0 0 0 0 20 4 19 4 22 4 23 8 21 7 18 8 20 8 18 8 19 8 18 9 21 11 21 10 20 11 19 11 15 10 20 11 17 10 15 11 16 10 15 9 15 10 16 10 12 11 15 10 16 11 15 9 0 0 15 9 16 7 16 7 15 5 14 8 15 6 15 7 14 5 15 5 13 2 15 3 13 4 14 3 14 2 13 2 14 1 16 2 13 -1 14 0 12 -1 13 1 13 0 13 0 14 -1 12 0 12 -1 0 0 0 0 0 0 0 0 0 0 -1 -1 -1 -1 -21 -9 -23 -9 -24 -6 -20 -5 -13 -12 -12 -11 -15 -12 -13 -13 -13 -11 -11 -9 -13 -10 -12 -8 -14 -9 -14 -9 -14 -10 -14 -9 -16 -9 -15 -8 -13 -7 -14 -7 -15 -5 -14 -8 -13 -4 -13 -6 -12 -6 -13 -5 -13 -6 -14 -3 -15 -6 -14 -4 -16 2 -14 -4 -13 -5 -12 -3 -12 -4 -12 -5 -12 -3 -12 -3 -12 -3 -10 -4 -10 -2 -10 -3 -10 -3 -10 -3 -9 -3 -9 -2 -8 -2 -9 -1 -7 -2 -7 -2 -6 -2 -6 -1 -6 -1 -6 -1 -6 -1 -5 -1 -5 -1 -1 -1 -1 -1 -1 -1 -1 -1 -1 -1 -1 -1 -1 -1 -1 -1 -1 -1 0 0 0 0 32 -8 31 -8 35 -8 36 -6 34 -5 30 -4 34 -3 29 -5 37 -5 35 -1 37 -1 36 -1 38 -2 37 0 30 0 34 1 34 -2 33 3 28 0 29 2 27 2 29 -1 27 2 28 1 32 4 28 -1 28 -13 28 0 27 0 25 -2 23 -2 26 -1 25 -4 24 -3 24 -6 24 -6 20 -6 23 -7 23 -5 23 -8 22 -8 19 -11 19 -9 21 -10 18 -9 17 -10 17 -9 17 -12 16 -12 18 -11 18 -11 16 -10 17 -10 12 -19 12 -25 10 -25 7 -25 -1 -1 ]
CSI_DATA,STA,08:3A:F2:51:5D:9D,-50,11,1,0,1,1,1,0,0,0,0,-93,0,6,1,8242103,0,110,0,0,8.408269,384,[110 96 6 0 0 0 0 0 0 0 0 0 -3 -22 -4 -21 -4 -24 -2 -25 -2 -24 0 -20 0 -23 1 -21 0 -22 2 -22 2 -25 2 -25 2 -23 3 -23 4 -19 1 -24 2 -21 4 -20 2 -19 2 -18 3 -19 2 -20 5 -17 3 -19 3 -21 1 -19 0 0 1 -19 -1 -18 -1 -19 -2 -18 1 -17 -1 -17 -1 -18 -1 -16 -2 -17 -4 -14 -4 -15 -2 -15 -3 -15 -5 -14 -5 -14 -6 -14 -6 -16 -6 -12 -6 -13 -7 -11 -6 -13 -6 -13 -6 -13 -7 -12 -5 -12 -6 -11 0 0 0 0 0 0 0 0 0 0 -1 -1 -1 -1 3 21 4 22 7 21 7 17 -4 15 -4 14 -3 15 -5 15 -2 14 -2 12 -2 13 0 12 0 14 -1 13 -1 14 -1 13 1 15 0 14 0 11 2 12 3 12 1 12 3 9 1 11 0 11 3 11 1 11 4 10 2 11 3 11 9 9 3 11 3 10 3 8 3 9 2 9 3 8 3 7 3 7 2 7 2 7 2 7 2 6 2 6 1 5 2 4 1 4 2 4 1 3 1 3 1 2 1 2 2 1 1 1 1 0 1 0 2 0 -1 -1 -1 -1 -1 -1 -1 -1 -1 -1 -1 -1 -1 -1 -1 -1 -1 -1 0 0 0 0 -20 -27 -20 -26 -22 -29 -19 -30 -20 -29 -16 -25 -17 -31 -16 -25 -22 -31 -14 -33 -16 -35 -15 -33 -18 -35 -16 -34 -12 -28 -15 -31 -16 -29 -14 -32 -13 -25 -12 -27 -9 -26 -15 -27 -9 -27 -12 -27 -11 -32 -13 -25 -26 -21 -12 -26 -14 -24 -14 -21 -14 -20 -13 -23 -16 -21 -14 -21 -16 -20 -18 -19 -14 -17 -17 -18 -15 -18 -18 -17 -17 -16 -19 -11 -16 -13 -19 -14 -16 -12 -17 -11 -16 -12 -18 -10 -18 -9 -18 -13 -18 -11 -17 -11 -17 -11 -22 0 -26 3 -26 3 -25 8 -1 -1 ]
CSI_DATA,STA,08:3A:F2:51:5D:9D,-51,11,1,0,1,1,1,0,0,0,0,-93,0,6,1,8242656,0,110,0,0,8.419143,384,[110 96 6 0 0 0 0 0 0 0 0 0 16 -13 16 -13 18 -15 21 -14 19 -13 17 -10 19 -12 17 -10 18 -11 19 -9 22 -10 21 -10 21 -10 21 -8 18 -7 21 -10 18 -8 18 -6 18 -7 16 -7 17 -7 18 -7 16 -4 18 -6 19 -7 16 -8 0 0 16 -8 15 -9 16 -9 14 -10 14 -7 14 -9 15 -9 12 -9 13 -10 10 -10 11 -11 11 -9 11 -9 10 -11 9 -11 8 -12 11 -13 7 -11 7 -12 6 -11 8 -11 7 -12 8 -11 7 -12 7 -10 6 -11 0 0 0 0 0 0 0 0 0 0 -1 -1 -1 -1 -20 11 -20 11 -18 14 -14 13 -17 2 -16 3 -17 4 -17 2 -15 4 -13 3 -15 4 -12 5 -15 6 -15 5 -15 5 -14 5 -15 7 -14 6 -12 4 -12 7 -11 8 -12 6 -9 7 -11 6 -11 5 -10 7 -11 6 -10 8 -12 7 -10 8 -6 11 -10 7 -9 7 -8 6 -8 7 -9 6 -8 6 -7 6 -7 6 -7 5 -6 5 -7 4 -7 4 -6 4 -6 3 -4 4 -4 3 -4 4 -3 3 -3 2 -3 2 -2 2 -2 2 -2 1 -1 1 -1 2 0 2 -1 -1 -1 -1 -1 -1 -1 -1 -1 -1 -1 -1 -1 -1 -1 -1 -1 -1 0 0 0 0 16 -31 15 -30 16 -34 19 -31 18 -32 16 -26 21 -30 16 -26 20 -34 24 -28 25 -31 24 -29 26 -32 25 -30 21 -24 22 -28 19 -28 23 -27 17 -23 21 -24 20 -20 18 -25 21 -21 20 -23 25 -24 18 -24 9 -32 19 -23 17 -24 13 -22 12 -22 15 -22 12 -25 13 -23 11 -24 10 -24 10 -21 9 -23 11 -22 9 -24 8 -23 2 -23 4 -21 4 -24 4 -20 2 -21 4 -21 1 -21 0 -22 4 -22 3 -21 2 -20 2 -20 -9 -21 -12 -23 -11 -23 -17 -21 -1 -1 ]
CSI_DATA,STA,08:3A:F2:51:5D:9D,-51,11,1,0,1,1,1,0,0,0,0,-93,0,6,1,8243156,0,110,0,0,8.429613,384,[110 96 6 0 0 0 0 0 0 0 0 0 14 15 13 14 16 17 14 19 14 18 10 16 12 18 10 17 11 17 10 19 11 21 12 20 11 20 10 20 7 17 12 20 9 18 7 18 8 17 7 16 7 17 8 17 5 16 8 17 8 18 8 15 0 0 8 16 10 14 10 15 10 13 7 14 9 13 9 14 9 12 10 12 10 9 11 10 9 10 10 10 11 8 11 8 12 8 13 10 11 6 11 7 11 5 11 7 11 6 11 7 12 6 10 6 10 5 0 0 0 0 0 0 0 0 0 0 -1 -1 -1 -1 -13 -19 -14 -20 -16 -18 -15 -14 -5 -17 -5 -16 -7 -17 -5 -17 -6 -15 -5 -13 -6 -15 -6 -12 -8 -14 -7 -15 -7 -15 -7 -14 -9 -15 -8 -14 -7 -12 -9 -12 -10 -11 -8 -12 -10 -9 -8 -11 -7 -11 -9 -9 -7 -11 -10 -9 -9 -11 -9 -9 -13 -6 -9 -10 -9 -9 -8 -7 -8 -8 -8 -8 -9 -7 -8 -7 -8 -7 -7 -7 -6 -6 -6 -7 -6 -6 -6 -6 -6 -6 -5 -4 -5 -4 -5 -3 -4 -3 -4 -3 -3 -3 -3 -2 -4 -2 -3 -1 -3 -1 -2 -1 -3 -1 -1 -1 -1 -1 -1 -1 -1 -1 -1 -1 -1 -1 -1 -1 -1 -1 -1 -1 0 0 0 0 32 13 30 12 34 14 32 17 32 16 27 14 31 19 26 15 35 18 29 21 32 23 30 22 33 23 31 22 25 19 28 20 29 18 27 22 24 15 24 19 21 19 26 17 21 20 23 18 25 23 24 16 31 7 24 17 23 15 23 12 21 11 22 14 24 11 22 11 23 9 24 8 21 8 23 7 22 9 24 6 23 6 22 0 20 3 24 3 19 2 20 0 20 2 21 -1 20 -2 21 2 21 1 19 1 20 1 20 -9 22 -13 22 -13 18 -17 -1 -1 ]
CSI_DATA,STA,08:3A:F2:51:5D:9D,-51,11,1,0,1,1,1,0,0,0,0,-93,0,6,1,8243575,0,110,0,0,8.439714,384,[110 96 6 0 0 0 0 0 0 0 0 0 -11 21 -10 20 -11 24 -15 24 -14 23 -13 18 -14 20 -14 18 -13 20 -16 19 -18 21 -17 21 -17 20 -18 18 -16 15 -17 21 -15 17 -17 15 -15 15 -14 14 -15 14 -15 16 -16 12 -15 15 -17 16 -14 15 0 0 -14 16 -12 17 -12 17 -10 16 -12 13 -10 16 -11 16 -9 14 -9 16 -6 15 -7 16 -8 14 -7 14 -5 15 -5 15 -4 16 -6 18 -3 14 -3 15 -1 14 -4 15 -3 14 -3 15 -2 15 -4 14 -2 13 0 0 0 0 0 0 0 0 0 0 -1 -1 -1 -1 18 -17 18 -18 15 -21 13 -19 17 -11 15 -11 16 -12 17 -11 14 -11 12 -10 14 -12 11 -11 13 -14 13 -12 14 -13 13 -13 13 -14 12 -14 11 -11 10 -14 8 -15 11 -14 6 -13 8 -12 9 -11 7 -13 9 -12 6 -14 9 -13 7 -14 3 -15 7 -13 7 -12 5 -11 5 -12 6 -11 5 -12 4 -10 4 -10 5 -10 4 -9 5 -9 4 -9 4 -8 3 -7 2 -7 2 -6 1 -7 2 -5 1 -5 1 -5 0 -5 -1 -4 -1 -3 -1 -3 -1 -3 -1 -3 -1 -1 -1 -1 -1 -1 -1 -1 -1 -1 -1 -1 -1 -1 -1 -1 -1 -1 0 0 0 0 -6 41 -5 39 -6 44 -9 43 -9 43 -9 36 -12 42 -9 36 -10 46 -17 40 -17 44 -16 42 -17 45 -17 43 -16 35 -15 39 -12 40 -17 38 -11 33 -15 34 -15 30 -13 35 -17 31 -15 33 -19 36 -12 33 -2 37 -13 33 -11 32 -8 31 -7 29 -10 30 -5 31 -7 30 -4 30 -4 32 -3 27 -2 29 -4 28 -1 30 -1 28 5 26 2 25 3 29 2 24 5 24 3 24 7 24 7 24 3 26 5 24 4 23 4 23 14 20 19 22 19 21 22 17 -1 -1 ]
CSI_DATA,STA,08:3A:F2:51:5D:9D,-51,11,1,0,1,1,1,0,0,0,0,-93,0,6,1,8244053,0,110,0,0,8.450234,384,[110 96 6 0 0 0 0 0 0 0 0 0 -22 -2 -21 -2 -24 -2 -26 -5 -23 -4 -20 -5 -22 -5 -20 -6 -21 -5 -21 -7 -24 -8 -24 -7 -23 -8 -22 -9 -18 -8 -24 -8 -20 -7 -18 -9 -18 -8 -17 -7 -18 -8 -19 -8 -15 -9 -18 -8 -20 -9 -18 -6 0 0 -18 -6 -18 -4 -18 -5 -17 -3 -16 -6 -17 -4 -18 -4 -16 -3 -17 -3 -15 0 -16 0 -15 -2 -15 -1 -15 0 -15 0 -15 2 -17 1 -13 3 -14 2 -12 4 -14 2 -14 2 -14 2 -14 3 -13 1 -12 3 0 0 0 0 0 0 0 0 0 0 -1 -1 -1 -1 19 10 20 10 22 7 19 4 13 11 13 9 14 10 13 11 13 9 11 7 13 8 12 6 15 6 14 7 14 8 14 6 15 7 14 6 12 6 14 3 14 2 13 5 12 1 12 4 11 4 13 2 12 4 13 1 13 4 13 1 12 -3 12 2 12 2 10 1 10 0 10 2 11 1 9 1 9 1 8 1 8 1 8 1 8 1 7 1 6 1 5 -1 5 0 5 0 4 0 4 -1 3 0 3 -1 2 -1 2 -1 1 -1 1 -2 1 -2 -1 -1 -1 -1 -1 -1 -1 -1 -1 -1 -1 -1 -1 -1 -1 -1 -1 -1 0 0 0 0 -37 8 -35 8 -40 9 -40 6 -39 7 -34 4 -40 3 -33 3 -42 6 -40 -1 -43 0 -41 0 -44 0 -42 -1 -35 -1 -39 0 -38 2 -38 -2 -32 1 -34 -2 -31 -3 -34 1 -32 -4 -33 -2 -37 -5 -32 0 -32 10 -32 0 -31 1 -29 3 -27 4 -30 1 -29 5 -28 4 -28 5 -28 8 -24 6 -25 8 -26 5 -26 9 -25 8 -21 13 -21 10 -24 12 -20 9 -19 12 -20 10 -19 13 -19 13 -21 11 -20 11 -19 11 -19 11 -13 18 -14 23 -13 22 -8 24 -1 -1 ]
CSI_DATA,STA,08:3A:F2:51:5D:9D,-51,11,1,0,1,1,1,0,0,0,0,-93,0,6,1,8244544,0,110,0,0,8.460408,384,[110 96 6 0 0 0 0 0 0 0 0 0 -2 -22 -2 -21 -2 -25 1 -26 0 -24 2 -20 2 -23 2 -21 2 -22 4 -22 4 -25 4 -24 4 -23 5 -23 5 -19 4 -24 4 -20 5 -19 4 -19 4 -18 5 -19 4 -20 6 -17 5 -19 5 -21 3 -18 0 0 3 -18 1 -19 1 -19 0 -18 3 -16 1 -17 1 -18 0 -16 0 -17 -3 -15 -3 -16 -1 -15 -2 -15 -3 -14 -3 -15 -4 -14 -4 -17 -5 -13 -5 -13 -6 -12 -4 -14 -5 -13 -5 -14 -6 -13 -4 -13 -5 -11 0 0 0 0 0 0 0 0 0 0 -1 -1 -1 -1 -7 21 -7 22 -3 23 -1 19 -10 15 -9 14 -8 16 -10 15 -7 14 -6 12 -7 14 -5 13 -5 15 -6 15 -7 15 -6 14 -5 16 -5 15 -5 12 -3 14 -1 14 -4 14 0 12 -2 13 -3 12 -1 13 -3 12 0 12 -3 13 -1 13 3 12 -1 12 -1 12 0 10 0 11 -1 10 0 10 0 9 -1 9 -1 8 -1 8 -1 8 -1 8 -1 7 -1 6 0 6 -1 4 0 5 -1 4 0 4 0 3 0 3 1 2 1 2 1 1 1 1 1 1 -1 -1 -1 -1 -1 -1 -1 -1 -1 -1 -1 -1 -1 -1 -1 -1 -1 -1 0 0 0 0 -15 -35 -15 -33 -16 -38 -13 -37 -14 -37 -10 -31 -11 -38 -10 -32 -14 -40 -7 -39 -8 -42 -8 -40 -8 -43 -7 -41 -5 -34 -7 -38 -9 -36 -5 -38 -7 -30 -5 -33 -3 -31 -8 -33 -2 -32 -5 -33 -3 -37 -6 -31 -16 -29 -6 -31 -8 -30 -9 -27 -9 -26 -7 -28 -11 -27 -10 -26 -11 -26 -13 -26 -11 -23 -13 -24 -11 -25 -13 -24 -13 -23 -17 -19 -14 -18 -17 -21 -13 -18 -15 -17 -14 -17 -17 -17 -17 -16 -15 -19 -15 -17 -15 -17 -14 -16 -21 -10 -25 -9 -25 -9 -27 -3 -1 -1 ]
CSI_DATA,STA,08:3A:F2:51:5D:9D,-50,11,1,0,1,1,1,0,0,0,0,-93,0,6,1,8245044,0,110,0,0,8.471105,384,[110 96 6 0 0 0 0 0 0 0 0 0 23 4 22 3 26 3 27 7 25 6 21 7 24 7 21 8 23 7 22 10 25 11 25 10 24 10 23 12 18 11 25 10 20 9 19 11 19 9 18 9 18 10 19 10 15 11 18 10 20 11 18 8 0 0 19 8 19 6 19 6 18 4 16 8 18 5 18 6 16 4 18 4 16 1 17 1 15 4 16 3 16 0 16 0 16 -1 19 0 14 -2 15 -2 14 -3 15 -1 15 -2 15 -1 15 -3 14 -1 13 -3 0 0 0 0 0 0 0 0 0 0 -1 -1 -1 -1 -24 -10 -25 -11 -26 -6 -23 -4 -16 -14 -15 -12 -17 -12 -15 -14 -15 -11 -13 -10 -15 -10 -14 -7 -17 -9 -16 -10 -16 -10 -16 -9 -17 -9 -16 -8 -14 -8 -16 -6 -16 -4 -16 -7 -14 -3 -15 -5 -14 -6 -15 -4 -14 -6 -15 -3 -15 -6 -15 -3 -15 2 -14 -4 -14 -4 -12 -3 -13 -2 -12 -4 -12 -3 -11 -3 -11 -2 -11 -3 -10 -2 -10 -3 -9 -3 -9 -3 -8 -3 -8 -1 -7 -1 -7 -1 -6 -1 -5 -1 -5 -1 -4 0 -4 -1 -3 0 -3 0 -3 0 -3 0 -1 -1 -1 -1 -1 -1 -1 -1 -1 -1 -1 -1 -1 -1 -1 -1 -1 -1 0 0 0 0 38 -10 36 -11 41 -11 41 -8 41 -8 35 -6 42 -6 35 -6 45 -9 42 -1 45 -1 43 -2 46 -2 44 -1 36 0 41 -1 39 -5 41 1 33 -3 35 0 32 2 35 -3 33 2 34 0 39 4 33 -2 33 -15 33 -1 32 -2 30 -5 28 -6 31 -3 30 -7 29 -5 29 -8 29 -10 25 -7 27 -10 27 -7 27 -10 26 -10 22 -15 21 -12 24 -14 20 -12 20 -14 20 -12 19 -15 19 -16 22 -12 20 -13 19 -13 19 -13 12 -22 12 -27 12 -27 6 -28 -1 -1 ]
CSI_DATA,STA,08:3A:F2:51:5D:9D,-51,11,1,0,1,1,1,0,0,0,0,-93,0,6,1,8245379,0,110,0,0,8.481522,384,[110 96 6 0 0 0 0 0 0 0 0 0 19 -9 18 -9 21 -11 23 -8 22 -8 18 -6 21 -6 19 -6 20 -6 21 -5 24 -5 23 -6 22 -5 22 -3 18 -2 23 -5 20 -3 20 -1 19 -3 18 -3 18 -2 19 -3 17 0 19 -2 20 -2 17 -4 0 0 18 -4 17 -5 18 -5 16 -6 16 -3 16 -5 16 -5 14 -5 15 -6 12 -7 13 -8 13 -6 13 -6 12 -8 12 -8 11 -9 14 -9 9 -9 10 -9 8 -9 11 -9 10 -9 11 -9 10 -10 10 -8 8 -9 0 0 0 0 0 0 0 0 0 0 -1 -1 -1 -1 -23 1 -24 2 -23 5 -19 6 -18 -4 -16 -3 -19 -2 -18 -4 -17 -2 -14 -2 -16 -1 -14 0 -17 1 -17 -1 -17 -1 -16 0 -18 1 -16 0 -14 0 -15 2 -14 4 -15 2 -12 4 -13 2 -13 1 -13 4 -14 1 -13 4 -14 2 -13 4 -11 8 -13 3 -12 3 -11 3 -11 4 -11 2 -11 3 -10 3 -10 3 -9 2 -8 3 -8 2 -9 1 -8 1 -8 1 -6 2 -5 1 -6 2 -4 1 -4 1 -4 1 -3 1 -3 1 -3 1 -2 1 -2 2 -1 1 -1 -1 -1 -1 -1 -1 -1 -1 -1 -1 -1 -1 -1 -1 -1 -1 -1 -1 0 0 0 0 27 -25 25 -24 30 -28 30 -25 30 -26 26 -20 32 -23 26 -20 33 -27 34 -19 36 -21 35 -20 37 -22 36 -20 29 -16 33 -20 30 -21 33 -18 26 -17 29 -16 28 -13 28 -19 29 -13 29 -15 33 -14 26 -17 22 -24 26 -16 25 -17 22 -17 20 -17 23 -16 22 -20 21 -17 20 -19 20 -21 16 -18 18 -20 19 -18 17 -21 16 -20 11 -22 12 -19 13 -23 11 -18 10 -21 11 -19 9 -21 8 -21 12 -21 11 -20 9 -19 10 -19 1 -23 -1 -26 0 -26 -7 -26 -1 -1 ]
CSI_DATA,STA,08:3A:F2:51:5D:9D,-50,11,1,0,1,1,1,0,0,0,0,-93,0,6,1,8245724,0,110,0,0,8.491984,384,[110 96 6 0 0 0 0 0 0 0 0 0 10 21 9 19 13 23 9 25 10 24 6 20 8 24 6 21 8 23 5 24 5 26 5 26 4 25 3 25 1 21 6 26 3 21 2 22 3 20 3 20 2 20 3 22 -1 19 2 21 2 23 3 19 0 0 3 20 6 19 5 19 6 17 3 17 6 18 5 19 6 16 7 17 8 13 8 15 5 15 7 15 8 13 8 13 9 12 10 15 9 10 10 12 10 9 9 11 10 11 10 12 10 11 8 11 9 9 0 0 0 0 0 0 0 0 0 0 -1 -1 -1 -1 -14 -23 -14 -24 -17 -21 -17 -16 -2 -19 -2 -16 -4 -19 -1 -18 -3 -17 -2 -13 -4 -16 -4 -13 -6 -16 -5 -16 -4 -17 -4 -16 -6 -17 -5 -15 -4 -13 -7 -14 -8 -12 -7 -14 -7 -10 -7 -13 -5 -12 -7 -11 -6 -13 -8 -11 -6 -14 -7 -11 -13 -9 -7 -11 -7 -11 -6 -9 -7 -9 -6 -10 -7 -10 -6 -8 -6 -8 -5 -8 -5 -7 -4 -8 -5 -8 -5 -8 -4 -7 -5 -5 -3 -5 -5 -5 -3 -4 -3 -4 -2 -3 -3 -3 -3 -3 -3 -2 -2 -2 -2 -1 -2 -1 -1 -1 -1 -1 -1 -1 -1 -1 -1 -1 -1 -1 -1 -1 -1 -1 -1 -1 0 0 0 0 30 18 28 16 33 19 29 20 31 20 25 18 29 23 25 18 34 22 27 26 29 28 27 27 30 28 28 27 22 22 26 25 27 21 26 26 22 19 22 22 18 21 24 20 19 23 21 22 22 28 21 20 36 10 21 21 22 19 20 15 21 14 20 17 23 14 20 15 22 13 24 12 21 12 22 11 21 14 23 11 22 10 22 3 19 6 23 6 19 6 20 4 20 6 21 3 21 1 22 6 21 5 19 4 19 5 23 -10 26 -14 25 -13 22 -20 -1 -1 ]
CSI_DATA,STA,08:3A:F2:51:5D:9D,-50,11,1,0,1,1,1,0,0,0,0,-93,0,6,1,8406334,0,110,0,0,8.572880,384,[110 96 6 0 0 0 0 0 0 0 0 0 21 3 19 2 24 2 24 5 23 5 19 5 22 6 19 6 21 5 20 8 23 9 22 8 21 8 21 9 16 9 22 8 18 8 17 9 17 8 16 7 16 8 18 8 14 9 17 8 18 9 17 6 0 0 17 6 17 4 17 4 16 3 14 5 16 3 17 4 15 2 16 2 13 0 15 0 13 2 14 1 13 -1 13 -1 13 -3 16 -2 12 -3 13 -3 11 -4 13 -2 13 -3 13 -3 12 -4 12 -2 11 -4 0 0 0 0 0 0 0 0 0 0 -1 -1 -1 -1 -22 -1 -22 -1 -22 3 -18 4 -14 -7 -13 -6 -15 -5 -14 -6 -13 -5 -11 -4 -13 -4 -11 -2 -14 -2 -13 -3 -14 -3 -13 -2 -14 -2 -13 -2 -12 -2 -12 0 -12 1 -12 -1 -10 1 -12 0 -11 -1 -11 1 -11 -1 -11 1 -12 0 -11 2 -10 7 -11 1 -10 0 -9 2 -10 1 -10 1 -10 1 -9 1 -9 1 -8 0 -8 1 -8 -1 -8 -1 -7 -1 -7 -1 -6 0 -5 -1 -5 0 -4 -1 -4 -1 -3 -1 -3 -1 -3 -1 -2 -1 -2 -2 -2 -1 -1 -1 -1 -1 -1 -1 -1 -1 -1 -1 -1 -1 -1 -1 -1 -1 -1 -1 -1 -1 -1 -1 0 0 30 -13 29 -13 32 -14 32 -12 32 -12 27 -9 33 -9 27 -9 35 -13 34 -6 36 -7 35 -7 37 -8 36 -7 29 -6 32 -6 31 -9 32 -5 26 -7 29 -5 26 -3 28 -8 27 -3 28 -5 32 -3 26 -7 25 -22 26 -6 25 -7 23 -8 21 -8 24 -8 23 -11 22 -9 22 -11 20 -13 18 -10 19 -12 20 -10 19 -13 18 -13 13 -16 14 -13 16 -15 13 -12 13 -14 14 -13 12 -15 11 -15 14 -14 13 -14 12 -13 12 -13 4 -21 2 -25 2 -25 -3 -25 -1 -1 ]
CSI_DATA,STA,08:3A:F2:51:5D:9D,-50,11,1,0,1,1,1,0,0,0,0,-93,0,6,1,8415485,0,110,0,0,8.583994,384,[110 96 6 0 0 0 0 0 0 0 0 0 -7 21 -6 20 -7 24 -10 24 -9 23 -9 19 -10 22 -9 19 -9 21 -12 20 -14 22 -13 22 -13 21 -13 20 -12 16 -12 23 -11 18 -13 17 -11 17 -10 16 -11 16 -11 18 -12 14 -12 16 -13 18 -10 17 0 0 -10 17 -8 17 -8 18 -6 16 -8 15 -6 16 -7 17 -5 15 -5 17 -2 15 -3 16 -5 14 -4 14 -2 14 -2 14 -1 15 -2 17 0 13 1 14 2 12 0 14 1 13 1 13 1 13 -1 13 1 11 0 0 0 0 0 0 0 0 0 0 -1 -1 -1 -1 10 -20 11 -21 7 -22 6 -19 12 -13 10 -12 10 -15 11 -13 9 -13 7 -11 8 -13 6 -12 7 -15 7 -14 8 -14 7 -14 7 -15 6 -14 5 -12 4 -15 2 -14 5 -14 1 -12 3 -12 4 -12 2 -13 4 -13 1 -13 4 -14 2 -13 -2 -13 2 -13 2 -12 1 -11 1 -12 2 -11 1 -12 1 -10 1 -10 2 -9 2 -9 3 -9 3 -9 3 -8 2 -7 2 -7 2 -6 1 -6 2 -4 2 -5 2 -4 1 -4 1 -3 2 -2 1 -1 1 -1 2 0 -1 -1 -1 -1 -1 -1 -1 -1 -1 -1 -1 -1 -1 -1 -1 -1 -1 -1 -1 -1 0 0 1 38 2 36 3 41 -1 41 0 41 -2 34 -3 41 -1 34 0 44 -7 40 -8 43 -7 42 -7 44 -8 43 -6 35 -6 40 -3 38 -8 39 -4 32 -6 34 -7 31 -3 35 -9 32 -6 33 -10 37 -5 32 5 34 -5 32 -3 31 0 29 1 28 -2 29 3 30 1 28 3 28 5 29 3 25 4 26 2 27 6 27 6 25 10 22 8 22 9 24 7 20 10 20 9 20 12 19 12 19 9 22 9 20 9 19 9 18 17 14 21 15 21 14 23 8 -1 -1 ]
CSI_DATA,STA,08:3A:F2:51:5D:9D,-50,11,1,0,1,1,1,0,0,0,0,-93,0,6,1,8416150,0,110,0,0,8.594209,384,[110 96 6 0 0 0 0 0 0 0 0 0 -22 -7 -21 -6 -25 -7 -25 -11 -24 -10 -20 -9 -22 -10 -20 -10 -21 -10 -21 -12 -23 -14 -24 -13 -22 -13 -21 -14 -17 -12 -23 -13 -19 -12 -18 -13 -18 -12 -17 -11 -17 -12 -18 -12 -15 -12 -17 -12 -19 -13 -18 -10 0 0 -18 -10 -18 -8 -18 -9 -17 -7 -16 -9 -17 -7 -18 -8 -16 -6 -17 -6 -16 -3 -17 -3 -15 -5 -15 -4 -15 -2 -15 -2 -16 -1 -18 -2 -14 0 -15 0 -13 1 -15 -1 -14 0 -15 0 -14 1 -13 -1 -12 1 0 0 0 0 0 0 0 0 0 0 -1 -1 -1 -1 20 8 21 8 21 5 19 1 12 10 11 9 13 9 12 10 12 8 9 6 11 7 11 5 13 5 12 6 13 7 12 6 14 6 13 5 10 4 12 2 13 1 12 3 10 1 11 2 10 3 11 1 11 3 11 1 12 3 11 1 11 -3 11 1 11 1 9 1 10 0 9 2 10 1 8 1 8 1 8 1 7 1 7 2 8 3 6 2 6 2 5 1 4 2 5 2 3 2 3 1 2 2 2 1 2 2 1 2 0 2 0 2 -1 1 -1 -1 -1 -1 -1 -1 -1 -1 -1 -1 -1 -1 -1 -1 -1 -1 -1 -1 -1 -1 0 0 -37 4 -35 5 -40 5 -40 2 -40 3 -34 0 -39 0 -33 2 -42 4 -40 -3 -43 -4 -41 -4 -45 -4 -42 -4 -34 -4 -39 -2 -37 -1 -38 -4 -31 -1 -33 -4 -30 -5 -34 0 -32 -5 -33 -4 -37 -8 -32 -2 -33 11 -32 -2 -31 -1 -28 1 -27 2 -29 -1 -29 5 -27 2 -28 5 -27 7 -24 5 -26 5 -26 4 -26 7 -25 7 -21 11 -21 8 -24 10 -20 8 -18 10 -19 9 -18 11 -17 12 -21 9 -20 10 -19 9 -18 9 -12 19 -13 23 -11 22 -6 25 -1 -1 ]
CSI_DATA,STA,08:3A:F2:51:5D:9D,-50,11,1,0,1,1,1,0,0,0,0,-93,0,6,1,8419368,0,110,0,0,8.604610,384,[110 96 6 0 0 0 0 0 0 0 0 0 22 -4 20 -5 24 -6 26 -3 24 -3 21 -1 23 -2 21 -1 22 -2 23 0 25 1 25 0 24 1 23 3 20 3 25 1 21 2 20 3 20 2 19 1 19 2 20 2 17 4 20 3 21 3 19 1 0 0 19 1 18 -1 19 -1 17 -2 16 1 17 -2 18 -1 15 -2 17 -3 14 -5 15 -5 14 -2 15 -3 14 -5 14 -5 13 -6 16 -6 12 -6 13 -7 10 -7 12 -6 12 -7 12 -6 12 -7 11 -5 10 -6 0 0 0 0 0 0 0 0 0 0 -1 -1 -1 -1 -19 10 -21 10 -18 12 -14 13 -14 -1 -13 -1 -15 0 -13 -2 -12 0 -10 -1 -12 1 -9 2 -11 3 -12 2 -13 1 -12 2 -13 3 -12 2 -10 2 -10 3 -9 4 -10 3 -8 3 -9 4 -9 2 -9 4 -9 3 -9 4 -10 3 -9 4 -6 10 -9 4 -8 3 -7 3 -7 3 -8 3 -8 3 -6 3 -7 3 -6 2 -6 3 -7 1 -7 1 -7 1 -6 0 -5 1 -4 0 -5 1 -4 0 -4 0 -3 -1 -3 0 -3 -1 -3 -2 -2 -2 -2 -2 -1 -2 -1 -1 -1 -1 -1 -1 -1 -1 -1 -1 -1 -1 -1 -1 -1 -1 -1 -1 -1 -1 0 0 21 -23 19 -22 22 -26 22 -22 22 -25 20 -19 24 -21 18 -19 23 -26 26 -20 29 -21 28 -20 30 -23 28 -20 23 -16 25 -19 22 -20 25 -19 19 -16 22 -16 20 -13 19 -19 22 -15 22 -15 27 -16 20 -16 13 -32 20 -16 19 -17 15 -15 15 -16 17 -16 14 -19 15 -16 13 -19 12 -19 12 -17 13 -18 14 -17 12 -19 11 -18 5 -19 8 -16 8 -19 8 -15 5 -16 7 -16 4 -17 3 -17 7 -18 7 -17 6 -16 6 -16 -8 -22 -9 -24 -10 -24 -16 -21 -1 -1 ]
CSI_DATA,STA,08:3A:F2:51:5D:9D,-50,11,1,0,1,1,1,0,0,0,0,-93,0,6,1,8419890,0,110,0,0,8.614860,384,[110 96 6 0 0 0 0 0 0 0 0 0 14 17 13 16 16 19 15 22 14 20 10 18 12 20 10 18 11 19 10 20 10 23 12 22 10 22 9 22 6 19 11 23 8 19 6 19 7 19 7 17 7 18 7 19 4 17 7 19 7 20 8 17 0 0 8 17 9 16 9 17 9 15 7 15 9 15 9 15 8 13 10 14 10 10 11 11 8 12 9 11 10 10 10 10 11 9 12 11 11 7 11 8 11 6 10 9 11 8 11 8 11 7 10 8 10 6 0 0 0 0 0 0 0 0 0 0 -1 -1 -1 -1 -6 -22 -6 -22 -10 -21 -8 -17 -1 -18 -2 -16 -3 -18 -2 -18 -3 -17 -2 -14 -3 -15 -4 -13 -5 -16 -5 -15 -4 -15 -5 -15 -6 -16 -5 -15 -5 -13 -7 -13 -8 -13 -6 -14 -8 -10 -7 -11 -6 -11 -7 -11 -6 -12 -8 -11 -6 -13 -7 -11 -9 -9 -7 -11 -7 -11 -7 -10 -6 -10 -5 -10 -7 -10 -6 -9 -6 -9 -4 -9 -5 -8 -3 -8 -3 -9 -3 -8 -3 -8 -3 -7 -2 -6 -2 -6 -1 -5 -1 -5 0 -5 0 -4 0 -4 0 -4 1 -3 1 -2 1 -1 -1 -1 -1 -1 -1 -1 -1 -1 -1 -1 -1 -1 -1 -1 -1 -1 -1 -1 -1 -1 0 0 32 21 31 19 35 23 33 25 33 24 27 22 31 26 27 21 35 27 28 29 30 32 30 31 32 32 29 31 24 26 28 29 29 27 25 30 23 23 23 25 20 25 25 24 20 26 22 25 23 30 23 23 29 17 22 24 23 22 22 19 22 17 22 20 24 17 22 17 24 15 25 15 22 13 24 13 22 15 24 13 23 12 24 7 21 8 25 9 20 7 22 5 21 7 22 4 22 3 23 7 21 6 20 5 20 5 22 -2 26 -5 25 -6 24 -11 -1 -1 ]
CSI_DATA,STA,08:3A:F2:51:5D:9D,-50,11,1,0,1,1,1,0,0,0,0,-93,0,6,1,8420313,0,110,0,0,8.624985,384,[110 96 6 0 0 0 0 0 0 0 0 0 -10 20 -10 19 -11 23 -15 23 -13 21 -13 17 -14 20 -13 18 -13 19 -15 17 -17 19 -17 20 -17 19 -17 17 -15 14 -16 19 -15 16 -16 14 -15 14 -14 14 -14 14 -15 15 -15 11 -15 14 -16 15 -14 15 0 0 -13 15 -11 15 -12 16 -10 15 -12 13 -10 14 -11 15 -9 13 -9 15 -6 14 -7 15 -8 13 -7 13 -5 14 -6 14 -4 14 -6 16 -3 13 -3 14 -1 13 -4 13 -3 13 -3 13 -2 13 -4 12 -2 12 0 0 0 0 0 0 0 0 0 0 -1 -1 -1 -1 12 -18 14 -19 10 -20 7 -18 13 -10 11 -9 12 -11 12 -10 11 -10 9 -9 10 -10 7 -10 9 -12 9 -11 9 -11 9 -11 9 -13 8 -11 7 -10 6 -12 5 -13 7 -12 3 -11 5 -10 6 -9 4 -11 6 -11 3 -12 6 -11 4 -12 0 -13 5 -11 4 -10 3 -9 3 -10 4 -9 4 -10 3 -8 3 -8 4 -9 3 -8 4 -7 5 -7 4 -6 4 -6 3 -6 3 -5 3 -4 3 -4 3 -4 3 -3 2 -2 2 -2 2 -1 2 0 2 0 1 0 -1 -1 -1 -1 -1 -1 -1 -1 -1 -1 -1 -1 -1 -1 -1 -1 -1 -1 -1 -1 0 0 -3 37 -2 35 -3 41 -6 40 -5 39 -6 33 -8 39 -5 33 -6 42 -11 38 -12 41 -12 39 -12 42 -13 40 -11 32 -11 38 -9 37 -13 36 -8 30 -11 31 -11 29 -8 33 -12 30 -11 31 -15 34 -9 30 3 34 -9 30 -8 30 -5 27 -4 26 -7 28 -2 29 -4 26 -1 27 0 28 0 24 0 26 -2 26 1 26 1 25 6 23 3 22 4 25 3 21 6 20 5 20 7 20 8 19 5 22 6 20 5 19 5 19 16 16 20 17 19 15 22 12 -1 -1 ]
CSI_DATA,STA,08:3A:F2:51:5D:9D,-50,11,1,0,1,1,1,0,0,0,0,-93,0,6,1,8420706,0,110,0,0,8.635246,384,[110 96 6 0 0 0 0 0 0 0 0 0 -23 3 -22 3 -25 4 -27 1 -25 2 -22 0 -25 0 -22 0 -23 0 -24 -2 -26 -3 -26 -2 -25 -3 -25 -4 -21 -4 -26 -2 -22 -3 -21 -5 -21 -3 -20 -3 -20 -4 -21 -3 -18 -5 -21 -4 -22 -5 -20 -2 0 0 -20 -2 -20 0 -20 -1 -18 1 -18 -2 -18 0 -19 -1 -17 0 -18 1 -15 3 -17 3 -15 1 -16 2 -15 3 -15 3 -15 5 -17 4 -13 5 -14 5 -12 6 -14 5 -13 5 -13 5 -13 6 -13 4 -11 5 0 0 0 0 0 0 0 0 0 0 -1 -1 -1 -1 22 0 23 0 21 -4 18 -4 14 5 13 4 15 4 14 5 13 3 11 2 13 2 12 0 14 0 13 1 13 1 13 0 15 0 13 0 11 0 13 -2 12 -3 12 -1 10 -3 10 -1 11 -1 11 -2 11 -2 10 -3 12 -2 11 -3 9 -7 10 -3 10 -2 9 -2 9 -3 9 -1 9 -3 8 -2 8 -2 7 -2 7 -2 8 -1 7 0 7 0 6 0 5 -1 4 0 5 0 4 0 3 0 3 0 2 0 2 1 1 1 1 1 0 1 0 1 -1 -1 -1 -1 -1 -1 -1 -1 -1 -1 -1 -1 -1 -1 -1 -1 -1 -1 -1 -1 0 0 -33 19 -30 19 -35 21 -36 18 -35 18 -31 14 -36 16 -30 16 -38 20 -38 14 -41 14 -39 14 -41 15 -40 13 -33 11 -37 13 -35 14 -37 10 -30 11 -32 9 -30 8 -32 12 -31 8 -31 10 -36 8 -30 11 -26 23 -30 10 -29 11 -26 12 -24 12 -27 11 -25 15 -24 12 -23 15 -23 16 -20 14 -22 15 -22 14 -21 16 -20 15 -15 18 -16 15 -19 18 -15 15 -13 16 -14 15 -12 17 -12 17 -15 16 -15 16 -13 15 -13 15 -5 22 -3 26 -1 25 2 25 -1 -1 ]
CSI_DATA,STA,08:3A:F2:51:5D:9D,-50,11,1,0,1,1,1,0,0,0,0,-93,0,6,1,8421108,0,110,0,0,8.645542,384,[110 96 6 0 0 0 0 0 0 0 0 0 -17 -16 -17 -15 -20 -17 -19 -21 -18 -19 -14 -17 -16 -19 -14 -18 -15 -18 -14 -19 -15 -22 -16 -21 -14 -21 -13 -21 -10 -19 -15 -21 -12 -19 -10 -19 -11 -18 -10 -17 -10 -18 -11 -19 -8 -17 -10 -19 -11 -20 -11 -17 0 0 -11 -17 -13 -15 -13 -16 -12 -14 -10 -15 -12 -14 -12 -15 -12 -13 -13 -13 -13 -9 -13 -11 -11 -11 -12 -11 -13 -9 -12 -10 -14 -9 -15 -11 -13 -7 -13 -7 -12 -5 -12 -8 -13 -7 -13 -7 -14 -6 -11 -7 -12 -6 0 0 0 0 0 0 0 0 0 0 -1 -1 -1 -1 10 19 11 21 13 17 12 14 3 16 3 14 4 15 3 16 5 14 3 12 5 13 6 10 7 13 6 13 6 13 6 12 7 13 7 12 6 10 8 10 9 9 7 11 7 8 7 9 6 9 8 8 7 9 8 8 7 10 7 8 10 5 7 8 7 8 7 7 6 6 6 8 7 6 6 6 6 6 4 7 5 5 4 6 4 7 3 6 3 5 2 5 1 4 2 5 1 4 1 3 0 3 0 3 0 3 -1 2 -1 2 -2 1 -2 1 -1 -1 -1 -1 -1 -1 -1 -1 -1 -1 -1 -1 -1 -1 -1 -1 -1 -1 -1 -1 0 0 -37 -17 -36 -15 -40 -18 -38 -21 -38 -20 -32 -18 -36 -22 -32 -17 -40 -22 -35 -25 -37 -27 -36 -26 -38 -28 -35 -27 -29 -23 -33 -25 -34 -23 -31 -26 -28 -19 -28 -22 -25 -21 -30 -21 -26 -23 -28 -22 -29 -27 -28 -20 -32 -11 -27 -20 -28 -19 -27 -16 -25 -14 -26 -18 -28 -13 -26 -14 -28 -12 -28 -11 -25 -10 -27 -10 -26 -12 -27 -9 -26 -9 -26 -4 -23 -6 -28 -5 -23 -5 -23 -2 -22 -3 -23 -1 -23 -1 -24 -4 -23 -3 -22 -3 -21 -3 -22 6 -25 10 -24 11 -21 15 -1 -1 ]
CSI_DATA,STA,08:3A:F2:51:5D:9D,-50,11,1,0,1,1,1,0,0,0,0,-93,0,6,1,8421553,0,110,0,0,8.656420,384,[110 96 6 0 0 0 0 0 0 0 0 0 7 -22 7 -21 8 -25 12 -25 10 -23 10 -19 11 -22 11 -20 11 -20 12 -20 14 -22 13 -23 13 -21 14 -20 13 -17 14 -22 13 -18 13 -16 12 -17 11 -16 12 -16 13 -17 13 -13 13 -16 13 -18 11 -17 0 0 11 -17 9 -17 10 -18 8 -16 10 -15 8 -16 9 -17 7 -15 7 -16 3 -15 4 -16 5 -14 5 -15 3 -15 4 -15 2 -16 4 -17 1 -14 2 -15 0 -13 2 -14 1 -15 1 -14 0 -15 2 -13 0 -13 0 0 0 0 0 0 0 0 0 0 -1 -1 -1 -1 -17 14 -18 15 -15 17 -12 15 -16 8 -14 7 -15 9 -16 8 -13 8 -12 7 -12 9 -10 9 -12 11 -12 9 -13 10 -12 10 -12 11 -11 10 -10 9 -9 11 -8 11 -10 10 -6 10 -8 9 -8 9 -7 10 -9 9 -6 11 -9 10 -7 11 -4 12 -7 10 -7 9 -6 8 -6 9 -7 8 -6 8 -5 8 -6 7 -6 7 -6 6 -7 6 -6 5 -6 4 -6 4 -5 4 -5 3 -5 3 -5 2 -4 2 -5 1 -4 1 -4 0 -3 -1 -2 -1 -3 -1 -3 -2 -1 -1 -1 -1 -1 -1 -1 -1 -1 -1 -1 -1 -1 -1 -1 -1 -1 -1 -1 -1 0 0 2 -40 1 -39 2 -44 5 -44 5 -42 5 -37 7 -42 4 -36 6 -45 11 -41 12 -45 11 -43 12 -45 13 -43 11 -36 12 -40 10 -40 14 -39 8 -33 11 -34 11 -32 8 -35 12 -32 11 -34 15 -36 8 -33 1 -34 10 -33 8 -32 5 -31 4 -29 7 -31 3 -31 4 -29 2 -31 1 -30 0 -27 0 -29 2 -28 0 -29 -1 -28 -5 -26 -3 -25 -4 -28 -4 -24 -6 -23 -5 -23 -8 -23 -8 -23 -5 -25 -6 -24 -5 -22 -5 -22 -13 -19 -17 -22 -17 -20 -20 -17 -1 -1 ]
CSI_DATA,STA,08:3A:F2:51:5D:9D,-50,11,1,0,1,1,1,0,0,0,0,-93,0,6,1,8439280,0,110,0,0,8.667011,384,[110 96 6 0 0 0 0 0 0 0 0 0 -11 -20 -11 -20 -13 -22 -10 -25 -10 -23 -7 -21 -8 -23 -7 -21 -8 -22 -6 -23 -6 -25 -7 -25 -6 -24 -4 -24 -3 -21 -6 -25 -5 -22 -3 -21 -4 -21 -4 -19 -4 -20 -4 -21 -1 -19 -3 -20 -3 -22 -4 -19 0 0 -5 -19 -7 -18 -6 -19 -7 -17 -4 -17 -6 -17 -6 -18 -6 -16 -7 -16 -8 -13 -8 -14 -6 -14 -7 -14 -9 -13 -8 -13 -10 -12 -10 -15 -9 -11 -9 -11 -9 -9 -9 -11 -9 -11 -9 -11 -10 -10 -8 -10 -8 -9 0 0 0 0 0 0 0 0 0 0 -1 -1 -1 -1 4 20 5 19 8 19 8 15 -2 15 -2 13 -1 14 -2 14 0 13 -1 11 1 12 2 10 3 12 1 12 1 13 2 12 3 12 2 11 2 10 4 10 5 9 3 10 4 8 3 9 2 9 4 9 2 9 5 8 3 10 4 9 7 7 4 8 3 8 3 7 3 7 2 7 3 7 3 6 2 6 2 6 1 6 1 6 1 5 1 5 0 4 0 4 -1 3 0 3 -1 2 -1 2 -2 2 -2 2 -2 1 -2 1 -2 0 -3 -1 -3 -1 0 0 0 0 -1 -1 -1 -1 -1 -1 -1 -1 -1 -1 0 0 0 0 -1 -1 -1 -1 -29 -23 -29 -22 -32 -25 -30 -27 -29 -26 -25 -24 -27 -29 -24 -24 -31 -28 -25 -31 -27 -33 -26 -32 -28 -34 -26 -33 -21 -28 -24 -30 -25 -28 -23 -30 -21 -24 -20 -27 -17 -26 -23 -26 -17 -27 -20 -27 -19 -32 -20 -25 -31 -17 -19 -25 -20 -23 -20 -20 -19 -19 -20 -22 -22 -19 -20 -19 -22 -18 -23 -17 -20 -15 -21 -15 -20 -17 -22 -15 -21 -15 -22 -9 -19 -11 -23 -11 -19 -10 -20 -9 -19 -9 -20 -7 -20 -7 -20 -10 -20 -9 -19 -8 -18 -9 -22 2 -24 5 -24 4 -22 9 -1 -1 ]
CSI_DATA,STA,08:3A:F2:51:5D:9D,-50,11,1,0,1,1,1,0,0,0,0,-93,0,6,1,8524839,0,110,0,0,8.691387,384,[110 96 6 0 0 0 0 0 0 0 0 0 18 12 18 11 21 13 21 17 19 15 16 14 18 15 16 14 17 14 16 16 18 18 19 17 17 18 16 18 13 16 18 18 14 16 12 16 13 16 12 14 13 15 13 16 10 15 13 16 14 17 14 14 0 0 14 14 15 12 15 13 14 10 12 12 14 11 14 12 13 10 14 10 13 6 15 7 12 8 13 7 14 5 13 6 14 4 16 6 13 3 14 3 13 2 13 4 13 3 13 3 14 2 12 3 12 2 0 0 0 0 0 0 0 0 0 0 -1 -1 -1 -1 -16 -16 -17 -16 -19 -13 -16 -10 -9 -15 -9 -14 -10 -14 -9 -15 -9 -13 -8 -11 -9 -12 -9 -9 -11 -11 -10 -11 -10 -11 -11 -10 -12 -10 -11 -9 -10 -9 -11 -8 -12 -7 -10 -9 -11 -5 -10 -7 -10 -7 -11 -6 -10 -7 -12 -5 -11 -7 -11 -5 -12 -1 -11 -6 -11 -6 -10 -5 -10 -5 -10 -6 -10 -5 -9 -5 -10 -5 -8 -5 -8 -4 -8 -5 -8 -5 -7 -5 -7 -5 -6 -4 -5 -4 -6 -4 -4 -4 -4 -4 -4 -4 -3 -4 -3 -4 -2 -3 -2 -4 -1 -3 -1 -3 -1 -1 -1 -1 -1 -1 -1 -1 -1 -1 -1 -1 -1 -1 -1 -1 -1 -1 0 0 0 0 36 4 35 3 39 5 39 8 37 7 32 8 36 10 32 6 41 8 36 11 39 12 38 12 41 12 39 13 32 11 36 13 36 10 34 14 30 9 30 12 28 12 32 10 28 12 30 11 33 15 30 9 34 -4 30 10 29 9 28 7 26 5 29 8 28 4 26 5 28 3 28 2 24 0 26 0 25 2 27 -1 26 -1 23 -5 23 -2 25 -3 21 -3 21 -5 21 -4 21 -7 21 -7 22 -4 21 -5 20 -5 20 -5 18 -14 20 -19 19 -20 15 -21 -1 -1 ]
CSI_DATA,STA,08:3A:F2:51:5D:9D,-50,11,1,0,1,1,1,0,0,0,0,-93,0,6,1,8529025,0,110,0,0,8.702589,384,[110 96 6 0 0 0 0 0 0 0 0 0 -23 3 -22 3 -25 4 -28 1 -25 1 -22 -1 -25 0 -23 -1 -23 -1 -24 -2 -27 -3 -27 -1 -26 -2 -25 -3 -21 -4 -26 -2 -23 -3 -21 -5 -22 -4 -20 -3 -21 -4 -22 -4 -18 -6 -21 -4 -23 -4 -21 -2 0 0 -21 -2 -20 0 -21 0 -19 1 -19 -2 -19 0 -20 -1 -17 0 -18 1 -16 3 -17 4 -16 1 -16 2 -15 4 -15 3 -15 5 -18 4 -14 5 -14 5 -12 6 -14 4 -14 5 -14 5 -13 6 -13 4 -11 5 0 0 0 0 0 0 0 0 0 0 -1 -1 -1 -1 22 -1 22 -2 23 -6 18 -5 14 4 13 3 15 3 14 4 13 3 11 2 12 2 11 0 13 0 13 0 13 0 12 -1 14 -2 12 -1 11 -1 11 -2 12 -4 11 -2 9 -4 10 -2 10 -2 10 -4 10 -2 10 -5 11 -3 10 -5 8 -10 10 -4 9 -3 9 -4 8 -4 9 -3 9 -4 7 -3 8 -4 8 -3 7 -3 7 -3 7 -2 7 -2 6 -2 5 -2 5 -1 5 -1 4 -1 4 -1 4 0 3 -1 3 0 2 0 2 0 1 1 1 1 -1 -1 -1 -1 -1 -1 -1 -1 -1 -1 -1 -1 -1 -1 -1 -1 -1 -1 0 0 0 0 -31 19 -30 20 -34 21 -36 19 -34 18 -30 15 -36 16 -30 15 -37 20 -36 13 -38 16 -37 16 -40 17 -38 15 -33 12 -36 13 -35 16 -36 10 -30 12 -32 10 -30 8 -32 13 -30 8 -31 11 -35 10 -29 13 -24 27 -31 12 -29 11 -26 13 -24 11 -27 12 -25 14 -24 13 -24 15 -23 16 -20 14 -21 16 -21 15 -20 17 -19 17 -14 18 -16 16 -18 18 -15 16 -13 15 -14 16 -13 17 -11 17 -15 17 -12 19 -10 18 -18 17 -3 20 0 25 -1 26 5 25 -1 -1 ]
CSI_DATA,STA,08:3A:F2:51:5D:9D,-50,11,1,0,1,1,1,0,0,0,0,-93,0,6,1,8546072,0,110,0,0,8.714043,384,[110 96 6 0 0 0 0 0 0 0 0 0 -8 -22 -8 -21 -10 -25 -7 -27 -7 -25 -4 -22 -5 -24 -4 -22 -5 -23 -3 -24 -3 -27 -4 -27 -3 -26 -1 -25 0 -22 -3 -27 -1 -23 0 -22 -1 -22 -1 -21 -1 -21 -1 -22 2 -19 0 -22 0 -24 -1 -21 0 0 -1 -21 -4 -20 -3 -21 -4 -19 -1 -19 -4 -19 -3 -20 -4 -17 -4 -18 -6 -15 -6 -17 -4 -16 -5 -16 -7 -15 -6 -15 -8 -15 -8 -17 -8 -13 -8 -13 -8 -11 -7 -13 -8 -13 -7 -13 -9 -13 -6 -12 -7 -11 0 0 0 0 0 0 0 0 0 0 -1 -1 -1 -1 -3 22 -4 23 0 22 2 19 -8 15 -6 14 -6 16 -7 15 -4 15 -5 12 -4 14 -2 12 -2 15 -3 14 -3 14 -3 14 -2 15 -2 14 -2 12 0 13 2 12 -1 13 2 11 0 12 -1 11 2 12 -1 12 2 11 0 13 2 12 5 10 1 12 1 11 2 9 2 10 1 10 2 10 1 9 1 9 0 9 0 8 0 8 0 8 -1 8 -1 7 0 6 -1 5 -1 6 -1 4 -1 4 -2 4 -1 3 -1 3 -2 3 -2 2 -2 1 -3 1 -1 -1 -1 -1 -1 -1 -1 -1 -1 -1 -1 -1 -1 -1 -1 -1 -1 -1 0 0 0 0 -24 -34 -23 -32 -27 -36 -23 -37 -24 -36 -19 -32 -22 -38 -19 -31 -25 -39 -17 -41 -19 -44 -18 -42 -19 -44 -17 -43 -14 -35 -18 -39 -19 -37 -15 -40 -15 -31 -14 -35 -11 -32 -17 -34 -10 -35 -13 -35 -11 -40 -14 -33 -22 -29 -13 -33 -15 -31 -15 -28 -16 -26 -14 -30 -18 -27 -16 -27 -18 -26 -20 -26 -17 -22 -18 -24 -16 -25 -19 -23 -18 -22 -21 -17 -17 -18 -22 -20 -18 -17 -19 -15 -18 -16 -21 -14 -20 -14 -19 -18 -19 -16 -18 -15 -17 -15 -23 -7 -27 -5 -26 -5 -28 1 -1 -1 ]
CSI_DATA,STA,08:3A:F2:51:5D:9D,-49,11,1,0,1,1,1,0,0,0,0,-93,0,6,1,8558709,0,110,0,0,8.725712,384,[110 96 6 0 0 0 0 0 0 0 0 0 7 19 7 18 9 22 6 23 6 22 3 19 4 22 3 20 4 21 3 22 3 24 4 24 3 23 2 23 0 19 3 24 2 20 0 20 1 19 1 18 1 18 1 20 -1 17 1 20 1 21 2 18 0 0 2 18 4 18 4 18 5 16 2 16 4 16 4 17 4 15 5 16 7 12 7 14 5 13 6 13 7 12 7 12 8 12 8 14 8 10 8 11 8 9 7 11 8 10 8 11 9 10 6 10 7 8 0 0 0 0 0 0 0 0 0 0 -1 -1 -1 -1 -7 -21 -8 -20 -12 -20 -10 -16 0 -15 -1 -14 -1 -16 0 -15 -1 -14 -1 -12 -2 -13 -3 -11 -4 -13 -4 -13 -3 -13 -4 -13 -5 -14 -4 -12 -4 -11 -5 -11 -7 -11 -4 -11 -6 -9 -5 -10 -5 -10 -6 -9 -5 -10 -7 -9 -6 -11 -7 -10 -10 -7 -6 -10 -5 -9 -6 -8 -5 -8 -5 -9 -6 -8 -5 -7 -6 -8 -4 -8 -4 -7 -3 -7 -4 -7 -3 -7 -3 -7 -3 -6 -2 -6 -3 -6 -2 -5 -2 -5 -1 -5 -1 -5 -1 -4 -1 -3 -1 -3 1 -3 1 -2 -1 -1 -1 -1 -1 -1 -1 -1 -1 -1 -1 -1 -1 -1 -1 -1 -1 -1 0 0 0 0 25 19 24 17 27 21 26 23 24 22 21 19 23 24 21 18 27 24 22 25 24 27 23 25 26 27 23 27 19 22 20 26 23 23 19 27 19 20 18 23 15 21 19 22 16 22 18 22 18 26 19 20 31 11 18 21 18 20 18 17 17 16 18 18 20 16 18 16 20 14 21 13 18 11 20 12 18 13 21 12 20 11 20 6 18 8 21 9 17 7 18 6 17 7 19 5 18 4 19 7 19 6 17 5 17 6 21 -4 25 -8 24 -9 21 -11 -1 -1 ]
CSI_DATA,STA,08:3A:F2:51:5D:9D,-50,11,1,0,1,1,1,0,0,0,0,-93,0,6,1,8570970,0,110,0,0,8.738398,384,[110 96 6 0 0 0 0 0 0 0 0 0 20 -11 19 -11 22 -12 25 -10 22 -10 20 -7 22 -8 21 -7 21 -8 22 -6 25 -6 25 -7 24 -6 24 -5 20 -3 24 -6 22 -5 20 -3 20 -4 19 -4 20 -3 21 -4 18 -1 20 -3 22 -3 19 -5 0 0 19 -5 18 -7 19 -7 16 -7 17 -4 17 -6 17 -6 15 -6 16 -7 12 -9 14 -10 14 -6 14 -7 12 -9 12 -9 12 -10 14 -10 10 -10 11 -10 8 -10 11 -10 10 -10 10 -9 9 -10 10 -9 8 -9 0 0 0 0 0 0 0 0 0 0 -1 -1 -1 -1 -21 9 -21 9 -18 13 -15 12 -16 0 -15 1 -16 1 -16 0 -14 1 -12 1 -13 2 -11 3 -13 4 -13 3 -14 3 -13 3 -14 4 -13 4 -11 3 -11 5 -10 6 -11 5 -8 5 -10 5 -11 4 -9 6 -10 5 -9 6 -11 5 -9 6 -6 11 -10 6 -9 5 -8 4 -8 5 -9 4 -9 5 -8 4 -8 4 -8 4 -7 4 -7 3 -8 2 -7 2 -7 2 -6 3 -5 1 -5 2 -5 1 -5 1 -5 0 -4 0 -4 -1 -4 -1 -3 -2 -3 -1 -3 -1 -1 -1 -1 -1 -1 -1 -1 -1 -1 -1 -1 -1 -1 -1 -1 -1 -1 -1 -1 -1 0 0 18 -30 17 -29 20 -32 22 -30 20 -30 19 -25 23 -28 18 -25 22 -33 26 -26 27 -29 26 -28 28 -31 27 -28 23 -23 24 -26 22 -27 25 -25 19 -22 22 -22 22 -19 21 -24 22 -19 22 -22 27 -22 20 -22 9 -35 21 -22 19 -22 16 -21 15 -21 18 -21 15 -23 16 -21 14 -22 12 -24 12 -20 11 -23 13 -21 11 -23 11 -22 4 -23 7 -20 7 -23 7 -19 5 -21 6 -20 4 -21 3 -21 6 -21 5 -20 5 -19 5 -20 -8 -22 -11 -25 -10 -24 -15 -21 -1 -1 ]
CSI_DATA,STA,08:3A:F2:51:5D:9D,-50,11,1,0,1,1,1,0,0,0,0,-93,0,6,1,8594433,0,110,0,0,8.760830,384,[110 96 6 0 0 0 0 0 0 0 0 0 -20 12 -20 12 -22 14 -26 12 -23 12 -21 8 -24 10 -22 8 -22 9 -23 7 -26 8 -26 9 -26 8 -25 7 -22 4 -26 8 -23 6 -22 4 -22 5 -20 5 -21 4 -22 5 -20 2 -22 4 -23 5 -21 6 0 0 -20 5 -19 8 -20 8 -18 8 -18 5 -18 7 -19 7 -16 7 -17 8 -13 9 -15 10 -14 7 -14 8 -13 9 -13 9 -13 11 -15 11 -11 10 -11 10 -9 10 -12 9 -11 9 -11 10 -10 11 -10 9 -9 9 0 0 0 0 0 0 0 0 0 0 -1 -1 -1 -1 19 -12 19 -13 18 -16 15 -13 15 -2 14 -3 14 -3 15 -3 13 -3 11 -3 12 -4 10 -5 12 -6 12 -5 13 -5 11 -6 13 -7 11 -6 10 -5 10 -7 10 -9 11 -6 8 -7 9 -6 9 -5 9 -7 9 -6 8 -8 10 -7 9 -8 5 -13 9 -8 9 -6 7 -6 7 -7 9 -6 8 -6 7 -5 7 -5 7 -5 6 -5 7 -4 7 -4 6 -3 6 -3 5 -4 5 -3 5 -2 5 -2 4 -2 3 -1 4 -1 3 -1 3 0 2 1 2 0 2 1 -1 -1 0 0 0 0 -1 -1 -1 -1 -1 -1 0 0 0 0 -1 -1 -1 -1 -1 -1 -15 30 -13 31 -17 32 -18 33 -17 30 -16 27 -20 29 -15 26 -19 33 -22 28 -23 31 -22 30 -23 33 -23 30 -20 26 -23 26 -20 30 -23 26 -18 24 -21 23 -20 20 -19 25 -20 20 -20 23 -24 24 -18 23 -4 35 -19 23 -18 22 -15 23 -14 20 -17 23 -14 23 -14 21 -13 23 -11 23 -10 20 -9 23 -11 21 -9 23 -9 22 -3 21 -6 20 -7 23 -6 20 -4 19 -5 19 -3 20 -3 19 -6 21 -4 20 -3 18 -4 19 9 21 14 23 14 24 16 20 -1 -1 ]
CSI_DATA,STA,08:3A:F2:51:5D:9D,-49,11,1,0,1,1,1,0,0,0,0,-93,0,6,1,8595603,0,110,0,0,8.771500,384,[110 96 6 0 0 0 0 0 0 0 0 0 4 -22 4 -21 4 -24 8 -25 7 -23 7 -19 8 -22 8 -20 8 -21 9 -21 11 -23 10 -23 10 -22 11 -21 10 -17 10 -23 10 -19 11 -18 10 -18 9 -17 10 -17 10 -18 10 -14 10 -18 11 -19 8 -18 0 0 8 -18 6 -18 7 -18 5 -17 8 -16 6 -17 7 -17 5 -15 4 -17 1 -15 2 -17 4 -14 3 -15 2 -15 2 -15 0 -16 2 -18 -1 -14 0 -15 -2 -13 0 -14 0 -14 0 -14 -2 -14 0 -13 -1 -13 0 0 0 0 0 0 0 0 0 0 -1 -1 -1 -1 -14 17 -12 17 -10 20 -9 16 -13 9 -12 10 -12 10 -14 10 -11 9 -9 9 -10 10 -8 9 -9 11 -9 10 -9 11 -8 11 -8 12 -8 11 -7 9 -6 11 -5 12 -7 10 -5 10 -6 9 -7 9 -6 10 -5 9 -3 11 -5 10 -4 11 0 12 -5 11 -6 9 -5 9 -4 9 -5 9 -4 9 -4 8 -5 7 -5 7 -4 7 -5 7 -5 6 -5 6 -4 5 -4 5 -4 4 -4 3 -5 3 -4 3 -4 2 -4 2 -3 1 -3 0 -3 0 -3 -1 -3 -1 -1 -1 0 0 0 0 -1 -1 -1 -1 -1 -1 0 0 0 0 -1 -1 -1 -1 -1 -1 -7 -35 -9 -35 -7 -39 -6 -40 -4 -37 -4 -34 -2 -38 -4 -34 -4 -42 0 -38 -1 -41 -2 -39 -2 -43 -1 -41 0 -35 2 -38 -2 -39 4 -37 0 -32 3 -33 4 -31 1 -34 3 -30 0 -32 4 -36 -2 -31 -14 -32 1 -32 1 -30 -2 -30 -2 -27 -1 -31 -3 -29 -2 -28 -5 -29 -5 -29 -6 -25 -8 -26 -6 -25 -7 -26 -8 -26 -11 -22 -9 -23 -10 -25 -9 -21 -9 -21 -8 -21 -11 -20 -11 -20 -9 -21 -10 -20 -10 -19 -9 -20 -16 -14 -23 -15 -23 -15 -23 -11 -1 -1 ]
CSI_DATA,STA,08:3A:F2:51:5D:9D,-45,11,1,0,0,1,1,0,0,0,0,-93,0,6,1,8604634,0,110,0,0,8.781972,256,[110 96 6 0 0 0 0 0 0 0 0 0 19 14 18 14 20 15 20 15 19 16 16 15 17 16 15 16 17 16 16 18 17 18 17 19 16 17 15 17 13 16 17 18 13 16 12 16 13 15 13 15 12 15 13 16 11 14 13 14 14 14 13 13 0 0 13 12 14 12 14 11 14 11 12 10 14 10 14 10 12 9 14 8 13 9 14 9 12 8 13 7 13 7 13 7 13 6 14 6 13 6 13 6 13 5 12 5 13 5 13 5 13 4 12 4 11 4 0 0 0 0 0 0 0 0 0 0 -1 -1 -1 -1 0 0 0 0 47 0 41 3 39 14 40 14 40 14 42 16 40 16 38 18 40 18 36 21 41 20 37 22 39 21 39 22 37 19 36 20 34 21 40 19 32 19 30 21 32 20 31 21 32 20 31 20 29 19 28 18 30 18 29 16 -1 -1 29 13 29 13 28 12 31 11 26 10 29 10 29 9 26 9 28 7 29 8 30 6 27 6 27 4 27 6 27 4 26 4 27 4 25 3 26 2 25 2 26 1 25 2 24 1 25 0 23 0 23 0 20 -6 22 -7 -1 -1 -1 -1 -1 -1 ]
CSI_DATA,STA,08:3A:F2:51:5D:9D,-51,11,1,0,1,1,1,0,0,0,0,-93,0,6,1,8713088,0,110,0,0,8.880285,384,[110 96 6 0 0 0 0 0 0 0 0 0 17 10 17 9 20 10 20 14 18 12 15 12 17 13 15 12 16 12 15 14 17 16 17 16 16 16 15 16 12 14 17 16 14 14 12 15 13 14 12 12 12 13 13 14 9 14 12 14 13 15 12 13 0 0 13 12 14 11 14 11 13 9 11 11 13 9 13 11 12 8 14 9 13 5 13 7 11 7 12 7 13 5 12 6 13 4 15 6 12 3 13 3 12 2 12 4 12 3 13 3 13 3 11 4 11 2 0 0 0 0 0 0 0 0 0 0 -1 -1 -1 -1 -13 -17 -13 -19 -15 -17 -14 -13 -6 -16 -6 -15 -8 -16 -6 -16 -7 -14 -5 -12 -7 -13 -7 -11 -9 -13 -8 -13 -8 -13 -8 -13 -9 -13 -8 -12 -7 -11 -9 -10 -10 -9 -9 -11 -10 -8 -9 -9 -8 -10 -10 -9 -8 -10 -10 -8 -9 -11 -10 -9 -11 -6 -9 -9 -9 -9 -9 -8 -8 -9 -8 -9 -9 -9 -8 -8 -8 -8 -6 -8 -6 -8 -5 -10 -5 -10 -5 -10 -4 -9 -5 -8 -3 -8 -4 -9 -2 -8 -2 -8 -1 -8 -1 -7 -1 -8 1 -7 1 -6 2 -6 3 -6 -1 -1 -1 -1 -1 -1 -1 -1 -1 -1 -1 -1 -1 -1 -1 -1 -1 -1 0 0 0 0 35 7 33 5 38 7 37 10 36 8 31 9 36 11 31 8 39 9 35 15 37 16 37 16 38 17 36 16 30 14 34 15 35 12 33 16 28 11 29 13 27 13 30 11 27 15 28 14 31 18 28 12 31 4 28 12 27 11 26 8 25 7 27 10 27 6 25 7 27 5 26 4 23 4 25 4 25 5 27 2 25 2 23 -2 22 0 25 -1 21 -1 21 -3 21 -2 22 -5 21 -5 23 -1 22 -2 20 -2 20 -2 19 -10 22 -13 21 -14 18 -17 -1 -1 ]
CSI_DATA,STA,08:3A:F2:51:5D:9D,-51,11,1,0,1,1,1,0,0,0,0,-93,0,6,1,8713771,0,110,0,0,8.891022,384,[110 96 6 0 0 0 0 0 0 0 0 0 -11 17 -11 17 -12 19 -15 19 -14 18 -13 15 -14 17 -13 15 -14 16 -15 15 -17 17 -16 17 -17 16 -17 15 -15 12 -17 17 -15 13 -15 12 -15 12 -14 12 -15 12 -15 13 -15 9 -15 12 -16 13 -14 13 0 0 -14 12 -12 13 -13 13 -11 13 -12 11 -11 13 -12 13 -10 12 -10 13 -7 12 -7 13 -9 11 -8 12 -7 12 -7 12 -6 13 -8 14 -4 12 -4 13 -3 12 -5 12 -5 12 -5 12 -4 13 -5 11 -3 11 0 0 0 0 0 0 0 0 0 0 -1 -1 -1 -1 13 -17 14 -17 11 -19 8 -17 13 -8 12 -7 12 -8 12 -7 11 -7 9 -6 10 -8 8 -8 9 -10 9 -9 10 -9 9 -9 10 -10 9 -9 8 -8 7 -10 6 -11 8 -9 5 -9 6 -9 7 -8 6 -10 7 -9 5 -10 8 -9 6 -10 2 -12 6 -10 7 -9 5 -8 5 -9 7 -8 6 -9 5 -8 6 -7 6 -7 6 -7 7 -6 8 -5 7 -5 7 -5 5 -5 6 -4 7 -4 6 -2 5 -3 6 -1 5 -2 6 -2 5 0 5 2 4 1 4 2 -1 -1 -1 -1 -1 -1 -1 -1 -1 -1 -1 -1 -1 -1 -1 -1 -1 -1 0 0 0 0 -2 32 -2 31 -3 35 -5 34 -4 34 -5 29 -7 33 -4 28 -4 37 -9 33 -10 36 -10 35 -10 37 -11 35 -9 28 -10 33 -7 32 -11 31 -7 26 -9 27 -10 25 -7 28 -11 26 -10 27 -14 30 -8 27 5 32 -9 27 -8 27 -5 24 -4 23 -7 25 -2 25 -4 23 -2 24 -1 24 -1 22 0 23 -3 23 0 24 0 23 5 21 2 20 3 22 2 19 5 18 3 19 6 18 5 18 3 20 3 19 3 18 3 18 14 16 18 18 18 16 21 13 -1 -1 ]
CSI_DATA,STA,08:3A:F2:51:5D:9D,-51,11,1,0,1,1,1,0,0,0,0,-93,0,6,1,8714229,0,110,0,0,8.901142,384,[110 96 6 0 0 0 0 0 0 0 0 0 -21 2 -20 2 -23 3 -25 0 -23 0 -20 -2 -23 -1 -21 -2 -21 -1 -22 -3 -24 -4 -24 -3 -23 -4 -23 -5 -19 -5 -24 -3 -20 -4 -19 -6 -19 -4 -18 -4 -19 -5 -20 -5 -17 -6 -19 -5 -21 -6 -19 -4 0 0 -18 -4 -18 -1 -19 -2 -17 -1 -17 -3 -17 -1 -18 -2 -16 -1 -17 0 -14 2 -16 2 -15 0 -15 0 -14 2 -14 2 -14 3 -17 3 -13 4 -13 4 -12 5 -13 3 -13 4 -13 3 -13 4 -13 2 -12 4 0 0 0 0 0 0 0 0 0 0 -1 -1 -1 -1 20 1 22 1 21 -2 17 -3 13 6 11 5 13 5 12 7 12 4 9 4 11 3 10 2 12 2 12 2 12 3 11 3 13 2 12 2 10 2 11 0 11 -1 11 0 9 -1 10 0 10 1 10 -1 10 0 11 -2 11 1 10 -1 11 -6 10 0 10 0 9 -1 9 -1 10 1 10 0 8 0 8 0 8 1 8 1 8 2 9 2 7 2 7 2 6 2 5 3 6 2 4 4 5 3 4 4 4 3 4 3 2 4 2 5 1 5 0 5 -1 -1 -1 -1 -1 -1 -1 -1 -1 -1 -1 -1 -1 -1 -1 -1 -1 -1 0 0 0 0 -29 17 -27 16 -32 19 -32 15 -32 17 -27 12 -33 14 -27 13 -34 18 -34 11 -37 12 -36 11 -38 13 -37 11 -30 9 -34 11 -31 12 -34 10 -26 9 -29 8 -27 6 -29 12 -29 7 -29 8 -34 6 -28 9 -25 21 -27 8 -27 10 -23 10 -22 11 -25 9 -23 13 -23 11 -22 13 -21 14 -19 12 -20 13 -21 12 -20 14 -19 13 -15 16 -16 13 -17 16 -15 13 -13 14 -14 14 -12 15 -12 15 -15 14 -14 14 -14 13 -14 13 -5 21 -3 25 -3 24 3 25 -1 -1 ]
CSI_DATA,STA,08:3A:F2:51:5D:9D,-51,11,1,0,1,1,1,0,0,0,0,-93,0,6,1,8714551,0,110,0,0,8.911360,384,[110 96 6 0 0 0 0 0 0 0 0 0 -8 -19 -8 -19 -10 -22 -7 -24 -7 -22 -5 -20 -6 -22 -5 -20 -5 -21 -4 -21 -4 -24 -5 -24 -4 -23 -3 -23 -1 -20 -4 -24 -2 -21 -1 -20 -2 -20 -2 -18 -1 -19 -2 -20 0 -18 -1 -20 -1 -21 -3 -19 0 0 -3 -19 -4 -18 -4 -19 -5 -17 -2 -17 -4 -17 -4 -17 -4 -15 -5 -16 -7 -13 -7 -15 -5 -14 -5 -14 -7 -13 -6 -13 -8 -13 -8 -15 -8 -11 -8 -12 -8 -10 -7 -12 -8 -12 -8 -12 -9 -11 -7 -11 -8 -10 0 0 0 0 0 0 0 0 0 0 -1 -1 -1 -1 0 21 -1 22 3 20 4 17 -5 15 -5 13 -4 14 -6 14 -4 13 -3 11 -3 13 -1 11 -1 14 -2 13 -3 13 -2 13 -1 14 -1 13 -1 11 1 12 2 11 0 12 2 9 0 10 0 10 2 11 0 11 2 11 0 12 1 11 6 11 1 11 1 11 1 9 1 10 0 10 1 10 0 9 0 9 -1 9 -1 9 -2 9 -2 9 -2 8 -3 8 -2 8 -3 6 -3 7 -4 6 -4 6 -5 5 -4 5 -4 4 -6 3 -5 2 -6 2 -6 2 -1 -1 -1 -1 -1 -1 -1 -1 -1 -1 -1 -1 -1 -1 -1 -1 -1 -1 0 0 0 0 -24 -27 -23 -25 -26 -29 -24 -30 -25 -30 -20 -26 -22 -31 -20 -26 -26 -32 -19 -34 -20 -36 -20 -35 -22 -37 -20 -36 -16 -29 -19 -33 -20 -31 -17 -33 -17 -26 -15 -29 -13 -27 -18 -28 -13 -29 -15 -29 -14 -34 -16 -28 -25 -23 -16 -28 -16 -26 -17 -23 -16 -22 -16 -24 -18 -22 -17 -21 -18 -21 -20 -20 -17 -18 -19 -19 -17 -20 -19 -18 -19 -17 -21 -13 -18 -14 -21 -15 -17 -13 -19 -11 -18 -12 -20 -10 -20 -10 -19 -13 -19 -12 -18 -12 -18 -12 -22 -3 -26 -1 -25 -1 -25 5 -1 -1 ]
CSI_DATA,STA,08:3A:F2:51:5D:9D,-51,11,1,0,1,1,1,0,0,0,0,-93,0,6,1,8721379,0,110,0,0,8.922334,384,[110 96 6 0 0 0 0 0 0 0 0 0 2 20 2 19 3 22 0 24 0 22 -1 19 -1 22 -2 19 -1 20 -3 20 -3 23 -2 23 -3 22 -3 22 -5 18 -3 23 -4 19 -5 18 -4 18 -4 17 -4 18 -5 19 -6 16 -4 18 -4 20 -3 18 0 0 -3 18 -1 17 -1 18 0 16 -3 15 -1 16 -1 17 -1 15 0 16 3 13 3 15 1 13 2 14 3 13 2 13 4 13 3 15 4 12 4 12 5 10 3 12 4 12 4 12 5 11 4 11 4 10 0 0 0 0 0 0 0 0 0 0 -1 -1 -1 -1 4 -20 5 -21 1 -22 1 -18 8 -13 7 -13 6 -15 8 -14 6 -13 5 -11 5 -13 3 -12 4 -14 4 -13 4 -14 3 -13 2 -14 2 -13 2 -12 2 -13 0 -14 3 -12 -1 -11 1 -11 2 -12 1 -12 2 -11 -1 -12 2 -13 0 -12 -4 -12 1 -12 2 -12 1 -11 1 -11 2 -11 1 -11 1 -11 1 -10 3 -10 2 -10 3 -10 3 -10 4 -9 4 -8 4 -8 4 -7 4 -7 5 -6 5 -6 6 -5 5 -5 5 -5 5 -3 6 -3 6 -2 6 -1 -1 -1 -1 -1 -1 -1 -1 -1 -1 -1 -1 -1 -1 -1 -1 -1 -1 -1 0 0 0 0 15 30 16 29 16 33 15 35 13 32 12 29 12 34 12 29 14 36 9 34 12 37 11 36 12 38 11 37 8 31 8 34 11 35 6 34 8 29 6 30 5 28 8 30 5 28 8 29 5 33 9 28 19 25 8 29 7 27 9 25 9 23 9 26 11 24 10 23 12 23 12 23 12 19 14 20 12 21 14 20 14 20 15 16 13 17 15 18 13 15 14 14 13 15 16 14 15 13 14 15 15 14 14 13 13 14 19 8 24 7 25 6 23 3 -1 -1 ]
CSI_DATA,STA,08:3A:F2:51:5D:9D,-51,11,1,0,1,1,1,0,0,0,0,-93,0,6,1,8723789,0,110,0,0,8.932130,384,[110 96 6 0 0 0 0 0 0 0 0 0 1 22 1 21 2 24 -2 27 -2 24 -3 21 -3 24 -4 22 -3 22 -5 23 -5 26 -5 25 -5 25 -6 24 -7 20 -5 25 -6 22 -7 20 -6 20 -6 19 -7 19 -6 20 -8 16 -7 20 -7 21 -5 19 0 0 -5 19 -2 19 -3 20 -2 18 -5 17 -2 18 -3 18 -2 16 -1 18 1 14 1 16 -1 15 0 15 2 15 1 15 3 15 2 17 3 14 3 14 5 12 2 14 3 13 3 14 4 14 2 13 4 12 0 0 0 0 0 0 0 0 0 0 -1 -1 -1 -1 10 -21 10 -21 6 -24 5 -19 11 -14 10 -14 9 -15 12 -14 9 -13 8 -11 8 -13 5 -12 7 -15 7 -13 7 -14 6 -14 6 -16 6 -14 5 -13 4 -14 3 -15 5 -13 2 -13 4 -12 5 -12 3 -13 5 -12 2 -13 5 -14 3 -13 -1 -13 4 -13 4 -12 4 -12 4 -11 5 -12 4 -12 4 -11 5 -11 5 -10 4 -9 6 -9 7 -9 7 -9 7 -8 6 -7 7 -6 7 -7 7 -5 7 -4 7 -4 7 -4 8 -3 7 -1 8 -1 7 1 7 1 -1 -1 -1 -1 -1 -1 -1 -1 -1 -1 -1 -1 -1 -1 -1 -1 -1 -1 0 0 0 0 13 36 14 35 14 39 12 41 11 38 8 35 9 40 9 34 11 43 6 39 7 43 7 42 8 45 6 43 5 37 4 40 8 41 2 39 5 34 2 34 1 33 5 36 0 32 4 34 1 38 6 33 16 31 4 34 4 31 7 31 6 27 5 31 9 29 7 27 9 28 10 28 9 23 11 25 9 26 12 26 12 24 15 20 13 21 14 23 13 20 14 19 12 19 15 18 15 18 13 20 14 19 12 17 12 18 18 12 25 12 26 12 24 8 -1 -1 ]
CSI_DATA,STA,08:3A:F2:51:5D:9D,-51,11,1,0,1,1,1,0,0,0,0,-93,0,6,1,8724455,0,110,0,0,8.941895,384,[110 96 6 0 0 0 0 0 0 0 0 0 -14 17 -14 17 -15 20 -20 19 -17 17 -17 14 -18 16 -17 14 -17 16 -18 14 -21 16 -20 17 -20 16 -21 14 -19 11 -20 16 -19 13 -18 10 -18 12 -17 11 -18 11 -18 11 -17 8 -18 11 -19 12 -17 12 0 0 -17 12 -15 13 -16 13 -13 12 -15 10 -14 12 -15 12 -12 11 -13 13 -9 12 -10 14 -11 11 -10 12 -9 13 -9 12 -8 14 -10 14 -7 13 -7 13 -5 12 -8 12 -7 12 -7 12 -6 13 -7 12 -5 11 0 0 0 0 0 0 0 0 0 0 -1 -1 -1 -1 19 -12 19 -14 17 -17 15 -14 16 -5 15 -5 15 -6 16 -5 14 -5 12 -5 13 -6 10 -6 13 -8 12 -7 13 -7 12 -8 13 -9 11 -7 10 -6 11 -8 10 -10 11 -7 8 -8 9 -7 10 -6 9 -8 9 -7 8 -9 10 -8 9 -9 6 -12 10 -8 10 -6 9 -7 9 -7 10 -6 9 -7 8 -6 8 -5 9 -5 8 -5 10 -4 9 -3 9 -2 9 -2 9 -3 8 -1 8 -1 8 0 8 0 7 2 7 1 6 2 5 3 5 4 5 4 4 5 -1 -1 -1 -1 -1 -1 -1 -1 -1 -1 -1 -1 -1 -1 -1 -1 -1 -1 0 0 0 0 -9 36 -9 35 -11 38 -14 39 -12 36 -13 32 -16 36 -11 31 -15 39 -17 34 -19 38 -17 37 -19 40 -19 37 -17 31 -19 34 -17 36 -20 32 -15 29 -17 28 -18 26 -16 30 -17 26 -16 28 -21 30 -14 29 -2 35 -16 29 -15 27 -12 27 -10 25 -14 27 -9 27 -10 25 -8 27 -7 28 -5 24 -5 26 -7 25 -5 26 -4 26 0 24 -2 23 -2 26 -2 23 0 22 -1 22 2 22 1 22 -1 23 0 22 0 21 -1 21 10 21 15 23 15 23 17 19 -1 -1 ]
CSI_DATA,STA,08:3A:F2:51:5D:9D,-51,11,1,0,1,1,1,0,0,0,0,-93,0,6,1,8736084,0,110,0,0,8.952245,384,[110 96 6 0 0 0 0 0 0 0 0 0 -21 -9 -20 -9 -24 -9 -24 -13 -23 -11 -18 -11 -21 -12 -19 -12 -20 -11 -20 -14 -21 -16 -22 -15 -21 -15 -20 -15 -16 -14 -22 -14 -18 -13 -17 -14 -17 -13 -16 -12 -16 -13 -18 -13 -14 -13 -16 -14 -18 -14 -17 -11 0 0 -17 -11 -18 -9 -18 -10 -17 -8 -15 -10 -16 -8 -17 -9 -15 -7 -17 -7 -15 -4 -16 -4 -14 -6 -15 -5 -15 -4 -15 -3 -15 -2 -18 -3 -14 -1 -14 -1 -13 1 -14 -2 -14 -1 -14 -2 -14 0 -13 -2 -12 0 0 0 0 0 0 0 0 0 0 0 -1 -1 -1 -1 20 7 20 8 21 4 17 1 10 9 9 8 11 8 9 9 10 7 8 6 9 6 9 4 11 4 10 6 10 5 10 5 12 5 10 4 9 4 10 3 10 1 9 3 8 1 9 2 8 4 9 2 9 3 9 1 9 3 9 2 11 -3 9 2 8 3 7 2 8 2 8 3 8 2 7 2 7 3 6 3 6 3 5 4 6 5 5 5 4 5 4 4 3 4 3 5 2 5 2 5 0 5 0 5 0 5 -1 5 -2 5 -3 5 -3 5 -1 -1 -1 -1 -1 -1 -1 -1 -1 -1 -1 -1 -1 -1 -1 -1 -1 -1 -1 -1 0 0 -36 3 -34 3 -38 4 -38 1 -37 2 -32 0 -38 -1 -31 1 -40 3 -38 -4 -40 -4 -39 -4 -42 -3 -41 -3 -33 -3 -36 -3 -35 0 -37 -4 -30 -1 -32 -4 -29 -5 -33 0 -31 -5 -31 -3 -36 -7 -30 -1 -32 14 -30 -2 -30 0 -26 2 -26 2 -27 0 -27 4 -26 2 -26 5 -26 6 -23 4 -24 6 -25 4 -24 7 -23 7 -19 11 -19 7 -22 10 -19 8 -17 10 -19 8 -17 11 -16 11 -20 9 -18 9 -17 9 -17 9 -11 19 -10 24 -10 22 -5 24 -1 -1 ]
CSI_DATA,STA,08:3A:F2:51:5D:9D,-51,11,1,0,1,1,1,0,0,0,0,-93,0,6,1,8736538,0,110,0,0,8.962473,384,[110 96 6 0 0 0 0 0 0 0 0 0 -7 -22 -7 -21 -8 -25 -6 -27 -6 -25 -3 -22 -5 -24 -3 -22 -4 -23 -2 -24 -2 -27 -3 -27 -2 -26 0 -25 1 -22 -2 -26 -1 -23 1 -21 0 -21 -1 -20 0 -21 -1 -22 2 -19 1 -21 1 -23 -1 -20 0 0 -1 -20 -4 -20 -3 -20 -4 -18 -1 -18 -3 -18 -3 -19 -3 -17 -4 -18 -6 -15 -6 -16 -3 -15 -4 -15 -6 -14 -6 -14 -7 -14 -7 -16 -7 -12 -7 -13 -8 -11 -7 -13 -7 -13 -7 -13 -8 -12 -6 -12 -7 -11 0 0 0 0 0 0 0 0 0 0 -1 -1 -1 -1 -3 21 -3 21 1 21 2 17 -7 14 -6 13 -5 14 -7 13 -5 13 -5 10 -4 13 -2 11 -2 13 -3 12 -4 12 -3 12 -2 13 -2 12 -2 10 0 12 1 11 -2 11 1 9 -1 10 -1 10 0 10 -2 10 1 10 -2 11 -1 10 3 10 -1 10 -1 10 0 9 -1 9 -2 9 -1 9 -2 8 -2 8 -3 8 -3 7 -4 7 -4 7 -4 6 -5 6 -5 5 -5 4 -5 5 -6 3 -6 4 -6 1 -6 2 -6 2 -6 0 -7 0 -7 -1 -7 -2 -1 -1 -1 -1 -1 -1 -1 -1 -1 -1 -1 -1 -1 -1 -1 -1 -1 -1 -1 -1 0 0 -23 -34 -23 -31 -25 -36 -22 -37 -23 -36 -18 -31 -21 -38 -19 -31 -24 -39 -16 -40 -18 -42 -17 -41 -19 -44 -17 -42 -14 -34 -17 -38 -18 -37 -15 -38 -15 -30 -13 -34 -11 -32 -16 -33 -10 -33 -13 -34 -11 -38 -14 -32 -22 -27 -13 -32 -15 -30 -15 -27 -15 -25 -14 -28 -18 -26 -15 -25 -17 -25 -19 -24 -16 -22 -18 -22 -16 -23 -19 -22 -18 -20 -21 -16 -17 -16 -21 -18 -17 -15 -19 -14 -17 -15 -19 -13 -19 -13 -18 -17 -18 -15 -17 -14 -17 -14 -22 -7 -26 -4 -25 -5 -26 1 -1 -1 ]
CSI_DATA,STA,08:3A:F2:51:5D:9D,-51,11,1,0,1,1,1,0,0,0,0,-93,0,6,1,8737116,0,110,0,0,8.973424,384,[110 96 6 0 0 0 0 0 0 0 0 0 20 -11 18 -11 22 -13 24 -11 23 -11 19 -8 22 -9 20 -8 21 -9 23 -6 25 -7 25 -8 24 -6 24 -5 20 -3 24 -8 21 -5 21 -4 20 -4 19 -4 19 -3 20 -5 18 -1 20 -3 22 -4 19 -5 0 0 19 -5 18 -7 18 -7 16 -8 16 -4 16 -7 17 -6 15 -6 16 -8 12 -9 14 -9 13 -6 13 -7 12 -8 12 -9 11 -10 14 -11 9 -9 10 -10 8 -10 10 -9 10 -9 11 -9 9 -10 10 -8 8 -9 0 0 0 0 0 0 0 0 0 0 -1 -1 -1 -1 -20 5 -21 5 -19 8 -16 8 -16 -2 -14 -1 -16 -1 -15 -2 -14 -1 -11 -1 -13 0 -11 1 -13 1 -13 1 -13 0 -13 1 -14 2 -12 1 -11 1 -11 3 -11 4 -11 2 -9 3 -11 3 -10 1 -10 3 -11 2 -10 3 -11 2 -10 3 -8 7 -10 3 -10 2 -8 2 -9 2 -9 1 -10 2 -9 1 -9 0 -8 0 -8 0 -8 -1 -8 -3 -8 -3 -7 -3 -7 -2 -6 -3 -7 -3 -5 -4 -5 -4 -4 -5 -4 -5 -4 -5 -3 -6 -2 -7 -2 -6 -1 -7 -1 -1 -1 -1 -1 -1 -1 -1 -1 -1 -1 -1 -1 -1 -1 -1 -1 -1 -1 -1 0 0 22 -30 20 -29 24 -34 25 -30 24 -32 22 -25 27 -30 21 -25 27 -34 30 -26 32 -28 31 -27 33 -30 32 -28 26 -22 28 -27 25 -27 29 -25 22 -22 25 -22 24 -18 23 -25 26 -18 26 -20 31 -21 23 -21 16 -32 24 -21 22 -22 18 -21 17 -22 20 -20 17 -24 17 -20 16 -22 15 -25 13 -21 14 -22 16 -21 13 -23 13 -22 7 -23 9 -20 9 -24 8 -19 6 -21 8 -20 5 -21 5 -21 9 -21 7 -20 7 -19 6 -19 -4 -22 -6 -25 -6 -24 -12 -23 -1 -1 ]
CSI_DATA,STA,08:3A:F2:51:5D:9D,-51,11,1,0,1,1,1,0,0,0,0,-93,0,6,1,8737517,0,110,0,0,8.983946,384,[110 96 6 0 0 0 0 0 0 0 0 0 12 19 11 18 14 20 12 23 12 21 8 19 10 21 9 20 10 20 8 22 8 24 9 24 8 23 7 23 5 20 9 23 7 20 5 20 6 20 6 18 6 19 6 20 3 18 5 20 6 21 7 18 0 0 7 18 9 16 9 17 9 15 6 16 8 15 8 16 8 13 9 14 10 10 10 12 8 12 8 12 10 10 10 10 11 9 12 12 10 8 11 8 10 6 10 9 10 8 10 8 11 7 9 8 9 6 0 0 0 0 0 0 0 0 0 0 -1 -1 -1 -1 -6 -20 -6 -22 -10 -20 -9 -16 -1 -17 -2 -15 -3 -17 -1 -17 -2 -15 -2 -13 -3 -14 -4 -12 -5 -14 -4 -14 -4 -14 -4 -13 -6 -14 -5 -13 -4 -12 -6 -12 -7 -11 -5 -12 -7 -9 -6 -10 -5 -11 -6 -10 -5 -10 -7 -10 -5 -11 -6 -10 -9 -8 -6 -10 -5 -10 -5 -9 -5 -8 -4 -10 -5 -10 -4 -8 -4 -9 -2 -9 -2 -8 -1 -9 -1 -9 0 -9 0 -8 0 -7 1 -7 0 -8 2 -6 2 -6 3 -6 3 -5 3 -6 4 -5 5 -4 5 -3 6 -2 -1 -1 -1 -1 -1 -1 -1 -1 -1 -1 -1 -1 -1 -1 -1 -1 -1 -1 -1 -1 0 0 30 24 29 22 33 25 32 27 31 26 26 24 29 29 26 24 33 29 26 31 29 33 28 32 31 34 28 33 23 27 27 30 28 27 25 31 23 24 22 26 19 26 25 25 19 27 22 26 22 31 22 24 30 17 22 24 22 22 23 19 22 17 22 21 24 17 22 18 24 16 25 15 21 13 23 13 22 15 24 12 24 11 23 6 21 8 25 8 20 7 22 5 21 7 22 4 22 3 22 8 21 5 20 5 19 5 21 -3 25 -6 24 -6 22 -11 -1 -1 ]
CSI_DATA,STA,08:3A:F2:51:5D:9D,-51,11,1,0,1,1,1,0,0,0,0,-93,0,6,1,8828969,0,110,0,0,8.999006,384,[110 96 6 0 0 0 0 0 0 0 0 0 17 -17 16 -17 18 -20 22 -18 19 -17 18 -14 20 -15 19 -14 19 -15 20 -13 23 -14 22 -15 22 -14 22 -13 19 -9 22 -15 20 -12 19 -9 19 -10 18 -10 19 -10 19 -10 18 -7 19 -10 20 -11 17 -11 0 0 17 -10 15 -12 16 -13 14 -12 15 -10 14 -12 15 -12 13 -11 13 -12 9 -12 10 -14 11 -11 11 -12 9 -13 9 -13 8 -14 10 -15 7 -13 7 -13 5 -13 8 -13 7 -13 7 -13 6 -14 7 -12 5 -12 0 0 0 0 0 0 0 0 0 0 -1 -1 -1 -1 -22 10 -20 10 -20 14 -16 11 -18 2 -17 4 -17 4 -19 3 -15 4 -14 3 -15 5 -13 5 -15 6 -14 5 -15 6 -14 6 -14 7 -13 6 -12 5 -12 7 -11 9 -13 6 -9 8 -11 6 -11 6 -10 8 -10 6 -9 8 -11 7 -9 8 -6 11 -10 7 -9 6 -8 6 -8 6 -9 5 -8 6 -7 5 -7 4 -8 4 -7 3 -8 3 -6 3 -6 2 -5 1 -6 2 -5 1 -5 1 -4 0 -3 0 -3 -1 -3 -1 -1 -1 -1 -1 -1 -2 0 -2 0 -3 0 0 -1 -1 -1 -1 -1 -1 -1 -1 -1 -1 -1 -1 -1 -1 0 0 0 0 -1 -1 16 -37 15 -38 18 -40 21 -40 19 -37 18 -33 23 -37 18 -33 22 -41 25 -34 25 -37 24 -37 26 -39 26 -37 23 -31 24 -33 23 -35 26 -31 20 -29 23 -28 22 -25 21 -30 22 -25 21 -28 26 -29 18 -29 9 -35 20 -28 18 -27 15 -28 14 -26 17 -28 14 -28 14 -26 12 -28 11 -29 9 -25 8 -27 10 -26 8 -28 7 -27 2 -26 4 -25 4 -28 3 -24 2 -24 3 -23 1 -24 0 -24 3 -24 1 -24 1 -23 2 -23 -8 -23 -12 -25 -12 -26 -16 -22 -1 -1 ]
CSI_DATA,STA,08:3A:F2:51:5D:9D,-51,11,1,0,1,1,1,0,0,0,0,-93,0,6,1,8829510,0,110,0,0,9.10006,384,[110 96 6 0 0 0 0 0 0 0 0 0 21 -3 19 -3 23 -4 25 -1 23 -2 19 0 22 0 20 1 21 0 21 2 24 3 24 2 23 3 22 4 18 4 23 2 19 2 19 4 18 3 17 3 18 3 19 3 16 5 18 4 20 4 18 2 0 0 17 2 17 0 18 0 16 -1 15 2 16 0 17 0 15 -1 16 -2 13 -3 14 -3 13 -1 14 -2 13 -4 13 -4 13 -5 15 -5 11 -5 12 -5 10 -6 12 -5 11 -5 12 -5 11 -6 11 -4 10 -5 0 0 0 0 0 0 0 0 0 0 -1 -1 -1 -1 -21 -3 -20 -2 -21 1 -18 2 -15 -7 -14 -6 -15 -6 -15 -7 -13 -5 -12 -4 -14 -4 -12 -2 -14 -2 -13 -3 -14 -3 -14 -2 -15 -2 -13 -2 -11 -2 -12 0 -13 1 -12 -1 -10 1 -11 -1 -11 -1 -11 1 -11 -1 -11 1 -12 -1 -11 1 -10 5 -11 1 -11 0 -9 1 -9 1 -9 -1 -9 0 -8 0 -8 -1 -8 0 -7 0 -7 -1 -6 -2 -6 -2 -5 -2 -5 -1 -4 -1 -4 -1 -3 -1 -3 -1 -2 -2 -2 -2 -1 -2 -1 -2 0 -2 0 -1 1 -1 0 0 -1 -1 -1 -1 -1 -1 -1 -1 -1 -1 -1 -1 -1 -1 0 0 0 0 -1 -1 29 -19 28 -19 32 -20 33 -18 32 -18 28 -15 34 -15 28 -14 35 -18 34 -11 37 -13 35 -13 38 -14 37 -13 31 -10 33 -12 33 -14 33 -10 27 -11 29 -9 28 -7 29 -12 28 -6 29 -9 33 -8 27 -11 23 -22 28 -10 26 -10 24 -12 22 -11 25 -11 23 -13 22 -12 22 -14 21 -15 19 -13 19 -15 20 -13 19 -16 18 -16 14 -18 15 -15 16 -17 14 -15 13 -16 13 -15 12 -17 11 -17 14 -16 13 -16 12 -15 12 -15 4 -20 2 -25 3 -25 -2 -24 -1 -1 ]
CSI_DATA,STA,08:3A:F2:51:5D:9D,-50,11,1,0,1,1,1,0,0,0,0,-93,0,6,1,8829962,0,110,0,0,9.20408,384,[110 96 6 0 0 0 0 0 0 0 0 0 21 4 19 4 23 4 23 7 22 6 18 7 21 8 18 8 20 7 19 10 21 11 21 10 20 10 19 11 16 10 21 10 17 9 16 10 16 9 15 9 15 9 17 9 13 11 16 10 17 11 16 8 0 0 16 8 16 6 17 6 15 5 13 7 15 5 15 6 14 4 15 4 13 1 14 2 13 4 14 3 13 1 14 1 14 0 16 1 12 -1 13 -1 12 -2 13 0 13 -1 13 -1 13 -2 12 0 11 -2 0 0 0 0 0 0 0 0 0 0 -1 -1 -1 -1 -19 -9 -20 -9 -21 -5 -18 -4 -12 -11 -11 -10 -13 -10 -12 -11 -11 -9 -9 -8 -11 -8 -10 -6 -13 -7 -12 -7 -12 -8 -11 -7 -13 -6 -12 -6 -10 -6 -12 -4 -12 -3 -11 -5 -10 -2 -11 -4 -10 -5 -11 -3 -10 -5 -11 -2 -11 -4 -11 -3 -11 2 -10 -3 -10 -3 -9 -2 -9 -3 -9 -4 -9 -2 -8 -3 -8 -3 -7 -3 -7 -3 -6 -3 -6 -3 -6 -3 -5 -3 -4 -2 -4 -2 -4 -2 -3 -2 -2 -2 -1 -2 -1 -2 -1 -2 0 -2 0 -1 1 -1 1 -1 0 0 -1 -1 -1 -1 -1 -1 -1 -1 -1 -1 -1 -1 -1 -1 0 0 0 0 -1 -1 34 -8 33 -8 36 -8 37 -6 35 -6 31 -5 36 -4 31 -4 39 -6 36 1 38 -1 37 -1 40 -1 38 0 32 1 35 0 35 -3 35 2 29 -2 30 1 28 3 31 -1 28 3 29 1 33 3 29 -1 29 -14 29 0 28 -1 26 -4 24 -3 26 -2 26 -6 25 -3 25 -6 25 -7 21 -6 23 -8 23 -6 23 -9 22 -9 18 -12 18 -9 21 -11 17 -9 17 -11 18 -9 17 -12 16 -12 18 -10 17 -11 16 -10 16 -10 10 -18 10 -23 11 -23 6 -24 -1 -1 ]
CSI_DATA,STA,08:3A:F2:51:5D:9D,-51,11,1,0,1,1,1,0,0,0,0,-93,0,6,1,8886200,0,110,0,0,9.53756,384,[110 96 6 0 0 0 0 0 0 0 0 0 -22 -1 -21 0 -25 0 -26 -3 -24 -3 -21 -4 -23 -4 -21 -4 -22 -4 -22 -5 -25 -6 -25 -5 -24 -6 -23 -7 -19 -7 -24 -6 -20 -6 -19 -8 -19 -7 -18 -6 -19 -7 -19 -7 -16 -8 -19 -7 -20 -7 -19 -5 0 0 -18 -5 -18 -3 -19 -4 -17 -2 -16 -5 -17 -3 -18 -3 -16 -3 -17 -2 -14 1 -16 1 -14 -1 -15 0 -15 1 -14 1 -15 2 -17 1 -13 3 -13 3 -12 4 -13 2 -13 2 -13 2 -13 4 -12 2 -11 3 0 0 0 0 0 0 0 0 0 0 -1 -1 -1 -1 18 8 18 8 20 5 17 3 11 9 11 8 12 8 12 9 11 8 9 6 11 6 10 4 11 5 11 6 11 5 11 4 12 5 11 4 10 4 10 3 11 2 9 4 9 1 9 3 9 4 9 2 8 3 9 2 9 3 9 2 8 -1 8 2 7 3 7 2 6 2 6 3 6 2 5 2 5 3 4 2 4 2 3 3 3 4 2 3 1 3 1 3 0 2 -1 3 -2 2 -2 2 -3 2 -4 2 -4 2 -5 1 -6 1 -6 0 -6 -1 -1 -1 -1 -1 -1 -1 -1 -1 -1 -1 -1 -1 -1 -1 -1 -1 -1 -1 0 0 0 0 -36 11 -35 13 -39 12 -41 10 -38 9 -34 7 -39 7 -34 8 -41 10 -39 4 -42 5 -41 5 -43 5 -42 4 -36 3 -38 3 -39 5 -37 0 -32 4 -33 1 -31 1 -34 4 -31 0 -33 2 -36 -1 -32 4 -30 14 -32 3 -30 3 -30 6 -26 5 -30 4 -28 7 -27 6 -26 7 -27 10 -23 9 -25 10 -25 8 -25 10 -23 10 -19 13 -20 11 -23 12 -19 11 -18 12 -18 11 -17 14 -17 13 -19 11 -18 12 -17 11 -17 11 -11 17 -12 21 -11 22 -7 22 -1 -1 ]
CSI_DATA,STA,08:3A:F2:51:5D:9D,-51,11,1,0,1,1,1,0,0,0,0,-93,0,6,1,8886888,0,110,0,0,9.64464,384,[110 96 6 0 0 0 0 0 0 0 0 0 -21 -10 -20 -9 -23 -10 -23 -14 -21 -12 -18 -12 -20 -13 -18 -12 -19 -13 -18 -14 -20 -16 -21 -15 -19 -15 -18 -16 -15 -15 -20 -15 -16 -14 -15 -15 -15 -14 -14 -13 -14 -14 -15 -14 -12 -14 -15 -14 -16 -15 -15 -12 0 0 -15 -12 -16 -10 -16 -11 -15 -9 -13 -11 -15 -10 -15 -10 -14 -9 -15 -8 -14 -5 -15 -6 -13 -7 -14 -7 -14 -5 -14 -5 -15 -4 -16 -6 -13 -3 -13 -3 -12 -1 -13 -4 -13 -3 -13 -3 -13 -2 -12 -3 -12 -2 0 0 0 0 0 0 0 0 0 0 -1 -1 -1 -1 17 9 18 8 19 5 16 4 8 10 8 9 8 9 8 10 7 8 6 7 7 8 7 5 9 6 8 7 8 7 8 6 10 6 9 5 7 5 8 5 9 4 7 5 7 2 7 4 6 4 7 3 6 4 7 2 7 4 7 3 10 0 6 4 5 3 5 3 5 3 5 3 5 3 4 3 3 3 3 3 2 3 2 3 1 3 1 2 0 2 0 3 -1 2 -1 2 -2 2 -2 1 -3 1 -4 1 -4 0 -5 -1 -5 -1 -5 -1 -6 -1 -1 -1 -1 -1 -1 -1 -1 -1 -1 -1 -1 -1 -1 -1 -1 -1 -1 -1 0 0 0 0 -34 3 -32 4 -36 2 -37 1 -35 1 -30 -1 -35 -2 -30 0 -37 1 -34 -4 -38 -3 -36 -3 -39 -3 -37 -4 -31 -4 -33 -5 -34 -2 -33 -7 -28 -3 -29 -5 -27 -6 -30 -3 -27 -6 -28 -4 -32 -7 -28 -2 -30 13 -28 -3 -27 -3 -26 0 -24 -1 -27 -2 -25 1 -24 0 -25 2 -25 3 -21 2 -23 4 -22 2 -23 5 -22 5 -19 7 -19 5 -21 6 -19 5 -17 6 -18 6 -17 8 -16 8 -18 7 -17 7 -16 6 -17 6 -12 17 -12 22 -11 22 -8 22 -1 -1 ]
CSI_DATA,STA,08:3A:F2:51:5D:9D,-51,11,1,0,1,1,1,0,0,0,0,-93,0,6,1,8887321,0,110,0,0,9.74775,384,[110 96 6 0 0 0 0 0 0 0 0 0 -5 -22 -5 -22 -6 -24 -3 -27 -3 -24 -2 -21 -2 -24 -1 -22 -1 -23 0 -23 0 -25 -1 -26 0 -25 1 -24 3 -20 0 -25 1 -22 3 -20 2 -20 2 -19 2 -20 2 -20 3 -17 2 -20 2 -22 0 -19 0 0 1 -19 -2 -18 -1 -19 -2 -17 1 -17 -1 -18 -1 -18 -1 -16 -3 -17 -5 -14 -5 -16 -3 -14 -3 -15 -5 -14 -5 -14 -6 -14 -6 -16 -6 -12 -6 -13 -7 -11 -5 -13 -6 -12 -6 -12 -7 -12 -5 -12 -6 -11 0 0 0 0 0 0 0 0 0 0 -1 -1 -1 -1 -5 19 -4 20 -1 20 0 17 -8 13 -6 13 -6 13 -8 13 -6 12 -5 10 -5 12 -3 10 -3 13 -4 12 -4 12 -3 12 -3 13 -3 11 -3 10 -2 11 0 11 -3 10 0 9 -2 9 -2 8 -1 9 -2 9 -1 9 -2 9 -1 9 2 9 -1 9 -2 8 -1 7 -1 7 -2 6 -2 6 -2 5 -3 5 -2 5 -2 4 -3 4 -4 3 -4 2 -4 1 -4 1 -4 0 -4 0 -4 -1 -4 -2 -3 -3 -4 -3 -4 -4 -3 -5 -3 -5 -2 -6 -2 -6 -1 -1 -1 -1 -1 -1 -1 -1 -1 -1 -1 -1 -1 -1 -1 -1 -1 -1 0 0 0 0 -21 -33 -21 -31 -22 -35 -20 -37 -20 -35 -16 -31 -17 -36 -16 -31 -19 -38 -14 -37 -16 -40 -15 -39 -16 -41 -14 -40 -12 -34 -12 -36 -15 -36 -11 -36 -11 -31 -10 -32 -9 -30 -13 -32 -8 -30 -10 -31 -8 -36 -12 -30 -21 -26 -11 -30 -11 -28 -13 -27 -12 -24 -11 -28 -14 -25 -13 -24 -15 -25 -16 -23 -14 -20 -16 -21 -14 -22 -16 -22 -16 -21 -18 -16 -16 -17 -18 -19 -16 -16 -16 -15 -15 -15 -18 -14 -17 -14 -16 -16 -16 -15 -16 -14 -15 -14 -20 -7 -24 -6 -25 -6 -24 -1 -1 -1 ]
CSI_DATA,STA,08:3A:F2:51:5D:9D,-51,11,1,0,1,1,1,0,0,0,0,-93,0,6,1,8897730,0,110,0,0,9.85703,384,[110 96 6 0 0 0 0 0 0 0 0 0 -19 -12 -18 -11 -21 -12 -21 -16 -19 -14 -16 -13 -18 -14 -16 -14 -17 -14 -16 -15 -18 -18 -18 -17 -17 -17 -16 -18 -13 -15 -18 -17 -15 -15 -13 -16 -13 -15 -13 -14 -13 -15 -14 -15 -10 -14 -13 -15 -14 -16 -14 -13 0 0 -14 -13 -14 -11 -15 -12 -14 -10 -12 -12 -14 -11 -14 -11 -13 -9 -14 -9 -13 -6 -14 -7 -12 -8 -13 -8 -13 -6 -13 -6 -14 -5 -16 -6 -13 -3 -13 -4 -12 -2 -13 -4 -13 -4 -13 -4 -13 -3 -12 -4 -12 -2 0 0 0 0 0 0 0 0 0 0 -1 -1 -1 -1 10 17 11 17 13 14 12 11 6 14 6 13 7 13 5 14 7 12 5 10 7 11 7 9 9 10 7 11 7 11 8 9 9 10 8 10 6 8 9 7 9 6 8 8 8 5 7 6 7 7 8 6 7 6 8 5 8 6 8 5 8 2 7 5 7 5 6 4 6 3 5 4 6 3 5 3 5 3 4 2 4 1 3 2 3 2 2 1 2 1 2 0 0 -1 0 0 0 -1 0 -2 0 -2 -1 -3 -1 -3 -1 -3 -1 -4 -1 -4 -2 -5 -1 -1 -1 -1 -1 -1 -1 -1 -1 -1 -1 -1 -1 -1 -1 -1 -1 -1 0 0 0 0 -38 -11 -36 -9 -40 -12 -40 -14 -39 -13 -33 -13 -38 -16 -33 -13 -41 -16 -36 -20 -38 -20 -37 -20 -40 -21 -37 -21 -31 -18 -35 -18 -35 -17 -33 -20 -30 -14 -30 -18 -27 -17 -32 -15 -27 -18 -29 -17 -31 -21 -30 -14 -32 -7 -29 -15 -28 -13 -28 -11 -26 -9 -27 -13 -28 -9 -27 -9 -28 -8 -28 -6 -24 -6 -27 -5 -26 -7 -27 -5 -26 -4 -24 1 -23 -1 -27 -1 -22 0 -22 1 -22 0 -22 2 -22 3 -23 -1 -22 1 -21 1 -21 1 -19 8 -21 12 -21 12 -18 15 -1 -1 ]
CSI_DATA,STA,08:3A:F2:51:5D:9D,-50,11,1,0,1,1,1,0,0,0,0,-93,0,6,1,8944854,0,110,0,0,9.111216,384,[110 96 6 0 0 0 0 0 0 0 0 0 -20 -13 -19 -12 -22 -13 -22 -17 -20 -15 -16 -14 -19 -16 -16 -15 -17 -15 -17 -17 -18 -19 -19 -19 -17 -18 -16 -19 -13 -16 -18 -19 -14 -17 -13 -17 -13 -16 -13 -15 -12 -16 -14 -16 -10 -16 -13 -17 -14 -18 -13 -15 0 0 -13 -15 -15 -13 -15 -14 -14 -12 -12 -13 -14 -12 -14 -13 -13 -11 -14 -11 -14 -7 -15 -8 -12 -9 -13 -9 -14 -7 -13 -7 -14 -6 -16 -8 -13 -5 -14 -5 -13 -3 -13 -6 -14 -5 -14 -5 -14 -4 -12 -6 -12 -4 0 0 0 0 0 0 0 0 0 0 -1 -1 -1 -1 17 13 19 13 19 9 18 6 8 13 7 12 9 12 7 13 9 10 6 9 9 10 8 7 11 9 10 10 9 10 9 9 11 10 10 9 8 8 11 7 11 5 10 8 9 4 9 5 9 6 10 5 9 6 10 4 10 7 11 5 13 0 10 5 9 5 9 3 9 4 8 4 9 3 8 3 8 2 7 3 7 3 7 4 7 3 7 3 6 2 6 1 5 1 5 0 4 1 4 0 3 1 3 0 3 0 3 0 3 -1 3 0 2 -1 0 0 0 0 -1 -1 -1 -1 -1 -1 -1 -1 -1 -1 0 0 0 0 -1 -1 -1 -1 -36 -3 -34 -1 -39 -3 -37 -5 -37 -4 -31 -6 -36 -7 -31 -5 -39 -5 -36 -10 -39 -11 -37 -11 -40 -11 -37 -12 -30 -10 -35 -11 -34 -8 -34 -11 -28 -7 -30 -10 -26 -11 -31 -7 -28 -12 -29 -11 -32 -15 -29 -9 -34 5 -28 -9 -29 -8 -26 -5 -25 -5 -26 -7 -27 -3 -25 -4 -26 -2 -27 -1 -24 -1 -25 0 -24 -3 -25 0 -24 0 -22 5 -21 2 -24 4 -20 2 -20 4 -20 3 -20 6 -19 6 -22 4 -21 4 -19 3 -19 3 -16 16 -17 20 -16 19 -12 23 -1 -1 ]
CSI_DATA,STA,08:3A:F2:51:5D:9D,-52,11,1,1,1,1,1,0,0,0,0,-93,0,6,1,9053879,0,110,0,0,9.220275,384,[110 96 6 0 0 0 0 0 0 0 0 0 -23 -7 -23 -8 -24 -8 -25 -10 -23 -10 -21 -10 -22 -11 -21 -10 -21 -11 -21 -11 -22 -12 -23 -12 -22 -12 -21 -13 -19 -13 -22 -13 -19 -12 -17 -12 -18 -12 -17 -12 -17 -12 -17 -12 -15 -11 -17 -11 -18 -12 -17 -10 0 0 -17 -10 -17 -8 -18 -8 -17 -7 -16 -9 -16 -8 -17 -8 -16 -7 -16 -6 -15 -3 -16 -4 -15 -5 -15 -4 -15 -3 -15 -4 -16 -2 -17 -3 -14 -1 -14 -1 -13 0 -14 -2 -14 -2 -15 -1 -14 0 -14 -1 -13 0 0 0 0 0 0 0 0 0 0 0 -1 -1 -1 -1 10 19 11 19 13 18 11 15 7 16 7 15 8 15 8 16 8 14 8 13 9 13 9 12 10 12 9 12 9 13 10 11 12 12 11 12 9 11 10 10 12 9 10 10 11 9 10 9 9 10 10 9 9 9 11 8 10 10 11 8 11 6 10 8 9 8 10 8 9 7 9 8 9 8 8 8 7 8 6 8 7 7 7 7 6 8 6 7 5 7 4 6 3 6 4 7 2 6 2 5 1 5 0 4 0 4 -1 4 -1 5 -2 3 -2 2 -1 -1 -1 -1 -1 -1 -1 -1 -1 -1 -1 -1 -1 -1 -1 -1 -1 -1 0 0 0 0 -42 -4 -43 -4 -43 -5 -46 -8 -43 -8 -41 -9 -43 -10 -40 -10 -44 -11 -41 -13 -43 -15 -43 -12 -45 -12 -43 -14 -38 -16 -39 -15 -39 -13 -37 -15 -36 -13 -35 -15 -34 -15 -36 -14 -33 -13 -36 -13 -35 -15 -34 -10 -34 -5 -33 -11 -32 -9 -33 -8 -31 -8 -32 -8 -31 -7 -31 -7 -31 -5 -31 -4 -29 -2 -30 -2 -29 -4 -30 -1 -29 -1 -28 1 -28 1 -30 2 -26 2 -24 3 -25 4 -25 4 -25 4 -26 3 -25 4 -24 3 -25 4 -22 8 -24 11 -24 11 -21 12 -1 -1 ]
CSI_DATA,STA,08:3A:F2:51:5D:9D,-53,11,1,1,1,1,1,0,0,0,0,-93,0,6,1,9060123,0,110,0,0,9.231739,384,[110 96 6 0 0 0 0 0 0 0 0 0 10 20 9 19 11 21 9 22 9 22 7 20 7 21 6 20 6 21 6 21 6 22 6 23 5 22 5 22 3 20 6 23 4 20 4 20 4 19 3 19 3 19 4 19 2 18 3 18 4 20 4 17 0 0 4 17 6 16 6 16 7 15 4 15 6 15 6 16 6 13 7 14 7 12 8 12 6 12 7 12 8 11 7 11 8 10 9 12 8 9 9 9 9 8 8 10 9 9 9 9 9 8 8 9 8 8 0 0 0 0 0 0 0 0 0 0 -1 -1 -1 -1 0 -21 -1 -21 -4 -21 -2 -19 2 -17 2 -17 0 -18 1 -18 0 -17 0 -15 -1 -16 -1 -15 -2 -16 -1 -16 -1 -16 -3 -15 -4 -16 -3 -15 -2 -15 -3 -15 -5 -14 -4 -14 -5 -13 -4 -14 -3 -13 -5 -13 -4 -13 -7 -13 -5 -14 -6 -13 -8 -11 -5 -13 -5 -12 -5 -12 -5 -12 -4 -12 -4 -12 -4 -12 -4 -11 -3 -11 -3 -11 -2 -11 -1 -10 -2 -10 -1 -10 -2 -9 -1 -9 -1 -8 0 -7 1 -7 1 -6 1 -6 0 -6 1 -5 1 -5 2 -4 3 -4 -1 -1 -1 -1 -1 -1 -1 -1 -1 -1 -1 -1 -1 -1 -1 -1 -1 -1 0 0 0 0 27 27 26 27 28 29 26 31 26 32 23 30 24 32 22 30 25 33 21 34 21 36 22 34 23 35 21 35 17 33 18 33 20 31 19 32 17 28 16 31 15 30 17 30 14 29 18 28 16 31 18 26 24 22 16 26 17 24 19 23 18 22 18 22 18 22 17 22 19 20 20 20 18 18 20 18 18 18 21 16 20 16 20 13 20 13 22 14 19 11 20 11 20 10 19 10 20 9 20 10 20 9 19 9 20 10 21 3 25 1 24 1 22 -2 -1 -1 ]
CSI_DATA,STA,08:3A:F2:51:5D:9D,-53,11,1,1,1,1,1,0,0,0,0,-93,0,6,1,9060932,0,110,0,0,9.241779,384,[110 96 6 0 0 0 0 0 0 0 0 0 -23 4 -22 3 -24 5 -25 2 -25 3 -22 1 -23 1 -22 0 -23 0 -23 -1 -24 -1 -25 -1 -24 -2 -23 -2 -21 -3 -25 -1 -21 -2 -21 -2 -20 -2 -20 -2 -20 -3 -21 -2 -18 -4 -19 -2 -21 -3 -19 -1 0 0 -19 -1 -19 1 -18 1 -18 2 -17 0 -17 1 -18 1 -16 2 -16 2 -15 3 -15 4 -15 2 -15 3 -14 4 -15 4 -13 5 -15 5 -12 5 -12 6 -12 6 -13 5 -12 5 -13 6 -12 6 -12 5 -10 6 0 0 0 0 0 0 0 0 0 0 -1 -1 -1 -1 21 1 20 0 21 -3 18 -3 15 5 14 3 15 3 15 4 14 3 13 2 14 1 13 1 14 0 13 1 14 1 14 0 15 -1 13 -1 12 0 13 -1 13 -3 13 -2 12 -2 12 -1 12 0 12 -2 12 -2 12 -4 13 -2 12 -3 11 -8 12 -3 11 -2 11 -3 11 -3 11 -2 11 -2 10 -1 10 -2 10 -1 9 -1 9 -1 9 0 8 0 8 0 7 0 7 0 6 1 6 1 5 1 5 1 4 1 4 2 3 2 3 2 2 2 2 2 -1 -1 -1 -1 -1 -1 -1 -1 -1 -1 -1 -1 -1 -1 -1 -1 -1 -1 0 0 0 0 -31 21 -30 20 -32 21 -34 20 -35 20 -32 17 -35 18 -33 16 -36 18 -37 14 -38 14 -37 15 -38 17 -37 15 -34 11 -35 13 -32 14 -34 13 -30 11 -33 10 -31 10 -32 12 -30 9 -30 12 -33 9 -28 12 -23 23 -28 11 -27 12 -26 14 -25 13 -25 13 -25 14 -25 13 -22 14 -23 16 -20 15 -21 16 -21 14 -20 17 -19 16 -16 17 -17 17 -18 19 -15 16 -14 16 -14 17 -13 16 -13 17 -15 17 -14 17 -13 16 -14 17 -4 22 -3 25 -4 24 0 23 -1 -1 ]
CSI_DATA,STA,08:3A:F2:51:5D:9D,-53,11,1,1,1,1,1,0,0,0,0,-93,0,6,1,9061975,0,110,0,0,9.252082,384,[110 96 6 0 0 0 0 0 0 0 0 0 13 -22 13 -21 13 -24 16 -23 16 -23 14 -19 15 -20 15 -19 16 -19 17 -19 18 -20 18 -20 18 -19 18 -18 17 -16 18 -20 16 -16 17 -16 15 -15 16 -15 16 -14 16 -16 16 -13 15 -15 16 -16 14 -15 0 0 14 -15 12 -16 12 -16 11 -16 12 -14 11 -16 11 -15 9 -15 10 -16 8 -15 8 -16 8 -14 8 -15 6 -15 7 -15 5 -15 6 -17 3 -14 4 -15 2 -14 4 -15 4 -15 4 -15 3 -15 4 -14 2 -14 0 0 0 0 0 0 0 0 0 0 -1 -1 -1 -1 -20 13 -20 13 -17 15 -14 14 -19 6 -17 7 -17 8 -18 7 -16 8 -15 7 -15 9 -13 8 -14 10 -14 9 -15 9 -13 10 -14 11 -13 10 -12 8 -12 10 -10 11 -12 11 -9 11 -11 10 -11 9 -10 11 -12 10 -10 11 -11 10 -10 11 -7 14 -10 10 -9 10 -9 10 -10 10 -9 9 -9 9 -9 8 -10 8 -9 8 -9 8 -9 7 -9 5 -9 5 -9 4 -8 5 -8 4 -8 4 -7 3 -7 3 -6 2 -6 1 -6 0 -6 0 -5 -1 -5 -2 -5 -2 -1 -1 -1 -1 -1 -1 -1 -1 -1 -1 -1 -1 -1 -1 -1 -1 -1 -1 0 0 0 0 8 -43 9 -42 8 -45 11 -44 12 -45 12 -40 13 -43 13 -40 14 -45 18 -41 20 -42 18 -42 17 -45 19 -42 19 -36 18 -38 15 -37 18 -39 14 -34 17 -35 17 -33 15 -36 17 -33 16 -35 19 -35 14 -34 4 -38 14 -33 11 -32 9 -32 9 -32 9 -31 8 -31 8 -31 6 -30 5 -31 5 -29 4 -31 6 -29 3 -30 3 -30 -1 -28 0 -28 -2 -31 -2 -25 -2 -25 -3 -26 -3 -25 -4 -26 -3 -27 -3 -26 -3 -25 -4 -26 -11 -23 -15 -24 -14 -24 -18 -20 -1 -1 ]
CSI_DATA,STA,08:3A:F2:51:5D:9D,-52,11,1,1,1,1,1,0,0,0,0,-93,0,6,1,9062335,0,110,0,0,9.262780,384,[110 96 6 0 0 0 0 0 0 0 0 0 22 -1 22 -1 24 -2 25 0 24 0 21 1 23 1 21 2 22 2 22 3 23 4 23 4 23 4 22 5 20 5 23 4 20 4 19 5 19 4 19 4 19 5 19 4 17 6 18 4 20 5 18 3 0 0 18 3 18 1 18 1 16 0 16 2 17 1 17 1 15 0 16 -1 14 -2 15 -2 14 -1 14 -2 14 -3 14 -3 14 -4 15 -4 12 -4 13 -4 11 -5 13 -4 12 -4 13 -4 12 -5 12 -4 11 -5 0 0 0 0 0 0 0 0 0 0 -1 -1 -1 -1 -20 -10 -19 -9 -21 -8 -18 -5 -15 -11 -15 -10 -15 -9 -16 -10 -14 -8 -14 -8 -15 -7 -13 -6 -16 -6 -14 -7 -15 -7 -15 -6 -16 -6 -15 -5 -13 -6 -14 -4 -15 -3 -15 -3 -14 -2 -14 -4 -13 -5 -13 -3 -14 -4 -15 -2 -15 -4 -14 -2 -14 1 -14 -3 -14 -3 -12 -2 -13 -2 -12 -3 -12 -4 -12 -4 -12 -3 -11 -3 -11 -3 -10 -4 -10 -5 -10 -5 -9 -5 -8 -4 -8 -4 -7 -4 -6 -4 -6 -4 -5 -4 -5 -4 -4 -5 -3 -5 -2 -4 -2 -4 -2 -4 -1 -1 -1 -1 -1 -1 -1 -1 -1 -1 -1 -1 -1 -1 -1 -1 -1 -1 0 0 0 0 37 -14 37 -15 39 -14 40 -14 39 -13 36 -9 38 -11 36 -10 41 -11 39 -6 41 -4 42 -6 42 -7 43 -6 36 -4 38 -6 37 -7 38 -6 32 -5 35 -4 34 -3 34 -6 33 -3 33 -5 36 -1 32 -5 31 -13 31 -5 29 -6 30 -8 28 -8 28 -8 28 -9 27 -7 25 -10 26 -11 24 -10 26 -11 25 -10 24 -12 24 -12 20 -14 21 -13 22 -15 18 -13 17 -14 18 -16 17 -15 18 -16 19 -14 19 -15 17 -14 18 -15 12 -19 12 -23 12 -22 7 -23 -1 -1 ]
CSI_DATA,STA,08:3A:F2:51:5D:9D,-53,11,1,1,1,1,1,0,0,0,0,-93,0,6,1,9062821,0,110,0,0,9.273276,384,[110 96 6 0 0 0 0 0 0 0 0 0 13 21 12 21 14 22 12 24 12 24 9 21 10 23 9 22 9 23 8 23 8 25 8 25 8 24 7 24 5 23 8 25 6 21 5 22 6 21 5 21 5 21 5 21 3 19 5 20 5 22 6 19 0 0 6 19 8 18 8 18 8 17 6 17 8 17 7 17 8 15 8 15 9 13 9 13 8 14 9 14 9 12 9 12 10 11 11 13 10 10 10 10 10 9 10 10 10 10 11 11 11 9 10 10 10 8 0 0 0 0 0 0 0 0 0 0 -1 -1 -1 -1 -5 -24 -5 -24 -9 -23 -8 -21 1 -20 0 -18 -2 -19 -1 -19 -2 -18 -1 -16 -3 -17 -2 -16 -4 -17 -3 -17 -3 -17 -4 -16 -5 -17 -5 -16 -4 -15 -5 -15 -6 -14 -6 -16 -7 -13 -6 -15 -5 -14 -6 -14 -5 -14 -8 -14 -6 -15 -7 -14 -11 -11 -6 -14 -6 -13 -6 -12 -6 -13 -5 -12 -6 -13 -5 -12 -5 -12 -4 -12 -3 -11 -3 -11 -2 -11 -3 -11 -2 -11 -2 -9 -1 -9 -1 -9 0 -7 0 -7 1 -7 1 -6 1 -6 2 -5 2 -5 2 -4 2 -3 -1 -1 -1 -1 -1 -1 -1 -1 -1 -1 -1 -1 -1 -1 -1 -1 -1 -1 0 0 0 0 34 24 32 25 36 25 33 28 34 28 29 26 31 30 28 28 33 31 28 33 28 35 29 33 31 33 29 33 23 32 26 32 26 29 26 31 23 27 23 30 21 29 24 29 20 28 23 28 22 31 23 25 32 17 22 25 22 23 23 22 23 20 22 20 23 20 22 21 23 18 25 18 23 16 24 16 22 17 25 14 24 14 24 11 24 11 27 11 22 9 23 8 23 9 22 8 24 7 24 9 24 8 22 8 23 8 24 -1 27 -6 27 -4 25 -8 -1 -1 ]
CSI_DATA,STA,08:3A:F2:51:5D:9D,-53,11,1,1,1,1,1,0,0,0,0,-93,0,6,1,9063281,0,110,0,0,9.283391,384,[110 96 6 0 0 0 0 0 0 0 0 0 -10 23 -10 22 -10 24 -13 24 -13 24 -13 20 -14 21 -14 20 -14 20 -15 20 -16 21 -16 22 -16 21 -16 19 -16 17 -16 21 -15 18 -15 17 -14 17 -15 16 -15 16 -15 17 -15 14 -14 16 -15 17 -12 16 0 0 -13 16 -11 16 -11 17 -10 16 -11 14 -10 16 -10 16 -8 14 -8 16 -6 15 -6 16 -7 14 -6 15 -5 15 -6 15 -4 15 -5 16 -3 14 -3 15 -2 13 -4 14 -3 14 -3 14 -1 14 -3 14 -2 13 0 0 0 0 0 0 0 0 0 0 -1 -1 -1 -1 17 -15 17 -16 14 -19 13 -16 17 -10 15 -10 14 -11 15 -11 14 -11 13 -10 12 -12 12 -11 12 -13 12 -12 12 -12 11 -13 11 -14 10 -13 10 -11 10 -12 8 -14 10 -13 7 -12 8 -12 8 -11 8 -12 9 -12 7 -14 9 -12 8 -14 4 -15 8 -13 7 -12 7 -12 7 -12 7 -11 7 -11 7 -10 6 -10 7 -10 7 -9 8 -9 8 -7 7 -7 7 -7 6 -7 6 -6 6 -6 5 -4 5 -4 6 -4 5 -3 4 -2 4 -1 3 0 4 0 3 0 -1 -1 -1 -1 -1 -1 -1 -1 -1 -1 -1 -1 -1 -1 -1 -1 -1 -1 0 0 0 0 -3 42 -3 42 -3 43 -6 45 -7 44 -8 41 -9 44 -9 40 -9 45 -13 42 -15 44 -12 43 -12 45 -14 43 -15 38 -13 39 -11 39 -14 39 -11 35 -14 35 -13 34 -12 36 -14 33 -12 35 -15 35 -10 34 0 37 -11 33 -8 32 -7 32 -6 31 -6 31 -5 31 -6 30 -3 29 -3 31 -1 28 -1 30 -2 29 1 30 0 28 4 26 3 27 4 29 4 25 5 24 5 25 5 23 6 24 4 25 5 24 5 23 6 24 13 21 18 21 17 20 18 16 -1 -1 ]
CSI_DATA,STA,08:3A:F2:51:5D:9D,-53,11,1,1,1,1,1,0,0,0,0,-93,0,6,1,9064875,0,110,0,0,9.293815,384,[110 96 6 0 0 0 0 0 0 0 0 0 21 -14 21 -13 22 -15 24 -14 23 -13 21 -11 23 -11 22 -10 23 -10 23 -9 25 -9 25 -9 24 -8 24 -7 22 -6 25 -9 22 -7 22 -6 21 -6 21 -6 20 -5 21 -6 19 -4 20 -6 22 -6 19 -7 0 0 19 -7 18 -8 18 -8 16 -9 17 -6 17 -8 17 -8 15 -8 16 -9 13 -10 14 -11 14 -8 14 -9 12 -10 13 -10 12 -11 13 -12 10 -11 10 -11 9 -11 11 -11 10 -11 10 -11 9 -12 10 -11 8 -11 0 0 0 0 0 0 0 0 0 0 -1 -1 -1 -1 -24 0 -24 1 -23 3 -21 6 -20 -4 -19 -2 -19 -1 -19 -2 -18 -1 -17 -2 -18 0 -16 0 -18 1 -18 0 -18 0 -17 1 -18 3 -17 2 -16 1 -16 3 -15 4 -16 4 -14 4 -16 3 -15 2 -14 3 -15 2 -15 4 -16 2 -14 4 -13 8 -14 4 -14 4 -13 4 -13 4 -13 2 -14 2 -13 2 -12 2 -12 2 -12 2 -11 1 -11 -1 -10 -1 -10 -2 -10 0 -9 -1 -9 -1 -8 -1 -7 -2 -7 -2 -6 -3 -6 -3 -4 -4 -4 -4 -4 -3 -3 -4 -1 -1 -1 -1 -1 -1 -1 -1 -1 -1 -1 -1 -1 -1 -1 -1 -1 -1 0 0 0 0 27 -34 27 -32 28 -36 30 -34 31 -34 29 -30 32 -33 30 -29 33 -33 36 -28 38 -28 36 -29 36 -30 37 -28 34 -23 33 -26 31 -26 33 -26 29 -23 32 -23 31 -21 30 -24 31 -21 30 -23 34 -21 28 -23 22 -30 27 -22 25 -23 23 -24 22 -23 23 -22 22 -24 22 -22 20 -24 20 -25 18 -23 19 -25 20 -23 17 -25 17 -25 13 -25 13 -25 13 -27 11 -23 10 -24 10 -24 10 -23 9 -25 11 -25 10 -24 10 -23 10 -24 2 -25 0 -28 1 -28 -4 -26 -1 -1 ]
CSI_DATA,STA,08:3A:F2:51:5D:9D,-52,11,1,1,1,1,1,0,0,0,0,-93,0,6,1,9066296,0,110,0,0,9.304560,384,[110 96 6 0 0 0 0 0 0 0 0 0 -17 15 -16 14 -18 16 -20 14 -20 15 -18 12 -20 12 -19 11 -19 12 -21 11 -22 11 -22 12 -21 10 -22 10 -20 8 -22 12 -19 8 -19 8 -18 8 -19 8 -18 7 -19 8 -18 6 -18 7 -20 8 -17 8 0 0 -17 8 -16 9 -16 9 -15 10 -15 7 -15 9 -15 9 -13 9 -13 10 -11 10 -12 10 -12 9 -12 10 -10 10 -11 10 -10 11 -11 12 -8 10 -8 11 -7 10 -9 10 -9 10 -9 11 -8 10 -9 10 -7 10 0 0 0 0 0 0 0 0 0 0 -1 -1 -1 -1 19 -9 19 -9 17 -11 15 -12 16 -3 14 -3 15 -4 15 -4 14 -4 13 -4 14 -6 13 -5 13 -7 13 -5 13 -5 12 -6 13 -7 12 -7 11 -5 12 -7 10 -9 11 -8 9 -7 11 -7 10 -6 10 -7 10 -7 10 -9 11 -6 10 -8 6 -12 10 -8 9 -7 8 -7 8 -8 8 -7 9 -6 9 -6 8 -5 8 -6 8 -5 8 -4 9 -3 8 -3 7 -3 6 -4 6 -2 6 -2 5 -2 5 -2 5 -1 4 -1 4 0 3 1 3 1 3 1 2 1 -1 -1 -1 -1 -1 -1 -1 -1 -1 -1 -1 -1 -1 -1 -1 -1 -1 -1 0 0 0 0 -16 34 -16 32 -17 36 -19 34 -20 35 -19 30 -21 33 -20 30 -21 35 -25 31 -27 31 -26 31 -25 33 -26 31 -25 26 -24 29 -21 28 -24 28 -20 25 -23 25 -22 24 -21 26 -22 23 -22 25 -25 24 -20 25 -11 31 -19 24 -18 24 -16 24 -15 24 -15 23 -14 24 -15 23 -12 23 -12 25 -12 22 -12 24 -13 22 -9 24 -10 23 -6 23 -7 22 -6 24 -5 20 -3 21 -4 22 -4 20 -3 21 -5 22 -5 21 -5 20 -4 21 6 22 9 23 8 22 12 20 -1 -1 ]
CSI_DATA,STA,08:3A:F2:51:5D:9D,-53,11,1,1,1,1,1,0,0,0,0,-93,0,6,1,9067555,0,110,0,0,9.314961,384,[110 96 6 0 0 0 0 0 0 0 0 0 23 2 24 1 27 1 29 5 26 6 22 6 23 5 22 5 24 5 25 7 25 9 25 8 23 7 23 7 22 8 26 8 22 9 20 9 20 7 19 7 20 7 22 7 19 8 19 8 20 8 19 4 0 0 20 5 20 4 19 5 18 3 16 4 18 2 19 2 18 2 18 2 16 0 16 -1 15 0 17 -2 16 -2 16 -1 16 -2 16 -2 13 -4 14 -4 14 -5 15 -3 15 -3 14 -3 13 -5 13 -4 13 -5 0 0 0 0 0 0 0 0 0 0 -1 -1 -1 -1 -21 -13 -22 -13 -22 -9 -20 -7 -15 -13 -15 -12 -16 -11 -16 -12 -16 -11 -14 -10 -16 -9 -15 -8 -17 -8 -16 -9 -16 -9 -16 -7 -17 -7 -16 -7 -14 -7 -16 -5 -16 -4 -16 -5 -15 -4 -15 -4 -15 -5 -15 -4 -15 -5 -16 -3 -16 -5 -16 -3 -16 0 -15 -3 -15 -3 -14 -3 -15 -2 -13 -4 -13 -4 -13 -4 -13 -4 -12 -4 -12 -4 -12 -4 -10 -5 -10 -5 -10 -6 -9 -4 -9 -5 -8 -5 -7 -4 -6 -4 -6 -5 -5 -4 -4 -5 -3 -5 -2 -5 -2 -5 -2 -5 -1 -1 -1 -1 -1 -1 -1 -1 -1 -1 -1 -1 -1 -1 -1 -1 -1 -1 -1 -1 0 0 42 -10 42 -9 45 -10 46 -6 45 -6 41 -4 45 -5 41 -4 47 -5 45 1 47 2 46 0 47 -2 46 -1 41 3 43 1 41 -1 42 1 37 0 39 2 38 2 39 0 37 2 38 0 39 4 36 -2 36 -10 35 -1 34 -2 33 -4 32 -5 31 -5 32 -6 31 -6 31 -8 31 -8 28 -8 28 -10 29 -8 29 -12 28 -11 25 -13 25 -12 26 -14 21 -13 21 -14 22 -15 22 -14 22 -15 22 -14 21 -15 21 -14 21 -15 15 -20 15 -23 16 -23 10 -24 -1 -1 ]
CSI_DATA,STA,08:3A:F2:51:5D:9D,-46,11,0,0,0,0,0,0,0,0,0,-93,0,6,1,9119777,0,110,0,0,9.325541,128,[110 96 6 0 0 0 0 0 0 0 0 0 -9 -26 -8 -26 -8 -27 -9 -28 -7 -27 -5 -26 -5 -27 -3 -26 -4 -27 -3 -27 -5 -28 -4 -29 -4 -27 -3 -27 -2 -25 -4 -28 -1 -24 -1 -24 -1 -24 -2 -23 -1 -22 -2 -24 -1 -21 -3 -22 -4 -23 -4 -22 0 0 -4 -21 -5 -21 -6 -20 -5 -20 -5 -18 -6 -19 -6 -19 -5 -18 -7 -18 -6 -17 -7 -18 -6 -16 -8 -17 -7 -17 -7 -16 -8 -17 -9 -17 -8 -15 -8 -15 -8 -15 -8 -15 -8 -15 -9 -14 -10 -14 -9 -13 -9 -13 0 0 0 0 0 0 0 0 0 0 ]
CSI_DATA,STA,08:3A:F2:51:5D:9D,-45,11,0,0,0,0,0,0,0,0,0,-93,0,6,1,9130914,0,110,0,0,9.329629,128,[110 96 6 0 0 0 0 0 0 0 0 0 -17 -20 -15 -20 -17 -22 -17 -22 -16 -23 -13 -21 -14 -22 -12 -21 -13 -23 -12 -24 -13 -24 -13 -25 -12 -23 -12 -22 -10 -21 -13 -24 -9 -21 -9 -21 -9 -20 -10 -20 -9 -19 -10 -20 -8 -19 -10 -19 -11 -20 -11 -18 0 0 -11 -17 -12 -18 -11 -16 -12 -17 -10 -14 -12 -15 -12 -15 -11 -14 -13 -14 -11 -15 -13 -14 -11 -13 -12 -12 -12 -13 -12 -12 -12 -12 -14 -12 -12 -11 -12 -11 -12 -11 -12 -10 -13 -10 -13 -10 -13 -9 -12 -9 -12 -9 0 0 0 0 0 0 0 0 0 0 ]
CSI_DATA,STA,08:3A:F2:51:5D:9D,-52,11,1,1,1,1,1,0,0,0,0,-93,0,6,1,9162289,0,110,0,0,9.334169,384,[110 96 6 0 0 0 0 0 0 0 0 0 18 14 18 14 19 15 19 17 18 17 15 16 16 17 15 17 15 17 15 18 15 19 16 19 15 19 14 19 12 18 15 19 13 17 11 17 12 16 11 16 11 17 12 17 9 16 12 15 12 17 12 14 0 0 12 14 13 13 13 13 13 11 11 12 12 12 13 12 12 10 12 10 12 8 13 8 12 9 13 8 13 7 13 8 13 6 14 7 12 5 13 5 12 4 12 6 12 5 13 5 13 3 12 4 11 3 0 0 0 0 0 0 0 0 0 0 -1 -1 -1 -1 -7 -22 -6 -23 -9 -21 -8 -18 -4 -19 -5 -18 -6 -18 -5 -19 -6 -18 -5 -16 -6 -16 -6 -15 -7 -16 -7 -16 -7 -16 -8 -15 -9 -16 -8 -15 -7 -14 -8 -13 -9 -12 -8 -13 -9 -11 -8 -12 -7 -12 -8 -11 -7 -12 -9 -11 -8 -12 -9 -10 -9 -9 -8 -10 -8 -9 -8 -9 -8 -8 -7 -9 -7 -9 -6 -9 -6 -8 -5 -8 -5 -7 -4 -7 -4 -7 -3 -7 -2 -5 -2 -5 -2 -4 -2 -5 -1 -3 -1 -2 -1 -2 0 -2 0 -1 0 -1 0 0 0 1 1 2 0 0 -1 -1 -1 -1 -1 -1 -1 -1 -1 -1 -1 -1 -1 -1 0 0 0 0 -1 -1 37 18 37 18 39 19 38 21 38 22 34 21 36 23 33 23 37 25 33 27 34 29 34 27 36 28 34 29 29 27 31 26 32 24 31 26 28 22 28 25 27 24 29 23 25 23 28 22 27 26 28 21 30 17 27 21 27 18 28 17 27 15 27 16 27 15 27 15 26 13 28 13 25 11 28 11 26 12 28 9 27 9 26 5 26 6 28 6 24 4 24 3 25 3 24 3 25 2 25 4 24 2 24 3 24 2 23 -3 25 -6 25 -6 23 -9 -1 -1 ]
CSI_DATA,STA,08:3A:F2:51:5D:9D,-52,11,1,1,1,1,1,0,0,0,0,-93,0,6,1,9163260,0,110,0,0,9.344328,384,[110 96 6 0 0 0 0 0 0 0 0 0 -21 11 -21 10 -22 12 -24 11 -23 10 -22 8 -23 9 -22 8 -22 7 -23 7 -25 7 -25 7 -24 7 -24 5 -22 4 -24 7 -22 5 -22 4 -21 5 -21 4 -21 4 -21 4 -19 3 -20 4 -22 5 -19 6 0 0 -19 5 -18 7 -18 7 -17 7 -17 5 -17 7 -17 7 -15 7 -16 8 -13 8 -14 9 -14 7 -14 8 -12 9 -13 8 -12 10 -14 10 -10 10 -11 10 -9 10 -11 9 -11 9 -11 10 -9 10 -10 9 -9 9 0 0 0 0 0 0 0 0 0 0 -1 -1 -1 -1 22 3 22 2 22 -1 20 -2 18 4 17 3 17 2 18 3 17 1 16 2 17 0 15 0 16 -1 16 0 16 0 15 -2 16 -1 15 -1 14 0 15 -2 14 -4 14 -3 12 -3 13 -3 13 -2 12 -2 12 -2 12 -4 13 -2 12 -4 11 -5 11 -3 11 -3 10 -3 10 -3 9 -2 9 -2 8 -2 8 -2 8 -1 7 -2 7 -1 6 0 6 0 5 0 4 0 4 0 3 0 2 0 2 1 1 1 0 1 -1 1 -1 1 -2 0 -2 0 -3 0 0 0 -1 -1 -1 -1 -1 -1 -1 -1 -1 -1 -1 -1 -1 -1 0 0 0 0 -1 -1 -30 29 -30 28 -31 30 -34 29 -34 28 -32 24 -35 27 -33 24 -36 27 -38 22 -40 22 -38 23 -39 25 -39 22 -36 18 -36 20 -34 21 -35 20 -32 18 -34 17 -33 16 -33 19 -32 16 -32 18 -35 16 -30 19 -25 24 -30 17 -28 19 -27 20 -25 19 -26 18 -25 20 -25 19 -23 20 -23 21 -21 21 -21 21 -22 19 -20 22 -19 21 -16 22 -16 22 -17 24 -14 21 -13 21 -13 22 -13 21 -13 21 -14 22 -13 21 -13 20 -12 22 -6 23 -5 26 -5 25 -1 25 -1 -1 ]
CSI_DATA,STA,08:3A:F2:51:5D:9D,-52,11,1,1,1,1,1,0,0,0,0,-93,0,6,1,9163694,0,110,0,0,9.354623,384,[110 96 6 0 0 0 0 0 0 0 0 0 -22 -10 -21 -9 -24 -10 -24 -12 -23 -12 -20 -12 -21 -12 -20 -12 -20 -13 -20 -14 -21 -16 -21 -15 -20 -16 -19 -16 -17 -15 -21 -15 -17 -14 -17 -14 -17 -13 -17 -13 -16 -13 -17 -13 -14 -14 -16 -13 -17 -14 -16 -12 0 0 -16 -11 -17 -10 -17 -10 -17 -9 -15 -10 -17 -9 -16 -9 -15 -7 -16 -7 -15 -6 -16 -6 -15 -7 -15 -6 -15 -5 -15 -5 -15 -3 -17 -4 -14 -2 -15 -2 -14 -1 -15 -3 -15 -2 -15 -3 -15 -1 -14 -3 -13 -1 0 0 0 0 0 0 0 0 0 0 -1 -1 -1 -1 13 18 14 17 15 16 15 12 8 15 8 14 10 14 9 15 9 14 7 12 10 13 9 11 10 11 9 12 10 12 10 11 11 11 10 11 9 10 10 9 11 7 10 8 10 7 10 8 9 8 10 8 9 8 10 7 9 8 10 7 11 4 9 6 8 6 8 6 8 5 7 6 7 5 6 5 6 5 6 5 5 4 4 5 4 5 3 4 3 4 2 3 2 3 1 4 0 2 0 2 0 2 -1 1 -1 0 -2 1 -3 0 -3 -1 -4 -2 0 0 -1 -1 -1 -1 -1 -1 -1 -1 -1 -1 -1 -1 -1 -1 0 0 0 0 -1 -1 -41 -5 -41 -5 -43 -5 -44 -8 -44 -8 -40 -9 -43 -9 -39 -10 -44 -10 -41 -15 -42 -16 -42 -15 -44 -14 -42 -15 -37 -16 -38 -14 -38 -13 -38 -14 -34 -12 -36 -14 -33 -14 -36 -12 -33 -14 -34 -13 -35 -16 -33 -11 -36 -3 -33 -11 -32 -9 -32 -7 -31 -7 -31 -7 -31 -6 -31 -6 -31 -4 -31 -3 -28 -2 -30 -2 -29 -4 -29 -1 -29 -1 -27 2 -27 2 -30 3 -24 3 -24 4 -25 5 -24 4 -25 5 -26 4 -25 4 -24 4 -25 5 -21 12 -22 15 -22 14 -18 18 -1 -1 ]
CSI_DATA,STA,08:3A:F2:51:5D:9D,-52,11,1,1,1,1,1,0,0,0,0,-93,0,6,1,9164108,0,110,0,0,9.365359,384,[110 96 6 0 0 0 0 0 0 0 0 0 -19 -15 -18 -15 -20 -15 -20 -18 -19 -17 -16 -16 -17 -17 -16 -17 -16 -18 -16 -18 -16 -20 -17 -20 -16 -20 -15 -20 -13 -19 -16 -20 -13 -18 -13 -18 -13 -17 -13 -17 -12 -17 -13 -17 -11 -17 -12 -16 -13 -18 -13 -15 0 0 -13 -15 -14 -14 -14 -14 -14 -13 -12 -14 -13 -13 -14 -13 -13 -11 -13 -11 -13 -10 -14 -9 -13 -10 -14 -10 -13 -8 -14 -9 -14 -7 -15 -8 -13 -6 -14 -6 -13 -5 -13 -7 -14 -6 -14 -6 -14 -5 -13 -6 -13 -5 0 0 0 0 0 0 0 0 0 0 -1 -1 -1 -1 11 19 12 19 14 16 14 14 5 17 5 15 6 15 5 16 6 14 5 13 7 14 7 12 8 13 7 13 6 14 8 13 9 12 8 12 6 11 8 10 9 9 8 10 8 8 8 9 7 9 8 8 7 10 8 8 8 9 7 8 10 6 7 8 7 7 7 7 6 7 6 6 6 7 5 6 5 5 4 6 4 6 3 6 3 6 2 4 2 4 1 4 1 3 1 3 -1 3 -1 3 -1 2 -2 1 -1 0 -2 0 -2 -1 -3 -1 -3 -2 0 0 -1 -1 -1 -1 -1 -1 -1 -1 -1 -1 -1 -1 -1 -1 0 0 0 0 -1 -1 -39 -11 -38 -11 -40 -11 -40 -15 -40 -15 -36 -14 -40 -15 -36 -15 -41 -16 -37 -20 -38 -23 -38 -21 -40 -20 -38 -21 -32 -21 -34 -19 -34 -18 -34 -19 -30 -16 -32 -19 -29 -18 -33 -16 -29 -19 -31 -18 -31 -22 -30 -16 -35 -6 -30 -16 -29 -13 -30 -12 -28 -11 -29 -11 -29 -10 -28 -11 -28 -8 -29 -7 -26 -8 -29 -7 -28 -8 -28 -6 -28 -5 -26 -2 -26 -2 -29 -2 -24 -1 -24 0 -24 0 -23 1 -24 1 -25 -1 -25 0 -24 -1 -24 0 -22 10 -24 12 -22 12 -20 17 -1 -1 ]
CSI_DATA,STA,08:3A:F2:51:5D:9D,-52,11,1,1,1,1,1,0,0,0,0,-93,0,6,1,9164566,0,110,0,0,9.376180,384,[110 96 6 0 0 0 0 0 0 0 0 0 16 -17 16 -17 17 -19 19 -18 19 -17 17 -14 18 -15 18 -14 19 -15 19 -14 21 -14 21 -14 20 -13 20 -12 19 -11 21 -14 19 -11 19 -11 17 -11 17 -10 18 -10 18 -11 17 -8 17 -10 18 -11 16 -11 0 0 15 -11 14 -12 15 -12 13 -12 14 -10 13 -12 14 -12 12 -11 12 -12 10 -12 10 -13 11 -11 10 -12 9 -13 9 -12 8 -13 9 -14 6 -13 7 -13 6 -13 7 -13 7 -13 7 -13 5 -13 7 -12 5 -12 0 0 0 0 0 0 0 0 0 0 -1 -1 -1 -1 -22 6 -22 7 -20 9 -18 9 -19 1 -18 2 -18 3 -19 2 -17 3 -16 3 -16 4 -15 4 -16 5 -16 4 -17 4 -15 5 -16 6 -15 5 -14 4 -13 6 -13 7 -13 6 -11 6 -12 6 -12 5 -12 6 -13 5 -12 7 -13 5 -11 6 -9 9 -11 6 -10 5 -9 5 -10 5 -10 4 -9 4 -9 3 -9 3 -8 3 -8 3 -8 2 -7 1 -7 1 -6 0 -6 0 -5 0 -5 0 -4 0 -3 -1 -3 -1 -3 -2 -1 -2 -1 -3 0 -3 0 -3 1 -3 0 0 -1 -1 -1 -1 -1 -1 -1 -1 -1 -1 -1 -1 -1 -1 0 0 0 0 -1 -1 17 -37 17 -36 18 -39 20 -38 21 -38 21 -34 22 -37 21 -33 23 -38 26 -34 29 -34 26 -34 27 -36 28 -34 26 -28 25 -31 24 -32 25 -31 22 -28 24 -28 23 -26 22 -29 24 -26 23 -28 26 -27 20 -28 14 -33 20 -27 18 -27 16 -27 15 -27 16 -27 15 -27 15 -26 13 -27 12 -28 12 -26 11 -28 13 -26 10 -27 10 -27 6 -26 6 -26 6 -29 5 -24 4 -24 3 -25 4 -24 2 -25 5 -26 4 -25 4 -24 3 -25 -5 -24 -7 -27 -7 -25 -11 -23 -1 -1 ]
CSI_DATA,STA,08:3A:F2:51:5D:9D,-52,11,1,1,1,1,1,0,0,0,0,-93,0,6,1,9169455,0,110,0,0,9.386815,384,[110 96 6 0 0 0 0 0 0 0 0 0 -3 -24 -2 -23 -3 -26 -1 -26 -1 -26 0 -23 1 -24 1 -23 2 -24 3 -24 3 -25 3 -26 3 -24 4 -24 5 -22 4 -25 4 -21 5 -22 3 -21 4 -21 4 -20 4 -21 5 -19 4 -20 4 -22 2 -19 0 0 3 -20 1 -20 1 -19 0 -19 2 -18 1 -19 1 -19 0 -17 0 -18 -2 -16 -2 -17 -1 -16 -2 -16 -3 -15 -2 -16 -4 -16 -4 -17 -4 -14 -4 -15 -5 -13 -4 -15 -4 -15 -5 -15 -6 -14 -4 -14 -5 -13 0 0 0 0 0 0 0 0 0 0 -1 -1 -1 -1 -16 17 -16 19 -13 19 -11 18 -15 14 -13 12 -13 14 -14 14 -12 14 -11 11 -11 14 -10 13 -11 14 -11 14 -12 14 -10 14 -9 15 -9 13 -9 12 -8 14 -6 13 -8 14 -5 12 -7 13 -7 12 -6 13 -8 12 -5 13 -7 13 -6 12 -4 13 -6 11 -6 12 -5 11 -5 11 -5 10 -6 10 -6 9 -5 8 -6 8 -6 8 -6 7 -6 7 -5 6 -5 4 -5 5 -5 4 -5 4 -5 2 -4 2 -5 1 -4 1 -3 -1 -3 -1 -3 -1 -3 -2 -2 -3 0 0 -1 -1 -1 -1 -1 -1 -1 -1 -1 -1 -1 -1 -1 -1 0 0 0 0 -1 -1 -11 -43 -11 -41 -13 -45 -9 -44 -9 -47 -6 -41 -7 -45 -6 -42 -7 -47 -2 -46 0 -47 -2 -46 -2 -47 0 -46 2 -40 0 -44 -2 -41 -1 -43 -1 -37 0 -40 0 -37 -1 -39 1 -38 -1 -38 2 -40 -2 -36 -5 -36 -2 -35 -4 -35 -4 -33 -5 -33 -4 -32 -6 -33 -6 -32 -7 -31 -8 -32 -8 -30 -9 -30 -7 -30 -10 -30 -10 -28 -13 -27 -11 -26 -14 -29 -12 -23 -13 -23 -14 -23 -13 -23 -14 -23 -14 -24 -14 -24 -13 -24 -13 -23 -18 -19 -20 -19 -19 -18 -23 -15 -1 -1 ]
CSI_DATA,STA,08:3A:F2:51:5D:9D,-52,11,1,1,1,1,1,0,0,0,0,-93,0,6,1,9170116,0,110,0,0,9.397594,384,[110 96 6 0 0 0 0 0 0 0 0 0 23 -1 22 0 25 -1 25 1 25 1 22 2 24 3 22 3 23 3 23 4 24 6 24 5 23 6 23 6 21 7 24 5 20 5 20 6 20 5 20 6 19 6 20 6 18 7 19 6 20 7 18 4 0 0 18 4 19 3 18 3 18 1 17 3 18 2 18 3 16 1 17 0 15 -1 16 -1 15 1 16 0 15 -1 16 -1 15 -3 17 -2 14 -4 14 -3 13 -4 14 -3 14 -3 15 -3 14 -4 13 -3 12 -4 0 0 0 0 0 0 0 0 0 0 -1 -1 -1 -1 -22 -11 -23 -13 -21 -9 -21 -7 -15 -13 -14 -12 -16 -12 -15 -13 -15 -12 -13 -10 -15 -10 -14 -8 -16 -8 -15 -10 -15 -10 -15 -8 -16 -8 -15 -8 -13 -8 -14 -6 -14 -5 -15 -6 -13 -5 -14 -6 -13 -7 -13 -5 -14 -6 -14 -5 -14 -7 -13 -4 -14 -1 -13 -5 -13 -5 -12 -5 -12 -4 -11 -5 -11 -5 -10 -5 -10 -5 -9 -5 -9 -5 -9 -5 -8 -6 -7 -5 -6 -5 -6 -4 -5 -4 -5 -5 -4 -4 -4 -4 -3 -4 -2 -3 -1 -4 -1 -3 0 -3 0 -3 1 -3 0 0 -1 -1 -1 -1 -1 -1 -1 -1 -1 -1 -1 -1 -1 -1 0 0 0 0 -1 -1 38 -14 37 -13 40 -15 40 -11 43 -13 37 -8 41 -10 38 -9 43 -11 43 -5 44 -3 43 -4 44 -6 43 -3 37 -1 40 -4 37 -5 40 -5 34 -3 37 -2 34 -2 36 -4 35 -1 36 -2 37 0 33 -4 32 -13 32 -3 32 -5 30 -6 30 -7 29 -6 30 -8 29 -7 28 -9 28 -11 27 -10 28 -11 28 -8 27 -11 25 -11 23 -14 22 -13 25 -15 20 -12 20 -14 20 -15 19 -14 20 -15 22 -15 21 -14 20 -14 20 -14 14 -21 14 -24 13 -23 9 -25 -1 -1 ]
CSI_DATA,STA,08:3A:F2:51:5D:9D,-52,11,1,1,1,1,1,0,0,0,0,-93,0,6,1,9170450,0,110,0,0,9.408024,384,[110 96 6 0 0 0 0 0 0 0 0 0 15 18 14 17 16 19 15 21 14 20 12 19 13 20 12 19 12 20 11 20 11 22 11 22 11 22 10 21 8 20 11 22 9 19 8 20 9 19 9 18 8 18 9 19 6 17 8 18 9 20 9 17 0 0 9 16 10 16 10 16 11 14 9 15 10 14 11 15 10 12 11 13 11 10 11 11 10 12 11 11 12 10 11 10 12 9 13 10 12 7 12 7 12 6 12 8 12 7 13 8 12 6 11 7 11 6 0 0 0 0 0 0 0 0 0 0 -1 -1 -1 -1 -11 -23 -11 -23 -14 -20 -13 -17 -4 -19 -4 -17 -6 -19 -5 -19 -6 -17 -5 -16 -7 -16 -6 -15 -7 -16 -7 -17 -6 -17 -7 -15 -9 -16 -7 -15 -6 -14 -8 -14 -9 -12 -9 -13 -9 -11 -8 -13 -7 -12 -9 -12 -8 -13 -10 -12 -8 -13 -9 -12 -12 -8 -8 -11 -8 -11 -8 -10 -8 -10 -7 -10 -7 -10 -6 -10 -6 -9 -6 -9 -5 -9 -4 -9 -3 -9 -4 -8 -3 -8 -3 -7 -2 -6 -3 -7 -1 -5 -1 -5 0 -5 0 -4 0 -4 1 -4 1 -3 2 -2 2 -1 0 0 -1 -1 -1 -1 -1 -1 -1 -1 -1 -1 -1 -1 -1 -1 0 0 0 0 -1 -1 35 18 33 17 37 17 34 20 37 20 31 20 35 21 31 20 35 22 31 26 32 28 31 27 34 26 31 26 26 25 30 24 29 22 31 24 26 20 27 23 24 21 28 21 25 22 26 22 26 26 26 20 34 11 25 19 25 17 25 16 25 14 25 14 27 13 25 14 25 11 27 11 25 10 26 11 25 12 26 9 25 9 25 4 24 5 28 5 22 4 23 2 24 2 22 2 24 1 25 3 24 3 23 3 23 2 23 -9 25 -11 24 -9 22 -15 -1 -1 ]
CSI_DATA,STA,08:3A:F2:51:5D:9D,-51,11,1,1,1,1,1,0,0,0,0,-93,0,6,1,9389836,0,110,0,0,9.556381,384,[110 96 6 0 0 0 0 0 0 0 0 0 18 -20 17 -19 19 -21 21 -20 21 -20 19 -16 20 -17 20 -16 21 -16 22 -15 23 -16 24 -16 23 -15 23 -14 21 -11 23 -16 20 -12 21 -12 19 -12 19 -11 19 -11 20 -12 19 -9 19 -11 21 -12 17 -12 0 0 17 -12 16 -13 16 -13 15 -13 15 -11 14 -12 15 -12 13 -12 13 -13 10 -13 11 -14 11 -12 11 -13 9 -13 10 -13 8 -14 10 -15 7 -13 7 -13 6 -13 8 -13 7 -13 7 -13 5 -14 7 -13 5 -12 0 0 0 0 0 0 0 0 0 0 -1 -1 -1 -1 -23 1 -23 2 -21 5 -19 5 -20 0 -18 1 -18 1 -19 1 -18 1 -16 1 -17 3 -15 3 -17 3 -16 3 -16 3 -15 4 -16 6 -15 4 -14 3 -14 5 -13 6 -14 5 -11 6 -12 5 -12 4 -11 5 -12 4 -11 6 -12 4 -11 5 -9 7 -10 6 -10 4 -9 5 -9 5 -9 3 -9 3 -8 2 -7 2 -8 3 -7 2 -7 2 -5 0 -6 0 -5 0 -5 0 -4 -1 -3 -1 -3 -1 -2 -2 -2 -2 -1 -3 0 -3 1 -3 2 -3 2 -3 2 -3 -1 -1 -1 -1 -1 -1 -1 -1 -1 -1 -1 -1 -1 -1 -1 -1 -1 -1 0 0 0 0 24 -41 24 -40 26 -43 28 -42 29 -42 28 -37 30 -40 29 -36 32 -40 34 -35 36 -36 34 -37 35 -39 36 -36 33 -29 33 -32 31 -33 33 -32 28 -29 31 -29 30 -27 29 -29 29 -26 28 -29 33 -27 26 -29 21 -32 26 -27 24 -27 22 -28 21 -28 21 -27 21 -28 21 -27 18 -28 18 -29 15 -27 16 -29 17 -26 14 -29 13 -28 10 -28 10 -28 10 -30 8 -25 7 -26 7 -26 7 -25 6 -26 8 -26 6 -26 7 -25 6 -26 1 -24 -2 -28 -2 -27 -6 -25 -1 -1 ]
CSI_DATA,STA,08:3A:F2:51:5D:9D,-51,11,1,1,1,1,1,0,0,0,0,-93,0,6,1,9399526,0,110,0,0,9.567981,384,[110 96 6 0 0 0 0 0 0 0 0 0 -21 11 -21 10 -22 12 -24 10 -24 10 -21 8 -23 8 -22 7 -23 7 -23 7 -25 6 -25 6 -24 6 -24 5 -22 3 -25 6 -21 4 -21 4 -20 4 -20 4 -20 3 -21 4 -19 2 -20 4 -22 3 -19 5 0 0 -19 5 -18 6 -18 6 -16 7 -17 4 -17 6 -17 6 -15 6 -15 7 -13 8 -14 8 -14 6 -13 7 -12 8 -13 8 -12 9 -13 9 -10 9 -10 9 -9 9 -11 8 -10 9 -10 9 -9 9 -10 8 -8 8 0 0 0 0 0 0 0 0 0 0 -1 -1 -1 -1 19 2 20 1 19 -1 17 -3 16 3 15 2 15 1 15 2 15 1 13 1 14 -1 13 -1 14 -1 14 -1 14 -1 13 -2 14 -3 13 -2 12 -1 12 -3 11 -4 11 -4 10 -4 11 -3 10 -3 10 -3 10 -3 10 -5 11 -3 10 -5 8 -6 9 -4 8 -3 8 -3 8 -4 7 -3 7 -3 7 -2 7 -2 6 -2 6 -2 5 -2 5 0 4 0 4 -1 3 -1 2 0 2 0 2 0 1 0 1 0 0 0 -1 1 -1 1 -2 1 -2 1 -3 1 -1 -1 -1 -1 -1 -1 -1 -1 -1 -1 -1 -1 -1 -1 -1 -1 -1 -1 -1 -1 0 0 -33 28 -32 26 -34 29 -36 26 -37 27 -34 22 -37 25 -35 22 -39 25 -40 20 -42 19 -40 21 -41 22 -41 20 -37 15 -38 19 -35 18 -37 19 -32 16 -35 16 -33 14 -34 17 -34 14 -33 16 -36 14 -31 16 -28 21 -30 15 -28 16 -27 17 -25 18 -26 16 -25 18 -25 17 -23 18 -23 20 -21 19 -22 20 -22 17 -20 20 -19 19 -16 21 -16 19 -17 23 -14 19 -12 20 -13 20 -12 19 -12 20 -14 20 -13 20 -13 19 -12 19 -6 22 -5 23 -5 22 0 23 -1 -1 ]
CSI_DATA,STA,08:3A:F2:51:5D:9D,-51,11,1,1,1,1,1,0,0,0,0,-93,0,6,1,9407820,0,110,0,0,9.579025,384,[110 96 6 0 0 0 0 0 0 0 0 0 -14 -20 -13 -20 -15 -21 -14 -23 -13 -23 -11 -21 -11 -22 -10 -21 -10 -22 -10 -22 -10 -24 -10 -24 -9 -23 -8 -23 -6 -22 -9 -24 -7 -21 -6 -21 -7 -20 -6 -20 -6 -20 -7 -21 -5 -19 -7 -19 -7 -21 -8 -18 0 0 -7 -18 -9 -17 -9 -17 -9 -16 -7 -16 -9 -16 -8 -17 -9 -14 -9 -15 -10 -12 -10 -13 -9 -13 -10 -13 -10 -12 -10 -12 -11 -11 -12 -12 -11 -9 -10 -10 -11 -8 -10 -10 -11 -10 -11 -10 -12 -8 -10 -9 -10 -8 0 0 0 0 0 0 0 0 0 0 -1 -1 -1 -1 5 20 6 20 9 17 8 15 0 16 0 15 2 15 1 15 2 14 1 13 3 14 3 12 4 13 3 13 2 13 4 12 5 12 4 12 3 11 5 11 6 10 5 11 5 9 4 10 4 9 5 9 4 10 6 9 4 10 5 8 9 7 4 8 4 8 4 8 4 8 4 7 4 7 3 6 3 6 2 6 2 6 1 6 1 5 1 5 0 4 0 4 0 3 0 2 -1 2 -2 1 -2 2 -2 1 -2 0 -2 -1 -2 -1 -3 -2 -3 -2 -1 -1 0 0 0 0 -1 -1 -1 -1 -1 -1 0 0 0 0 -1 -1 -1 -1 -1 -1 -35 -22 -33 -22 -36 -24 -34 -26 -34 -27 -30 -25 -32 -26 -30 -25 -34 -28 -30 -30 -29 -32 -30 -30 -32 -31 -30 -32 -24 -30 -27 -30 -27 -27 -27 -29 -23 -25 -24 -28 -22 -25 -25 -26 -22 -26 -24 -26 -24 -29 -24 -24 -32 -16 -23 -24 -23 -22 -24 -20 -23 -20 -23 -19 -24 -19 -23 -18 -24 -16 -24 -16 -23 -15 -24 -15 -23 -15 -24 -13 -24 -13 -24 -10 -23 -10 -26 -10 -21 -8 -21 -7 -22 -6 -21 -7 -23 -6 -23 -7 -23 -7 -22 -7 -22 -7 -22 3 -25 5 -23 6 -23 9 -1 -1 ]
CSI_DATA,STA,08:3A:F2:51:5D:9D,-51,11,1,1,1,1,1,0,0,0,0,-93,0,6,1,9408112,0,110,0,0,9.589965,384,[110 96 6 0 0 0 0 0 0 0 0 0 6 -23 6 -23 6 -24 9 -25 9 -24 9 -22 10 -23 9 -21 10 -22 11 -21 12 -22 12 -23 12 -22 13 -21 13 -19 12 -22 12 -19 12 -18 11 -18 11 -18 11 -17 11 -18 11 -15 11 -17 12 -18 9 -17 0 0 9 -17 7 -17 7 -18 6 -17 8 -16 7 -17 7 -17 5 -15 5 -16 3 -15 3 -16 4 -15 3 -15 2 -15 3 -15 1 -16 2 -16 0 -14 0 -14 -1 -13 1 -14 0 -14 0 -14 -1 -14 0 -13 -1 -13 0 0 0 0 0 0 0 0 0 0 -1 -1 -1 -1 -13 16 -12 16 -10 18 -9 15 -13 10 -12 10 -11 10 -12 10 -11 10 -10 9 -10 11 -9 11 -9 11 -9 10 -10 10 -8 11 -7 12 -7 11 -7 9 -6 11 -5 11 -6 11 -5 10 -6 10 -6 9 -5 10 -6 9 -4 10 -5 10 -4 10 -1 11 -5 9 -4 8 -4 8 -4 8 -4 7 -4 7 -4 7 -4 6 -4 6 -4 6 -4 5 -4 4 -3 4 -3 3 -4 3 -4 2 -3 1 -3 1 -3 0 -3 0 -2 -1 -2 -1 -2 -2 -1 -2 -1 -3 -1 -3 -1 -1 0 0 0 0 -1 -1 -1 -1 -1 -1 0 0 0 0 -1 -1 -1 -1 -1 -1 -5 -40 -4 -40 -4 -42 -2 -43 -1 -43 0 -39 0 -42 0 -39 1 -44 4 -41 6 -43 4 -42 3 -44 5 -43 7 -38 6 -39 4 -39 5 -39 4 -34 6 -36 6 -34 4 -35 5 -33 4 -34 7 -35 2 -33 -8 -34 3 -33 2 -31 1 -31 0 -29 0 -30 -1 -30 -1 -29 -3 -29 -3 -29 -4 -27 -5 -28 -3 -27 -6 -27 -5 -26 -8 -25 -7 -25 -9 -26 -8 -22 -9 -21 -10 -21 -9 -21 -10 -21 -9 -22 -10 -21 -9 -20 -10 -21 -17 -16 -20 -16 -20 -15 -21 -12 -1 -1 ]
CSI_DATA,STA,08:3A:F2:51:5D:9D,-51,11,1,1,1,1,1,0,0,0,0,-93,0,6,1,9408588,0,110,0,0,9.600433,384,[110 96 6 0 0 0 0 0 0 0 0 0 23 -4 22 -3 25 -4 26 -2 25 -1 22 0 24 0 22 1 23 1 23 2 24 2 25 2 24 3 23 3 21 4 24 3 21 3 20 4 20 3 20 4 19 4 20 4 17 4 19 3 21 3 18 1 0 0 18 2 18 1 18 0 17 -1 16 1 17 0 18 0 15 -1 16 -2 14 -3 15 -3 15 -2 15 -3 14 -4 14 -4 13 -5 15 -4 12 -5 13 -5 11 -6 13 -5 12 -5 12 -5 11 -6 12 -5 10 -6 0 0 0 0 0 0 0 0 0 0 -1 -1 -1 -1 -22 -3 -22 -3 -22 1 -19 1 -15 -7 -14 -6 -15 -6 -15 -6 -14 -5 -13 -4 -14 -3 -12 -3 -14 -2 -14 -3 -14 -3 -14 -2 -14 -1 -13 -2 -12 -3 -13 -1 -12 1 -13 0 -11 0 -12 -1 -11 -1 -12 0 -12 0 -11 1 -12 -1 -11 1 -11 6 -11 0 -11 0 -10 0 -9 0 -9 0 -9 0 -8 0 -8 -1 -8 -1 -7 -1 -7 -1 -7 -1 -6 -2 -5 -1 -5 -1 -4 -1 -4 -2 -3 -1 -2 -1 -2 -2 -1 -2 0 -2 0 -2 1 -2 1 -1 2 -1 -1 -1 0 0 0 0 -1 -1 -1 -1 -1 -1 0 0 0 0 -1 -1 -1 -1 -1 -1 32 -21 32 -20 34 -22 35 -20 36 -19 33 -16 35 -18 33 -16 37 -19 37 -14 39 -13 37 -14 39 -16 39 -14 35 -9 36 -12 34 -12 35 -12 30 -11 33 -10 31 -9 32 -11 30 -9 31 -11 33 -9 29 -12 25 -23 28 -11 27 -11 26 -13 25 -13 25 -12 25 -14 24 -13 22 -14 23 -15 20 -15 21 -16 22 -14 20 -17 20 -16 16 -18 17 -16 18 -19 14 -16 14 -17 14 -17 13 -16 13 -17 14 -17 14 -18 13 -16 13 -17 5 -23 4 -25 4 -24 0 -24 -1 -1 ]
CSI_DATA,STA,08:3A:F2:51:5D:9D,-51,11,1,1,1,1,1,0,0,0,0,-93,0,6,1,9408966,0,110,0,0,9.610803,384,[110 96 6 0 0 0 0 0 0 0 0 0 18 15 17 15 19 16 18 18 17 18 14 17 15 18 13 18 14 18 13 19 14 20 14 20 14 20 12 20 10 19 14 20 11 18 10 18 10 17 10 18 9 17 10 18 8 16 10 16 11 18 11 15 0 0 10 15 11 14 12 14 12 13 10 13 11 13 11 13 10 11 11 11 11 9 12 9 11 10 11 9 11 8 11 8 12 7 13 8 11 6 12 6 11 5 11 6 11 6 12 6 12 4 11 6 10 4 0 0 0 0 0 0 0 0 0 0 -1 -1 -1 -1 -7 -20 -8 -20 -12 -19 -10 -16 -3 -17 -4 -16 -5 -16 -5 -17 -5 -15 -5 -14 -6 -14 -5 -13 -6 -14 -6 -14 -7 -14 -8 -12 -8 -13 -8 -13 -7 -12 -7 -11 -9 -11 -8 -11 -8 -10 -7 -11 -7 -10 -8 -10 -7 -10 -9 -9 -8 -10 -8 -9 -10 -7 -7 -9 -7 -9 -7 -8 -7 -8 -6 -8 -6 -8 -6 -8 -5 -8 -4 -7 -4 -6 -4 -6 -3 -6 -3 -6 -2 -6 -2 -4 -1 -4 -2 -4 -1 -3 0 -3 0 -2 0 -2 0 -2 1 -1 1 -1 2 0 2 1 -1 -1 0 0 0 0 -1 -1 -1 -1 -1 -1 0 0 0 0 -1 -1 -1 -1 -1 -1 37 15 37 15 38 17 39 20 37 20 34 20 36 21 33 20 37 23 33 24 34 26 34 23 37 24 34 25 29 24 30 24 31 23 30 23 27 21 27 24 26 22 28 22 25 21 27 20 27 24 27 18 31 11 26 19 25 17 27 16 25 15 25 15 26 14 25 14 25 12 26 12 24 9 26 9 24 10 26 8 25 8 24 5 24 5 26 5 22 4 22 3 23 2 22 2 22 2 23 3 22 1 21 2 22 2 21 -5 24 -9 23 -8 21 -10 -1 -1 ]
CSI_DATA,STA,08:3A:F2:51:5D:9D,-51,11,1,1,1,1,1,0,0,0,0,-93,0,6,1,9411416,0,110,0,0,9.620876,384,[110 96 6 0 0 0 0 0 0 0 0 0 23 -4 23 -4 24 -4 26 -2 25 -2 23 -1 24 0 22 0 23 0 23 1 25 2 25 1 24 1 24 3 22 4 24 2 21 3 20 4 21 3 20 3 20 3 20 3 18 4 19 3 21 3 19 1 0 0 19 1 18 0 19 0 17 -1 17 1 17 0 18 0 15 -1 16 -2 14 -3 15 -4 15 -2 15 -3 14 -4 14 -3 14 -5 15 -4 12 -5 13 -5 11 -6 13 -5 12 -5 12 -5 12 -6 12 -5 11 -6 0 0 0 0 0 0 0 0 0 0 -1 -1 -1 -1 -22 -4 -21 -3 -22 -1 -18 1 -15 -7 -15 -7 -15 -6 -16 -7 -14 -6 -13 -5 -15 -4 -13 -3 -15 -3 -14 -4 -14 -4 -14 -2 -15 -2 -14 -2 -13 -3 -13 -1 -13 0 -13 -1 -12 0 -12 -1 -12 -2 -12 -1 -11 -1 -12 0 -12 -1 -11 1 -10 4 -11 0 -11 -1 -11 0 -10 0 -10 -1 -10 -1 -9 -1 -8 -2 -8 -2 -7 -1 -7 -1 -7 -2 -6 -2 -5 -2 -5 -2 -4 -2 -4 -3 -3 -2 -2 -2 -2 -2 -1 -2 -1 -2 0 -2 1 -2 1 -1 2 -2 -1 -1 0 0 0 0 -1 -1 -1 -1 -1 -1 0 0 0 0 -1 -1 -1 -1 -1 -1 32 -22 32 -22 34 -22 36 -21 36 -19 34 -17 36 -18 34 -17 38 -19 37 -14 39 -14 38 -15 39 -17 39 -15 36 -10 36 -12 35 -13 35 -11 32 -11 33 -10 32 -9 33 -11 30 -9 31 -11 34 -9 29 -12 25 -23 29 -11 27 -11 27 -13 25 -12 26 -13 25 -14 25 -13 23 -14 24 -15 20 -15 22 -16 22 -14 20 -17 21 -16 17 -17 18 -17 19 -18 15 -16 15 -17 14 -18 14 -16 14 -18 15 -17 15 -18 14 -17 14 -17 6 -22 5 -26 5 -25 1 -24 -1 -1 ]
CSI_DATA,STA,08:3A:F2:51:5D:9D,-51,11,1,1,1,1,1,0,0,0,0,-93,0,6,1,9412003,0,110,0,0,9.631351,384,[110 96 6 0 0 0 0 0 0 0 0 0 8 22 8 21 9 23 7 25 7 24 5 21 5 23 4 22 3 23 3 23 3 25 3 25 2 24 1 24 0 22 2 24 1 21 0 21 1 20 0 20 0 20 0 21 -1 18 1 20 0 21 1 18 0 0 2 18 3 18 3 18 4 17 2 16 3 17 3 17 3 15 4 16 5 13 5 14 4 14 5 14 6 13 5 13 6 12 7 14 7 11 7 11 7 10 6 11 7 11 7 11 8 10 6 11 7 9 0 0 0 0 0 0 0 0 0 0 -1 -1 -1 -1 -1 -22 -2 -21 -5 -22 -3 -19 3 -16 3 -15 1 -16 3 -16 1 -15 2 -14 1 -15 0 -14 0 -15 0 -14 0 -15 -2 -14 -2 -15 -2 -14 -1 -13 -2 -13 -3 -12 -2 -13 -4 -11 -3 -12 -2 -11 -3 -12 -2 -11 -4 -11 -3 -12 -3 -11 -7 -10 -3 -11 -3 -10 -3 -10 -2 -10 -2 -9 -2 -9 -2 -9 -2 -8 -1 -8 -1 -7 -1 -7 -1 -6 -1 -6 0 -6 0 -5 0 -4 0 -4 1 -3 1 -2 1 -2 1 -1 1 -1 1 -1 0 0 1 1 1 1 -1 -1 0 0 0 0 -1 -1 -1 -1 -1 -1 0 0 0 0 -1 -1 -1 -1 -1 -1 27 27 27 27 27 29 27 31 25 31 22 30 24 32 22 30 24 34 20 33 21 36 22 33 23 35 21 35 16 33 17 33 19 32 17 32 16 29 15 31 14 29 16 30 14 28 16 29 15 32 16 26 27 20 16 27 15 25 17 24 16 23 17 23 17 22 16 22 17 20 18 20 17 17 19 18 17 19 19 17 19 16 19 14 19 14 21 15 18 12 18 11 19 11 17 11 19 11 19 11 18 10 18 11 19 11 21 2 26 0 25 -1 23 -2 -1 -1 ]
CSI_DATA,STA,08:3A:F2:51:5D:9D,-51,11,1,1,1,1,1,0,0,0,0,-93,0,6,1,9412385,0,110,0,0,9.641202,384,[110 96 6 0 0 0 0 0 0 0 0 0 -19 18 -19 18 -20 19 -23 19 -21 18 -21 16 -22 15 -21 14 -22 14 -22 14 -24 15 -24 16 -23 15 -23 14 -23 11 -23 14 -22 12 -21 11 -21 11 -20 11 -21 10 -21 11 -19 8 -19 11 -21 12 -18 12 0 0 -18 12 -16 13 -16 13 -15 13 -16 11 -15 12 -15 12 -13 12 -13 12 -10 13 -11 14 -11 12 -10 13 -10 13 -10 13 -9 14 -9 15 -7 13 -7 13 -6 12 -8 13 -7 13 -7 13 -5 14 -6 13 -5 12 0 0 0 0 0 0 0 0 0 0 -1 -1 -1 -1 18 -13 19 -13 17 -17 14 -14 17 -7 15 -7 15 -8 16 -7 14 -8 14 -7 13 -9 12 -8 13 -10 12 -9 13 -9 11 -10 12 -11 11 -11 11 -9 10 -10 9 -11 9 -11 8 -10 8 -9 9 -9 8 -10 9 -10 7 -11 8 -9 7 -11 4 -13 7 -10 7 -9 6 -9 6 -9 6 -8 6 -8 5 -7 5 -6 6 -7 5 -6 5 -6 5 -4 4 -4 4 -3 4 -4 3 -3 3 -2 3 -2 2 -1 1 -1 1 0 1 1 0 1 -1 1 -1 2 -1 2 -1 -1 0 0 0 0 -1 -1 -1 -1 -1 -1 0 0 0 0 -1 -1 -1 -1 -1 -1 -15 40 -15 39 -16 41 -19 41 -20 41 -19 37 -20 39 -19 36 -21 39 -24 37 -26 38 -23 38 -24 41 -25 38 -25 32 -24 34 -22 34 -23 34 -21 31 -23 31 -22 29 -21 32 -22 29 -21 31 -24 31 -18 31 -6 37 -19 29 -16 29 -15 30 -14 28 -14 29 -13 28 -13 28 -10 28 -10 28 -8 26 -8 29 -9 27 -6 28 -7 27 -3 26 -4 27 -3 29 -2 24 0 23 0 24 0 23 0 23 0 25 0 25 0 23 0 24 11 22 14 23 14 23 16 20 -1 -1 ]
CSI_DATA,STA,08:3A:F2:51:5D:9D,-51,11,1,1,1,1,1,0,0,0,0,-93,0,6,1,9412688,0,110,0,0,9.651657,384,[110 96 6 0 0 0 0 0 0 0 0 0 -23 6 -23 6 -25 7 -26 5 -25 4 -23 3 -24 3 -23 2 -24 2 -24 1 -26 0 -26 1 -25 0 -25 -1 -23 -2 -25 0 -22 -1 -21 -1 -21 -1 -21 -1 -21 -2 -21 -2 -19 -3 -20 -1 -22 -2 -20 0 0 0 -20 0 -19 2 -19 1 -18 2 -17 0 -18 2 -18 1 -16 2 -17 3 -15 4 -16 4 -15 3 -15 4 -14 4 -14 4 -14 5 -15 6 -12 6 -12 6 -11 6 -13 5 -13 5 -13 6 -11 7 -12 5 -11 6 0 0 0 0 0 0 0 0 0 0 -1 -1 -1 -1 20 2 20 -1 20 -3 19 -3 14 4 14 3 14 2 15 3 14 3 12 2 14 1 13 1 14 0 13 1 13 1 13 -1 14 -1 13 -1 11 0 12 -1 12 -3 11 -2 10 -2 10 -1 10 -1 11 -2 10 -2 10 -3 10 -2 10 -3 8 -6 9 -2 9 -2 9 -2 8 -2 8 -1 8 -1 7 -1 7 -1 6 -1 5 -1 5 -1 5 0 5 0 4 0 3 0 3 0 2 1 2 0 1 0 1 1 0 1 0 1 -1 1 -2 1 -2 0 -3 0 -1 -1 0 0 0 0 -1 -1 -1 -1 -1 -1 0 0 0 0 -1 -1 -1 -1 -1 -1 -30 26 -29 25 -31 26 -33 25 -33 23 -32 20 -34 22 -32 20 -36 22 -35 18 -37 18 -36 19 -37 21 -37 18 -35 14 -34 15 -33 16 -34 16 -30 14 -33 13 -31 12 -31 15 -30 12 -30 14 -33 12 -28 15 -22 25 -29 14 -27 14 -25 15 -25 15 -25 15 -24 15 -24 14 -22 16 -21 17 -19 16 -20 17 -21 15 -20 18 -19 17 -15 18 -16 17 -17 19 -14 17 -13 17 -13 18 -13 17 -13 17 -14 17 -13 18 -12 17 -13 17 -3 22 -2 25 -1 24 1 23 -1 -1 ]
CSI_DATA,STA,08:3A:F2:51:5D:9D,-51,11,1,1,1,1,1,0,0,0,0,-93,0,6,1,9414347,0,110,0,0,9.661893,384,[110 96 6 0 0 0 0 0 0 0 0 0 25 -6 25 -5 26 -7 29 -4 27 -4 25 -2 26 -2 25 -1 26 -1 25 -1 27 0 28 -1 27 -1 26 0 25 2 27 0 24 1 23 2 23 1 22 1 22 2 23 2 20 3 22 0 23 1 21 -1 0 0 21 -1 20 -2 21 -2 19 -3 19 -1 19 -3 19 -2 17 -3 17 -4 15 -5 16 -6 16 -5 16 -6 15 -7 15 -6 15 -8 16 -8 13 -8 13 -8 12 -8 13 -7 13 -8 13 -8 12 -9 12 -8 10 -8 0 0 0 0 0 0 0 0 0 0 -1 -1 -1 -1 -23 -8 -23 -6 -24 -3 -20 -3 -18 -8 -17 -7 -18 -7 -19 -7 -18 -6 -16 -6 -17 -4 -15 -4 -17 -4 -17 -3 -17 -4 -17 -2 -18 -2 -17 -1 -16 -2 -15 -1 -15 1 -15 -1 -15 1 -14 -1 -14 -1 -14 0 -14 0 -14 2 -14 -1 -13 2 -12 4 -13 1 -13 1 -12 1 -11 1 -12 0 -11 0 -10 -1 -10 0 -9 -1 -8 -1 -8 -1 -8 -1 -8 -2 -7 -2 -6 -2 -4 -2 -5 -2 -3 -3 -2 -3 -2 -2 -1 -3 -1 -3 0 -3 0 -3 1 -3 2 -3 -1 -1 0 0 0 0 -1 -1 -1 -1 -1 -1 0 0 0 0 -1 -1 -1 -1 -1 -1 38 -24 39 -23 39 -24 43 -22 42 -21 41 -18 43 -19 41 -17 45 -19 43 -15 46 -15 44 -17 45 -19 45 -16 42 -11 42 -12 41 -14 41 -12 38 -12 39 -10 38 -9 38 -11 36 -9 37 -13 39 -10 34 -14 31 -23 35 -13 32 -13 32 -15 30 -14 31 -15 30 -15 30 -15 28 -16 28 -17 23 -17 25 -19 25 -17 24 -20 24 -20 20 -20 21 -21 22 -22 18 -19 17 -20 17 -20 17 -20 17 -21 17 -20 16 -21 15 -20 16 -21 9 -23 7 -28 8 -28 4 -26 -1 -1 ]
CSI_DATA,STA,08:3A:F2:51:5D:9D,-46,11,0,0,0,0,0,0,0,0,0,-93,0,6,1,9424636,0,110,0,0,9.672433,128,[110 96 6 0 0 0 0 0 0 0 0 0 7 -25 7 -24 8 -26 8 -27 9 -25 9 -23 10 -24 10 -22 11 -23 12 -22 12 -24 12 -24 11 -23 11 -22 11 -20 12 -24 12 -20 12 -19 11 -19 10 -19 10 -18 11 -19 10 -16 9 -18 9 -20 8 -18 0 0 7 -18 7 -19 7 -18 6 -18 6 -16 5 -18 5 -18 5 -16 3 -17 5 -16 4 -17 3 -15 3 -16 3 -17 3 -15 2 -16 1 -17 2 -15 2 -15 1 -15 1 -15 1 -15 0 -15 0 -15 0 -14 0 -13 0 0 0 0 0 0 0 0 0 0 ]
CSI_DATA,STA,08:3A:F2:51:5D:9D,-51,11,1,1,1,1,1,0,0,0,0,-93,0,6,1,9435141,0,110,0,0,9.676261,384,[110 96 6 0 0 0 0 0 0 0 0 0 -24 4 -23 4 -26 5 -27 3 -26 2 -23 1 -25 1 -23 0 -24 0 -25 -1 -26 -2 -26 -2 -26 -2 -25 -3 -22 -4 -26 -2 -22 -3 -22 -4 -21 -3 -21 -3 -21 -4 -22 -3 -19 -5 -20 -3 -22 -4 -20 -2 0 0 -20 -2 -20 0 -19 -1 -19 1 -18 -2 -18 0 -19 0 -17 0 -18 1 -15 3 -16 3 -16 1 -16 2 -15 3 -15 3 -15 4 -16 4 -13 5 -13 5 -12 5 -13 4 -14 4 -14 5 -13 5 -13 4 -12 5 0 0 0 0 0 0 0 0 0 0 -1 -1 -1 -1 21 4 22 2 20 0 19 -2 15 7 13 6 15 5 14 6 14 4 12 4 13 3 13 2 14 2 14 3 14 3 13 2 14 1 13 2 11 2 12 0 12 -1 12 0 11 -1 11 0 11 1 11 0 11 1 11 -1 12 1 11 -1 11 -5 10 -1 10 -1 9 -1 9 -1 8 0 9 0 8 0 7 0 7 0 7 0 6 1 6 2 6 2 4 1 4 1 3 1 3 2 2 1 2 1 1 1 0 1 0 2 -1 1 -2 1 -2 0 -3 0 0 0 0 0 -1 -1 -1 -1 -1 -1 -1 -1 -1 -1 0 0 0 0 -1 -1 -1 -1 -32 23 -32 21 -34 24 -35 20 -37 22 -33 16 -36 19 -33 17 -37 20 -40 15 -41 14 -39 14 -41 16 -40 14 -36 9 -37 13 -34 12 -37 14 -31 11 -35 10 -32 9 -33 12 -33 9 -33 10 -36 8 -31 11 -27 22 -30 10 -29 12 -27 12 -27 13 -27 12 -26 13 -26 12 -24 14 -24 15 -23 15 -23 15 -24 13 -22 15 -21 14 -18 17 -18 15 -20 19 -16 15 -15 16 -15 17 -15 16 -15 17 -17 17 -16 16 -15 15 -15 16 -6 23 -6 25 -6 23 -1 25 -1 -1 ]
CSI_DATA,STA,08:3A:F2:51:5D:9D,-51,11,1,1,1,1,1,0,0,0,0,-93,0,6,1,9510805,0,110,0,0,9.686754,384,[110 96 6 0 0 0 0 0 0 0 0 0 9 -22 9 -22 9 -24 11 -24 11 -23 11 -20 12 -21 12 -20 12 -20 13 -20 14 -21 14 -21 14 -21 14 -20 14 -17 14 -21 13 -18 13 -17 12 -17 12 -16 12 -16 12 -16 12 -14 11 -16 12 -17 10 -16 0 0 10 -16 8 -16 8 -16 7 -16 8 -15 7 -16 8 -16 6 -15 6 -16 4 -14 4 -15 4 -14 4 -15 3 -14 3 -14 2 -15 2 -16 0 -14 1 -14 0 -13 1 -14 1 -13 0 -13 -1 -13 1 -13 0 -12 0 0 0 0 0 0 0 0 0 0 -1 -1 -1 -1 -14 14 -12 15 -11 15 -8 14 -12 9 -11 8 -11 9 -12 9 -10 9 -9 8 -9 9 -7 8 -8 10 -9 9 -9 9 -8 9 -7 10 -7 9 -7 8 -6 8 -5 9 -6 9 -4 8 -5 8 -5 7 -5 8 -5 7 -4 8 -5 7 -4 8 -2 8 -4 7 -4 6 -4 6 -4 6 -4 5 -4 4 -4 4 -4 3 -4 3 -4 3 -4 2 -4 1 -4 0 -4 0 -4 0 -4 -1 -4 -2 -3 -2 -3 -3 -3 -3 -2 -4 -2 -5 -2 -5 -2 -6 -1 -6 -1 -7 -1 -1 -1 -1 -1 -1 -1 -1 -1 -1 -1 -1 -1 -1 -1 -1 -1 -1 0 0 0 0 0 -41 1 -40 1 -43 4 -43 4 -43 5 -39 5 -41 5 -39 6 -43 9 -41 11 -42 9 -41 9 -44 10 -42 11 -37 10 -38 8 -37 9 -38 8 -34 10 -35 9 -32 8 -34 9 -33 8 -34 11 -35 6 -32 -5 -34 6 -31 4 -31 3 -31 2 -29 2 -29 2 -29 2 -29 0 -28 -1 -29 -2 -27 -2 -27 -1 -27 -3 -27 -3 -26 -6 -24 -5 -24 -8 -26 -6 -22 -7 -21 -8 -21 -7 -21 -8 -21 -8 -22 -7 -22 -7 -21 -8 -21 -15 -16 -17 -17 -17 -16 -18 -14 -1 -1 ]
CSI_DATA,STA,08:3A:F2:51:5D:9D,-52,11,1,1,1,1,1,0,0,0,0,-93,0,6,1,9522063,0,110,0,0,9.701032,384,[110 96 6 0 0 0 0 0 0 0 0 0 -21 15 -21 14 -23 16 -25 15 -24 14 -22 11 -24 12 -23 11 -23 11 -24 11 -25 11 -26 11 -25 11 -25 9 -23 7 -25 10 -22 8 -23 8 -21 8 -21 7 -21 7 -22 7 -20 5 -20 8 -22 8 -19 9 0 0 -19 8 -18 9 -18 9 -17 10 -17 7 -17 9 -17 9 -15 9 -15 10 -13 11 -13 11 -13 10 -12 10 -11 10 -12 11 -11 11 -12 12 -9 11 -9 11 -8 11 -10 11 -9 11 -9 11 -8 12 -9 10 -7 10 0 0 0 0 0 0 0 0 0 0 -1 -1 -1 -1 22 -2 22 -2 21 -5 18 -6 18 0 16 0 17 -1 17 0 16 -2 14 -1 15 -3 14 -3 15 -4 14 -3 14 -2 14 -4 14 -4 13 -4 12 -3 12 -5 11 -6 12 -5 9 -6 11 -4 10 -3 10 -4 10 -4 10 -6 11 -3 10 -5 9 -7 9 -4 8 -3 8 -4 8 -4 7 -3 7 -2 7 -2 6 -2 6 -1 6 0 6 0 5 1 4 1 4 2 4 1 3 2 2 3 1 3 1 3 0 4 -1 3 -1 4 -3 5 -4 5 -4 4 -5 4 -1 -1 -1 -1 -1 -1 -1 -1 -1 -1 -1 -1 -1 -1 -1 -1 -1 -1 0 0 0 0 -30 35 -29 34 -31 37 -33 34 -34 35 -32 30 -35 34 -33 29 -36 34 -38 28 -40 28 -39 29 -40 30 -40 28 -36 23 -36 26 -33 26 -36 26 -31 24 -34 23 -32 21 -32 24 -32 21 -32 23 -35 20 -30 23 -25 28 -29 22 -26 23 -25 24 -24 24 -24 22 -23 24 -23 23 -21 23 -20 24 -19 24 -20 25 -20 23 -17 25 -16 24 -13 25 -13 24 -14 27 -11 23 -9 23 -10 24 -9 22 -9 23 -10 23 -10 23 -9 22 -8 23 -2 24 -1 26 -1 25 4 23 -1 -1 ]
CSI_DATA,STA,08:3A:F2:51:5D:9D,-46,11,1,0,0,1,1,0,0,0,0,-93,0,6,1,9522402,0,110,0,0,9.711868,256,[110 96 6 0 0 0 0 0 0 0 0 0 -28 0 -27 -1 -30 -1 -30 -1 -29 -2 -27 -4 -28 -3 -26 -5 -27 -4 -27 -6 -29 -5 -29 -6 -27 -5 -26 -5 -24 -6 -28 -5 -24 -6 -24 -6 -23 -5 -23 -5 -22 -5 -23 -5 -20 -6 -22 -4 -23 -3 -22 -3 0 0 -21 -2 -22 -1 -20 -1 -21 -1 -18 -1 -19 1 -20 1 -18 1 -19 2 -18 1 -19 2 -17 1 -17 2 -17 2 -17 3 -17 3 -17 4 -16 4 -15 4 -15 4 -15 4 -15 4 -15 5 -15 5 -14 4 -13 4 0 0 0 0 0 0 0 0 0 0 -1 -1 -1 -1 -1 -1 -1 -1 -43 34 -40 27 -46 14 -45 15 -47 16 -49 15 -48 14 -47 10 -49 13 -47 7 -51 11 -50 7 -51 8 -51 7 -48 7 -47 7 -45 5 -49 10 -41 5 -44 3 -42 6 -43 4 -42 5 -41 6 -40 4 -39 4 -40 6 -38 6 -1 -1 -35 9 -35 9 -33 9 -35 12 -30 9 -32 13 -31 12 -29 11 -30 13 -33 15 -30 16 -28 14 -26 14 -27 13 -26 16 -25 15 -26 16 -24 15 -23 17 -23 16 -23 17 -22 16 -22 16 -22 18 -20 16 -19 16 -12 20 -12 21 -1 -1 -1 -1 -1 -1 ]
CSI_DATA,STA,08:3A:F2:51:5D:9D,-50,11,1,0,1,1,1,0,0,0,0,-93,0,6,1,9522979,0,110,0,0,9.719302,384,[110 96 6 0 0 0 0 0 0 0 0 0 -10 -21 -9 -19 -12 -23 -9 -25 -9 -24 -6 -20 -8 -23 -7 -21 -8 -21 -5 -23 -5 -26 -5 -25 -5 -24 -4 -24 -2 -20 -6 -25 -4 -21 -2 -21 -3 -20 -4 -19 -3 -20 -4 -20 -1 -18 -2 -20 -2 -22 -4 -19 0 0 -4 -19 -6 -18 -6 -18 -7 -17 -4 -17 -6 -17 -6 -17 -6 -15 -7 -16 -8 -13 -8 -14 -6 -14 -6 -14 -8 -12 -8 -13 -9 -12 -10 -14 -9 -10 -10 -10 -10 -9 -9 -10 -10 -10 -9 -11 -10 -10 -8 -10 -9 -9 0 0 0 0 0 0 0 0 0 0 -1 -1 -1 -1 1 9 2 10 3 9 3 7 -1 7 -1 5 0 8 11 13 1 5 0 4 0 6 0 5 1 6 0 6 0 6 0 5 0 6 0 5 0 4 1 5 2 4 1 5 1 3 1 4 0 4 1 4 0 4 1 4 0 4 1 4 2 3 1 4 1 4 1 3 0 3 0 3 0 3 0 3 0 2 -1 2 -1 2 -1 2 -1 2 -1 1 -2 1 -1 1 -2 1 -2 1 -2 0 -2 0 -2 0 -2 0 -3 -1 -2 -2 -2 -2 -3 -2 -3 -2 -1 -1 -1 -1 -1 -1 -1 -1 -1 -1 -1 -1 -1 -1 -1 -1 -1 -1 0 0 0 0 -14 -13 -14 -12 -16 -14 -14 -14 -15 -14 -12 -13 -13 -15 -12 -13 -16 -15 -12 -17 -13 -18 -12 -17 -13 -18 -12 -17 -10 -15 -12 -15 -12 -14 -11 -16 -10 -12 -10 -14 -8 -14 -12 -13 -8 -14 -9 -14 -9 -17 -10 -13 -15 -10 -9 -13 -10 -12 -10 -10 -10 -10 -9 -11 -11 -10 -10 -10 -11 -9 -12 -9 -10 -8 -10 -8 -10 -9 -11 -8 -10 -7 -11 -5 -10 -6 -12 -6 -9 -5 -10 -4 -10 -5 -10 -4 -11 -3 -10 -6 -10 -5 -10 -5 -9 -5 -11 0 -12 1 -12 1 -11 4 -1 -1 ]
CSI_DATA,STA,08:3A:F2:51:5D:9D,-50,11,1,0,1,1,1,0,0,0,0,-93,0,6,1,9523485,0,110,0,0,9.729828,384,[110 96 6 0 0 0 0 0 0 0 0 0 17 -14 16 -14 18 -17 21 -15 19 -14 17 -11 20 -12 18 -11 19 -12 20 -10 22 -11 22 -12 21 -11 21 -9 18 -7 22 -11 19 -9 19 -7 18 -8 17 -8 17 -7 18 -8 17 -5 18 -7 19 -8 17 -9 0 0 16 -8 15 -10 16 -10 14 -10 15 -7 14 -10 15 -10 12 -9 13 -10 10 -10 11 -11 11 -9 11 -10 9 -11 9 -11 8 -12 11 -13 7 -11 7 -12 5 -11 8 -11 7 -11 8 -11 7 -12 7 -10 6 -10 0 0 0 0 0 0 0 0 0 0 -1 -1 -1 -1 -19 7 -20 7 -18 9 -15 9 -16 1 -15 1 -16 2 -16 1 -14 2 -12 1 -13 3 -11 3 -13 4 -13 3 -13 3 -12 4 -13 4 -12 4 -11 3 -10 5 -10 6 -11 4 -8 5 -9 4 -9 3 -9 5 -9 3 -9 4 -10 3 -9 4 -6 6 -8 3 -8 3 -7 3 -8 3 -8 1 -7 2 -7 1 -7 0 -6 0 -5 0 -5 -1 -6 -2 -5 -3 -5 -2 -4 -2 -3 -3 -4 -3 -3 -3 -2 -4 -1 -5 -1 -5 -1 -6 0 -5 1 -6 2 -5 2 -5 -1 -1 -1 -1 -1 -1 -1 -1 -1 -1 -1 -1 -1 -1 -1 -1 -1 -1 0 0 0 0 18 -33 17 -32 20 -36 22 -35 21 -34 19 -28 23 -32 19 -28 24 -36 26 -30 28 -33 26 -31 28 -34 27 -32 23 -26 25 -29 23 -30 26 -28 20 -25 23 -24 22 -22 21 -26 23 -22 22 -24 27 -25 19 -25 12 -31 20 -24 19 -24 15 -24 14 -23 17 -23 14 -25 15 -23 13 -25 12 -26 10 -22 10 -24 12 -23 10 -25 9 -24 4 -24 6 -22 6 -25 5 -21 3 -22 4 -21 2 -22 2 -22 5 -22 4 -21 3 -20 3 -20 -6 -20 -8 -24 -8 -23 -12 -21 -1 -1 ]
CSI_DATA,STA,08:3A:F2:51:5D:9D,-50,11,1,0,1,1,1,0,0,0,0,-93,0,6,1,9523991,0,110,0,0,9.740318,384,[110 96 6 0 0 0 0 0 0 0 0 0 14 16 14 15 16 17 15 21 14 18 11 17 13 19 11 18 12 18 10 19 11 22 12 21 11 21 9 21 7 18 12 21 9 19 7 18 8 18 8 16 7 17 8 18 5 16 7 18 8 19 8 16 0 0 8 16 10 15 10 15 10 13 8 14 10 13 9 14 9 12 10 12 10 9 11 10 9 11 9 10 11 9 10 9 11 8 12 10 11 7 11 7 11 5 10 7 11 6 11 7 11 6 9 7 10 5 0 0 0 0 0 0 0 0 0 0 -1 -1 -1 -1 -10 -19 -9 -20 -12 -18 -11 -14 -2 -16 -3 -14 -4 -16 -3 -16 -4 -14 -3 -12 -4 -13 -4 -11 -6 -13 -5 -13 -5 -13 -5 -12 -6 -13 -5 -12 -4 -10 -6 -10 -7 -10 -6 -10 -7 -8 -6 -9 -5 -9 -6 -8 -4 -9 -6 -8 -5 -10 -5 -8 -7 -6 -5 -9 -4 -8 -4 -7 -4 -7 -3 -7 -4 -7 -3 -6 -3 -6 -1 -6 -1 -6 0 -6 0 -6 0 -5 1 -5 1 -4 1 -3 2 -4 3 -3 3 -3 3 -1 4 -2 4 -2 4 0 4 1 4 2 5 2 -1 -1 -1 -1 -1 -1 -1 -1 -1 -1 -1 -1 -1 -1 -1 -1 -1 -1 0 0 0 0 33 17 32 15 36 17 33 20 34 18 28 17 33 21 28 17 37 20 29 25 32 26 31 26 33 27 31 27 25 22 30 23 30 21 28 24 25 18 25 21 21 20 27 19 21 22 24 21 25 26 24 19 30 11 24 19 23 17 23 14 22 13 23 16 25 12 23 13 23 11 25 10 21 10 23 10 23 12 24 9 23 7 22 2 20 5 24 4 20 4 21 2 20 3 21 1 20 0 21 4 20 3 19 3 19 2 19 -6 23 -9 22 -9 19 -14 -1 -1 ]
CSI_DATA,STA,08:3A:F2:51:5D:9D,-50,11,1,0,1,1,1,0,0,0,0,-93,0,6,1,9524329,0,110,0,0,9.750234,384,[110 96 6 0 0 0 0 0 0 0 0 0 -6 21 -5 19 -6 23 -9 23 -8 22 -8 18 -9 21 -9 19 -8 20 -11 20 -13 22 -11 22 -12 21 -13 19 -11 16 -11 22 -11 17 -12 17 -10 16 -10 16 -11 15 -11 17 -12 13 -11 16 -12 17 -9 16 0 0 -9 16 -7 17 -8 17 -6 16 -8 14 -6 15 -7 16 -6 14 -5 16 -3 14 -3 15 -4 13 -4 13 -2 13 -2 14 -1 14 -2 16 0 12 0 13 1 12 -1 13 0 12 0 13 1 12 -1 11 0 11 0 0 0 0 0 0 0 0 0 0 -1 -1 -1 -1 7 -19 7 -19 4 -21 3 -17 10 -11 8 -11 8 -12 9 -11 7 -11 6 -9 6 -11 5 -10 5 -12 6 -11 6 -11 5 -11 5 -12 5 -11 4 -9 3 -11 2 -11 4 -10 1 -9 3 -9 3 -8 2 -9 4 -9 2 -9 3 -9 3 -9 -1 -10 3 -8 2 -7 2 -7 2 -7 3 -6 2 -7 2 -6 2 -5 3 -5 3 -4 3 -4 4 -3 3 -3 3 -2 3 -2 3 -1 3 -1 3 0 3 1 3 2 2 2 2 3 1 3 1 4 1 4 0 5 -1 -1 -1 -1 -1 -1 -1 -1 -1 -1 -1 -1 -1 -1 -1 -1 -1 -1 0 0 0 0 7 34 8 32 8 36 5 36 6 36 4 31 2 37 3 31 6 39 -1 37 -1 40 -1 38 0 41 -1 39 -1 32 0 35 3 35 -2 35 1 29 -2 31 -3 28 1 31 -4 29 -1 30 -5 34 0 29 13 30 -1 29 0 28 3 26 3 24 1 27 5 26 3 24 5 25 6 24 4 22 7 23 5 24 8 22 8 22 11 18 8 18 10 20 8 17 10 17 9 18 11 16 11 15 9 18 10 17 9 16 9 16 18 10 22 10 22 10 23 5 -1 -1 ]
CSI_DATA,STA,08:3A:F2:51:5D:9D,-50,11,1,0,1,1,1,0,0,0,0,-93,0,6,1,9524777,0,110,0,0,9.759955,384,[110 96 6 0 0 0 0 0 0 0 0 0 -24 8 -23 8 -26 11 -28 8 -27 7 -23 5 -26 6 -24 5 -24 6 -26 3 -29 3 -28 4 -28 3 -27 2 -23 0 -28 4 -24 2 -24 0 -23 1 -22 1 -22 1 -23 2 -21 -2 -23 0 -24 0 -21 2 0 0 -22 2 -21 5 -21 4 -19 5 -19 2 -19 4 -20 4 -17 5 -18 6 -15 7 -16 7 -16 5 -16 6 -14 7 -15 7 -14 9 -17 9 -12 9 -12 9 -10 9 -13 8 -12 8 -13 8 -12 9 -12 7 -10 8 0 0 0 0 0 0 0 0 0 0 -1 -1 -1 -1 22 -2 23 -2 22 -6 19 -7 17 3 15 2 16 2 16 3 15 2 12 1 14 0 12 -1 15 -2 14 0 14 0 13 -1 14 -1 13 -1 11 -1 12 -3 12 -4 12 -2 9 -4 10 -2 10 -1 10 -3 10 -2 10 -3 11 -1 10 -3 9 -6 9 -2 9 -1 7 -2 8 -2 8 -1 8 -1 7 0 6 0 6 0 5 1 5 2 4 3 4 2 3 2 3 2 2 3 1 3 0 3 1 3 -1 3 -1 4 -2 4 -4 4 -4 4 -5 3 -5 3 -1 -1 -1 -1 -1 -1 -1 -1 -1 -1 -1 -1 -1 -1 -1 -1 -1 -1 0 0 0 0 -32 28 -30 27 -34 31 -35 28 -34 28 -31 22 -37 26 -30 23 -37 30 -39 21 -42 23 -40 22 -43 24 -42 23 -34 18 -37 22 -35 24 -38 20 -31 19 -33 17 -32 14 -32 21 -33 14 -33 17 -39 16 -31 18 -25 28 -31 17 -29 18 -25 18 -24 18 -28 17 -25 21 -24 19 -23 21 -22 22 -21 19 -20 21 -22 19 -20 22 -18 20 -13 23 -15 20 -16 23 -14 19 -11 21 -13 19 -11 22 -10 21 -14 21 -13 20 -12 19 -12 19 -2 24 0 27 0 26 5 26 -1 -1 ]
CSI_DATA,STA,08:3A:F2:51:5D:9D,-50,11,1,0,1,1,1,0,0,0,0,-93,0,6,1,9537631,0,110,0,0,9.770192,384,[110 96 6 0 0 0 0 0 0 0 0 0 -25 3 -24 3 -27 4 -29 1 -27 1 -23 -1 -26 0 -24 -1 -25 0 -25 -3 -28 -4 -28 -3 -27 -3 -27 -5 -23 -5 -28 -2 -24 -4 -23 -5 -23 -4 -21 -4 -22 -4 -23 -4 -19 -6 -22 -5 -24 -5 -21 -3 0 0 -22 -3 -21 0 -22 -1 -20 0 -19 -3 -19 0 -20 -1 -18 0 -19 1 -16 4 -18 3 -16 1 -17 2 -16 4 -16 3 -16 5 -18 5 -14 6 -15 6 -13 7 -15 5 -14 5 -14 5 -14 6 -14 4 -12 6 0 0 0 0 0 0 0 0 0 0 -1 -1 -1 -1 22 1 24 1 23 -4 20 -3 15 6 14 5 16 5 15 6 14 4 12 3 14 4 12 1 15 1 14 2 15 2 14 2 15 1 13 1 11 1 13 0 13 -2 13 0 10 -2 11 0 11 0 11 -1 11 0 10 -2 12 0 11 -1 10 -6 10 -1 10 0 8 -1 9 -1 8 1 8 -1 7 0 6 0 7 0 6 0 6 2 5 2 4 2 3 2 4 2 2 2 2 2 1 2 1 2 0 2 -1 2 -2 3 -3 2 -4 2 -4 2 -5 1 -1 -1 -1 -1 -1 -1 -1 -1 -1 -1 -1 -1 -1 -1 -1 -1 -1 -1 0 0 0 0 -35 21 -32 20 -38 22 -39 19 -38 19 -33 15 -38 17 -32 16 -40 20 -40 14 -42 15 -41 15 -44 16 -43 14 -36 11 -40 13 -38 15 -40 11 -32 12 -34 10 -32 8 -34 13 -33 8 -34 10 -39 8 -31 11 -27 24 -33 11 -31 11 -28 12 -26 12 -29 11 -26 15 -26 13 -26 15 -25 17 -22 16 -23 17 -23 14 -23 17 -21 16 -17 19 -18 16 -20 19 -17 16 -15 17 -16 17 -13 19 -13 18 -17 17 -15 17 -14 16 -15 16 -6 24 -4 27 -3 27 1 27 -1 -1 ]
CSI_DATA,STA,08:3A:F2:51:5D:9D,-50,11,1,0,1,1,1,0,0,0,0,-93,0,6,1,9760029,0,110,0,0,9.926567,384,[110 96 6 0 0 0 0 0 0 0 0 0 3 21 3 20 5 23 1 25 2 23 0 20 1 23 0 20 1 21 -1 22 -2 24 -1 24 -2 23 -3 23 -4 19 -1 24 -3 20 -4 20 -3 19 -2 18 -3 18 -3 20 -5 17 -4 19 -4 21 -2 18 0 0 -2 18 1 18 0 19 1 17 -1 16 1 17 0 17 1 15 2 16 4 13 3 15 1 14 2 14 4 13 4 13 5 13 5 16 6 11 6 12 7 10 5 12 6 12 6 12 6 11 4 11 5 10 0 0 0 0 0 0 0 0 0 0 -1 -1 -1 -1 -3 -22 -2 -24 -5 -22 -6 -19 4 -16 3 -14 2 -17 4 -16 2 -15 2 -12 1 -14 0 -12 -1 -15 0 -15 1 -15 0 -15 -1 -16 -1 -14 -1 -12 -3 -14 -4 -13 -2 -13 -4 -10 -3 -12 -2 -12 -4 -12 -3 -12 -5 -12 -3 -13 -4 -12 -8 -10 -4 -12 -4 -11 -4 -9 -4 -10 -3 -10 -4 -10 -4 -9 -4 -9 -2 -9 -3 -8 -1 -9 -2 -9 -2 -9 -2 -7 -2 -6 -1 -6 -2 -6 0 -5 -1 -5 0 -5 0 -4 -1 -4 0 -3 0 -3 0 -2 0 -2 -1 -1 -1 -1 -1 -1 -1 -1 -1 -1 -1 -1 -1 -1 -1 -1 -1 -1 -1 -1 0 0 19 30 18 27 22 31 18 31 20 32 14 27 16 33 15 27 21 34 14 35 14 38 14 36 15 38 14 37 10 29 14 34 16 31 13 34 12 26 11 29 8 27 14 28 8 29 10 29 9 34 11 27 22 24 11 27 12 26 12 22 13 21 11 24 16 22 13 21 15 20 17 20 13 18 16 19 14 20 16 19 16 17 18 12 15 13 19 14 14 13 17 11 16 12 17 10 18 9 17 13 17 12 16 11 16 11 22 2 26 -1 25 0 24 -7 -1 -1 ]
CSI_DATA,STA,08:3A:F2:51:5D:9D,-51,11,1,0,1,1,1,0,0,0,0,-93,0,6,1,9770774,0,110,0,0,9.937578,384,[110 96 6 0 0 0 0 0 0 0 0 0 -20 13 -19 13 -22 15 -25 14 -22 12 -21 9 -22 11 -21 9 -22 10 -23 8 -26 9 -25 10 -25 9 -25 7 -22 5 -25 8 -23 6 -22 4 -22 5 -20 5 -21 4 -22 5 -19 2 -22 4 -23 4 -21 6 0 0 -21 5 -19 7 -20 7 -18 7 -18 4 -18 6 -19 6 -16 6 -17 7 -14 8 -15 9 -15 6 -15 7 -14 8 -14 8 -13 9 -16 9 -12 10 -12 9 -10 10 -12 9 -12 9 -12 9 -11 10 -11 8 -10 8 0 0 0 0 0 0 0 0 0 0 -1 -1 -1 -1 23 1 24 0 25 -5 21 -3 17 4 16 4 17 3 18 5 16 3 14 2 15 2 14 0 16 0 15 1 16 1 15 -1 16 -1 15 0 13 0 14 -2 15 -4 14 0 12 -3 12 -1 13 0 13 -2 12 -1 13 -4 14 -1 13 -4 11 -7 13 -3 12 -1 12 -2 12 -3 12 -1 12 -2 10 -2 11 -1 10 -1 10 -1 10 0 10 1 10 1 9 1 8 0 7 1 7 2 6 1 6 1 5 2 5 2 4 3 3 3 3 3 2 3 1 3 0 0 0 0 -1 -1 -1 -1 -1 -1 -1 -1 -1 -1 0 0 0 0 -1 -1 -1 -1 -24 33 -22 33 -27 35 -30 35 -27 32 -25 27 -29 31 -25 28 -31 34 -32 27 -34 31 -32 30 -35 31 -35 29 -30 24 -33 25 -32 28 -34 22 -28 23 -30 21 -29 19 -30 23 -29 18 -29 21 -34 20 -27 22 -20 30 -29 21 -27 20 -25 21 -22 19 -26 20 -23 21 -22 21 -22 22 -21 23 -17 21 -18 23 -19 20 -19 23 -17 22 -13 23 -14 21 -16 24 -13 21 -12 21 -12 20 -10 22 -11 21 -13 21 -12 21 -11 20 -11 20 -4 23 -1 29 0 29 3 27 -1 -1 ]
CSI_DATA,STA,08:3A:F2:51:5D:9D,-50,11,1,0,1,1,1,0,0,0,0,-93,0,6,1,9771986,0,110,0,0,9.949833,384,[110 96 6 0 0 0 0 0 0 0 0 0 0 -25 0 -24 -1 -27 3 -29 2 -26 4 -23 3 -25 3 -23 3 -24 5 -24 6 -27 5 -27 6 -26 7 -25 7 -21 6 -26 7 -23 8 -21 7 -21 6 -20 7 -20 7 -21 8 -18 7 -21 8 -22 5 -21 0 0 6 -20 3 -20 4 -21 2 -19 5 -18 3 -19 4 -19 3 -18 2 -18 -1 -16 -1 -18 1 -16 0 -17 -1 -17 -1 -16 -3 -17 -2 -19 -4 -15 -3 -16 -4 -14 -3 -16 -3 -15 -3 -15 -4 -15 -2 -14 -4 -13 0 0 0 0 0 0 0 0 0 0 -1 -1 -1 -1 -11 21 -10 21 -7 23 -6 20 -13 13 -12 13 -11 13 -13 13 -11 12 -9 11 -9 13 -6 12 -8 14 -8 13 -9 14 -7 13 -7 15 -7 13 -6 11 -6 13 -4 14 -7 13 -3 12 -5 12 -5 11 -4 12 -5 12 -3 12 -6 12 -3 13 1 14 -4 13 -5 12 -4 11 -3 11 -5 11 -4 11 -4 10 -4 10 -4 10 -4 9 -5 9 -6 8 -5 8 -5 7 -4 8 -5 6 -6 6 -6 5 -5 5 -5 3 -5 4 -5 2 -6 1 -5 0 -5 0 -5 0 0 0 0 0 -1 -1 -1 -1 -1 -1 -1 -1 -1 -1 0 0 0 0 -1 -1 -1 -1 -14 -39 -15 -37 -15 -42 -13 -44 -12 -40 -10 -37 -10 -41 -11 -36 -12 -44 -6 -41 -8 -45 -8 -44 -8 -47 -6 -45 -5 -38 -5 -42 -8 -43 -3 -41 -5 -36 -3 -36 -2 -34 -6 -37 -2 -34 -4 -35 -1 -40 -6 -35 -17 -32 -5 -35 -4 -33 -7 -32 -7 -29 -5 -33 -9 -31 -7 -29 -9 -30 -11 -28 -10 -24 -12 -26 -9 -27 -12 -27 -12 -27 -15 -22 -13 -23 -15 -25 -13 -21 -14 -20 -13 -20 -16 -20 -15 -20 -14 -22 -14 -20 -14 -19 -13 -20 -20 -13 -26 -13 -27 -13 -26 -8 -1 -1 ]
CSI_DATA,STA,08:3A:F2:51:5D:9D,-51,11,1,0,1,1,1,0,0,0,0,-93,0,6,1,9772385,0,110,0,0,9.960985,384,[110 96 6 0 0 0 0 0 0 0 0 0 20 -2 20 -2 22 -2 25 1 22 0 19 2 21 2 20 2 20 2 20 3 23 3 23 2 22 3 22 4 18 5 22 4 20 4 17 6 18 5 17 5 18 5 18 5 15 6 18 5 19 5 18 3 0 0 17 4 17 2 18 2 16 1 16 3 16 2 16 2 15 1 16 1 13 -2 15 -2 14 0 14 -1 13 -2 13 -2 14 -3 15 -2 12 -4 13 -3 11 -5 13 -3 12 -3 12 -3 12 -5 11 -3 10 -4 0 0 0 0 0 0 0 0 0 0 -1 -1 -1 -1 -16 -14 -17 -13 -21 -11 -16 -10 -12 -13 -12 -12 -13 -12 -12 -14 -11 -11 -10 -9 -12 -10 -11 -8 -13 -9 -12 -9 -13 -9 -13 -7 -14 -8 -13 -8 -11 -7 -13 -7 -14 -6 -12 -8 -12 -5 -12 -6 -11 -7 -12 -5 -11 -6 -12 -4 -12 -6 -13 -4 -13 -2 -13 -5 -12 -6 -12 -5 -11 -5 -11 -6 -11 -6 -11 -5 -10 -6 -9 -6 -9 -5 -9 -6 -9 -6 -8 -6 -7 -6 -7 -5 -6 -5 -7 -6 -5 -6 -4 -6 -4 -6 -3 -6 -3 -6 -2 -5 -2 -6 -1 -5 0 -4 0 0 0 0 -1 -1 -1 -1 -1 -1 -1 -1 -1 -1 0 0 0 0 -1 -1 -1 -1 34 -13 34 -14 37 -12 40 -11 36 -9 33 -7 38 -7 33 -8 40 -8 37 -5 40 -7 39 -7 42 -7 40 -5 35 -3 38 -2 39 -5 36 1 33 -3 32 0 32 0 34 -2 30 0 32 -3 35 0 31 -5 29 -12 32 -2 30 -2 30 -5 25 -5 30 -3 28 -6 27 -5 28 -7 27 -7 22 -8 24 -10 24 -8 25 -10 24 -10 21 -12 21 -11 23 -11 19 -11 19 -11 19 -10 19 -13 19 -12 20 -11 18 -12 17 -12 18 -11 14 -15 15 -21 15 -22 13 -21 -1 -1 ]
CSI_DATA,STA,08:3A:F2:51:5D:9D,-51,11,1,0,1,1,1,0,0,0,0,-93,0,6,1,9772839,0,110,0,0,9.971408,384,[110 96 6 0 0 0 0 0 0 0 0 0 7 22 7 21 9 24 6 27 6 24 3 22 4 24 3 22 3 23 2 23 2 26 3 26 2 25 1 25 -1 21 2 26 0 22 -1 21 0 22 -1 20 -1 21 -1 22 -3 18 0 21 -1 23 1 20 0 0 0 20 3 19 2 20 3 18 0 18 2 18 2 19 2 17 3 18 5 14 6 16 3 15 4 15 6 14 5 14 7 14 7 16 7 12 7 13 7 11 6 13 7 12 7 13 8 12 5 12 7 10 0 0 0 0 0 0 0 0 0 0 -1 -1 -1 -1 -1 -24 -1 -24 -5 -25 -4 -20 6 -17 5 -16 4 -17 6 -18 3 -15 3 -14 3 -15 1 -13 1 -16 1 -16 2 -16 1 -15 -1 -17 0 -15 1 -14 -1 -14 -3 -15 0 -14 -3 -12 -1 -13 -1 -13 -3 -13 -1 -13 -4 -13 -1 -14 -2 -14 -8 -13 -2 -14 -1 -13 -3 -12 -2 -12 -1 -12 -2 -12 -1 -11 -2 -12 0 -11 -1 -10 1 -11 0 -11 1 -10 1 -10 1 -9 2 -8 1 -9 3 -7 2 -6 3 -6 3 -6 2 -6 3 -4 3 -4 3 -3 3 -2 0 0 0 0 -1 -1 -1 -1 -1 -1 -1 -1 -1 -1 0 0 0 0 -1 -1 -1 -1 26 27 26 26 27 30 27 32 25 29 21 27 23 32 21 26 26 33 20 33 23 36 22 34 24 37 22 36 17 31 19 33 22 32 17 34 17 27 15 30 13 28 18 29 13 29 16 29 15 35 16 27 29 21 15 28 15 27 17 24 15 22 16 25 18 22 16 22 18 22 19 21 17 18 19 19 17 20 20 18 19 17 20 13 18 14 21 15 17 13 18 11 17 13 20 11 19 10 19 13 19 12 18 11 18 12 23 3 28 0 28 -1 26 -5 -1 -1 ]
CSI_DATA,STA,08:3A:F2:51:5D:9D,-51,11,1,0,1,1,1,0,0,0,0,-93,0,6,1,9773339,0,110,0,0,9.981351,384,[110 96 6 0 0 0 0 0 0 0 0 0 -17 12 -17 11 -19 13 -23 12 -20 11 -18 8 -20 9 -19 8 -19 8 -20 7 -23 8 -22 9 -22 8 -22 7 -19 4 -22 8 -20 6 -19 4 -19 5 -18 4 -19 4 -19 4 -17 2 -19 5 -20 5 -18 6 0 0 -18 5 -16 7 -17 7 -15 7 -16 4 -16 6 -16 6 -14 6 -15 7 -12 8 -13 9 -13 6 -12 7 -12 8 -12 8 -11 9 -13 9 -10 9 -10 9 -8 9 -10 8 -10 8 -10 8 -9 9 -9 8 -8 8 0 0 0 0 0 0 0 0 0 0 -1 -1 -1 -1 20 -4 20 -5 20 -8 17 -7 15 1 14 0 15 0 15 2 13 0 11 0 13 -1 11 -2 13 -3 12 -2 13 -2 13 -3 13 -3 12 -3 11 -2 12 -4 12 -6 12 -3 9 -5 10 -3 10 -3 10 -4 10 -3 10 -5 11 -3 10 -5 8 -9 11 -5 10 -4 9 -4 9 -4 10 -3 9 -4 8 -4 8 -3 8 -3 8 -3 9 -2 8 -1 8 -1 7 0 7 -2 6 0 6 0 6 0 5 0 5 1 5 1 4 2 3 2 3 3 2 2 2 2 0 0 0 0 -1 -1 -1 -1 -1 -1 -1 -1 -1 -1 0 0 0 0 -1 -1 -1 -1 -19 29 -18 28 -21 31 -24 30 -22 28 -20 24 -24 27 -20 24 -24 30 -26 25 -28 28 -26 27 -28 29 -28 26 -24 22 -27 24 -25 26 -28 22 -22 20 -24 20 -23 18 -23 21 -24 17 -24 20 -28 20 -21 21 -14 29 -23 19 -22 19 -19 19 -17 18 -21 19 -17 20 -17 19 -16 20 -15 21 -13 19 -13 21 -14 19 -13 21 -13 20 -8 21 -10 19 -11 22 -9 19 -7 19 -8 18 -6 20 -6 18 -9 19 -8 19 -7 18 -8 18 1 21 4 24 5 24 8 23 -1 -1 ]
CSI_DATA,STA,08:3A:F2:51:5D:9D,-51,11,1,0,1,1,1,0,0,0,0,-93,0,6,1,9776867,0,110,0,0,9.991499,384,[110 96 6 0 0 0 0 0 0 0 0 0 -9 -22 -9 -21 -11 -24 -8 -27 -8 -24 -5 -22 -6 -24 -5 -22 -6 -23 -4 -24 -4 -27 -6 -26 -4 -26 -3 -25 -1 -22 -5 -26 -3 -23 -1 -22 -2 -22 -2 -20 -2 -21 -2 -22 0 -19 -2 -22 -2 -23 -3 -20 0 0 -3 -20 -5 -19 -5 -20 -6 -18 -3 -18 -5 -19 -5 -19 -5 -17 -6 -18 -8 -14 -8 -16 -5 -15 -6 -15 -8 -14 -7 -14 -9 -14 -9 -16 -9 -12 -9 -12 -9 -10 -8 -13 -9 -12 -9 -13 -10 -12 -8 -12 -8 -10 0 0 0 0 0 0 0 0 0 0 -1 -1 -1 -1 -6 22 -5 22 -2 24 -2 19 -8 16 -7 15 -6 16 -8 17 -5 15 -5 13 -5 15 -3 13 -3 16 -3 14 -4 15 -2 15 -2 16 -2 15 -2 13 -1 14 1 14 -2 13 1 12 -1 13 -2 13 0 13 -2 12 2 13 -1 14 1 13 4 12 0 13 0 13 1 12 0 11 -1 12 0 12 0 11 -1 11 -2 11 -2 10 -2 11 -3 10 -2 10 -3 9 -3 8 -4 7 -4 8 -5 6 -4 6 -5 5 -5 5 -5 4 -5 3 -6 3 -5 2 -6 1 0 0 0 0 -1 -1 -1 -1 -1 -1 -1 -1 -1 -1 0 0 0 0 -1 -1 -1 -1 -26 -33 -26 -31 -27 -35 -26 -38 -24 -35 -21 -32 -23 -38 -22 -32 -25 -39 -19 -39 -22 -41 -22 -39 -23 -42 -21 -41 -17 -36 -18 -38 -21 -38 -15 -39 -17 -33 -15 -35 -12 -33 -17 -35 -12 -33 -15 -34 -15 -39 -17 -31 -24 -27 -15 -33 -16 -30 -18 -28 -16 -26 -16 -30 -18 -28 -17 -27 -19 -26 -19 -25 -17 -21 -20 -22 -18 -23 -21 -22 -20 -22 -22 -17 -20 -18 -23 -20 -20 -16 -20 -16 -19 -16 -22 -15 -21 -14 -20 -17 -21 -15 -19 -14 -19 -15 -22 -8 -28 -6 -28 -7 -27 -3 -1 -1 ]
CSI_DATA,STA,08:3A:F2:51:5D:9D,-51,11,1,0,1,1,1,0,0,0,0,-93,0,6,1,9778645,0,110,0,0,10.2572,384,[110 96 6 0 0 0 0 0 0 0 0 0 -20 11 -19 11 -22 12 -26 11 -23 10 -21 7 -23 8 -21 7 -22 7 -23 6 -26 7 -25 8 -24 7 -24 5 -21 3 -25 7 -22 4 -21 3 -21 4 -20 3 -21 3 -21 3 -19 1 -21 3 -23 4 -20 5 0 0 -20 4 -18 6 -19 6 -17 7 -18 4 -17 5 -18 5 -16 5 -17 6 -13 8 -14 9 -14 6 -14 7 -13 8 -13 8 -13 9 -15 10 -11 9 -11 9 -9 9 -12 8 -11 8 -11 9 -10 10 -11 8 -9 8 0 0 0 0 0 0 0 0 0 0 -1 -1 -1 -1 21 -5 21 -5 20 -10 18 -9 16 2 15 1 15 0 16 2 14 0 12 0 14 -1 11 -2 14 -3 13 -2 14 -2 13 -3 14 -4 12 -4 11 -2 12 -4 11 -6 12 -4 9 -5 10 -4 10 -3 10 -5 11 -3 10 -6 12 -4 11 -5 8 -11 11 -5 11 -4 9 -5 10 -5 10 -3 10 -5 9 -4 9 -3 9 -3 9 -3 10 -2 9 -2 9 -1 8 -1 8 -1 7 0 7 -1 6 1 6 1 6 2 5 2 4 2 3 2 3 3 2 3 2 4 0 0 0 0 -1 -1 -1 -1 -1 -1 -1 -1 -1 -1 0 0 0 0 -1 -1 -1 -1 -23 30 -21 30 -25 31 -27 30 -25 29 -23 24 -28 28 -23 24 -28 31 -30 25 -32 28 -30 27 -32 29 -31 27 -27 22 -29 24 -28 26 -30 23 -24 21 -27 20 -26 17 -25 22 -27 17 -26 20 -31 20 -24 21 -16 32 -25 20 -23 20 -20 20 -19 19 -23 20 -19 21 -19 19 -18 21 -17 23 -15 19 -15 22 -16 20 -14 22 -14 21 -8 21 -10 20 -12 23 -10 20 -8 20 -9 19 -7 20 -6 20 -10 20 -8 20 -8 19 -9 19 2 22 6 26 5 26 9 23 -1 -1 ]
CSI_DATA,STA,08:3A:F2:51:5D:9D,-51,11,1,0,1,1,1,0,0,0,0,-93,0,6,1,9779089,0,110,0,0,10.12778,384,[110 96 6 0 0 0 0 0 0 0 0 0 -23 1 -22 1 -26 1 -27 -1 -25 -1 -21 -3 -24 -3 -22 -3 -23 -3 -23 -5 -26 -5 -26 -4 -25 -5 -24 -6 -20 -7 -26 -5 -22 -6 -20 -7 -21 -6 -19 -6 -20 -6 -21 -6 -17 -8 -20 -6 -22 -7 -20 -5 0 0 -20 -5 -20 -2 -20 -3 -18 -2 -17 -5 -18 -3 -19 -3 -17 -2 -18 -2 -15 1 -17 1 -15 -1 -16 0 -15 1 -15 1 -16 3 -18 2 -14 3 -14 3 -13 4 -14 2 -14 3 -14 3 -14 4 -13 2 -12 3 0 0 0 0 0 0 0 0 0 0 -1 -1 -1 -1 22 0 21 0 22 -3 18 -5 13 6 12 5 13 5 12 7 11 5 10 3 11 3 10 2 13 2 12 3 12 3 11 2 13 1 12 2 10 2 11 0 11 -2 11 1 9 -2 10 0 10 1 10 -1 10 1 10 -2 12 1 11 -1 10 -8 11 -1 10 0 9 -1 9 -1 10 1 10 0 8 0 8 0 8 1 8 0 8 2 8 3 8 3 7 2 7 1 5 2 6 2 4 3 4 2 3 4 4 3 3 3 2 4 1 4 0 4 0 4 0 0 0 0 -1 -1 -1 -1 -1 -1 -1 -1 -1 -1 0 0 0 0 -1 -1 -1 -1 -29 19 -27 18 -31 20 -32 18 -31 17 -27 15 -32 15 -27 15 -33 19 -34 12 -36 14 -34 14 -37 16 -36 14 -30 11 -32 12 -31 15 -33 11 -26 11 -29 10 -28 6 -28 12 -28 7 -29 9 -34 8 -27 11 -22 28 -28 10 -27 11 -23 11 -22 11 -25 11 -23 13 -22 11 -22 13 -21 14 -19 12 -19 14 -20 12 -19 15 -19 14 -13 16 -15 14 -16 16 -15 13 -13 14 -14 14 -12 15 -12 14 -15 15 -14 14 -13 14 -13 14 -3 22 -1 26 -1 26 5 25 -1 -1 ]
CSI_DATA,STA,08:3A:F2:51:5D:9D,-51,11,1,0,1,1,1,0,0,0,0,-93,0,6,1,9779526,0,110,0,0,10.23030,384,[110 96 6 0 0 0 0 0 0 0 0 0 -15 -18 -15 -17 -17 -19 -16 -23 -15 -21 -11 -19 -13 -21 -12 -19 -12 -20 -11 -21 -12 -24 -13 -23 -11 -23 -10 -23 -7 -20 -12 -23 -9 -21 -7 -20 -8 -20 -8 -19 -8 -19 -9 -20 -5 -18 -7 -20 -8 -21 -9 -18 0 0 -9 -18 -10 -17 -10 -18 -10 -16 -7 -17 -10 -16 -10 -17 -9 -14 -10 -15 -11 -12 -11 -13 -9 -13 -10 -13 -11 -11 -11 -11 -12 -10 -13 -13 -11 -9 -11 -9 -12 -7 -11 -10 -11 -9 -11 -9 -12 -9 -10 -9 -10 -8 0 0 0 0 0 0 0 0 0 0 -1 -1 -1 -1 7 20 9 20 12 20 9 16 0 15 0 14 1 15 -1 16 1 13 1 11 1 13 3 11 3 13 3 12 3 13 3 12 5 13 4 12 3 11 5 11 7 10 3 11 6 9 3 10 3 10 5 10 4 10 6 9 4 11 6 10 10 7 5 10 4 10 5 9 4 9 4 10 4 10 3 8 3 9 2 9 2 8 2 9 2 9 1 9 1 8 1 7 0 7 0 7 -2 7 -2 6 -3 6 -3 5 -3 5 -3 4 -4 4 -4 3 -5 2 0 0 0 0 -1 -1 -1 -1 -1 -1 -1 -1 -1 -1 0 0 0 0 -1 -1 -1 -1 -33 -14 -34 -14 -35 -16 -36 -18 -33 -18 -29 -16 -32 -20 -30 -16 -37 -20 -31 -22 -34 -23 -33 -21 -36 -22 -34 -23 -28 -21 -29 -23 -32 -20 -28 -24 -26 -18 -25 -22 -23 -21 -28 -20 -23 -21 -25 -20 -27 -24 -26 -17 -35 -6 -26 -20 -25 -19 -25 -15 -22 -15 -25 -17 -25 -15 -24 -15 -26 -14 -25 -12 -22 -11 -24 -9 -23 -11 -25 -9 -25 -9 -23 -5 -22 -6 -24 -7 -22 -6 -21 -5 -21 -6 -22 -3 -21 -3 -22 -6 -22 -4 -20 -4 -21 -5 -21 6 -26 10 -26 10 -23 12 -1 -1 ]
CSI_DATA,STA,08:3A:F2:51:5D:9D,-47,11,0,0,0,0,0,0,0,0,0,-93,0,6,1,9782170,0,110,0,0,10.33910,128,[110 96 6 0 0 0 0 0 0 0 0 0 -23 -11 -22 -12 -24 -13 -24 -13 -23 -13 -20 -13 -21 -14 -19 -14 -21 -14 -20 -15 -21 -15 -21 -16 -20 -15 -20 -15 -17 -14 -21 -15 -17 -14 -17 -14 -17 -14 -17 -13 -16 -13 -17 -13 -14 -13 -17 -12 -18 -12 -17 -12 0 0 -17 -10 -17 -10 -17 -9 -17 -9 -15 -8 -16 -8 -16 -7 -15 -7 -16 -6 -16 -7 -16 -6 -15 -5 -15 -5 -15 -5 -15 -5 -15 -4 -16 -4 -15 -4 -14 -3 -14 -3 -14 -3 -14 -3 -14 -2 -14 -2 -14 -2 -13 -2 0 0 0 0 0 0 0 0 0 0 ]
CSI_DATA,STA,08:3A:F2:51:5D:9D,-50,11,1,0,1,1,1,0,0,0,0,-93,0,6,1,9872771,0,110,0,0,10.42756,384,[110 96 6 0 0 0 0 0 0 0 0 0 -4 -21 -4 -21 -5 -24 -2 -26 -2 -24 0 -21 0 -24 0 -21 0 -22 1 -22 2 -25 1 -25 2 -24 3 -23 3 -20 2 -24 3 -22 4 -20 3 -20 3 -19 3 -19 3 -20 5 -17 3 -20 4 -21 2 -19 0 0 2 -19 -1 -19 0 -20 -1 -18 2 -17 0 -18 0 -18 -1 -16 -1 -18 -3 -15 -4 -16 -1 -15 -2 -15 -4 -15 -3 -15 -5 -15 -5 -17 -5 -14 -5 -14 -6 -12 -4 -14 -5 -14 -5 -14 -6 -14 -4 -13 -5 -12 0 0 0 0 0 0 0 0 0 0 -1 -1 -1 -1 2 22 3 21 8 22 5 18 -5 13 -5 13 -5 13 -6 14 -4 12 -4 11 -3 12 -1 10 -2 13 -2 12 -3 12 -2 12 -1 13 -1 12 -1 10 0 11 1 11 -1 11 1 9 -1 9 -1 9 0 10 -1 9 1 9 0 10 1 10 7 10 0 10 -1 9 1 8 0 8 -1 8 0 8 0 7 -1 7 -1 7 -1 6 -1 6 -1 6 -1 5 -2 4 -1 4 -2 3 -2 3 -2 3 -1 2 -2 1 -2 1 -2 0 -2 0 -1 -1 -1 -1 -1 -1 -1 -1 -1 -1 -1 -1 -1 -1 -1 -1 -1 -1 -1 -1 -1 -1 -1 -1 0 0 0 0 -22 -22 -23 -21 -22 -24 -23 -26 -20 -24 -18 -22 -18 -26 -18 -22 -22 -27 -17 -27 -19 -29 -19 -27 -21 -29 -19 -28 -16 -25 -15 -27 -19 -26 -14 -28 -15 -22 -13 -25 -11 -24 -15 -24 -11 -23 -14 -23 -13 -27 -15 -22 -31 -14 -14 -24 -13 -22 -15 -20 -13 -19 -15 -22 -16 -19 -14 -19 -16 -18 -17 -17 -14 -14 -17 -15 -15 -16 -17 -15 -17 -15 -18 -11 -16 -13 -18 -14 -16 -12 -16 -11 -16 -12 -17 -10 -17 -10 -16 -12 -17 -11 -16 -10 -16 -11 -22 1 -27 4 -28 4 -24 7 -1 -1 ]
CSI_DATA,STA,08:3A:F2:51:5D:9D,-50,11,1,0,1,1,1,0,0,0,0,-93,0,6,1,9876215,0,110,0,0,10.54008,384,[110 96 6 0 0 0 0 0 0 0 0 0 21 -7 19 -7 23 -8 25 -6 23 -6 20 -3 22 -4 21 -3 21 -3 22 -2 24 -2 24 -3 24 -2 23 -1 19 1 24 -2 21 -1 20 1 20 0 19 0 19 1 20 1 17 2 20 0 21 1 19 -1 0 0 19 0 18 -3 19 -2 17 -3 17 0 17 -2 18 -2 16 -3 17 -4 14 -6 15 -6 14 -3 15 -4 14 -6 14 -5 13 -7 16 -7 12 -7 13 -7 11 -8 13 -6 12 -7 13 -7 12 -8 12 -6 10 -7 0 0 0 0 0 0 0 0 0 0 -1 -1 -1 -1 -24 -4 -24 -3 -25 0 -20 0 -16 -8 -16 -7 -17 -7 -17 -9 -15 -7 -13 -5 -15 -5 -13 -4 -16 -4 -15 -5 -16 -5 -15 -3 -17 -3 -15 -4 -13 -3 -14 -2 -15 0 -14 -3 -13 0 -13 -2 -13 -3 -13 -1 -12 -3 -13 0 -14 -2 -13 0 -12 4 -13 -1 -12 -1 -11 0 -11 -1 -11 -2 -11 -1 -10 -1 -10 -1 -9 -2 -8 -1 -8 -2 -8 -2 -8 -3 -7 -3 -6 -2 -5 -2 -6 -2 -4 -2 -4 -2 -3 -3 -2 -2 -2 -2 -1 -2 -1 -2 0 -2 1 -1 -1 -1 -1 -1 -1 -1 -1 -1 -1 -1 -1 -1 -1 -1 -1 -1 -1 -1 0 0 0 0 28 -24 26 -24 30 -25 33 -24 31 -22 28 -20 33 -20 27 -19 34 -23 34 -17 36 -20 34 -20 37 -21 36 -19 31 -16 34 -16 33 -19 34 -14 28 -15 30 -13 29 -11 30 -16 29 -10 29 -14 34 -13 27 -15 23 -25 29 -14 27 -14 25 -16 22 -14 26 -14 24 -17 23 -15 23 -18 23 -18 19 -16 19 -18 21 -17 20 -19 19 -19 14 -20 15 -18 17 -20 14 -18 14 -19 14 -17 13 -20 12 -19 15 -18 13 -19 12 -17 13 -18 5 -22 3 -28 3 -28 -1 -26 -1 -1 ]
CSI_DATA,STA,08:3A:F2:51:5D:9D,-50,11,1,0,1,1,1,0,0,0,0,-93,0,6,1,9883712,0,110,0,0,10.64694,384,[110 96 6 0 0 0 0 0 0 0 0 0 21 -6 20 -6 23 -8 25 -5 23 -5 20 -3 23 -3 21 -3 22 -4 22 -1 25 0 25 -1 24 0 23 1 19 1 24 -2 21 0 20 2 19 0 19 0 19 1 20 0 18 3 20 1 21 1 19 0 0 0 19 -1 18 -3 19 -2 17 -3 17 -1 17 -3 18 -2 16 -3 17 -4 14 -5 16 -5 14 -3 15 -4 14 -6 14 -5 14 -7 16 -7 12 -7 13 -7 11 -8 13 -7 12 -7 13 -7 12 -8 12 -6 11 -7 0 0 0 0 0 0 0 0 0 0 -1 -1 -1 -1 -24 -4 -24 -4 -24 0 -20 1 -17 -8 -16 -7 -18 -7 -17 -8 -16 -6 -14 -6 -16 -5 -14 -3 -17 -4 -16 -5 -16 -5 -15 -4 -17 -4 -15 -4 -13 -3 -15 -2 -15 0 -15 -2 -12 0 -13 -1 -12 -3 -13 0 -13 -2 -13 0 -14 -2 -14 0 -13 4 -13 -1 -12 -1 -10 0 -11 0 -11 -2 -11 -1 -10 -1 -10 -1 -9 -1 -9 -1 -9 -2 -8 -2 -7 -3 -7 -3 -6 -1 -5 -2 -5 -1 -4 -2 -4 -2 -2 -2 -2 -2 -2 -2 -1 -2 0 -2 0 -1 0 -1 -1 -1 -1 -1 -1 -1 -1 -1 -1 -1 -1 -1 -1 -1 -1 -1 -1 -1 0 0 0 0 30 -22 28 -22 32 -25 33 -22 32 -22 29 -18 34 -20 28 -18 36 -24 36 -15 39 -17 37 -16 40 -18 38 -16 32 -14 35 -16 34 -18 36 -14 28 -15 31 -13 29 -10 31 -16 31 -9 31 -12 36 -10 29 -14 25 -23 30 -13 28 -13 25 -15 23 -15 26 -14 25 -17 24 -15 23 -17 23 -19 20 -15 21 -18 22 -16 21 -18 20 -18 15 -21 16 -18 17 -21 15 -17 14 -19 15 -18 13 -20 12 -20 16 -18 14 -18 14 -17 14 -18 6 -23 4 -27 5 -27 -2 -27 -1 -1 ]
CSI_DATA,STA,08:3A:F2:51:5D:9D,-50,11,1,0,1,1,1,0,0,0,0,-93,0,6,1,9884289,0,110,0,0,10.75311,384,[110 96 6 0 0 0 0 0 0 0 0 0 21 6 20 5 23 6 23 9 22 8 18 8 21 9 19 8 20 8 19 11 21 13 21 12 20 12 19 13 16 11 21 12 17 11 16 12 16 11 15 10 16 10 17 11 13 12 16 12 17 12 16 10 0 0 16 9 17 8 17 8 16 6 14 9 16 7 16 8 15 6 16 6 14 3 15 4 14 5 14 5 14 3 14 3 15 1 17 3 13 1 14 0 13 -1 14 1 14 1 14 1 14 0 13 2 12 0 0 0 0 0 0 0 0 0 0 0 -1 -1 -1 -1 -17 -17 -17 -18 -20 -14 -18 -10 -10 -16 -10 -14 -12 -16 -10 -17 -11 -14 -8 -12 -11 -13 -10 -10 -12 -12 -11 -12 -11 -13 -11 -12 -12 -13 -11 -12 -10 -11 -12 -10 -13 -8 -11 -10 -11 -7 -11 -8 -10 -9 -11 -7 -10 -9 -12 -7 -11 -10 -11 -7 -12 -4 -10 -8 -10 -8 -9 -6 -10 -6 -9 -7 -10 -7 -8 -6 -8 -6 -7 -6 -7 -5 -6 -6 -5 -7 -5 -7 -5 -6 -4 -5 -3 -4 -4 -4 -2 -3 -2 -3 -1 -3 -1 -2 -1 -3 0 -2 0 -1 0 -1 1 0 -1 -1 -1 -1 -1 -1 -1 -1 -1 -1 -1 -1 -1 -1 -1 -1 -1 -1 0 0 0 0 38 -2 35 -3 41 -3 39 0 40 -1 33 1 40 2 33 1 43 0 39 7 42 7 40 7 44 8 41 8 34 7 38 6 38 4 38 8 32 4 33 7 30 8 34 4 31 9 32 8 35 12 32 6 34 -3 31 6 31 4 29 2 27 1 29 4 30 -1 28 1 28 -2 29 -3 25 -2 27 -3 27 0 28 -3 26 -3 24 -9 23 -5 26 -7 21 -6 22 -8 22 -6 22 -10 21 -10 24 -6 22 -7 21 -7 21 -7 18 -15 20 -19 19 -19 14 -23 -1 -1 ]
CSI_DATA,STA,08:3A:F2:51:5D:9D,-50,11,1,0,1,1,1,0,0,0,0,-93,0,6,1,9884745,0,110,0,0,10.85445,384,[110 96 6 0 0 0 0 0 0 0 0 0 0 22 0 20 1 24 -2 25 -1 24 -3 20 -3 23 -3 20 -2 22 -5 22 -6 24 -5 24 -6 23 -7 22 -6 19 -5 24 -5 20 -7 19 -6 19 -5 18 -6 18 -6 20 -8 16 -7 18 -7 20 -5 18 0 0 -5 19 -3 19 -3 19 -2 17 -5 16 -2 17 -3 18 -2 16 -1 17 1 15 0 16 -2 15 -1 15 1 14 1 15 3 15 2 17 3 13 3 14 4 12 2 14 3 13 3 14 4 13 2 13 3 12 0 0 0 0 0 0 0 0 0 0 -1 -1 -1 -1 6 -23 6 -24 2 -24 1 -21 10 -15 9 -14 8 -16 9 -14 7 -14 6 -12 7 -14 5 -13 5 -15 6 -14 7 -14 6 -14 5 -15 5 -14 4 -12 3 -14 1 -14 4 -14 0 -11 2 -12 3 -12 1 -12 4 -12 0 -13 3 -13 1 -12 -2 -12 1 -12 1 -11 1 -10 1 -11 2 -10 1 -10 1 -9 0 -9 2 -9 2 -8 3 -8 2 -7 2 -7 2 -6 1 -6 1 -4 1 -4 2 -3 1 -3 1 -2 1 -2 0 -2 0 -1 0 0 0 0 0 1 -1 -1 -1 -1 -1 -1 -1 -1 -1 -1 -1 -1 -1 -1 -1 -1 -1 -1 0 0 0 0 14 34 14 32 16 36 13 36 14 36 10 31 11 37 10 31 15 39 6 38 7 41 6 40 8 42 7 41 5 33 8 37 9 35 6 37 7 29 5 32 3 30 8 33 2 32 4 32 1 37 6 31 17 29 5 31 7 30 8 27 9 25 6 28 11 27 9 26 10 25 13 25 10 22 11 24 9 25 12 24 12 22 16 18 12 18 15 20 12 17 15 16 13 17 16 16 16 15 14 19 14 17 13 16 13 16 21 10 26 9 25 8 26 2 -1 -1 ]
CSI_DATA,STA,08:3A:F2:51:5D:9D,-50,11,1,0,1,1,1,0,0,0,0,-93,0,6,1,9885155,0,110,0,0,10.95196,384,[110 96 6 0 0 0 0 0 0 0 0 0 -20 10 -19 10 -22 12 -24 9 -22 9 -20 6 -22 8 -20 7 -21 8 -23 5 -25 5 -25 6 -24 5 -24 4 -20 2 -25 6 -21 4 -21 3 -20 3 -19 3 -20 3 -21 3 -19 0 -21 2 -22 2 -19 4 0 0 -20 4 -18 6 -19 5 -17 6 -17 3 -17 6 -18 5 -16 5 -16 7 -14 8 -15 8 -15 5 -14 6 -13 7 -14 8 -13 9 -15 9 -11 9 -11 9 -10 9 -12 8 -11 8 -12 8 -11 9 -12 7 -10 8 0 0 0 0 0 0 0 0 0 0 -1 -1 -1 -1 22 -4 23 -4 21 -7 18 -9 17 3 15 2 17 1 16 3 15 1 12 1 15 0 12 -1 15 -2 14 0 15 0 14 -1 16 -1 14 -1 12 -1 13 -3 12 -5 13 -3 9 -4 11 -3 11 -1 11 -4 11 -2 11 -4 12 -2 11 -4 9 -8 11 -3 10 -3 9 -3 9 -4 9 -2 9 -3 8 -3 7 -2 7 -2 7 -2 7 -1 7 0 6 0 5 -1 4 -1 3 0 3 0 3 0 3 0 2 0 1 0 0 0 -1 1 -1 1 -1 0 -1 0 -1 -1 -1 -1 -1 -1 -1 -1 -1 -1 -1 -1 -1 -1 -1 -1 -1 -1 0 0 0 0 -25 28 -23 27 -26 31 -27 27 -27 28 -24 23 -30 26 -24 23 -29 30 -33 23 -34 25 -33 23 -35 25 -34 23 -28 18 -31 23 -28 24 -32 22 -24 19 -28 19 -27 15 -27 21 -28 16 -28 17 -33 17 -26 19 -19 28 -26 18 -25 19 -21 18 -20 19 -23 18 -21 21 -21 19 -19 20 -18 22 -17 19 -17 20 -19 19 -17 22 -15 20 -10 22 -12 19 -13 22 -12 18 -9 20 -11 19 -9 21 -8 20 -12 20 -10 20 -10 19 -10 19 0 24 3 27 3 26 9 25 -1 -1 ]
CSI_DATA,STA,08:3A:F2:51:5D:9D,-50,11,1,0,1,1,1,0,0,0,0,-93,0,6,1,9885718,0,110,0,0,10.105416,384,[110 96 6 0 0 0 0 0 0 0 0 0 -18 -14 -17 -13 -21 -15 -20 -18 -19 -16 -15 -15 -18 -16 -16 -15 -17 -15 -16 -18 -16 -20 -17 -20 -16 -19 -15 -19 -12 -17 -17 -19 -14 -17 -13 -18 -13 -16 -13 -15 -12 -16 -14 -16 -10 -16 -12 -17 -13 -18 -13 -15 0 0 -13 -14 -15 -13 -15 -14 -15 -12 -12 -13 -14 -12 -14 -13 -14 -10 -15 -11 -14 -8 -15 -9 -12 -10 -13 -9 -14 -7 -14 -7 -15 -6 -17 -8 -14 -5 -14 -5 -13 -3 -14 -5 -14 -5 -14 -5 -14 -4 -13 -6 -12 -4 0 0 0 0 0 0 0 0 0 0 -1 -1 -1 -1 10 21 11 21 13 19 12 15 4 17 5 15 6 17 4 17 6 15 5 13 7 14 7 11 9 14 7 14 6 14 7 13 9 14 8 13 6 11 9 11 10 9 8 11 8 8 8 9 7 10 9 9 7 10 9 8 8 10 8 8 10 6 8 8 8 8 8 6 7 6 6 8 7 7 6 6 6 6 5 6 5 6 4 6 4 6 3 5 3 5 2 4 1 3 2 3 0 3 1 2 0 2 0 1 -1 1 -1 0 -2 0 -2 -1 -2 -2 -1 -1 -1 -1 -1 -1 -1 -1 -1 -1 -1 -1 -1 -1 -1 -1 -1 -1 -1 -1 0 0 -37 -15 -35 -13 -40 -16 -39 -18 -39 -17 -32 -16 -38 -19 -32 -16 -42 -19 -35 -24 -38 -25 -36 -24 -39 -25 -37 -25 -31 -20 -35 -21 -36 -20 -33 -23 -30 -17 -30 -20 -27 -20 -33 -18 -27 -22 -29 -20 -31 -25 -30 -18 -33 -10 -29 -18 -30 -16 -29 -13 -28 -12 -28 -15 -31 -11 -28 -12 -30 -11 -30 -9 -26 -9 -29 -8 -28 -10 -29 -7 -28 -6 -27 -1 -25 -3 -29 -3 -24 -2 -25 0 -24 -2 -25 2 -25 2 -26 -2 -25 -1 -23 -1 -23 -1 -23 7 -25 11 -25 11 -22 15 -1 -1 ]
CSI_DATA,STA,08:3A:F2:51:5D:9D,-50,11,1,0,1,1,1,0,0,0,0,-93,0,6,1,9886191,0,110,0,0,10.116269,384,[110 96 6 0 0 0 0 0 0 0 0 0 4 -25 3 -23 4 -28 7 -28 7 -27 7 -22 8 -25 8 -23 7 -24 10 -24 12 -26 11 -26 11 -25 12 -24 11 -19 11 -27 10 -21 12 -20 10 -20 10 -19 11 -19 10 -21 12 -17 12 -20 12 -21 9 -20 0 0 9 -20 7 -21 7 -20 6 -20 8 -17 6 -19 7 -20 5 -18 5 -19 2 -18 3 -19 5 -16 4 -17 2 -17 2 -18 0 -18 2 -21 -1 -16 -1 -17 -2 -15 0 -17 -1 -16 0 -17 -1 -17 1 -16 -1 -15 0 0 0 0 0 0 0 0 0 0 -1 -1 -1 -1 -17 20 -16 21 -13 23 -11 20 -17 11 -16 11 -16 12 -17 11 -14 11 -13 9 -13 12 -11 11 -12 14 -12 12 -13 12 -12 13 -12 14 -11 12 -10 11 -10 13 -8 14 -11 12 -6 11 -9 11 -9 10 -7 12 -9 11 -7 12 -9 11 -7 12 -3 14 -8 12 -8 11 -6 10 -6 10 -7 9 -6 9 -6 8 -6 8 -6 8 -6 7 -7 6 -6 6 -6 5 -5 4 -5 4 -4 2 -4 3 -4 2 -4 1 -3 1 -3 0 -2 -1 -1 -1 -1 -1 0 -2 0 -2 0 0 0 0 -1 -1 -1 -1 -1 -1 -1 -1 -1 -1 0 0 0 0 -1 -1 -1 -1 -8 -42 -9 -41 -8 -46 -5 -46 -5 -44 -3 -38 -2 -45 -3 -39 -5 -48 2 -45 1 -48 1 -46 1 -49 2 -47 3 -40 2 -44 -1 -44 5 -43 0 -37 4 -38 5 -36 1 -40 6 -36 3 -38 7 -42 0 -37 -11 -37 2 -37 1 -36 -2 -34 -2 -32 0 -35 -3 -34 -2 -33 -4 -33 -5 -33 -5 -30 -7 -31 -4 -30 -8 -31 -7 -30 -12 -27 -9 -26 -11 -30 -10 -25 -11 -25 -10 -25 -13 -25 -13 -24 -9 -27 -11 -25 -10 -23 -10 -24 -20 -19 -25 -20 -25 -19 -27 -14 -1 -1 ]
CSI_DATA,STA,08:3A:F2:51:5D:9D,-50,11,1,0,1,1,1,0,0,0,0,-93,0,6,1,9886663,0,110,0,0,10.126933,384,[110 96 6 0 0 0 0 0 0 0 0 0 21 3 20 2 24 2 25 5 23 4 19 5 22 6 20 5 21 5 21 8 23 9 23 8 22 8 21 9 17 8 23 8 19 8 18 9 18 7 17 7 17 8 19 7 15 9 18 8 19 9 18 6 0 0 18 6 18 4 18 5 17 3 15 5 17 3 17 4 15 2 17 2 15 0 16 0 15 2 15 1 14 -1 15 -1 15 -2 17 -1 13 -3 14 -3 12 -4 14 -2 14 -3 14 -2 14 -4 13 -2 12 -3 0 0 0 0 0 0 0 0 0 0 -1 -1 -1 -1 -20 -13 -21 -14 -22 -11 -19 -8 -14 -14 -13 -12 -15 -13 -14 -14 -13 -12 -12 -10 -14 -10 -13 -8 -15 -9 -14 -10 -15 -10 -14 -9 -15 -9 -14 -8 -12 -8 -14 -6 -15 -5 -13 -7 -12 -4 -13 -5 -12 -7 -13 -4 -12 -6 -13 -4 -13 -6 -13 -4 -13 -1 -13 -4 -12 -4 -10 -3 -11 -3 -11 -5 -11 -4 -10 -3 -10 -4 -9 -3 -8 -3 -8 -4 -7 -5 -7 -5 -6 -4 -6 -3 -4 -3 -5 -3 -3 -2 -3 -2 -2 -2 -2 -2 -1 -3 0 -2 0 -2 0 -1 1 0 -1 -1 -1 -1 -1 -1 -1 -1 -1 -1 -1 -1 -1 -1 -1 -1 -1 -1 -1 -1 0 0 38 -6 36 -7 41 -7 41 -4 40 -5 34 -3 40 -2 34 -3 43 -4 40 2 43 2 42 2 44 2 42 2 35 2 40 1 39 -1 39 4 33 -1 34 2 32 4 35 0 33 4 34 2 38 6 33 0 32 -8 33 0 32 -1 29 -3 28 -4 30 -1 30 -5 28 -4 29 -6 29 -8 25 -7 27 -8 27 -5 27 -9 26 -9 22 -13 22 -10 25 -13 20 -10 21 -13 20 -11 20 -14 20 -14 22 -11 20 -12 19 -12 19 -12 15 -19 16 -23 15 -23 11 -25 -1 -1 ]
CSI_DATA,STA,08:3A:F2:51:5D:9D,-50,11,1,0,1,1,1,0,0,0,0,-93,0,6,1,9889232,0,110,0,0,10.137177,384,[110 96 6 0 0 0 0 0 0 0 0 0 2 -25 2 -24 2 -28 6 -29 4 -27 5 -23 6 -26 6 -23 5 -24 8 -25 9 -27 8 -27 8 -26 10 -25 9 -20 8 -27 8 -23 9 -22 8 -21 8 -20 8 -21 8 -22 10 -18 9 -21 10 -23 7 -21 0 0 7 -21 4 -21 5 -22 3 -21 6 -19 4 -20 5 -21 3 -19 2 -20 -1 -18 -1 -19 2 -17 1 -18 -1 -17 -1 -18 -3 -18 -2 -21 -4 -16 -3 -17 -5 -15 -3 -17 -3 -16 -3 -17 -4 -16 -2 -16 -4 -14 0 0 0 0 0 0 0 0 0 0 -1 -1 -1 -1 -13 22 -15 24 -9 23 -5 22 -15 15 -13 13 -14 15 -15 14 -12 14 -11 11 -10 14 -7 13 -10 16 -10 14 -11 15 -10 15 -10 16 -9 15 -8 12 -6 15 -4 15 -7 15 -3 12 -6 13 -6 12 -4 13 -6 13 -4 13 -7 13 -4 13 0 14 -4 13 -5 13 -3 10 -2 11 -5 10 -4 11 -3 9 -4 9 -4 9 -3 9 -4 7 -5 7 -4 6 -4 5 -3 5 -3 3 -3 4 -3 2 -3 2 -2 1 -2 1 -2 0 -2 -1 -1 -2 -1 -1 -1 -1 -1 -1 -1 -1 -1 -1 -1 -1 -1 -1 -1 -1 -1 -1 -1 -1 -1 -1 -1 -1 0 0 -10 -43 -10 -40 -12 -47 -7 -45 -9 -45 -5 -38 -5 -45 -6 -38 -9 -48 -1 -47 0 -50 0 -48 -1 -51 1 -49 0 -39 -2 -46 -4 -43 0 -45 -2 -36 0 -39 2 -36 -3 -40 2 -39 1 -39 4 -43 -1 -37 -11 -37 -1 -37 -3 -37 -5 -33 -6 -33 -2 -34 -8 -34 -6 -33 -8 -32 -11 -34 -10 -29 -10 -30 -7 -32 -11 -31 -10 -29 -16 -26 -12 -24 -15 -29 -12 -23 -15 -23 -13 -23 -17 -23 -17 -22 -14 -26 -14 -24 -14 -23 -13 -22 -22 -16 -26 -17 -25 -16 -29 -10 -1 -1 ]
CSI_DATA,STA,08:3A:F2:51:5D:9D,-51,11,1,0,1,1,1,0,0,0,0,-93,0,6,1,9920133,0,110,0,0,10.148037,384,[110 96 6 0 0 0 0 0 0 0 0 0 11 -20 11 -19 12 -23 15 -22 14 -21 13 -17 15 -19 14 -17 14 -18 16 -17 19 -19 18 -19 18 -17 18 -16 16 -12 16 -19 16 -15 17 -14 17 -14 15 -13 15 -13 16 -15 15 -10 16 -13 17 -15 15 -14 0 0 14 -13 13 -14 13 -15 11 -14 14 -12 12 -13 12 -14 10 -14 11 -15 7 -14 8 -16 9 -12 9 -13 7 -14 7 -14 6 -14 8 -16 5 -13 5 -14 3 -13 5 -13 5 -14 5 -14 4 -14 5 -12 4 -12 0 0 0 0 0 0 0 0 0 0 -1 -1 -1 -1 -19 11 -20 12 -18 14 -13 15 -18 4 -15 4 -16 5 -17 4 -15 5 -13 4 -14 6 -11 6 -14 8 -14 6 -15 6 -13 6 -14 7 -13 6 -11 5 -11 9 -10 9 -12 7 -8 7 -10 7 -10 5 -9 8 -10 6 -9 7 -11 6 -9 8 -6 10 -8 7 -9 6 -7 6 -7 6 -8 5 -7 5 -6 5 -6 4 -5 4 -6 4 -6 2 -6 2 -5 2 -4 1 -3 2 -2 1 -2 0 -2 0 -1 0 0 0 0 -1 1 -1 1 -1 2 -1 2 0 3 0 -1 -1 0 0 0 0 -1 -1 -1 -1 -1 -1 0 0 0 0 -1 -1 -1 -1 -1 -1 7 -39 6 -37 6 -42 10 -41 8 -40 9 -34 11 -40 8 -33 10 -43 16 -39 17 -43 17 -39 18 -42 16 -40 15 -34 16 -37 13 -39 16 -38 12 -30 16 -32 16 -30 12 -34 17 -30 17 -29 20 -34 14 -31 4 -34 13 -30 12 -30 8 -29 7 -28 12 -29 8 -30 9 -28 6 -29 5 -30 3 -26 5 -27 8 -28 5 -27 4 -27 -2 -26 0 -24 0 -27 0 -23 -1 -24 -1 -23 -3 -24 -4 -23 1 -25 0 -23 -1 -23 -1 -22 -11 -22 -14 -23 -13 -23 -19 -19 -1 -1 ]
CSI_DATA,STA,08:3A:F2:51:5D:9D,-47,11,0,0,0,0,0,0,0,0,0,-93,0,6,1,9941951,0,110,0,0,10.158486,128,[110 96 6 0 0 0 0 0 0 0 0 0 1 -25 2 -25 2 -26 2 -27 3 -26 4 -24 5 -24 6 -23 5 -24 6 -24 5 -26 6 -26 6 -24 6 -23 7 -21 6 -25 7 -21 7 -20 7 -20 6 -19 6 -19 6 -20 6 -17 5 -19 5 -20 4 -19 0 0 4 -19 3 -19 3 -18 2 -18 2 -16 2 -17 1 -18 2 -16 0 -17 1 -16 0 -17 0 -15 -1 -16 0 -16 0 -15 -1 -15 -1 -16 -1 -15 -1 -14 -1 -14 -1 -14 -2 -14 -2 -14 -3 -14 -2 -13 -3 -13 0 0 0 0 0 0 0 0 0 0 ]
CSI_DATA,STA,08:3A:F2:51:5D:9D,-52,11,1,0,1,1,1,0,0,0,0,-93,0,6,1,9943701,0,110,0,0,10.162290,384,[110 96 6 0 0 0 0 0 0 0 0 0 -25 -1 -24 -1 -28 0 -29 -3 -27 -3 -23 -4 -26 -4 -23 -5 -24 -4 -25 -6 -27 -7 -27 -6 -26 -7 -25 -8 -21 -8 -27 -6 -23 -7 -21 -8 -21 -7 -20 -7 -20 -7 -22 -7 -18 -9 -21 -7 -22 -8 -20 -6 0 0 -20 -5 -20 -3 -21 -4 -19 -2 -18 -5 -19 -3 -20 -4 -17 -2 -19 -2 -16 1 -18 1 -16 -1 -16 0 -16 1 -16 1 -16 3 -18 2 -14 3 -15 4 -13 4 -14 3 -14 3 -15 3 -14 4 -13 2 -12 4 0 0 0 0 0 0 0 0 0 0 -1 -1 -1 -1 21 1 21 0 22 -4 19 -4 14 5 13 4 14 4 13 6 12 4 11 3 12 3 11 1 14 1 13 2 13 2 12 1 14 1 12 1 10 1 11 -1 12 -3 11 0 9 -2 10 0 9 0 10 -2 9 0 9 -2 10 0 10 -2 8 -6 9 -2 8 0 7 -1 7 -1 7 -1 7 -1 6 -1 5 -1 4 -1 4 -1 3 0 4 0 3 0 2 0 1 -1 0 -1 -1 0 -1 -1 -1 -1 -3 -1 -3 -1 -4 -1 -4 -1 -4 -2 -5 -3 -5 -3 0 0 0 0 -1 -1 -1 -1 -1 -1 -1 -1 -1 -1 0 0 0 0 -1 -1 -1 -1 -32 18 -31 19 -35 18 -36 18 -34 16 -31 14 -36 14 -30 14 -38 18 -37 11 -40 13 -38 13 -40 15 -39 13 -34 10 -36 10 -35 14 -36 8 -30 10 -32 8 -30 5 -32 11 -31 5 -31 9 -36 6 -29 10 -25 26 -30 9 -29 9 -26 11 -24 10 -28 10 -25 12 -25 11 -24 13 -23 14 -20 12 -21 14 -22 12 -21 15 -21 15 -15 17 -17 15 -18 16 -16 14 -15 15 -15 14 -14 16 -13 15 -16 15 -15 15 -13 14 -14 14 -4 21 -2 25 -2 26 2 25 -1 -1 ]
CSI_DATA,STA,08:3A:F2:51:5D:9D,-51,11,1,0,1,1,1,0,0,0,0,-93,0,6,1,10061459,0,110,0,0,10.228137,384,[110 96 6 0 0 0 0 0 0 0 0 0 -17 -13 -16 -12 -19 -13 -18 -17 -17 -15 -14 -14 -16 -16 -14 -14 -15 -15 -14 -16 -15 -18 -16 -18 -15 -17 -14 -18 -11 -16 -16 -18 -12 -16 -11 -16 -12 -15 -11 -14 -11 -15 -12 -15 -8 -15 -11 -16 -12 -17 -12 -14 0 0 -12 -14 -13 -12 -13 -13 -13 -11 -11 -13 -12 -12 -12 -13 -12 -11 -13 -10 -13 -7 -13 -8 -11 -9 -12 -9 -12 -7 -12 -8 -13 -6 -15 -8 -12 -5 -13 -5 -12 -4 -12 -6 -12 -6 -13 -6 -13 -5 -11 -6 -11 -4 0 0 0 0 0 0 0 0 0 0 -1 -1 -1 -1 15 13 16 14 17 11 15 8 5 13 5 11 6 12 5 13 6 11 4 9 6 10 6 8 8 9 7 9 7 11 6 9 8 10 7 9 6 8 8 7 8 6 7 8 7 5 6 7 6 7 8 6 6 7 8 6 7 8 7 7 11 3 7 7 7 7 6 6 6 6 5 7 6 6 5 5 5 6 4 6 4 6 3 7 3 7 3 7 2 7 2 6 0 6 1 7 0 5 0 5 -2 5 -1 5 -1 5 -3 4 -3 4 -4 3 -5 3 -1 -1 -1 -1 -1 -1 -1 -1 -1 -1 -1 -1 -1 -1 -1 -1 -1 -1 -1 -1 0 0 -32 -4 -31 -4 -34 -5 -33 -7 -34 -6 -28 -7 -32 -9 -27 -5 -35 -6 -32 -11 -35 -12 -34 -11 -36 -11 -34 -12 -28 -11 -31 -11 -31 -9 -31 -12 -26 -8 -27 -11 -24 -10 -28 -8 -25 -11 -27 -11 -29 -15 -26 -9 -32 4 -26 -9 -26 -8 -24 -6 -23 -5 -25 -7 -25 -3 -23 -5 -24 -3 -25 -2 -23 -2 -24 -2 -23 -3 -24 -1 -22 0 -21 4 -20 1 -23 2 -19 1 -18 3 -19 2 -18 4 -18 5 -21 2 -20 2 -19 2 -18 2 -17 13 -18 18 -16 17 -13 21 -1 -1 ]
CSI_DATA,STA,08:3A:F2:51:5D:9D,-51,11,1,0,1,1,1,0,0,0,0,-93,0,6,1,10061969,0,110,0,0,10.239318,384,[110 96 6 0 0 0 0 0 0 0 0 0 12 -20 11 -19 12 -22 16 -21 15 -20 13 -16 15 -19 14 -17 14 -18 16 -17 18 -19 17 -20 17 -18 18 -17 16 -13 18 -19 16 -15 17 -14 15 -14 14 -13 15 -13 15 -14 15 -11 16 -13 17 -14 14 -14 0 0 14 -14 12 -15 13 -15 11 -15 12 -12 11 -14 12 -14 10 -13 10 -15 6 -14 7 -15 8 -13 8 -13 6 -14 6 -14 5 -15 7 -17 4 -14 4 -14 3 -13 5 -14 4 -14 5 -14 3 -14 4 -13 3 -13 0 0 0 0 0 0 0 0 0 0 -1 -1 -1 -1 -15 17 -16 18 -12 20 -11 17 -15 7 -14 6 -15 8 -15 7 -13 7 -11 6 -12 7 -9 8 -12 9 -12 8 -13 8 -12 8 -12 10 -11 9 -9 7 -9 9 -8 10 -11 9 -7 8 -8 8 -9 7 -8 9 -9 8 -7 9 -10 8 -8 9 -3 13 -9 8 -9 7 -7 6 -8 8 -9 6 -8 7 -8 6 -8 6 -9 5 -8 5 -9 4 -9 4 -9 3 -9 2 -8 3 -8 1 -8 1 -7 0 -7 0 -7 -1 -7 -1 -7 -2 -7 -3 -5 -4 -6 -4 -5 -5 -1 -1 -1 -1 -1 -1 -1 -1 -1 -1 -1 -1 -1 -1 -1 -1 -1 -1 -1 -1 0 0 1 -36 0 -34 1 -40 4 -38 4 -38 4 -32 6 -37 3 -32 4 -40 9 -37 10 -39 9 -38 8 -41 10 -38 8 -32 9 -36 6 -36 11 -35 6 -29 8 -30 9 -28 6 -32 10 -29 8 -30 12 -34 6 -30 -8 -35 7 -30 6 -29 4 -27 3 -26 5 -28 1 -28 3 -26 0 -27 -1 -28 -2 -24 -1 -26 0 -25 -2 -26 -2 -25 -7 -23 -3 -22 -5 -25 -4 -21 -6 -21 -4 -21 -7 -20 -8 -20 -5 -23 -5 -22 -5 -20 -5 -21 -17 -18 -22 -19 -21 -18 -24 -13 -1 -1 ]
CSI_DATA,STA,08:3A:F2:51:5D:9D,-51,11,1,0,1,1,1,0,0,0,0,-93,0,6,1,10062296,0,110,0,0,10.249805,384,[110 96 6 0 0 0 0 0 0 0 0 0 25 -4 24 -4 27 -5 29 -1 27 -2 23 0 26 0 24 0 25 -1 25 2 28 2 28 1 27 2 26 3 22 5 28 2 23 3 22 4 22 3 21 4 22 4 23 3 19 5 22 4 24 4 21 1 0 0 21 2 21 0 22 0 20 -1 18 2 20 0 20 0 18 -1 19 -2 15 -4 18 -5 16 -1 17 -3 16 -4 16 -4 15 -6 19 -5 14 -6 15 -7 13 -8 15 -6 15 -6 15 -6 14 -7 14 -5 12 -7 0 0 0 0 0 0 0 0 0 0 -1 -1 -1 -1 -26 6 -27 6 -24 9 -20 10 -16 -5 -15 -4 -17 -4 -16 -5 -16 -4 -12 -3 -14 -2 -12 -1 -15 -1 -15 -2 -15 -2 -14 -1 -16 -1 -15 -1 -13 -1 -14 0 -13 2 -14 0 -11 1 -12 0 -11 -1 -12 1 -13 0 -12 2 -14 -1 -12 1 -12 9 -13 0 -12 0 -10 0 -11 0 -11 -1 -12 -1 -10 -1 -10 0 -10 -1 -10 -1 -10 -3 -10 -3 -9 -4 -8 -4 -8 -2 -7 -3 -7 -4 -6 -5 -6 -4 -4 -5 -5 -5 -4 -5 -3 -6 -2 -7 -1 -6 -1 -6 -1 -1 -1 -1 -1 -1 -1 -1 -1 -1 -1 -1 -1 -1 -1 -1 -1 -1 -1 -1 0 0 25 -25 24 -23 27 -28 28 -25 26 -25 23 -20 28 -22 21 -20 29 -28 30 -21 33 -22 32 -22 33 -25 33 -23 27 -17 30 -20 27 -22 31 -20 23 -17 25 -17 25 -14 25 -20 26 -15 26 -16 31 -15 24 -17 16 -36 25 -17 24 -17 20 -17 19 -17 22 -17 19 -20 19 -16 18 -20 17 -22 14 -18 16 -21 17 -18 15 -21 15 -20 9 -21 11 -18 12 -22 11 -17 8 -19 11 -19 8 -20 7 -19 11 -20 10 -20 9 -18 10 -18 -4 -27 -7 -31 -7 -30 -13 -28 -1 -1 ]
CSI_DATA,STA,08:3A:F2:51:5D:9D,-51,11,1,0,1,1,1,0,0,0,0,-93,0,6,1,10062728,0,110,0,0,10.260352,384,[110 96 6 0 0 0 0 0 0 0 0 0 22 1 21 1 25 1 26 5 24 4 20 5 23 5 21 5 22 5 21 6 24 8 25 6 24 7 23 8 18 8 24 8 20 8 18 8 19 7 17 7 18 8 19 8 16 8 19 8 20 8 18 6 0 0 18 6 18 4 19 5 17 3 16 5 17 4 18 4 16 3 17 2 15 -1 16 0 15 2 15 1 15 -1 15 0 15 -2 17 -1 14 -3 15 -2 13 -4 14 -2 14 -2 14 -2 14 -4 13 -2 12 -3 0 0 0 0 0 0 0 0 0 0 -1 -1 -1 -1 -21 -13 -22 -13 -23 -9 -19 -7 -13 -14 -12 -12 -14 -13 -13 -14 -13 -12 -11 -10 -13 -10 -11 -8 -14 -10 -13 -9 -13 -10 -13 -9 -15 -9 -14 -9 -12 -8 -13 -7 -14 -6 -12 -8 -12 -5 -12 -7 -12 -7 -13 -6 -12 -7 -13 -5 -13 -8 -13 -6 -14 -2 -13 -7 -12 -7 -11 -6 -11 -6 -11 -8 -11 -6 -10 -6 -10 -7 -9 -7 -9 -7 -8 -8 -8 -8 -7 -8 -6 -8 -6 -8 -4 -8 -5 -8 -3 -8 -3 -8 -2 -8 -2 -7 -1 -8 0 -7 1 -7 2 -6 3 -6 -1 -1 0 0 0 0 -1 -1 -1 -1 -1 -1 0 0 0 0 -1 -1 -1 -1 -1 -1 36 -12 34 -13 39 -12 40 -10 38 -10 33 -8 39 -7 33 -8 41 -10 39 -5 42 -5 40 -6 44 -6 41 -4 34 -3 39 -3 39 -6 38 -1 32 -4 33 -2 31 -1 34 -4 32 -1 33 -3 37 0 32 -5 31 -16 32 -3 31 -4 30 -6 27 -6 30 -4 29 -8 27 -7 28 -9 27 -10 23 -10 25 -11 25 -8 26 -11 24 -11 21 -14 21 -11 24 -13 20 -11 19 -13 19 -12 19 -15 18 -14 21 -13 19 -13 18 -12 18 -12 14 -19 14 -25 13 -25 10 -26 -1 -1 ]
CSI_DATA,STA,08:3A:F2:51:5D:9D,-51,11,1,0,1,1,1,0,0,0,0,-93,0,6,1,10068874,0,110,0,0,10.270735,384,[110 96 6 0 0 0 0 0 0 0 0 0 -20 12 -19 11 -22 14 -25 12 -23 11 -20 8 -23 9 -21 7 -21 9 -23 7 -26 7 -25 8 -25 7 -24 6 -21 3 -25 8 -22 5 -21 3 -21 4 -20 4 -21 3 -21 4 -19 1 -21 3 -23 4 -20 5 0 0 -20 5 -19 7 -20 7 -17 7 -18 4 -18 6 -18 6 -16 6 -17 7 -14 8 -15 9 -14 6 -15 7 -14 8 -13 8 -13 10 -16 10 -11 10 -12 9 -10 9 -13 8 -12 8 -12 8 -11 10 -12 8 -10 8 0 0 0 0 0 0 0 0 0 0 -1 -1 -1 -1 23 -4 23 -5 23 -10 19 -7 16 2 15 1 16 1 17 3 15 1 13 0 14 0 13 -1 15 -1 14 0 15 -1 14 -2 15 -2 14 -2 12 -1 13 -2 14 -4 13 -1 11 -4 11 -2 12 -1 12 -3 11 -2 11 -4 12 -2 11 -4 10 -9 12 -3 12 -1 11 -2 10 -2 11 -1 11 -2 10 -1 10 -1 9 0 9 0 9 1 9 2 9 2 8 3 8 1 7 3 6 3 5 3 5 3 4 4 4 5 3 5 2 5 1 6 0 4 0 5 -1 -1 0 0 0 0 -1 -1 -1 -1 -1 -1 0 0 0 0 -1 -1 -1 -1 -1 -1 -20 31 -19 31 -23 32 -25 33 -24 29 -22 26 -26 28 -21 26 -26 32 -27 26 -29 30 -27 28 -30 31 -29 28 -25 24 -28 24 -27 28 -29 22 -23 22 -26 21 -25 18 -25 23 -24 18 -24 21 -29 21 -22 22 -12 32 -24 22 -23 20 -20 21 -18 19 -22 21 -19 22 -18 20 -18 23 -17 23 -14 20 -14 23 -15 21 -14 23 -14 22 -8 22 -11 21 -12 23 -10 21 -9 20 -10 20 -7 21 -8 20 -10 20 -9 20 -8 19 -9 20 2 23 6 27 6 28 7 25 -1 -1 ]
CSI_DATA,STA,08:3A:F2:51:5D:9D,-52,11,1,1,1,1,1,0,0,0,0,-93,0,6,1,10271785,0,110,0,0,10.438310,384,[110 96 6 0 0 0 0 0 0 0 0 0 19 -13 18 -12 20 -14 22 -13 21 -12 19 -10 21 -10 20 -9 20 -9 21 -9 23 -9 23 -9 22 -8 22 -7 20 -5 23 -8 20 -7 19 -5 19 -6 19 -6 19 -5 19 -6 18 -4 18 -6 20 -6 17 -7 0 0 17 -7 17 -8 17 -8 16 -9 16 -6 16 -8 17 -7 14 -8 15 -9 13 -9 13 -10 13 -8 13 -9 12 -10 13 -9 11 -11 13 -11 10 -11 11 -10 9 -10 11 -10 10 -10 11 -11 9 -11 10 -10 8 -10 0 0 0 0 0 0 0 0 0 0 -1 -1 -1 -1 -24 -4 -24 -2 -24 1 -22 1 -19 -5 -19 -5 -19 -4 -20 -5 -18 -4 -17 -3 -18 -2 -16 -1 -19 -1 -17 -2 -18 -2 -17 0 -18 1 -17 0 -16 -1 -16 0 -16 3 -15 1 -15 2 -15 1 -15 0 -14 1 -14 1 -14 3 -14 1 -14 4 -12 7 -13 2 -13 2 -12 3 -12 3 -12 1 -12 1 -11 1 -10 1 -10 1 -9 2 -9 1 -8 1 -8 0 -7 0 -6 1 -6 0 -5 1 -4 1 -4 1 -3 1 -3 0 -2 0 -1 0 -1 1 -1 1 0 2 -1 -1 -1 -1 -1 -1 -1 -1 -1 -1 -1 -1 -1 -1 -1 -1 -1 -1 0 0 0 0 25 -31 26 -31 27 -32 30 -32 29 -29 29 -27 30 -29 29 -26 32 -29 32 -24 34 -25 33 -27 33 -28 34 -26 32 -21 32 -22 32 -24 31 -22 29 -20 31 -19 29 -19 30 -20 28 -19 28 -21 31 -20 26 -22 21 -28 27 -21 25 -20 24 -22 22 -21 24 -22 23 -21 23 -21 21 -22 21 -23 17 -22 18 -24 20 -21 18 -24 18 -24 14 -24 15 -24 16 -26 13 -23 12 -22 12 -23 12 -23 12 -24 12 -23 12 -23 11 -23 11 -24 4 -23 2 -28 3 -29 0 -26 -1 -1 ]
CSI_DATA,STA,08:3A:F2:51:5D:9D,-53,11,1,1,1,1,1,0,0,0,0,-93,0,6,1,10278308,0,110,0,0,10.450099,384,[110 96 6 0 0 0 0 0 0 0 0 0 -3 -22 -3 -21 -4 -23 -2 -24 -2 -24 -1 -21 0 -23 0 -21 0 -22 2 -23 2 -24 2 -24 2 -23 3 -22 4 -21 2 -23 3 -20 3 -20 2 -19 2 -19 3 -19 3 -20 4 -18 3 -19 3 -21 1 -18 0 0 1 -19 0 -19 0 -18 -1 -18 1 -17 -1 -18 0 -18 -1 -16 -2 -17 -3 -15 -3 -16 -2 -15 -3 -16 -4 -15 -3 -15 -5 -15 -5 -16 -5 -13 -5 -14 -6 -12 -5 -14 -5 -14 -5 -14 -6 -13 -4 -14 -5 -12 0 0 0 0 0 0 0 0 0 0 -1 -1 -1 -1 -11 20 -10 20 -7 20 -5 19 -12 15 -11 14 -10 15 -11 15 -9 15 -9 12 -8 15 -8 14 -7 15 -8 14 -8 14 -7 14 -6 15 -6 14 -7 12 -5 14 -3 13 -4 14 -2 12 -4 13 -5 12 -3 13 -5 12 -2 13 -4 12 -3 12 0 13 -3 11 -2 12 -2 11 -2 11 -2 9 -2 10 -2 9 -2 9 -2 8 -3 8 -3 8 -3 7 -2 7 -2 5 -2 5 -1 4 -1 4 -2 3 -1 2 -1 2 -1 2 0 1 0 1 1 0 0 0 1 -1 0 0 0 0 -1 -1 -1 -1 -1 -1 -1 -1 -1 -1 0 0 0 0 -1 -1 -1 -1 -16 -36 -15 -34 -18 -37 -14 -37 -16 -39 -12 -35 -13 -39 -10 -36 -13 -40 -8 -40 -7 -41 -8 -41 -9 -41 -8 -41 -4 -36 -7 -38 -8 -35 -8 -38 -7 -32 -6 -35 -5 -33 -8 -35 -4 -34 -6 -34 -4 -37 -8 -33 -15 -31 -6 -31 -9 -31 -10 -29 -10 -29 -9 -28 -11 -29 -10 -29 -11 -27 -13 -28 -12 -26 -13 -27 -11 -26 -14 -26 -13 -25 -16 -22 -15 -22 -18 -24 -14 -19 -15 -19 -16 -20 -15 -19 -17 -20 -16 -21 -16 -20 -15 -20 -15 -20 -21 -14 -22 -12 -22 -13 -25 -8 -1 -1 ]
CSI_DATA,STA,08:3A:F2:51:5D:9D,-53,11,1,1,1,1,1,0,0,0,0,-93,0,6,1,10278622,0,110,0,0,10.460990,384,[110 96 6 0 0 0 0 0 0 0 0 0 4 -22 4 -21 4 -23 6 -23 6 -23 6 -20 7 -21 7 -20 8 -21 8 -21 10 -21 9 -22 9 -21 10 -20 10 -18 10 -22 9 -18 10 -18 8 -17 9 -17 9 -17 9 -17 9 -16 8 -17 10 -19 7 -17 0 0 7 -17 6 -18 6 -17 5 -17 6 -16 5 -17 5 -17 4 -16 3 -16 2 -15 2 -16 3 -15 3 -16 1 -15 2 -16 1 -15 1 -17 -1 -14 0 -14 -1 -14 0 -15 0 -15 0 -15 -2 -14 0 -14 -1 -13 0 0 0 0 0 0 0 0 0 0 -1 -1 -1 -1 -14 18 -14 18 -11 19 -9 19 -15 11 -13 11 -13 11 -14 12 -12 12 -12 10 -11 12 -10 11 -10 12 -11 12 -11 11 -10 12 -10 13 -9 12 -9 11 -8 11 -6 12 -8 12 -5 11 -7 11 -7 10 -6 11 -7 10 -5 12 -7 11 -6 11 -2 13 -6 11 -5 10 -4 10 -4 10 -5 9 -4 9 -4 8 -4 8 -4 7 -4 7 -5 7 -4 6 -3 6 -3 5 -3 5 -2 4 -2 4 -2 3 -2 2 -2 3 -1 1 0 1 0 1 0 1 0 1 1 0 0 0 0 0 -1 -1 -1 -1 -1 -1 -1 -1 -1 -1 0 0 0 0 -1 -1 -1 -1 -7 -37 -6 -36 -8 -38 -5 -39 -5 -40 -3 -36 -3 -39 -2 -36 -3 -40 2 -40 3 -40 1 -40 1 -41 2 -40 4 -35 2 -36 1 -35 1 -37 0 -32 3 -34 3 -32 1 -34 4 -32 1 -34 4 -35 1 -33 -9 -33 1 -31 -1 -31 -3 -30 -3 -29 -3 -29 -4 -30 -3 -29 -4 -28 -6 -28 -5 -26 -6 -28 -4 -28 -7 -28 -7 -27 -9 -25 -9 -24 -11 -27 -9 -22 -10 -21 -11 -22 -10 -21 -11 -22 -10 -23 -10 -23 -10 -22 -10 -22 -18 -16 -21 -16 -19 -16 -23 -12 -1 -1 ]
CSI_DATA,STA,08:3A:F2:51:5D:9D,-48,11,1,1,0,1,1,0,0,0,0,-93,0,6,1,10278965,0,110,0,0,10.471508,256,[110 96 6 0 0 0 0 0 0 0 0 0 1 -10 1 -10 1 -10 1 -10 2 -11 1 -10 2 -10 2 -10 2 -10 3 -10 3 -10 3 -10 3 -10 3 -9 3 -9 3 -10 3 -9 4 -9 3 -9 3 -8 3 -8 3 -8 3 -8 3 -8 2 -8 2 -8 0 0 2 -8 2 -8 2 -8 1 -8 1 -7 1 -8 1 -8 1 -7 1 -7 1 -7 0 -7 1 -7 0 -8 0 -7 0 -7 0 -7 0 -7 0 -7 0 -7 -1 -7 -1 -6 -1 -7 0 -7 -1 -7 -1 -6 -1 -6 0 0 0 0 0 0 0 0 0 0 -1 -1 -1 -1 0 0 0 0 -2 -21 -2 -19 0 -19 1 -20 0 -19 1 -19 1 -20 2 -19 2 -20 2 -19 4 -19 5 -19 4 -19 5 -19 4 -19 4 -19 5 -18 4 -18 5 -18 5 -17 5 -16 4 -16 3 -15 4 -16 4 -15 4 -15 4 -16 4 -15 -1 -1 3 -15 2 -14 2 -14 1 -14 1 -13 0 -15 0 -14 1 -13 1 -13 0 -14 0 -14 0 -13 0 -13 0 -13 -1 -13 0 -12 -2 -13 -1 -13 -2 -13 -2 -12 -2 -13 -2 -12 -2 -12 -3 -12 -3 -12 -3 -12 -3 -10 -4 -9 -1 -1 -1 -1 -1 -1 ]
CSI_DATA,STA,08:3A:F2:51:5D:9D,-48,11,1,1,0,1,1,0,0,0,0,-93,0,6,1,10279339,0,110,0,0,10.478335,256,[110 96 6 0 0 0 0 0 0 0 0 0 9 -7 9 -7 10 -7 9 -7 10 -6 10 -5 10 -6 10 -5 10 -6 10 -5 10 -5 10 -5 10 -4 10 -4 9 -4 10 -5 9 -3 10 -4 8 -4 9 -4 8 -3 8 -4 8 -4 7 -4 8 -4 8 -5 0 0 7 -5 7 -5 7 -4 7 -5 6 -5 7 -5 6 -5 6 -5 6 -5 6 -5 5 -6 5 -5 5 -5 5 -5 5 -5 5 -6 5 -6 4 -6 5 -6 4 -5 4 -6 4 -5 4 -6 3 -6 4 -6 3 -5 0 0 0 0 0 0 0 0 0 0 -1 -1 -1 -1 0 0 0 0 8 -21 8 -19 14 -16 13 -16 14 -17 14 -17 15 -16 14 -15 15 -16 15 -13 16 -14 16 -13 15 -14 17 -13 15 -13 16 -13 15 -11 15 -14 15 -12 15 -11 14 -11 14 -12 13 -10 14 -11 13 -10 12 -11 12 -12 12 -11 -1 -1 11 -12 11 -11 10 -11 10 -12 10 -10 9 -11 9 -11 9 -11 9 -12 9 -12 9 -13 8 -11 8 -13 7 -12 7 -12 6 -11 6 -12 6 -11 5 -12 5 -12 6 -12 5 -11 6 -12 4 -12 5 -13 4 -11 1 -12 1 -12 -1 -1 -1 -1 -1 -1 ]
CSI_DATA,STA,08:3A:F2:51:5D:9D,-48,11,1,1,0,1,1,0,0,0,0,-93,0,6,1,10279758,0,110,0,0,10.485217,256,[110 96 6 0 0 0 0 0 0 0 0 0 8 5 8 5 8 5 8 5 8 5 7 6 7 5 6 6 7 5 7 7 7 6 7 6 7 5 7 6 5 6 8 6 6 6 6 6 6 6 5 6 6 5 6 5 5 5 6 5 5 5 5 5 0 0 6 4 6 4 5 4 6 4 5 3 6 3 6 3 5 3 6 3 6 3 6 3 6 2 5 2 6 2 6 2 6 2 6 2 6 2 5 2 6 1 5 2 5 1 6 1 6 1 5 1 5 1 0 0 0 0 0 0 0 0 0 0 -1 -1 -1 -1 0 0 0 0 19 5 16 5 16 7 16 7 17 7 17 8 16 8 15 9 17 9 14 9 15 9 14 10 15 11 15 11 14 10 15 10 13 11 15 10 13 10 12 10 13 9 13 10 12 9 12 9 12 9 13 9 12 8 11 8 -1 -1 12 7 11 6 11 7 12 6 10 5 12 5 11 4 11 5 11 4 13 4 12 4 12 3 11 4 12 3 12 3 11 2 11 2 10 3 11 1 10 2 10 3 10 2 10 1 11 0 10 1 11 1 10 -1 9 -1 -1 -1 -1 -1 -1 -1 ]
CSI_DATA,STA,08:3A:F2:51:5D:9D,-48,11,1,1,0,1,1,0,0,0,0,-93,0,6,1,10280087,0,110,0,0,10.491171,256,[110 96 6 0 0 0 0 0 0 0 0 0 4 8 5 8 4 9 4 8 4 9 3 9 3 9 3 9 3 9 3 9 2 9 2 10 2 9 2 9 2 8 2 9 1 8 1 8 1 8 1 8 1 7 1 8 1 7 2 7 2 7 2 7 0 0 2 7 2 7 2 6 2 7 2 6 2 6 2 6 2 6 2 6 2 6 2 6 2 5 3 5 3 5 3 5 2 5 3 5 3 5 3 5 3 5 3 4 3 5 3 5 3 5 3 4 3 4 0 0 0 0 0 0 0 0 0 0 -1 -1 -1 -1 0 0 0 0 9 16 8 15 9 16 9 15 8 16 9 17 8 16 7 16 8 17 8 17 6 17 5 17 6 17 5 18 5 17 4 16 3 17 6 17 4 15 5 15 4 15 4 16 3 14 4 14 2 14 4 15 4 15 4 13 -1 -1 4 12 5 12 5 12 4 13 5 11 6 11 5 10 5 11 6 10 7 12 6 12 6 9 6 9 5 9 7 9 6 8 6 10 7 10 6 9 8 7 7 10 6 8 7 8 7 7 7 7 6 7 9 7 8 5 -1 -1 -1 -1 -1 -1 ]
CSI_DATA,STA,08:3A:F2:51:5D:9D,-48,11,1,1,0,1,1,0,0,0,0,-93,0,6,1,10280461,0,110,0,0,10.496977,256,[110 96 6 0 0 0 0 0 0 0 0 0 -6 8 -6 7 -6 8 -7 8 -7 8 -7 7 -7 7 -7 7 -7 7 -7 7 -8 7 -8 7 -8 7 -7 6 -7 5 -7 7 -7 5 -8 6 -6 6 -7 6 -6 5 -7 6 -6 5 -6 5 -6 6 -6 5 0 0 -5 5 -5 6 -5 6 -5 6 -5 5 -5 5 -4 6 -4 5 -4 6 -4 6 -4 6 -3 6 -3 5 -4 5 -3 6 -3 6 -3 5 -3 5 -3 5 -2 5 -3 5 -2 6 -3 6 -2 6 -2 5 -2 5 0 0 0 0 0 0 0 0 0 0 -1 -1 -1 -1 0 0 0 0 -5 18 -7 17 -8 16 -9 16 -9 16 -10 16 -8 16 -9 15 -10 18 -11 15 -10 14 -11 16 -11 15 -11 15 -10 14 -11 13 -12 13 -10 14 -10 13 -11 13 -9 13 -12 13 -10 11 -9 13 -10 11 -10 12 -10 13 -9 11 -1 -1 -7 11 -7 12 -8 11 -8 11 -8 10 -6 11 -6 12 -6 10 -4 12 -7 13 -5 13 -4 12 -3 11 -4 10 -4 12 -3 11 -4 12 -4 12 -3 10 -2 11 -3 11 -2 10 -2 12 -1 11 -1 10 -1 9 1 12 3 11 -1 -1 -1 -1 -1 -1 ]
CSI_DATA,STA,08:3A:F2:51:5D:9D,-49,11,1,1,0,1,1,0,0,0,0,-93,0,6,1,10284010,0,110,0,0,10.503727,256,[110 96 6 0 0 0 0 0 0 0 0 0 10 -24 11 -23 11 -24 12 -24 13 -24 13 -22 13 -22 13 -21 14 -22 15 -21 15 -22 16 -22 15 -21 15 -20 15 -19 15 -21 15 -18 15 -18 14 -18 13 -17 13 -17 13 -18 13 -16 12 -17 13 -17 12 -17 0 0 10 -17 10 -17 10 -17 10 -17 9 -16 8 -17 8 -17 8 -16 7 -17 8 -16 7 -17 6 -16 6 -17 6 -17 6 -16 5 -17 5 -17 5 -16 4 -16 4 -16 4 -16 4 -16 4 -16 3 -16 3 -16 3 -15 0 0 0 0 0 0 0 0 0 0 -1 -1 -1 -1 -1 -1 -1 -1 3 -49 7 -46 13 -45 13 -44 13 -47 14 -46 15 -47 16 -43 17 -47 17 -42 18 -45 21 -43 21 -43 22 -44 21 -41 21 -41 22 -38 20 -42 20 -38 21 -38 19 -36 19 -38 19 -34 18 -36 19 -34 18 -35 18 -35 17 -33 -1 -1 14 -34 12 -34 12 -31 12 -34 11 -31 9 -34 9 -32 8 -32 6 -33 8 -34 7 -33 8 -32 6 -32 6 -32 5 -31 4 -30 3 -32 3 -31 2 -31 2 -31 1 -31 1 -30 1 -30 1 -30 1 -29 0 -28 -6 -27 -6 -26 -1 -1 -1 -1 -1 -1 ]
CSI_DATA,STA,08:3A:F2:51:5D:9D,-47,11,0,0,0,0,0,0,0,0,0,-93,0,6,1,10335163,0,110,0,0,10.511374,128,[110 96 6 0 0 0 0 0 0 0 0 0 6 23 5 24 6 24 6 26 4 24 3 23 3 24 2 23 2 24 1 23 3 25 2 26 2 24 2 24 0 22 2 24 0 22 -1 20 0 21 0 20 0 20 0 21 -1 17 2 19 2 20 2 19 0 0 3 19 3 18 4 19 4 17 3 16 4 17 5 17 4 16 5 16 4 15 6 16 5 14 6 14 6 15 5 14 6 15 7 15 6 14 6 14 6 13 6 13 7 13 7 13 7 13 7 12 6 12 0 0 0 0 0 0 0 0 0 0 ]
CSI_DATA,STA,08:3A:F2:51:5D:9D,-47,11,0,0,0,0,0,0,0,0,0,-93,0,6,1,10338505,0,110,0,0,10.514776,128,[110 96 6 0 0 0 0 0 0 0 0 0 -25 6 -24 5 -27 6 -27 6 -26 4 -24 3 -25 3 -24 2 -25 2 -26 1 -27 2 -27 2 -26 2 -25 1 -23 0 -26 2 -22 0 -22 0 -22 0 -22 1 -21 0 -22 1 -20 -1 -20 2 -22 3 -21 2 0 0 -20 3 -20 4 -19 4 -19 4 -17 4 -18 5 -18 5 -17 5 -17 6 -17 5 -17 6 -16 6 -16 7 -16 6 -16 6 -16 7 -16 8 -15 7 -14 7 -14 7 -14 7 -14 8 -14 8 -14 8 -13 7 -13 7 0 0 0 0 0 0 0 0 0 0 ]
CSI_DATA,STA,08:3A:F2:51:5D:9D,-52,11,1,1,1,1,1,0,0,0,0,-93,0,6,1,10338908,0,110,0,0,10.518570,384,[110 96 6 0 0 0 0 0 0 0 0 0 -14 -20 -14 -19 -16 -20 -14 -22 -14 -22 -11 -20 -12 -21 -11 -20 -11 -21 -10 -22 -10 -23 -11 -24 -10 -23 -9 -23 -7 -21 -10 -23 -8 -21 -8 -21 -8 -19 -8 -20 -7 -20 -8 -20 -6 -19 -8 -19 -8 -21 -8 -18 0 0 -9 -18 -10 -17 -10 -17 -10 -16 -8 -16 -10 -16 -10 -17 -10 -14 -11 -15 -11 -12 -11 -13 -10 -13 -11 -13 -11 -12 -11 -12 -12 -11 -13 -13 -12 -9 -12 -10 -12 -8 -12 -10 -12 -10 -12 -10 -13 -9 -11 -10 -11 -8 0 0 0 0 0 0 0 0 0 0 -1 -1 -1 -1 -1 24 1 23 3 23 3 19 -4 18 -3 18 -2 18 -3 19 -2 17 -2 16 -1 16 0 15 0 16 0 16 -1 16 1 15 2 17 1 15 0 14 1 14 3 14 2 14 3 13 1 13 1 13 2 13 1 12 4 12 2 14 3 12 5 11 2 12 2 12 2 11 2 11 1 11 1 11 0 10 0 10 -1 10 -1 9 -1 10 -2 9 -2 9 -2 8 -3 7 -4 7 -4 7 -4 5 -5 5 -5 4 -5 3 -5 3 -6 2 -6 1 -6 0 -7 -1 -1 -1 -1 -1 -1 -1 -1 -1 -1 -1 -1 -1 -1 -1 -1 -1 -1 -1 0 0 0 0 -33 -25 -33 -25 -34 -27 -34 -29 -33 -30 -29 -28 -31 -30 -29 -29 -32 -32 -28 -33 -28 -35 -29 -33 -31 -33 -29 -34 -24 -32 -25 -32 -27 -31 -25 -32 -23 -27 -23 -30 -22 -29 -25 -29 -21 -28 -24 -28 -22 -31 -24 -26 -29 -20 -23 -26 -24 -24 -25 -23 -24 -22 -24 -22 -25 -21 -24 -21 -25 -19 -26 -20 -24 -17 -25 -16 -24 -18 -27 -16 -26 -16 -26 -12 -26 -13 -28 -13 -24 -11 -24 -10 -25 -9 -24 -10 -25 -9 -25 -11 -25 -10 -24 -10 -25 -10 -25 -2 -29 1 -28 0 -27 3 -1 -1 ]
CSI_DATA,STA,08:3A:F2:51:5D:9D,-52,11,1,1,1,1,1,0,0,0,0,-93,0,6,1,10346899,0,110,0,0,10.529794,384,[110 96 6 0 0 0 0 0 0 0 0 0 -10 -23 -9 -22 -11 -24 -9 -26 -9 -25 -7 -22 -8 -24 -7 -23 -7 -23 -6 -24 -5 -25 -6 -26 -5 -25 -4 -25 -3 -23 -5 -25 -3 -22 -3 -23 -4 -21 -4 -21 -3 -21 -4 -22 -2 -20 -4 -21 -4 -22 -5 -20 0 0 -5 -20 -6 -19 -7 -19 -8 -18 -5 -18 -7 -18 -7 -18 -7 -16 -8 -17 -8 -15 -9 -15 -8 -15 -8 -15 -9 -14 -9 -15 -10 -14 -11 -15 -10 -12 -10 -12 -10 -11 -10 -13 -10 -13 -11 -13 -11 -12 -10 -13 -10 -11 0 0 0 0 0 0 0 0 0 0 -1 -1 -1 -1 -3 24 -3 26 0 24 2 22 -8 20 -7 18 -5 19 -6 19 -4 18 -5 16 -3 18 -3 16 -2 18 -3 18 -5 17 -3 17 -2 18 -2 16 -3 15 -1 15 1 15 -1 16 1 13 0 14 -1 14 1 14 -1 14 1 14 -1 14 0 14 4 13 0 14 0 13 0 12 0 13 0 11 0 12 -1 11 -1 11 -2 11 -2 11 -3 10 -3 9 -2 9 -3 8 -4 8 -4 7 -4 7 -4 6 -4 5 -5 5 -5 4 -5 3 -5 2 -5 1 -6 0 -6 -1 -1 -1 -1 -1 -1 -1 -1 -1 -1 -1 -1 -1 -1 -1 -1 -1 -1 -1 0 0 0 0 -28 -33 -26 -31 -30 -34 -27 -35 -28 -36 -23 -33 -26 -36 -23 -34 -27 -37 -21 -40 -20 -42 -21 -40 -23 -41 -21 -40 -17 -36 -20 -37 -20 -34 -20 -37 -18 -31 -18 -35 -17 -33 -19 -33 -17 -34 -18 -34 -16 -36 -18 -31 -25 -27 -17 -30 -19 -29 -20 -27 -20 -27 -19 -26 -21 -25 -20 -25 -21 -23 -23 -23 -22 -22 -22 -23 -21 -23 -23 -22 -22 -20 -24 -17 -23 -18 -27 -18 -22 -15 -23 -14 -24 -14 -23 -14 -25 -13 -24 -16 -24 -15 -23 -15 -24 -15 -26 -6 -30 -4 -28 -5 -29 1 -1 -1 ]
CSI_DATA,STA,08:3A:F2:51:5D:9D,-52,11,1,1,1,1,1,0,0,0,0,-93,0,6,1,10347334,0,110,0,0,10.540969,384,[110 96 6 0 0 0 0 0 0 0 0 0 22 -9 21 -9 24 -10 25 -9 24 -8 21 -6 23 -7 22 -6 23 -6 24 -5 25 -4 25 -5 24 -4 24 -3 22 -2 25 -5 21 -3 22 -3 20 -3 20 -3 21 -2 21 -3 19 -1 20 -3 22 -3 19 -4 0 0 19 -5 19 -6 18 -5 18 -7 17 -4 18 -6 18 -6 16 -7 16 -7 14 -8 15 -8 15 -7 15 -8 14 -9 14 -8 13 -10 15 -10 11 -10 12 -10 11 -10 12 -10 12 -10 12 -10 11 -11 12 -9 10 -10 0 0 0 0 0 0 0 0 0 0 -1 -1 -1 -1 -25 -8 -26 -7 -25 -6 -23 -2 -21 -10 -19 -8 -21 -7 -20 -8 -20 -7 -18 -7 -19 -5 -17 -5 -19 -5 -19 -6 -19 -6 -19 -4 -19 -4 -18 -4 -16 -5 -18 -2 -16 -1 -17 -1 -15 -1 -17 -2 -15 -3 -16 -1 -16 -2 -16 0 -16 -3 -16 0 -14 2 -15 -1 -15 -1 -14 -1 -15 -1 -13 -2 -14 -2 -14 -2 -13 -2 -13 -3 -12 -2 -11 -3 -10 -5 -10 -4 -9 -5 -9 -4 -8 -4 -8 -5 -6 -4 -6 -5 -5 -5 -4 -6 -4 -6 -2 -6 -2 -6 -1 -5 -1 -6 -1 -1 -1 -1 -1 -1 -1 -1 -1 -1 -1 -1 -1 -1 -1 -1 -1 -1 0 0 0 0 35 -26 33 -24 37 -28 37 -24 39 -26 35 -21 39 -23 36 -20 40 -23 42 -18 43 -17 41 -18 42 -20 42 -18 38 -14 39 -18 36 -18 39 -17 33 -15 37 -15 35 -14 35 -17 35 -13 35 -15 37 -13 32 -16 30 -21 31 -15 30 -17 28 -17 28 -19 28 -17 28 -19 27 -18 26 -19 25 -21 23 -19 24 -21 25 -19 23 -22 22 -21 19 -23 18 -22 20 -26 16 -21 16 -23 16 -23 15 -22 15 -24 17 -23 17 -23 16 -22 16 -23 10 -25 9 -29 9 -28 4 -28 -1 -1 ]
CSI_DATA,STA,08:3A:F2:51:5D:9D,-52,11,1,1,1,1,1,0,0,0,0,-93,0,6,1,10347978,0,110,0,0,10.551893,384,[110 96 6 0 0 0 0 0 0 0 0 0 13 17 13 16 14 18 13 20 13 19 11 17 11 18 10 18 11 19 10 19 9 21 10 21 9 20 8 20 7 19 10 20 8 18 7 18 8 17 8 17 7 17 7 18 5 16 7 17 8 18 8 15 0 0 8 15 9 15 9 15 10 14 8 14 9 14 9 14 9 12 10 12 10 11 10 11 9 11 10 11 10 10 10 10 11 9 12 10 11 7 11 8 11 6 11 8 11 8 11 8 12 7 10 8 10 6 0 0 0 0 0 0 0 0 0 0 -1 -1 -1 -1 1 -24 1 -24 -2 -24 -2 -21 3 -20 2 -19 1 -20 2 -20 1 -19 1 -17 0 -18 0 -16 -1 -19 -1 -18 1 -18 -1 -17 -2 -18 -2 -17 -1 -16 -2 -16 -4 -15 -3 -16 -4 -14 -3 -15 -3 -14 -4 -14 -2 -15 -5 -15 -2 -15 -4 -14 -5 -13 -3 -13 -4 -13 -4 -13 -4 -13 -3 -12 -3 -13 -2 -12 -2 -11 -1 -11 -1 -11 0 -11 1 -10 0 -10 1 -10 1 -9 2 -8 1 -8 2 -7 2 -7 3 -6 3 -5 3 -5 3 -4 4 -3 4 -2 5 -1 -1 -1 -1 -1 -1 -1 -1 -1 -1 -1 -1 -1 -1 -1 -1 -1 -1 -1 0 0 0 0 30 25 29 24 31 26 30 28 30 28 26 27 28 29 26 27 30 30 24 32 24 34 24 33 26 34 24 33 20 30 23 31 23 29 23 30 21 26 21 29 20 27 22 28 18 28 20 28 19 31 20 26 23 23 20 24 21 23 21 22 21 20 21 21 22 20 22 20 22 18 24 18 21 17 23 18 21 18 24 15 23 15 24 12 23 12 27 12 21 10 23 9 23 9 23 9 24 8 24 10 23 10 23 10 23 9 23 4 27 3 25 3 25 -2 -1 -1 ]
CSI_DATA,STA,08:3A:F2:51:5D:9D,-52,11,1,1,1,1,1,0,0,0,0,-93,0,6,1,10349115,0,110,0,0,10.561942,384,[110 96 6 0 0 0 0 0 0 0 0 0 -22 4 -21 4 -24 5 -25 3 -24 3 -21 1 -23 2 -22 1 -22 1 -23 0 -24 -1 -24 0 -23 -1 -23 -2 -21 -2 -24 -1 -20 -2 -21 -2 -20 -1 -20 -1 -20 -2 -20 -1 -19 -3 -20 -1 -21 -2 -19 0 0 0 -19 0 -19 1 -18 1 -18 2 -17 0 -17 2 -18 2 -16 3 -17 3 -15 4 -15 4 -15 3 -15 4 -14 4 -15 4 -14 5 -16 6 -13 6 -13 6 -12 7 -13 6 -14 6 -14 6 -12 7 -13 5 -12 6 0 0 0 0 0 0 0 0 0 0 -1 -1 -1 -1 22 6 24 6 22 3 20 1 16 9 15 7 16 7 16 8 16 7 13 6 15 5 14 4 15 4 15 5 15 6 14 4 16 4 15 4 13 4 14 2 14 1 14 2 12 0 13 2 12 2 13 1 13 2 13 0 14 2 12 1 12 -2 12 1 12 1 12 0 12 1 11 1 11 1 10 2 10 2 10 2 9 3 9 3 8 4 8 4 7 3 6 3 6 4 6 3 3 4 4 3 3 4 2 3 2 4 1 4 1 4 -1 4 -1 4 -1 -1 -1 -1 -1 -1 -1 -1 -1 -1 -1 -1 -1 -1 -1 -1 -1 -1 0 0 0 0 -33 19 -32 18 -35 20 -36 17 -37 18 -33 14 -37 17 -34 15 -38 17 -39 12 -40 11 -39 12 -40 14 -40 12 -35 8 -37 11 -34 11 -36 12 -31 10 -35 9 -32 9 -33 12 -33 8 -33 10 -36 7 -31 10 -28 18 -30 10 -29 12 -27 12 -27 13 -27 12 -27 14 -26 12 -25 14 -25 15 -24 15 -25 16 -25 13 -23 17 -22 15 -19 18 -19 16 -21 20 -17 16 -16 17 -16 18 -16 17 -16 19 -18 18 -18 18 -18 17 -17 18 -10 23 -9 26 -9 24 -4 26 -1 -1 ]
CSI_DATA,STA,08:3A:F2:51:5D:9D,-52,11,1,1,1,1,1,0,0,0,0,-93,0,6,1,10349546,0,110,0,0,10.572097,384,[110 96 6 0 0 0 0 0 0 0 0 0 -15 -17 -15 -17 -16 -18 -15 -20 -15 -19 -13 -19 -13 -19 -12 -19 -12 -19 -12 -20 -12 -22 -12 -21 -11 -21 -10 -21 -9 -20 -12 -21 -9 -19 -9 -19 -9 -18 -9 -18 -8 -18 -9 -18 -7 -17 -9 -18 -10 -19 -10 -17 0 0 -10 -17 -11 -15 -11 -15 -11 -14 -9 -15 -11 -15 -11 -15 -10 -13 -11 -13 -11 -11 -12 -12 -11 -12 -11 -12 -12 -11 -11 -11 -12 -10 -13 -11 -12 -8 -12 -9 -12 -7 -12 -9 -12 -9 -13 -9 -13 -8 -12 -9 -12 -7 0 0 0 0 0 0 0 0 0 0 -1 -1 -1 -1 3 22 4 23 6 21 7 19 -2 19 -1 17 0 18 -1 18 1 17 -1 15 1 16 2 15 2 16 1 16 1 16 2 16 3 16 3 15 1 14 3 14 4 13 3 14 4 12 3 13 3 12 4 12 3 13 5 12 3 13 4 12 7 11 3 12 3 11 4 11 3 11 3 10 3 10 2 10 2 10 1 10 1 10 0 10 0 9 0 8 -1 8 -1 8 -2 7 -2 7 -3 6 -2 5 -3 5 -3 4 -4 3 -4 3 -4 2 -5 2 -5 1 -1 -1 -1 -1 -1 -1 -1 -1 -1 -1 -1 -1 -1 -1 -1 -1 -1 -1 0 0 0 0 -34 -20 -33 -20 -35 -22 -34 -24 -35 -24 -30 -24 -33 -25 -30 -23 -34 -26 -30 -29 -30 -32 -30 -29 -32 -29 -29 -30 -25 -28 -28 -28 -27 -26 -28 -27 -24 -24 -25 -27 -23 -25 -26 -24 -23 -26 -25 -25 -24 -28 -25 -23 -30 -17 -23 -22 -24 -21 -25 -19 -25 -18 -24 -18 -25 -18 -25 -18 -25 -16 -27 -15 -24 -14 -26 -15 -25 -16 -26 -13 -25 -13 -26 -10 -25 -10 -29 -10 -24 -8 -24 -7 -25 -6 -24 -7 -25 -6 -25 -8 -25 -8 -24 -8 -24 -8 -25 1 -28 3 -27 2 -26 8 -1 -1 ]
CSI_DATA,STA,08:3A:F2:51:5D:9D,-51,11,1,1,1,1,1,0,0,0,0,-93,0,6,1,10349862,0,110,0,0,10.583145,384,[110 96 6 0 0 0 0 0 0 0 0 0 14 -17 14 -16 15 -18 17 -17 16 -17 15 -14 16 -15 16 -14 17 -14 17 -14 18 -14 19 -14 18 -14 18 -13 17 -11 19 -14 17 -11 17 -11 16 -11 16 -11 16 -11 16 -11 15 -9 15 -11 17 -11 14 -11 0 0 14 -12 13 -12 13 -12 12 -13 12 -10 12 -12 13 -12 11 -12 11 -13 9 -12 9 -13 10 -12 9 -13 8 -13 9 -13 7 -13 8 -14 6 -13 6 -13 5 -13 7 -13 6 -13 6 -13 5 -14 7 -13 5 -12 0 0 0 0 0 0 0 0 0 0 -1 -1 -1 -1 -24 2 -24 2 -23 4 -21 5 -21 -1 -19 0 -20 0 -20 0 -19 1 -17 0 -18 2 -17 2 -18 3 -18 1 -18 1 -17 3 -18 3 -16 3 -15 1 -16 4 -15 5 -16 5 -13 5 -15 4 -14 3 -13 4 -14 3 -13 5 -15 3 -14 5 -12 7 -13 4 -13 4 -12 4 -13 4 -12 3 -12 3 -12 2 -11 2 -11 2 -11 2 -11 1 -10 -1 -10 -1 -9 -1 -9 0 -8 -1 -9 -2 -7 -2 -7 -2 -6 -3 -6 -3 -5 -4 -4 -4 -4 -5 -2 -5 -2 -5 -1 -1 -1 -1 -1 -1 -1 -1 -1 -1 -1 -1 -1 -1 -1 -1 -1 -1 0 0 0 0 19 -35 19 -34 19 -38 22 -36 23 -37 22 -32 23 -35 22 -31 25 -36 27 -31 30 -31 28 -32 28 -33 29 -31 27 -27 26 -30 25 -30 26 -30 22 -26 25 -27 23 -25 23 -28 24 -24 24 -26 27 -25 22 -26 19 -29 21 -26 19 -26 18 -26 17 -26 17 -25 16 -27 16 -26 14 -27 13 -28 12 -25 13 -27 15 -25 12 -27 11 -27 8 -27 8 -26 8 -29 6 -24 5 -25 5 -26 5 -25 4 -26 7 -26 6 -26 6 -25 6 -26 0 -25 -1 -28 -1 -27 -7 -26 -1 -1 ]
CSI_DATA,STA,08:3A:F2:51:5D:9D,-46,11,0,0,0,0,0,0,0,0,0,-93,0,6,1,10352629,0,110,0,0,10.593869,128,[110 96 6 0 0 0 0 0 0 0 0 0 16 -18 17 -17 18 -18 18 -19 18 -17 17 -15 18 -16 18 -14 19 -15 19 -14 20 -16 21 -15 19 -15 19 -14 18 -12 19 -15 18 -12 18 -11 17 -11 17 -12 16 -11 17 -12 15 -10 15 -12 16 -13 15 -13 0 0 14 -13 14 -13 13 -13 13 -13 11 -12 12 -14 11 -14 10 -13 10 -14 11 -13 11 -14 10 -13 9 -14 10 -14 9 -13 9 -14 9 -15 8 -14 8 -14 7 -14 7 -14 7 -14 7 -14 7 -14 7 -13 6 -13 0 0 0 0 0 0 0 0 0 0 ]
CSI_DATA,STA,08:3A:F2:51:5D:9D,-52,11,1,1,1,1,1,0,0,0,0,-93,0,6,1,10365908,0,110,0,0,10.597907,384,[110 96 6 0 0 0 0 0 0 0 0 0 21 -7 20 -6 22 -7 24 -5 23 -5 20 -3 22 -3 21 -2 21 -2 22 -2 23 -1 23 -2 23 -1 22 -1 21 1 23 -1 20 1 19 1 19 0 19 1 19 1 19 1 17 2 19 0 20 0 18 -1 0 0 18 -1 17 -2 18 -2 16 -3 16 -1 16 -2 17 -2 15 -3 15 -4 13 -5 14 -5 14 -4 14 -5 14 -5 14 -5 14 -6 15 -6 12 -6 12 -6 11 -7 13 -6 12 -6 13 -7 12 -8 12 -6 11 -7 0 0 0 0 0 0 0 0 0 0 -1 -1 -1 -1 -20 -13 -20 -13 -22 -10 -19 -8 -16 -13 -16 -11 -16 -11 -17 -12 -16 -11 -14 -10 -16 -9 -14 -9 -16 -9 -15 -9 -15 -9 -16 -8 -17 -8 -16 -8 -14 -8 -14 -7 -15 -5 -15 -7 -14 -5 -14 -6 -13 -7 -14 -5 -13 -6 -14 -4 -14 -6 -14 -4 -14 -2 -13 -5 -13 -5 -12 -5 -12 -5 -12 -5 -12 -5 -11 -5 -11 -5 -10 -5 -9 -5 -9 -6 -8 -6 -8 -6 -7 -6 -7 -5 -5 -5 -5 -6 -4 -5 -4 -5 -3 -5 -2 -4 -2 -5 -1 -4 0 -5 0 -4 1 -3 -1 -1 -1 -1 -1 -1 -1 -1 -1 -1 -1 -1 -1 -1 -1 -1 -1 -1 0 0 0 0 35 -19 34 -18 37 -19 38 -17 38 -16 36 -13 39 -15 36 -13 40 -14 39 -11 41 -10 39 -11 42 -12 40 -10 37 -7 37 -8 37 -10 36 -8 34 -8 35 -6 34 -6 34 -7 32 -6 34 -8 35 -5 32 -9 30 -14 31 -8 30 -9 29 -11 27 -10 29 -10 28 -11 28 -10 26 -12 27 -13 23 -13 25 -13 25 -12 24 -15 24 -15 21 -16 22 -16 23 -17 19 -15 19 -16 19 -17 18 -16 19 -17 20 -16 20 -17 18 -16 19 -17 14 -19 15 -23 14 -23 11 -23 -1 -1 ]
CSI_DATA,STA,08:3A:F2:51:5D:9D,-50,11,1,1,1,1,1,0,0,0,0,-93,0,6,1,10565132,0,110,0,0,10.731664,384,[110 96 6 0 0 0 0 0 0 0 0 0 13 18 13 18 14 19 13 22 12 21 10 20 10 21 9 20 9 21 8 21 8 23 9 23 8 22 7 22 5 21 9 23 6 20 6 20 6 19 5 19 5 19 6 20 3 18 6 19 6 20 6 18 0 0 6 18 7 17 8 17 8 15 6 16 7 16 7 16 7 14 8 15 8 12 9 13 7 13 8 13 9 12 8 12 10 11 10 12 10 10 10 10 10 8 9 10 9 10 9 10 10 8 9 9 9 8 0 0 0 0 0 0 0 0 0 0 -1 -1 -1 -1 -5 -22 -6 -21 -8 -21 -7 -18 1 -17 0 -16 -1 -16 0 -17 -1 -15 0 -14 -2 -15 -2 -13 -3 -15 -3 -14 -2 -14 -4 -13 -5 -14 -4 -13 -3 -12 -4 -12 -6 -11 -4 -11 -6 -10 -5 -11 -4 -11 -5 -10 -4 -10 -6 -10 -5 -11 -6 -10 -9 -7 -5 -9 -5 -8 -5 -8 -5 -8 -5 -8 -5 -7 -5 -7 -4 -7 -4 -7 -3 -6 -3 -6 -3 -5 -3 -5 -3 -5 -2 -4 -2 -3 -3 -3 -1 -2 -2 -2 -1 -2 -1 -1 -1 -1 -1 0 -2 0 -1 0 -1 1 -1 -1 0 0 0 0 -1 -1 -1 -1 -1 -1 0 0 0 0 -1 -1 -1 -1 -1 -1 32 18 32 19 33 20 33 23 31 23 29 22 31 24 29 23 32 25 28 27 28 29 29 27 31 27 29 28 24 27 25 27 26 25 25 26 24 23 22 26 21 25 24 25 20 24 23 24 22 27 23 21 32 13 22 22 22 20 24 19 22 18 23 19 23 18 22 18 22 16 23 16 21 13 23 14 21 14 24 12 23 13 22 9 23 10 25 10 21 8 21 8 22 7 20 7 21 6 21 8 21 6 20 7 21 7 22 -3 25 -7 25 -6 22 -8 -1 -1 ]
CSI_DATA,STA,08:3A:F2:51:5D:9D,-51,11,1,1,1,1,1,0,0,0,0,-93,0,6,1,10580545,0,110,0,0,10.747274,384,[110 96 6 0 0 0 0 0 0 0 0 0 17 17 16 17 18 18 17 20 17 20 14 18 15 20 13 19 14 19 13 20 13 22 14 22 13 22 12 22 10 20 13 22 10 19 10 20 10 18 10 19 9 18 10 19 7 18 9 18 10 20 10 17 0 0 10 16 11 16 11 16 12 14 9 15 11 14 11 15 10 13 11 13 12 10 12 11 10 11 11 11 12 9 12 10 12 9 13 10 12 7 12 7 12 6 12 8 12 7 12 8 12 6 11 7 11 6 0 0 0 0 0 0 0 0 0 0 -1 -1 -1 -1 -8 -21 -9 -22 -10 -18 -10 -16 -3 -19 -4 -16 -5 -17 -4 -17 -5 -16 -4 -14 -6 -15 -5 -13 -7 -14 -7 -14 -6 -15 -7 -13 -8 -13 -7 -12 -6 -11 -8 -11 -8 -10 -9 -11 -9 -8 -9 -10 -8 -9 -9 -9 -8 -10 -9 -8 -8 -9 -9 -8 -11 -6 -8 -7 -9 -7 -8 -6 -8 -7 -7 -6 -7 -5 -7 -5 -6 -5 -6 -5 -6 -5 -6 -4 -6 -3 -5 -2 -5 -3 -4 -2 -4 -2 -5 -1 -3 -2 -3 -1 -3 0 -2 0 -3 1 -3 1 -3 2 -2 2 -2 2 0 0 0 0 -1 -1 -1 -1 -1 -1 -1 -1 -1 -1 0 0 0 0 -1 -1 -1 -1 38 17 35 16 40 18 36 20 40 21 33 20 38 22 33 21 39 22 35 27 35 29 35 26 37 27 34 27 28 26 33 25 30 23 33 24 28 21 28 25 26 23 30 23 27 24 28 23 28 27 27 21 34 13 25 20 27 19 26 17 27 16 25 16 27 15 25 16 26 13 28 12 27 11 27 11 26 13 27 9 25 9 26 6 25 6 29 6 22 5 23 3 24 3 23 3 24 2 25 4 24 3 22 3 23 3 24 -6 25 -8 23 -7 22 -12 -1 -1 ]
CSI_DATA,STA,08:3A:F2:51:5D:9D,-51,11,1,1,1,1,1,0,0,0,0,-93,0,6,1,10580860,0,110,0,0,10.758015,384,[110 96 6 0 0 0 0 0 0 0 0 0 -13 17 -13 17 -14 18 -17 18 -16 17 -15 14 -16 15 -16 14 -16 14 -17 15 -18 15 -18 15 -18 14 -18 13 -18 11 -18 14 -17 12 -17 11 -16 11 -16 11 -16 10 -16 11 -15 9 -15 11 -17 12 -14 11 0 0 -14 11 -13 12 -13 12 -12 12 -13 10 -12 11 -12 11 -11 11 -11 11 -9 12 -9 12 -9 11 -9 12 -8 11 -8 11 -7 12 -8 13 -5 11 -6 11 -5 11 -6 11 -6 11 -6 12 -4 11 -6 11 -4 10 0 0 0 0 0 0 0 0 0 0 -1 -1 -1 -1 18 -7 18 -7 16 -9 14 -9 15 -4 14 -4 14 -5 14 -4 13 -5 11 -4 12 -6 11 -6 12 -7 11 -6 12 -6 10 -7 10 -8 9 -7 9 -6 8 -8 7 -9 8 -8 6 -8 7 -8 7 -7 6 -8 7 -8 6 -9 7 -7 6 -9 4 -10 5 -8 4 -8 4 -8 4 -8 4 -7 4 -7 3 -7 3 -6 3 -6 3 -6 3 -6 3 -5 1 -4 1 -4 1 -5 0 -4 0 -4 0 -3 -1 -3 -1 -3 -1 -3 -2 -2 -2 -2 -3 -2 -3 -3 -3 -2 0 0 0 0 -1 -1 -1 -1 -1 -1 -1 -1 -1 -1 0 0 0 0 -1 -1 -1 -1 -15 36 -15 34 -15 37 -18 36 -18 37 -18 32 -19 35 -18 32 -20 36 -24 33 -26 33 -24 33 -24 35 -25 33 -24 28 -23 31 -21 30 -22 31 -19 26 -22 27 -21 26 -20 29 -22 26 -21 27 -24 27 -19 27 -13 30 -18 25 -17 26 -15 26 -14 26 -15 25 -13 26 -14 25 -12 25 -11 26 -10 25 -10 26 -12 24 -9 25 -8 24 -5 24 -6 23 -5 26 -4 21 -3 22 -2 22 -3 21 -2 22 -4 22 -3 22 -3 21 -3 21 3 21 6 22 5 21 9 20 -1 -1 ]
CSI_DATA,STA,08:3A:F2:51:5D:9D,-51,11,1,1,1,1,1,0,0,0,0,-93,0,6,1,10581266,0,110,0,0,10.768460,384,[110 96 6 0 0 0 0 0 0 0 0 0 -18 17 -17 17 -19 18 -21 18 -20 17 -19 14 -20 15 -19 14 -20 14 -21 14 -23 13 -23 14 -22 13 -23 12 -22 10 -22 13 -20 10 -20 10 -19 10 -19 10 -19 9 -20 10 -19 8 -19 9 -21 10 -17 10 0 0 -18 11 -17 11 -16 11 -15 12 -15 10 -15 11 -16 12 -13 11 -13 12 -11 12 -12 12 -12 10 -12 11 -10 12 -11 12 -9 12 -11 13 -8 12 -8 12 -7 12 -8 12 -8 12 -8 12 -7 12 -8 11 -7 11 0 0 0 0 0 0 0 0 0 0 -1 -1 -1 -1 22 -1 22 -2 20 -4 18 -5 18 0 16 -1 17 -2 17 -1 16 -3 14 -2 14 -4 13 -4 14 -5 14 -4 15 -4 13 -6 14 -6 13 -5 12 -4 11 -7 10 -8 11 -7 9 -7 10 -7 10 -6 9 -7 10 -7 9 -8 10 -7 8 -8 7 -8 7 -8 7 -8 7 -7 6 -7 6 -6 6 -7 5 -6 5 -6 5 -6 4 -6 4 -6 5 -5 4 -5 3 -4 1 -5 1 -4 1 -4 0 -4 -1 -3 0 -3 -1 -3 -1 -2 -2 -3 -2 -3 -3 -3 -4 -4 0 0 0 0 -1 -1 -1 -1 -1 -1 -1 -1 -1 -1 0 0 0 0 -1 -1 -1 -1 -25 37 -24 35 -26 39 -28 37 -29 38 -28 32 -30 35 -28 33 -32 37 -34 32 -37 31 -35 32 -35 33 -36 31 -33 26 -33 30 -31 29 -33 30 -28 26 -32 26 -29 25 -30 28 -30 25 -30 26 -33 24 -27 25 -23 29 -27 24 -25 26 -23 26 -22 26 -23 24 -21 26 -21 25 -19 26 -18 27 -16 26 -17 26 -18 24 -16 26 -15 25 -12 27 -12 25 -12 29 -10 24 -8 24 -8 25 -8 24 -7 25 -10 25 -9 24 -9 23 -8 23 -2 24 -1 26 -1 25 3 25 -1 -1 ]
CSI_DATA,STA,08:3A:F2:51:5D:9D,-51,11,1,1,1,1,1,0,0,0,0,-93,0,6,1,10581555,0,110,0,0,10.779020,384,[110 96 6 0 0 0 0 0 0 0 0 0 -15 19 -15 19 -16 21 -19 20 -18 19 -17 17 -18 17 -17 16 -18 16 -19 16 -20 16 -21 17 -20 16 -20 15 -20 13 -21 16 -19 13 -19 12 -18 13 -18 12 -18 11 -19 12 -18 10 -17 12 -19 13 -16 12 0 0 -16 12 -15 13 -15 13 -14 13 -15 11 -14 12 -15 12 -12 11 -13 12 -10 12 -11 13 -11 12 -10 12 -10 12 -10 12 -9 13 -9 14 -7 12 -7 12 -6 12 -8 12 -7 12 -7 13 -6 13 -7 12 -5 11 0 0 0 0 0 0 0 0 0 0 -1 -1 -1 -1 20 -10 20 -10 18 -12 15 -12 16 -4 15 -4 15 -6 15 -5 14 -6 12 -4 13 -7 11 -6 12 -8 12 -7 12 -7 11 -7 12 -9 11 -8 10 -6 9 -8 8 -9 9 -9 7 -9 8 -9 8 -8 7 -9 8 -8 7 -9 8 -9 6 -9 3 -11 6 -8 5 -9 5 -8 4 -8 5 -8 4 -7 4 -7 3 -7 3 -6 2 -6 3 -5 3 -5 2 -5 2 -5 0 -4 1 -4 0 -5 -1 -3 -1 -3 -2 -3 -1 -2 -2 -3 -2 -3 -2 -2 -3 -2 -4 -2 0 0 0 0 -1 -1 -1 -1 -1 -1 -1 -1 -1 -1 0 0 0 0 -1 -1 -1 -1 -14 40 -14 38 -14 42 -18 40 -18 42 -18 36 -18 40 -18 36 -19 41 -24 38 -27 38 -25 38 -25 40 -26 37 -25 31 -23 35 -21 33 -23 35 -20 30 -23 31 -21 29 -20 32 -23 29 -22 30 -25 30 -20 30 -11 34 -19 28 -17 29 -16 28 -14 28 -15 27 -13 28 -14 27 -12 27 -11 29 -10 28 -11 28 -12 26 -9 28 -9 26 -5 26 -6 25 -5 29 -4 23 -2 23 -2 24 -2 23 -1 24 -3 25 -4 24 -3 23 -3 23 7 23 9 24 9 23 13 22 -1 -1 ]
CSI_DATA,STA,08:3A:F2:51:5D:9D,-51,11,1,1,1,1,1,0,0,0,0,-93,0,6,1,10581944,0,110,0,0,10.789559,384,[110 96 6 0 0 0 0 0 0 0 0 0 0 -25 1 -24 0 -27 3 -27 3 -27 3 -24 4 -25 4 -24 5 -24 5 -25 7 -26 6 -26 6 -25 7 -24 8 -22 7 -26 7 -22 8 -22 6 -21 7 -21 7 -20 7 -21 8 -19 6 -20 7 -22 5 -20 0 0 5 -20 3 -20 4 -20 3 -19 4 -18 3 -19 3 -19 2 -17 2 -19 0 -16 0 -17 0 -17 0 -17 -1 -16 -1 -17 -2 -16 -2 -18 -3 -15 -3 -15 -4 -14 -3 -15 -3 -15 -3 -15 -4 -14 -2 -14 -4 -13 0 0 0 0 0 0 0 0 0 0 -1 -1 -1 -1 -7 20 -6 21 -4 20 -2 18 -11 13 -9 12 -8 13 -9 12 -7 12 -7 11 -6 12 -5 11 -4 12 -5 12 -6 12 -4 12 -3 13 -3 12 -4 10 -2 11 -1 11 -1 11 0 10 -1 11 -1 9 0 10 -2 10 0 10 -1 10 0 10 4 10 0 9 0 9 1 8 1 8 1 7 1 7 1 7 1 6 1 6 0 6 0 6 1 5 1 4 1 3 1 3 1 2 1 2 1 2 1 1 1 1 1 0 2 -1 2 -1 2 -1 2 -1 3 -2 0 0 0 0 -1 -1 -1 -1 -1 -1 -1 -1 -1 -1 0 0 0 0 -1 -1 -1 -1 -17 -38 -15 -36 -18 -39 -14 -39 -16 -41 -11 -37 -14 -40 -12 -37 -13 -41 -9 -42 -7 -44 -8 -43 -10 -44 -8 -43 -4 -38 -7 -40 -8 -37 -8 -39 -6 -33 -6 -37 -5 -34 -8 -35 -4 -35 -5 -36 -3 -38 -7 -34 -20 -32 -6 -32 -8 -31 -9 -30 -9 -30 -9 -29 -11 -29 -10 -29 -11 -27 -12 -27 -11 -25 -12 -27 -10 -27 -13 -25 -12 -25 -15 -22 -14 -22 -17 -23 -13 -19 -15 -18 -16 -19 -14 -18 -16 -18 -16 -20 -15 -19 -14 -19 -15 -19 -23 -10 -25 -10 -23 -9 -25 -4 -1 -1 ]
CSI_DATA,STA,08:3A:F2:51:5D:9D,-51,11,1,1,1,1,1,0,0,0,0,-93,0,6,1,10582488,0,110,0,0,10.800060,384,[110 96 6 0 0 0 0 0 0 0 0 0 11 -22 11 -21 12 -24 14 -23 14 -22 13 -19 14 -20 14 -19 15 -20 15 -19 17 -20 17 -20 17 -19 17 -19 16 -16 17 -20 15 -17 15 -16 14 -16 14 -16 15 -16 14 -16 14 -14 13 -16 15 -17 12 -16 0 0 12 -16 11 -17 10 -17 9 -16 10 -14 9 -16 10 -16 8 -16 8 -16 5 -15 5 -16 7 -14 6 -15 4 -15 5 -15 3 -16 4 -17 1 -14 2 -15 1 -14 2 -15 2 -15 2 -15 1 -14 2 -14 1 -13 0 0 0 0 0 0 0 0 0 0 -1 -1 -1 -1 -17 14 -17 15 -15 16 -11 15 -16 9 -14 8 -14 9 -14 9 -12 9 -12 8 -11 10 -9 9 -10 11 -11 10 -11 10 -9 10 -8 11 -8 10 -8 9 -6 10 -5 11 -6 11 -4 10 -5 10 -5 9 -5 10 -5 10 -4 10 -5 10 -3 10 0 10 -3 9 -3 9 -2 8 -2 8 -3 7 -2 7 -2 7 -2 6 -1 6 0 6 -1 6 -1 5 -1 4 0 3 0 3 0 3 1 2 1 2 1 1 1 1 1 1 1 0 2 0 2 -1 3 0 3 0 -1 -1 -1 -1 -1 -1 -1 -1 -1 -1 -1 -1 -1 -1 -1 -1 -1 -1 0 0 0 0 6 -42 7 -41 6 -45 9 -44 10 -45 10 -40 10 -43 11 -40 12 -45 16 -42 18 -43 16 -42 15 -44 16 -42 17 -37 15 -40 14 -38 15 -39 13 -34 15 -36 14 -34 13 -36 14 -34 12 -35 16 -36 11 -35 1 -37 10 -33 9 -33 7 -32 6 -32 6 -31 5 -32 6 -31 3 -31 2 -32 1 -29 1 -31 3 -29 0 -30 0 -29 -4 -28 -3 -27 -5 -30 -5 -24 -6 -25 -6 -25 -6 -24 -7 -25 -5 -26 -6 -25 -6 -24 -6 -24 -14 -20 -16 -21 -15 -21 -19 -17 -1 -1 ]
CSI_DATA,STA,08:3A:F2:51:5D:9D,-46,11,1,1,0,1,1,0,0,0,0,-93,0,6,1,10586694,0,110,0,0,10.810526,256,[110 96 6 0 0 0 0 0 0 0 0 0 -7 11 -7 10 -8 11 -8 11 -8 10 -8 9 -8 9 -8 9 -8 9 -9 9 -9 9 -9 9 -9 9 -9 8 -9 8 -9 9 -9 8 -8 8 -7 7 -9 8 -8 7 -8 7 -7 6 -7 7 -7 7 -7 6 0 0 -6 6 -6 7 -6 7 -6 7 -6 6 -5 7 -5 7 -5 6 -5 7 -4 6 -5 7 -4 7 -4 7 -4 6 -4 7 -4 7 -3 7 -4 6 -3 6 -3 7 -3 6 -3 6 -2 7 -2 6 -2 5 -2 5 0 0 0 0 0 0 0 0 0 0 -1 -1 -1 -1 0 0 0 0 3 23 2 21 -6 21 -6 19 -7 21 -7 22 -9 21 -8 21 -9 21 -8 19 -9 20 -11 19 -11 20 -11 21 -10 20 -10 19 -10 18 -11 19 -10 18 -11 17 -10 16 -10 16 -10 16 -10 16 -8 15 -8 16 -8 15 -9 14 -1 -1 -8 15 -7 15 -7 13 -6 14 -5 13 -5 14 -6 14 -5 14 -4 13 -4 15 -4 14 -4 13 -2 14 -3 13 -4 12 -4 13 -2 13 -2 12 -1 12 -2 13 -1 12 -1 12 -1 12 0 12 0 12 0 12 3 11 3 12 -1 -1 -1 -1 -1 -1 ]
CSI_DATA,STA,08:3A:F2:51:5D:9D,-47,11,1,1,0,1,1,0,0,0,0,-93,0,6,1,10587922,0,110,0,0,10.817218,256,[110 96 6 0 0 0 0 0 0 0 0 0 1 -14 2 -14 1 -15 2 -15 3 -15 3 -14 3 -14 4 -13 4 -13 4 -14 4 -14 4 -14 4 -14 4 -14 5 -12 4 -13 5 -12 5 -12 5 -12 4 -11 4 -11 4 -11 4 -10 4 -11 4 -11 3 -10 0 0 3 -11 3 -10 3 -10 2 -10 2 -9 2 -10 1 -10 1 -9 1 -9 1 -9 0 -10 0 -9 0 -10 0 -9 0 -9 0 -9 -1 -9 0 -9 -1 -9 -1 -9 -1 -8 -1 -9 -1 -9 -1 -9 -1 -8 -2 -8 0 0 0 0 0 0 0 0 0 0 -1 -1 -1 -1 0 0 0 0 -3 -14 -2 -12 -1 -13 0 -13 0 -14 0 -14 0 -13 1 -13 1 -14 1 -13 2 -13 2 -14 2 -14 2 -14 2 -13 2 -13 2 -12 2 -13 2 -12 3 -11 2 -11 2 -11 2 -11 2 -11 2 -11 1 -11 2 -11 2 -10 -1 -1 1 -10 1 -10 1 -9 1 -10 0 -9 0 -9 0 -9 -1 -9 -1 -9 -1 -9 -1 -9 -1 -9 -1 -9 -1 -9 -1 -8 -2 -8 -2 -8 -2 -8 -2 -8 -2 -8 -3 -8 -2 -8 -2 -8 -2 -7 -3 -7 -3 -7 -3 -7 -3 -7 -1 -1 -1 -1 -1 -1 ]
CSI_DATA,STA,08:3A:F2:51:5D:9D,-47,11,1,1,0,1,1,0,0,0,0,-93,0,6,1,10588242,0,110,0,0,10.824108,256,[110 96 6 0 0 0 0 0 0 0 0 0 12 -23 13 -22 14 -23 15 -23 15 -22 15 -20 16 -20 16 -19 16 -20 17 -19 17 -20 17 -20 17 -19 17 -18 17 -17 17 -19 17 -16 16 -16 16 -15 16 -15 15 -15 16 -15 14 -14 14 -15 14 -16 13 -15 0 0 13 -15 12 -15 12 -15 11 -15 10 -14 10 -15 10 -15 9 -14 9 -15 9 -15 9 -15 8 -14 7 -15 8 -15 7 -14 7 -14 7 -15 6 -14 6 -14 6 -14 6 -14 5 -14 5 -14 4 -14 4 -14 4 -13 0 0 0 0 0 0 0 0 0 0 -1 -1 -1 -1 0 0 0 0 -6 -49 -3 -46 10 -44 11 -44 12 -46 13 -46 14 -44 15 -43 16 -45 16 -42 18 -43 19 -41 19 -43 20 -44 18 -41 19 -41 20 -38 20 -40 20 -38 21 -35 19 -35 19 -36 18 -34 18 -33 16 -33 17 -34 17 -35 15 -32 -1 -1 14 -32 12 -32 12 -30 13 -31 11 -29 10 -31 9 -29 9 -30 8 -30 8 -31 7 -31 7 -29 5 -29 6 -29 5 -28 4 -27 4 -29 3 -28 3 -27 2 -27 1 -28 2 -27 1 -26 0 -26 0 -26 0 -25 -7 -23 -7 -24 -1 -1 -1 -1 -1 -1 ]
CSI_DATA,STA,08:3A:F2:51:5D:9D,-45,11,0,0,0,0,0,0,0,0,0,-93,0,6,1,10598706,0,110,0,0,10.831550,128,[110 96 6 0 0 0 0 0 0 0 0 0 -5 -26 -4 -26 -4 -28 -4 -28 -2 -27 -1 -25 0 -26 1 -25 1 -26 1 -26 0 -28 0 -28 0 -26 0 -26 2 -24 1 -27 3 -24 3 -23 3 -22 2 -22 3 -21 3 -23 3 -20 0 -21 0 -23 0 -21 0 0 0 -20 -1 -21 -1 -20 -1 -20 -1 -18 -2 -19 -2 -19 -2 -18 -3 -18 -2 -18 -4 -18 -3 -16 -4 -17 -4 -17 -4 -17 -4 -17 -5 -17 -5 -16 -4 -15 -4 -15 -4 -15 -5 -15 -5 -15 -6 -14 -5 -14 -5 -13 0 0 0 0 0 0 0 0 0 0 ]
CSI_DATA,STA,08:3A:F2:51:5D:9D,-45,11,0,0,0,0,0,0,0,0,0,-93,0,6,1,10602611,0,110,0,0,10.835509,128,[110 96 6 0 0 0 0 0 0 0 0 0 19 17 18 17 19 18 20 19 18 19 16 18 17 19 15 19 16 19 15 20 16 21 16 22 15 20 14 20 12 19 16 21 12 19 12 19 12 18 12 18 11 17 12 18 10 16 12 16 13 17 12 15 0 0 12 14 13 14 14 14 13 13 12 12 13 12 14 12 12 11 14 11 12 11 14 11 12 9 13 9 13 9 13 9 13 8 15 8 13 8 13 7 13 7 13 7 13 6 13 6 13 6 12 5 12 5 0 0 0 0 0 0 0 0 0 0 ]
CSI_DATA,STA,08:3A:F2:51:5D:9D,-46,11,0,0,0,0,0,0,0,0,0,-93,0,6,1,10658908,0,110,0,0,10.839386,128,[110 96 6 0 0 0 0 0 0 0 0 0 24 -4 24 -2 26 -3 27 -3 25 -1 24 0 25 1 23 1 25 1 24 2 26 0 26 1 25 1 24 1 22 3 25 1 22 3 21 3 21 2 21 3 20 3 21 2 18 2 20 0 21 0 20 0 0 0 19 -1 20 -1 20 -2 19 -2 17 -2 18 -3 18 -3 17 -3 17 -4 16 -3 17 -4 16 -4 16 -5 16 -5 15 -4 16 -5 16 -6 15 -6 15 -5 14 -5 14 -5 14 -6 14 -6 14 -7 13 -6 12 -6 0 0 0 0 0 0 0 0 0 0 ]
CSI_DATA,STA,08:3A:F2:51:5D:9D,-51,11,1,1,1,1,1,0,0,0,0,-93,0,6,1,10671525,0,110,0,0,10.843074,384,[110 96 6 0 0 0 0 0 0 0 0 0 -7 -23 -7 -22 -9 -25 -6 -26 -6 -26 -4 -23 -4 -24 -4 -23 -4 -24 -2 -25 -1 -26 -2 -26 -2 -26 -1 -25 0 -23 -2 -26 0 -22 0 -23 0 -21 0 -22 0 -21 0 -22 2 -20 0 -21 0 -23 -1 -20 0 0 -1 -20 -3 -20 -3 -19 -4 -19 -2 -18 -3 -19 -3 -20 -4 -17 -5 -18 -6 -16 -6 -17 -4 -16 -5 -16 -6 -15 -6 -16 -7 -15 -8 -17 -7 -13 -7 -13 -8 -12 -7 -14 -8 -14 -8 -14 -9 -13 -7 -13 -7 -12 0 0 0 0 0 0 0 0 0 0 -1 -1 -1 -1 -5 23 -4 23 -2 22 1 20 -8 17 -6 15 -5 17 -7 16 -5 16 -5 14 -3 16 -3 14 -2 16 -3 16 -4 16 -3 15 -1 16 -2 15 -2 13 0 14 1 13 0 15 2 12 1 14 -1 13 2 13 0 14 2 14 0 14 2 13 6 13 1 13 2 12 2 11 2 12 2 11 2 11 1 11 1 10 1 10 0 10 0 10 -1 10 0 9 -1 8 0 8 -1 7 0 7 -1 6 -1 5 -1 5 -2 5 -1 4 -2 4 -2 3 -3 3 -3 3 -1 -1 -1 -1 -1 -1 -1 -1 -1 -1 -1 -1 -1 -1 -1 -1 -1 -1 0 0 0 0 -24 -35 -22 -34 -26 -36 -22 -37 -24 -39 -19 -35 -22 -38 -18 -36 -22 -40 -16 -42 -14 -44 -16 -42 -17 -43 -15 -43 -11 -38 -15 -39 -15 -36 -16 -39 -14 -33 -13 -37 -12 -34 -15 -35 -10 -36 -12 -36 -10 -38 -13 -34 -22 -31 -12 -32 -15 -31 -15 -29 -16 -29 -15 -28 -17 -28 -16 -28 -17 -26 -19 -26 -17 -25 -18 -26 -16 -26 -19 -24 -18 -23 -21 -20 -19 -20 -23 -21 -18 -17 -19 -16 -20 -16 -19 -16 -21 -15 -20 -18 -20 -17 -19 -17 -20 -17 -24 -9 -27 -6 -25 -8 -27 -1 -1 -1 ]
CSI_DATA,STA,08:3A:F2:51:5D:9D,-45,11,0,0,0,0,0,0,0,0,0,-93,0,6,1,10673297,0,110,0,0,10.854024,128,[110 96 6 0 0 0 0 0 0 0 0 0 -23 12 -22 10 -24 12 -24 11 -25 11 -22 8 -24 9 -23 7 -24 8 -25 6 -26 8 -27 7 -25 7 -24 6 -22 4 -26 8 -22 4 -23 4 -21 5 -22 5 -20 4 -22 5 -20 3 -20 5 -21 6 -20 6 0 0 -19 7 -20 7 -18 7 -18 8 -16 6 -17 8 -17 8 -16 7 -16 9 -17 8 -16 9 -15 8 -15 9 -15 8 -15 8 -14 9 -15 10 -13 9 -13 9 -13 9 -12 9 -12 10 -13 10 -12 10 -12 9 -11 9 0 0 0 0 0 0 0 0 0 0 ]
CSI_DATA,STA,08:3A:F2:51:5D:9D,-51,11,1,1,1,1,1,0,0,0,0,-93,0,6,1,10674200,0,110,0,0,10.857846,384,[110 96 6 0 0 0 0 0 0 0 0 0 -6 -24 -5 -23 -6 -25 -4 -26 -4 -26 -3 -23 -2 -25 -1 -23 -1 -24 0 -25 1 -26 0 -26 1 -25 2 -25 3 -23 1 -26 1 -22 2 -22 1 -21 2 -21 2 -21 2 -22 4 -20 2 -21 2 -23 1 -20 0 0 1 -20 -1 -20 -1 -20 -2 -19 0 -18 -2 -19 -1 -19 -2 -17 -3 -18 -4 -16 -4 -17 -2 -16 -3 -16 -5 -16 -4 -16 -6 -15 -6 -17 -6 -14 -5 -14 -6 -13 -5 -15 -6 -14 -6 -15 -7 -13 -5 -14 -6 -12 0 0 0 0 0 0 0 0 0 0 -1 -1 -1 -1 -3 23 -2 23 1 22 1 20 -9 15 -7 14 -6 15 -7 15 -5 15 -5 12 -4 15 -3 13 -3 14 -4 14 -4 15 -3 14 -2 15 -2 14 -3 12 -1 13 0 12 -1 13 1 12 -1 13 -1 12 0 13 -1 12 1 12 0 13 1 12 6 12 0 12 1 11 1 11 1 11 0 10 1 10 0 10 0 9 0 10 -1 9 -1 9 -1 9 -1 8 -1 7 0 7 -1 6 -1 7 -2 5 -1 5 -2 5 -2 4 -1 4 -2 3 -2 2 -3 2 -3 2 -1 -1 0 0 0 0 -1 -1 -1 -1 -1 -1 0 0 0 0 -1 -1 -1 -1 -1 -1 -24 -32 -23 -31 -25 -33 -22 -35 -23 -37 -19 -33 -21 -36 -18 -34 -21 -38 -16 -39 -15 -41 -16 -39 -18 -40 -16 -39 -11 -36 -14 -37 -15 -35 -15 -36 -13 -32 -12 -35 -11 -33 -14 -33 -10 -33 -13 -33 -11 -36 -13 -31 -25 -27 -12 -31 -14 -29 -15 -28 -14 -27 -15 -27 -16 -27 -14 -27 -16 -25 -17 -25 -17 -23 -17 -24 -15 -24 -18 -22 -17 -22 -19 -19 -18 -19 -21 -20 -18 -17 -18 -15 -19 -16 -18 -16 -19 -15 -19 -17 -19 -16 -18 -16 -19 -16 -24 -5 -27 -4 -26 -5 -27 0 -1 -1 ]
CSI_DATA,STA,08:3A:F2:51:5D:9D,-51,11,1,1,1,1,1,0,0,0,0,-93,0,6,1,10674503,0,110,0,0,10.868716,384,[110 96 6 0 0 0 0 0 0 0 0 0 9 -22 9 -21 9 -24 12 -23 12 -23 11 -19 13 -21 12 -19 13 -20 14 -20 15 -20 15 -21 15 -19 15 -18 15 -16 15 -20 14 -16 14 -17 13 -16 14 -15 14 -15 14 -16 14 -14 13 -15 15 -16 12 -15 0 0 12 -15 11 -16 10 -16 9 -17 11 -14 10 -15 10 -15 8 -15 8 -16 6 -15 6 -16 7 -14 7 -15 5 -15 6 -15 4 -15 5 -17 3 -14 4 -15 2 -14 4 -14 3 -14 4 -15 2 -14 4 -14 2 -13 0 0 0 0 0 0 0 0 0 0 -1 -1 -1 -1 -21 12 -19 12 -17 14 -15 14 -19 6 -17 6 -16 7 -17 6 -15 7 -15 6 -14 9 -13 8 -14 9 -15 8 -15 8 -13 9 -14 10 -13 9 -12 7 -11 10 -10 10 -11 10 -9 9 -11 9 -11 8 -10 10 -11 9 -9 10 -11 9 -10 11 -6 13 -10 10 -9 9 -8 9 -8 9 -9 8 -9 8 -8 8 -8 7 -8 8 -8 8 -8 7 -8 6 -7 5 -7 5 -7 5 -7 4 -7 4 -6 3 -6 3 -6 2 -5 2 -5 1 -5 1 -4 0 -4 -1 -4 -1 0 0 0 0 -1 -1 -1 -1 -1 -1 -1 -1 -1 -1 0 0 0 0 -1 -1 -1 -1 3 -41 4 -39 3 -43 6 -42 6 -44 8 -38 9 -42 9 -39 10 -44 15 -41 15 -42 13 -41 13 -43 14 -41 16 -36 14 -39 12 -37 13 -39 12 -33 15 -35 14 -33 13 -35 15 -33 12 -34 16 -34 11 -34 2 -36 12 -32 9 -32 8 -31 7 -31 8 -30 7 -31 8 -30 5 -30 4 -31 4 -30 3 -30 5 -29 1 -30 2 -29 -1 -28 -1 -27 -2 -30 -1 -25 -3 -25 -3 -26 -2 -25 -4 -26 -2 -27 -3 -25 -3 -24 -3 -25 -11 -23 -15 -23 -12 -23 -16 -21 -1 -1 ]
CSI_DATA,STA,08:3A:F2:51:5D:9D,-51,11,1,1,1,1,1,0,0,0,0,-93,0,6,1,10674795,0,110,0,0,10.879279,384,[110 96 6 0 0 0 0 0 0 0 0 0 21 -10 20 -10 22 -11 24 -9 24 -9 21 -7 23 -7 21 -6 23 -6 23 -5 24 -5 25 -5 24 -4 23 -3 21 -2 25 -5 21 -3 22 -3 20 -3 20 -2 20 -2 21 -3 19 0 20 -2 22 -2 19 -4 0 0 19 -3 19 -5 18 -5 18 -6 17 -3 17 -5 18 -5 15 -5 16 -6 14 -7 15 -7 15 -6 15 -7 13 -7 14 -7 13 -8 15 -9 11 -9 12 -8 11 -9 12 -8 12 -8 12 -9 11 -9 12 -8 10 -8 0 0 0 0 0 0 0 0 0 0 -1 -1 -1 -1 -22 7 -24 7 -20 8 -17 10 -17 -2 -15 -2 -17 -1 -16 -2 -15 0 -13 -1 -15 1 -13 1 -15 2 -15 1 -15 0 -14 1 -15 3 -14 2 -13 1 -12 4 -11 4 -13 5 -11 4 -13 3 -12 2 -11 4 -12 4 -12 5 -13 3 -12 5 -9 11 -11 4 -11 4 -10 3 -11 4 -10 3 -10 3 -10 3 -9 3 -9 3 -9 3 -9 2 -9 1 -8 1 -8 0 -7 2 -6 1 -7 1 -5 1 -6 1 -5 0 -5 0 -5 0 -4 -1 -4 -2 -3 -1 -3 -2 -1 -1 -1 -1 -1 -1 -1 -1 -1 -1 -1 -1 -1 -1 -1 -1 -1 -1 0 0 0 0 20 -31 20 -28 21 -33 22 -28 24 -33 22 -25 24 -30 23 -25 25 -30 30 -26 32 -25 30 -26 30 -28 29 -25 27 -19 27 -25 24 -22 27 -26 22 -19 26 -22 24 -19 24 -23 25 -20 25 -21 29 -20 23 -21 15 -33 22 -19 21 -21 18 -20 18 -22 17 -20 17 -22 18 -20 15 -21 15 -23 15 -22 16 -22 17 -21 14 -22 14 -21 9 -23 10 -20 10 -25 8 -19 7 -21 8 -22 7 -20 6 -21 9 -22 8 -22 8 -20 8 -21 -5 -25 -6 -26 -5 -24 -12 -24 -1 -1 ]
CSI_DATA,STA,08:3A:F2:51:5D:9D,-51,11,1,1,1,1,1,0,0,0,0,-93,0,6,1,10675262,0,110,0,0,10.889739,384,[110 96 6 0 0 0 0 0 0 0 0 0 14 18 13 17 16 19 14 21 14 21 11 18 12 21 11 19 11 20 10 21 9 23 10 23 9 22 8 22 7 20 10 23 8 19 8 20 8 18 7 19 7 19 8 19 5 18 7 19 7 20 8 17 0 0 8 17 10 16 9 16 10 15 7 15 10 15 9 16 9 13 11 14 10 12 11 12 9 13 10 12 11 11 11 11 11 9 13 11 11 8 12 8 11 7 11 8 12 8 12 9 12 7 10 8 10 6 0 0 0 0 0 0 0 0 0 0 -1 -1 -1 -1 -14 -20 -13 -21 -16 -18 -14 -15 -4 -18 -4 -16 -6 -17 -5 -16 -6 -15 -5 -14 -7 -14 -6 -13 -8 -14 -7 -15 -7 -15 -8 -13 -9 -14 -9 -13 -7 -12 -9 -11 -9 -10 -10 -11 -9 -9 -9 -11 -8 -11 -10 -10 -9 -11 -11 -10 -10 -11 -10 -9 -13 -5 -9 -9 -10 -9 -9 -8 -9 -8 -9 -8 -9 -9 -8 -8 -8 -8 -7 -8 -7 -8 -6 -8 -6 -8 -6 -8 -5 -8 -6 -6 -4 -6 -6 -6 -3 -5 -4 -5 -3 -5 -3 -5 -2 -5 -2 -4 -2 -4 -1 -4 0 -4 -1 -1 -1 -1 -1 -1 -1 -1 -1 -1 -1 -1 -1 -1 -1 -1 -1 -1 0 0 0 0 34 14 32 15 35 15 33 17 35 18 30 17 34 19 30 18 35 19 30 24 31 26 31 24 34 23 32 24 26 23 29 22 28 19 30 21 25 18 26 22 24 20 28 19 24 21 25 20 26 23 26 18 34 7 25 17 25 16 25 14 24 13 24 13 26 12 25 13 25 10 26 9 24 9 25 10 24 11 25 8 25 8 24 3 23 4 27 3 21 3 22 1 23 1 21 2 23 0 24 3 23 2 22 2 22 1 23 -10 23 -14 23 -12 20 -17 -1 -1 ]
CSI_DATA,STA,08:3A:F2:51:5D:9D,-51,11,1,1,1,1,1,0,0,0,0,-93,0,6,1,10675692,0,110,0,0,10.899913,384,[110 96 6 0 0 0 0 0 0 0 0 0 -6 22 -6 22 -6 24 -9 24 -8 24 -9 21 -9 22 -9 20 -10 21 -11 21 -12 22 -11 23 -11 22 -12 21 -12 19 -12 22 -11 19 -11 18 -11 18 -11 18 -11 17 -11 18 -11 16 -10 17 -11 19 -9 17 0 0 -9 17 -7 18 -7 18 -6 17 -8 16 -6 17 -7 17 -5 16 -5 17 -3 15 -3 16 -4 15 -3 16 -2 15 -3 15 -1 15 -1 17 0 14 0 14 1 13 -1 15 0 14 0 15 2 14 0 14 1 12 0 0 0 0 0 0 0 0 0 0 -1 -1 -1 -1 11 -20 11 -21 8 -20 6 -20 13 -14 11 -13 10 -14 11 -14 10 -14 9 -12 8 -14 7 -13 8 -15 8 -14 9 -14 7 -14 7 -16 6 -14 6 -13 5 -15 3 -14 4 -15 3 -13 3 -14 4 -13 3 -14 4 -14 2 -14 4 -14 3 -14 -1 -15 3 -14 1 -13 2 -12 2 -13 2 -12 2 -12 2 -11 1 -11 2 -11 2 -11 3 -11 4 -10 2 -9 2 -9 2 -8 2 -7 2 -8 3 -6 2 -6 2 -6 2 -5 2 -4 2 -3 2 -3 3 -2 2 -2 -1 -1 -1 -1 -1 -1 -1 -1 -1 -1 -1 -1 -1 -1 -1 -1 -1 -1 0 0 0 0 5 39 4 38 5 40 3 40 3 42 1 37 1 41 1 37 2 42 -5 41 -7 43 -5 43 -3 44 -5 42 -7 37 -3 39 -3 37 -3 39 -3 33 -5 36 -5 34 -2 35 -6 34 -4 35 -7 37 -3 34 7 35 -3 32 -1 31 0 31 1 30 1 30 3 30 2 29 4 28 5 29 4 27 5 29 3 28 7 28 6 26 9 24 9 24 11 26 8 21 11 21 11 22 10 20 12 21 10 23 10 22 10 21 10 21 19 16 21 17 20 15 23 10 -1 -1 ]
CSI_DATA,STA,08:3A:F2:51:5D:9D,-46,11,0,0,0,0,0,0,0,0,0,-93,0,6,1,10676916,0,110,0,0,10.909964,128,[110 96 6 0 0 0 0 0 0 0 0 0 17 -19 17 -17 19 -20 19 -20 19 -18 18 -16 19 -17 19 -15 20 -16 20 -15 21 -16 21 -16 20 -15 20 -15 18 -12 21 -17 18 -12 19 -12 17 -12 18 -13 17 -12 18 -13 16 -10 16 -13 17 -14 16 -14 0 0 14 -14 14 -15 13 -14 13 -14 12 -13 12 -15 12 -15 11 -14 10 -15 11 -14 10 -15 9 -13 9 -14 9 -15 9 -14 8 -14 8 -16 7 -14 7 -14 7 -14 7 -14 7 -14 6 -15 6 -15 6 -14 5 -13 0 0 0 0 0 0 0 0 0 0 ]
CSI_DATA,STA,08:3A:F2:51:5D:9D,-51,11,1,1,1,1,1,0,0,0,0,-93,0,6,1,10677877,0,110,0,0,10.913951,384,[110 96 6 0 0 0 0 0 0 0 0 0 19 13 18 13 20 13 20 16 19 15 16 15 17 16 16 15 17 16 16 16 16 18 17 18 16 18 15 18 13 17 16 18 14 17 13 16 13 16 13 16 12 16 13 16 11 15 12 15 13 17 13 14 0 0 13 14 13 12 14 13 14 11 12 12 14 11 14 12 13 10 14 10 13 8 14 8 13 9 14 8 14 7 13 7 14 6 15 7 13 4 14 5 13 3 13 5 13 5 14 5 13 3 13 5 12 3 0 0 0 0 0 0 0 0 0 0 -1 -1 -1 -1 -9 -22 -9 -23 -11 -20 -10 -18 -4 -19 -5 -17 -7 -18 -6 -18 -7 -17 -6 -16 -8 -16 -7 -15 -8 -16 -8 -16 -7 -16 -9 -15 -10 -15 -10 -14 -8 -14 -10 -13 -11 -12 -11 -13 -10 -10 -10 -12 -10 -12 -10 -11 -9 -12 -12 -10 -10 -12 -11 -10 -12 -8 -10 -11 -11 -10 -10 -9 -10 -9 -10 -9 -10 -9 -9 -9 -9 -9 -8 -9 -8 -8 -7 -9 -6 -9 -7 -8 -6 -8 -6 -7 -5 -7 -6 -7 -4 -6 -4 -6 -3 -6 -3 -5 -3 -5 -2 -5 -2 -5 -1 -4 0 -3 -1 -1 -1 -1 -1 -1 -1 -1 -1 -1 -1 -1 -1 -1 -1 -1 -1 -1 0 0 0 0 39 14 37 14 41 14 39 17 40 18 35 18 38 19 35 18 40 21 36 24 37 26 37 24 39 24 36 25 31 24 34 23 33 21 34 23 30 19 31 23 29 22 31 21 29 21 30 20 30 24 29 18 32 12 28 18 29 16 28 15 28 14 28 14 29 13 28 13 28 11 29 11 27 9 28 9 28 11 29 7 28 7 27 4 26 5 30 4 24 3 25 1 25 1 24 1 25 0 26 2 26 1 24 2 24 1 24 -6 25 -8 24 -8 23 -11 -1 -1 ]
CSI_DATA,STA,08:3A:F2:51:5D:9D,-46,11,0,0,0,0,0,0,0,0,0,-93,0,6,1,10692191,0,110,0,0,10.924351,128,[110 96 6 0 0 0 0 0 0 0 0 0 -2 -28 -1 -29 -1 -30 -1 -31 0 -29 2 -28 2 -29 4 -27 3 -28 4 -28 3 -30 4 -30 3 -29 4 -28 6 -26 4 -29 6 -26 6 -24 6 -25 5 -24 6 -23 6 -24 5 -21 3 -23 3 -25 3 -23 0 0 3 -23 2 -23 2 -23 1 -22 1 -20 1 -21 0 -21 1 -20 0 -20 0 -20 -1 -21 -1 -19 -2 -19 -2 -20 -1 -19 -2 -19 -3 -19 -3 -18 -2 -18 -2 -17 -2 -18 -3 -17 -4 -17 -4 -17 -4 -16 -4 -16 0 0 0 0 0 0 0 0 0 0 ]
CSI_DATA,STA,08:3A:F2:51:5D:9D,-49,11,1,0,1,1,1,0,0,0,0,-93,0,6,1,10896753,0,110,0,0,11.63377,384,[110 96 6 0 0 0 0 0 0 0 0 0 22 -10 21 -10 24 -13 26 -10 25 -10 21 -6 24 -8 22 -6 23 -8 25 -5 27 -5 27 -6 26 -5 26 -3 21 -2 27 -6 22 -4 23 -2 22 -3 20 -3 21 -2 22 -3 20 0 22 -2 24 -2 20 -3 0 0 21 -3 20 -5 20 -5 18 -6 18 -2 18 -6 19 -5 17 -5 18 -7 14 -8 16 -8 15 -5 15 -6 14 -8 14 -8 13 -9 16 -9 11 -9 12 -9 10 -10 12 -8 12 -9 13 -8 11 -9 12 -7 10 -8 0 0 0 0 0 0 0 0 0 0 -1 -1 -1 -1 -23 6 -22 7 -21 10 -17 10 -16 -2 -15 -2 -15 -2 -15 -3 -14 -1 -12 -1 -13 0 -11 1 -14 2 -14 0 -14 1 -13 1 -14 2 -13 1 -11 1 -11 3 -10 4 -12 3 -9 3 -10 2 -10 1 -10 3 -10 2 -10 3 -11 2 -9 3 -7 9 -10 3 -10 2 -8 2 -8 2 -9 1 -8 2 -8 1 -7 0 -7 0 -7 1 -7 0 -7 -1 -6 -1 -5 -2 -5 -1 -4 -2 -4 -2 -3 -2 -3 -3 -2 -3 -2 -3 -1 -3 0 -3 0 -4 0 -3 1 -3 0 0 0 0 -1 -1 -1 -1 -1 -1 -1 -1 -1 -1 0 0 0 0 -1 -1 -1 -1 19 -31 17 -30 21 -33 22 -31 21 -31 19 -26 25 -30 20 -26 24 -34 27 -27 28 -30 27 -28 29 -31 28 -29 24 -23 27 -26 23 -28 27 -25 21 -22 24 -22 24 -18 22 -25 24 -19 23 -22 29 -22 21 -22 10 -36 22 -21 21 -22 17 -21 16 -21 19 -21 17 -23 17 -21 16 -23 15 -23 14 -20 13 -22 15 -21 12 -23 12 -22 5 -23 8 -20 9 -23 8 -20 7 -20 8 -20 6 -21 5 -20 8 -21 7 -20 6 -18 7 -19 -6 -23 -10 -26 -9 -26 -14 -24 -1 -1 ]
CSI_DATA,STA,08:3A:F2:51:5D:9D,-49,11,1,0,1,1,1,0,0,0,0,-93,0,6,1,10905233,0,110,0,0,11.74993,384,[110 96 6 0 0 0 0 0 0 0 0 0 21 -8 20 -8 23 -10 25 -7 24 -7 21 -5 23 -5 21 -5 22 -5 23 -3 26 -3 26 -4 25 -3 24 -2 20 0 26 -4 22 -2 21 0 21 -1 19 -1 20 -1 21 -2 19 1 21 0 22 -1 19 -3 0 0 19 -2 19 -4 19 -4 17 -5 17 -2 18 -4 18 -4 16 -4 17 -6 13 -8 15 -7 14 -4 15 -5 13 -7 14 -7 13 -8 16 -8 11 -8 12 -8 10 -9 12 -8 12 -8 12 -8 11 -9 11 -7 10 -8 0 0 0 0 0 0 0 0 0 0 -1 -1 -1 -1 -23 1 -23 0 -21 4 -18 7 -17 -5 -15 -4 -16 -4 -16 -6 -15 -3 -12 -3 -14 -2 -12 -1 -15 0 -15 -2 -15 -2 -14 -1 -15 -1 -14 -1 -12 -2 -12 2 -12 2 -13 0 -10 2 -11 0 -11 0 -11 2 -11 0 -11 1 -12 0 -12 2 -10 6 -10 1 -11 1 -9 1 -9 1 -9 -1 -9 0 -9 0 -8 -1 -8 0 -7 0 -8 -1 -7 -2 -6 -2 -6 -2 -6 -2 -4 -2 -5 -3 -4 -3 -3 -3 -3 -3 -2 -4 -1 -4 -1 -4 0 -4 1 -4 1 -3 0 0 0 0 -1 -1 -1 -1 -1 -1 -1 -1 -1 -1 0 0 0 0 -1 -1 -1 -1 27 -27 24 -26 29 -30 29 -26 29 -27 26 -22 30 -24 25 -22 32 -29 34 -22 36 -23 35 -22 37 -24 36 -22 29 -17 33 -22 29 -22 33 -21 26 -18 29 -18 27 -14 27 -20 30 -15 29 -17 35 -16 26 -18 21 -28 27 -17 26 -19 22 -18 21 -18 24 -17 21 -21 20 -18 20 -21 20 -21 17 -20 18 -20 20 -18 18 -21 17 -20 11 -23 12 -18 14 -23 12 -18 11 -20 11 -19 10 -22 9 -21 13 -21 11 -20 11 -18 10 -18 0 -25 -1 -27 -1 -25 -7 -26 -1 -1 ]
CSI_DATA,STA,08:3A:F2:51:5D:9D,-49,11,1,0,1,1,1,0,0,0,0,-93,0,6,1,10905904,0,110,0,0,11.85705,384,[110 96 6 0 0 0 0 0 0 0 0 0 6 22 6 20 8 24 5 25 6 24 3 20 4 23 3 21 4 22 1 23 1 26 2 25 1 25 -1 24 -1 20 2 26 0 21 -1 21 0 20 0 20 -1 20 0 21 -3 19 -2 21 -1 22 0 19 0 0 0 19 3 19 2 20 3 18 0 17 3 18 2 19 3 16 4 17 5 14 5 15 3 14 4 15 5 13 5 14 7 13 7 16 6 11 7 12 8 10 6 12 7 12 7 13 7 12 5 12 6 10 0 0 0 0 0 0 0 0 0 0 -1 -1 -1 -1 0 -22 -1 -24 -3 -22 -5 -19 6 -16 4 -14 3 -17 5 -15 3 -15 3 -12 2 -14 1 -12 0 -15 2 -15 2 -15 1 -14 1 -15 1 -13 0 -11 -1 -13 -3 -12 0 -13 -3 -10 -2 -11 -1 -11 -3 -11 -1 -11 -2 -11 0 -12 -1 -11 -5 -11 -1 -11 -2 -10 -2 -9 -2 -10 -1 -9 -2 -9 -1 -8 -1 -8 0 -8 0 -7 2 -7 1 -7 1 -6 1 -6 1 -6 2 -4 1 -5 2 -3 2 -3 3 -2 2 -2 3 -2 3 0 3 0 3 1 3 1 0 0 0 0 -1 -1 -1 -1 -1 -1 -1 -1 -1 -1 0 0 0 0 -1 -1 -1 -1 24 31 23 27 26 32 22 32 24 33 18 27 22 34 18 28 25 34 19 37 19 39 18 38 19 40 17 39 13 31 19 35 19 31 17 36 15 27 14 32 11 29 18 31 11 32 13 32 12 37 15 29 24 25 14 28 15 28 15 24 16 23 13 26 18 23 16 23 17 22 20 21 17 19 18 20 16 21 19 19 17 18 21 14 16 14 21 16 16 14 19 12 17 12 19 11 19 9 19 15 18 13 16 12 16 12 23 3 27 2 24 1 26 -4 -1 -1 ]
CSI_DATA,STA,08:3A:F2:51:5D:9D,-49,11,1,0,1,1,1,0,0,0,0,-93,0,6,1,10906202,0,110,0,0,11.95511,384,[110 96 6 0 0 0 0 0 0 0 0 0 -17 18 -16 17 -18 21 -22 20 -20 18 -19 14 -21 17 -19 15 -19 15 -21 14 -24 16 -23 17 -23 15 -23 13 -21 10 -24 16 -21 12 -21 10 -20 11 -19 10 -20 10 -20 11 -19 7 -20 10 -22 11 -18 11 0 0 -19 11 -17 13 -18 13 -16 13 -17 10 -16 12 -17 12 -14 11 -15 12 -11 13 -12 14 -12 11 -12 12 -10 12 -11 12 -10 14 -12 15 -8 13 -8 13 -6 12 -9 12 -8 12 -8 13 -7 13 -8 11 -6 11 0 0 0 0 0 0 0 0 0 0 -1 -1 -1 -1 19 -13 20 -14 17 -16 14 -15 16 -4 14 -5 15 -6 15 -4 14 -6 11 -4 13 -6 10 -6 12 -8 12 -7 13 -7 12 -7 13 -8 11 -7 10 -6 10 -8 9 -9 10 -8 6 -7 8 -7 9 -6 8 -8 9 -7 8 -8 10 -7 8 -8 4 -11 8 -7 7 -7 6 -6 7 -7 7 -6 7 -6 5 -5 6 -5 6 -5 6 -4 6 -3 6 -2 6 -2 5 -2 5 -2 4 -1 4 -1 3 0 3 0 2 1 3 1 2 2 1 2 0 3 0 3 0 3 0 0 0 0 -1 -1 -1 -1 -1 -1 -1 -1 -1 -1 0 0 0 0 -1 -1 -1 -1 -13 38 -12 36 -14 42 -17 39 -15 40 -15 32 -19 38 -14 32 -17 42 -23 37 -25 40 -23 38 -24 41 -24 38 -20 30 -22 36 -18 35 -23 35 -17 29 -20 30 -20 26 -18 33 -21 27 -21 29 -26 31 -18 29 -6 38 -18 28 -17 29 -14 27 -12 27 -16 27 -11 29 -12 27 -10 28 -8 29 -8 26 -8 28 -10 26 -7 28 -6 26 -1 26 -4 23 -3 27 -4 22 -1 22 -2 22 1 23 1 22 -3 24 -3 23 -2 21 -2 21 11 23 15 25 14 23 19 20 -1 -1 ]
CSI_DATA,STA,08:3A:F2:51:5D:9D,-49,11,1,0,1,1,1,0,0,0,0,-93,0,6,1,10906553,0,110,0,0,11.105888,384,[110 96 6 0 0 0 0 0 0 0 0 0 -25 3 -24 3 -28 4 -30 1 -28 1 -24 -1 -27 -1 -24 -1 -25 -1 -26 -3 -29 -4 -29 -3 -28 -4 -27 -5 -23 -6 -29 -3 -24 -4 -23 -6 -23 -5 -22 -4 -22 -5 -23 -5 -20 -7 -22 -6 -24 -6 -22 -3 0 0 -22 -3 -22 -1 -22 -2 -20 -1 -20 -4 -20 -1 -21 -2 -19 -1 -20 0 -17 3 -19 3 -17 0 -17 1 -16 2 -17 2 -17 4 -19 3 -15 5 -15 5 -13 6 -15 4 -15 4 -15 4 -15 5 -14 3 -13 4 0 0 0 0 0 0 0 0 0 0 -1 -1 -1 -1 23 5 24 6 22 3 20 -1 15 9 13 8 15 8 14 9 14 6 11 5 13 5 12 3 14 3 13 5 14 5 13 4 14 4 13 4 11 3 13 1 13 0 13 2 10 0 11 1 10 3 11 0 11 2 11 0 11 2 11 0 11 -4 11 0 10 1 9 1 9 0 9 2 9 1 8 1 7 1 7 1 7 1 6 3 6 3 5 3 5 3 4 2 3 2 3 3 1 3 2 3 0 3 1 3 0 4 -2 3 -2 3 -3 2 -4 2 0 0 0 0 -1 -1 -1 -1 -1 -1 -1 -1 -1 -1 0 0 0 0 -1 -1 -1 -1 -39 18 -36 18 -41 21 -41 17 -42 19 -35 13 -42 16 -35 14 -44 19 -45 11 -48 11 -46 11 -49 12 -47 10 -38 8 -43 12 -40 13 -43 9 -35 9 -38 8 -35 5 -37 11 -37 4 -37 6 -43 4 -36 9 -33 20 -35 8 -34 10 -30 10 -29 11 -32 8 -30 14 -29 11 -29 13 -28 15 -26 12 -27 14 -28 12 -27 15 -25 14 -20 18 -21 14 -23 18 -20 14 -18 17 -18 15 -17 18 -16 18 -21 16 -20 15 -18 15 -17 15 -10 23 -9 27 -8 25 -2 28 -1 -1 ]
CSI_DATA,STA,08:3A:F2:51:5D:9D,-49,11,1,0,1,1,1,0,0,0,0,-93,0,6,1,10906968,0,110,0,0,11.116025,384,[110 96 6 0 0 0 0 0 0 0 0 0 -15 -19 -14 -18 -17 -20 -15 -23 -14 -21 -11 -20 -13 -21 -12 -20 -12 -20 -11 -22 -12 -24 -12 -24 -11 -23 -10 -23 -7 -20 -11 -24 -9 -21 -7 -21 -8 -20 -8 -19 -7 -20 -8 -20 -5 -19 -7 -21 -8 -22 -8 -19 0 0 -8 -19 -10 -17 -10 -19 -10 -16 -7 -17 -10 -17 -9 -17 -9 -15 -10 -16 -11 -12 -12 -13 -9 -13 -10 -13 -11 -12 -10 -12 -12 -11 -13 -14 -12 -10 -12 -10 -12 -8 -11 -11 -11 -10 -12 -10 -12 -9 -10 -10 -10 -8 0 0 0 0 0 0 0 0 0 0 -1 -1 -1 -1 4 21 5 22 8 20 8 16 -2 16 -1 15 0 16 -2 16 0 14 -1 11 1 14 2 11 3 13 2 14 1 14 2 12 3 14 2 12 1 11 4 11 5 10 3 11 4 9 3 10 2 10 4 9 2 9 5 9 3 11 3 10 7 7 3 9 3 9 3 7 3 7 2 8 3 8 2 7 2 7 1 6 0 6 0 7 0 7 -1 6 -1 5 -1 5 -2 4 -2 4 -3 3 -3 2 -3 2 -4 2 -3 2 -4 1 -4 0 -4 -1 -4 -1 0 0 0 0 -1 -1 -1 -1 -1 -1 -1 -1 -1 -1 0 0 0 0 -1 -1 -1 -1 -34 -23 -32 -20 -37 -24 -34 -26 -34 -25 -27 -23 -32 -28 -28 -23 -36 -28 -31 -30 -32 -33 -31 -31 -33 -33 -31 -33 -25 -27 -29 -30 -30 -28 -28 -31 -24 -23 -24 -27 -21 -26 -27 -25 -22 -28 -24 -27 -24 -32 -24 -25 -32 -17 -23 -25 -25 -23 -24 -20 -23 -19 -23 -22 -25 -19 -24 -18 -26 -18 -26 -17 -23 -15 -25 -15 -24 -17 -25 -14 -24 -14 -25 -8 -22 -10 -27 -11 -22 -9 -23 -7 -22 -8 -24 -6 -23 -6 -24 -10 -23 -8 -21 -8 -20 -8 -24 3 -27 4 -25 4 -25 10 -1 -1 ]
CSI_DATA,STA,08:3A:F2:51:5D:9D,-49,11,1,0,1,1,1,0,0,0,0,-93,0,6,1,10907364,0,110,0,0,11.126977,384,[110 96 6 0 0 0 0 0 0 0 0 0 0 -23 0 -22 -1 -26 3 -27 2 -25 4 -22 3 -24 3 -22 3 -23 6 -23 7 -26 6 -26 6 -25 8 -24 7 -20 7 -26 7 -22 8 -20 7 -20 6 -19 7 -20 7 -21 8 -17 8 -20 8 -21 6 -20 0 0 5 -20 3 -19 4 -20 2 -19 5 -17 3 -19 4 -19 2 -17 2 -18 -1 -16 0 -17 2 -15 1 -16 -1 -16 -1 -16 -2 -16 -1 -18 -3 -14 -3 -15 -4 -13 -2 -15 -3 -15 -2 -15 -3 -15 -1 -14 -3 -13 0 0 0 0 0 0 0 0 0 0 -1 -1 -1 -1 -15 15 -15 17 -12 18 -9 17 -15 10 -13 9 -13 11 -15 9 -12 11 -10 8 -10 11 -8 9 -9 12 -10 11 -11 11 -10 11 -10 12 -9 10 -8 8 -7 12 -6 11 -8 11 -4 9 -6 10 -6 9 -5 10 -7 9 -5 10 -7 9 -6 10 -3 10 -5 9 -6 9 -5 8 -5 8 -6 7 -4 8 -4 7 -5 6 -5 6 -5 5 -6 5 -6 4 -6 4 -5 2 -6 3 -5 2 -5 2 -5 0 -5 0 -5 -1 -5 -1 -4 -1 -4 -3 -3 -3 -3 -3 -3 -4 0 0 0 0 -1 -1 -1 -1 -1 -1 -1 -1 -1 -1 0 0 0 0 -1 -1 -1 -1 -6 -42 -7 -39 -9 -45 -4 -44 -6 -45 -3 -36 -4 -45 -4 -36 -6 -47 2 -45 3 -48 2 -46 3 -49 4 -46 4 -37 1 -44 0 -42 3 -44 0 -35 2 -38 4 -34 0 -39 6 -37 5 -38 7 -41 2 -37 -4 -36 2 -35 0 -35 -2 -32 -3 -32 1 -33 -5 -33 -4 -31 -5 -31 -7 -32 -6 -29 -7 -30 -4 -30 -7 -30 -7 -28 -12 -26 -8 -24 -12 -29 -9 -23 -12 -23 -10 -22 -13 -22 -13 -21 -10 -25 -10 -23 -9 -22 -9 -21 -17 -19 -19 -19 -18 -18 -23 -14 -1 -1 ]
CSI_DATA,STA,08:3A:F2:51:5D:9D,-49,11,1,0,1,1,1,0,0,0,0,-93,0,6,1,10909480,0,110,0,0,11.137477,384,[110 96 6 0 0 0 0 0 0 0 0 0 -22 -8 -22 -7 -25 -8 -25 -11 -24 -10 -20 -10 -22 -11 -20 -11 -21 -11 -21 -12 -23 -14 -23 -14 -22 -14 -21 -14 -17 -13 -23 -14 -19 -13 -17 -14 -17 -13 -17 -12 -16 -13 -18 -13 -14 -14 -18 -14 -19 -14 -17 -12 0 0 -17 -12 -18 -10 -18 -10 -17 -9 -15 -11 -17 -10 -17 -10 -16 -8 -17 -8 -16 -5 -17 -5 -15 -7 -15 -7 -16 -5 -15 -5 -16 -3 -18 -5 -15 -2 -15 -3 -14 -1 -15 -4 -15 -3 -15 -3 -15 -2 -13 -3 -13 -2 0 0 0 0 0 0 0 0 0 0 -1 -1 -1 -1 16 15 17 15 17 12 17 8 8 14 8 12 9 14 7 14 8 12 6 9 9 10 8 8 9 9 9 10 9 10 9 9 10 10 9 9 7 8 10 7 10 5 9 7 8 5 8 6 7 6 9 5 8 7 9 5 8 7 9 5 11 1 8 5 8 6 7 5 6 5 6 6 7 4 6 4 5 4 5 4 4 4 4 5 4 5 3 5 3 4 2 4 1 4 2 4 0 4 0 3 -1 3 -1 3 -1 3 -2 2 -3 2 -3 1 -4 0 0 0 0 0 -1 -1 -1 -1 -1 -1 -1 -1 -1 -1 0 0 0 0 -1 -1 -1 -1 -40 2 -37 2 -44 2 -41 -1 -42 -1 -36 -3 -41 -4 -35 -2 -45 -2 -42 -8 -44 -8 -43 -8 -46 -8 -44 -10 -35 -8 -41 -9 -39 -6 -40 -10 -33 -5 -35 -8 -32 -9 -35 -4 -33 -11 -34 -9 -36 -13 -33 -6 -35 4 -33 -8 -34 -6 -30 -3 -29 -2 -32 -5 -31 -2 -29 -3 -31 1 -30 0 -27 0 -28 2 -28 -1 -29 2 -27 1 -25 7 -24 4 -27 6 -23 5 -22 6 -23 5 -22 8 -22 8 -24 5 -23 5 -21 5 -21 4 -18 16 -19 19 -18 18 -15 22 -1 -1 ]
CSI_DATA,STA,08:3A:F2:51:5D:9D,-49,11,1,0,1,1,1,0,0,0,0,-93,0,6,1,10909787,0,110,0,0,11.147866,384,[110 96 6 0 0 0 0 0 0 0 0 0 -18 -16 -17 -14 -20 -17 -19 -20 -18 -19 -14 -17 -16 -19 -15 -18 -15 -18 -14 -20 -15 -22 -16 -21 -15 -21 -13 -22 -10 -19 -16 -22 -11 -19 -11 -20 -11 -18 -10 -18 -11 -18 -11 -19 -7 -19 -10 -19 -11 -20 -11 -17 0 0 -10 -18 -13 -16 -13 -16 -12 -15 -11 -16 -12 -15 -12 -16 -12 -13 -12 -14 -13 -11 -13 -11 -11 -12 -11 -12 -12 -10 -12 -10 -13 -9 -15 -12 -13 -8 -13 -9 -12 -7 -12 -9 -13 -8 -13 -9 -13 -7 -11 -9 -11 -7 0 0 0 0 0 0 0 0 0 0 -1 -1 -1 -1 11 18 13 19 15 16 14 13 2 15 2 13 3 14 2 14 4 13 2 10 4 12 4 9 6 11 5 12 4 12 5 11 6 12 6 10 4 9 6 9 7 8 5 10 6 7 5 8 5 8 6 8 5 8 6 7 5 9 5 7 10 6 5 8 4 7 4 6 4 6 3 7 5 6 3 6 3 5 3 6 2 5 1 6 1 6 1 5 0 5 0 5 0 3 -1 4 -2 3 -1 3 -2 3 -2 2 -2 2 -3 1 -3 1 -4 0 -4 -1 0 0 0 0 -1 -1 -1 -1 -1 -1 -1 -1 -1 -1 0 0 0 0 -1 -1 -1 -1 -37 -12 -35 -10 -39 -13 -38 -15 -37 -14 -31 -13 -36 -15 -31 -12 -40 -15 -36 -19 -38 -20 -35 -20 -39 -21 -36 -22 -29 -17 -34 -20 -33 -16 -33 -21 -28 -15 -28 -17 -25 -17 -31 -15 -26 -19 -29 -18 -30 -23 -28 -15 -36 -3 -27 -16 -28 -16 -27 -13 -26 -12 -27 -14 -27 -11 -25 -11 -27 -9 -28 -8 -26 -7 -26 -7 -25 -9 -25 -6 -25 -6 -25 -1 -23 -3 -27 -3 -22 -4 -21 -1 -22 -2 -23 0 -21 0 -24 -2 -22 -2 -21 -2 -20 -2 -21 10 -23 14 -22 15 -20 19 -1 -1 ]
CSI_DATA,STA,08:3A:F2:51:5D:9D,-49,11,1,0,1,1,1,0,0,0,0,-93,0,6,1,10910175,0,110,0,0,11.158717,384,[110 96 6 0 0 0 0 0 0 0 0 0 6 -23 6 -22 7 -25 10 -25 8 -23 9 -20 10 -22 9 -20 10 -21 11 -21 13 -23 12 -23 12 -22 14 -21 12 -17 13 -23 12 -19 13 -18 12 -17 11 -17 12 -16 12 -18 13 -14 13 -17 14 -18 10 -17 0 0 11 -17 9 -18 10 -18 8 -17 10 -15 8 -17 9 -17 7 -15 7 -17 3 -16 4 -17 6 -14 5 -15 3 -15 4 -15 2 -16 4 -18 1 -14 2 -15 0 -14 2 -15 2 -15 2 -15 1 -15 2 -14 1 -13 0 0 0 0 0 0 0 0 0 0 -1 -1 -1 -1 -17 16 -16 15 -13 17 -10 17 -16 8 -14 7 -15 8 -16 7 -13 8 -11 6 -12 8 -9 8 -11 9 -12 8 -13 8 -11 9 -12 10 -10 8 -9 7 -9 9 -8 10 -10 9 -6 8 -8 8 -9 7 -7 9 -8 7 -7 8 -9 8 -7 9 -4 11 -7 8 -7 8 -6 7 -6 7 -7 6 -6 6 -6 5 -6 5 -6 5 -6 5 -7 4 -6 3 -6 2 -6 2 -6 2 -5 1 -6 1 -5 0 -5 -1 -4 -1 -4 -1 -3 -2 -3 -3 -3 -4 -2 -4 -2 -4 0 0 0 0 -1 -1 -1 -1 -1 -1 -1 -1 -1 -1 0 0 0 0 -1 -1 -1 -1 -3 -40 -5 -38 -4 -42 -1 -42 -2 -41 0 -35 1 -41 -1 -35 -1 -44 5 -41 6 -44 6 -43 6 -45 7 -43 6 -36 6 -40 3 -40 8 -40 3 -33 6 -34 7 -32 3 -35 9 -33 8 -34 12 -38 5 -34 -6 -36 6 -33 4 -33 2 -30 1 -29 4 -31 0 -31 1 -29 -1 -30 -3 -31 -3 -27 -3 -28 0 -28 -3 -29 -4 -28 -9 -25 -5 -24 -7 -27 -5 -23 -8 -22 -6 -23 -9 -22 -9 -22 -5 -25 -6 -23 -6 -22 -5 -22 -17 -18 -17 -20 -19 -20 -23 -15 -1 -1 ]
CSI_DATA,STA,08:3A:F2:51:5D:9D,-50,11,1,0,1,1,1,0,0,0,0,-93,0,6,1,10953759,0,110,0,0,11.169252,384,[110 96 6 0 0 0 0 0 0 0 0 0 -9 -21 -9 -20 -11 -23 -8 -26 -8 -24 -5 -22 -6 -24 -5 -22 -5 -22 -4 -23 -4 -26 -5 -26 -4 -25 -3 -25 -1 -22 -4 -26 -2 -23 -1 -22 -2 -22 -2 -20 -1 -21 -2 -22 1 -19 -1 -22 -2 -23 -3 -21 0 0 -2 -21 -5 -20 -5 -21 -5 -18 -2 -19 -5 -19 -4 -19 -5 -17 -5 -18 -7 -14 -8 -16 -5 -15 -6 -16 -8 -14 -7 -14 -9 -14 -9 -17 -9 -13 -8 -13 -9 -11 -8 -13 -8 -13 -9 -13 -10 -12 -8 -12 -8 -11 0 0 0 0 0 0 0 0 0 0 -1 -1 -1 -1 -4 23 -1 22 3 25 0 20 -7 16 -6 16 -5 17 -7 18 -4 15 -4 14 -4 15 -1 13 -2 16 -2 15 -3 16 -1 15 0 17 0 15 -1 14 0 14 3 15 -1 14 2 12 0 13 0 13 1 13 0 13 4 13 1 14 2 13 7 12 2 14 0 13 2 13 1 12 1 13 2 12 1 12 1 12 0 11 0 11 -1 11 -1 11 -2 10 -1 10 -2 9 -2 9 -2 9 -3 8 -3 7 -4 6 -4 6 -4 5 -4 4 -4 4 -5 3 -6 2 0 0 -1 -1 -1 -1 -1 -1 -1 -1 -1 -1 -1 -1 -1 -1 0 0 0 0 -1 -1 -25 -30 -26 -29 -27 -32 -27 -36 -23 -33 -22 -31 -22 -35 -21 -30 -25 -37 -19 -36 -23 -39 -23 -37 -24 -39 -22 -39 -18 -34 -18 -36 -22 -37 -15 -37 -17 -31 -15 -33 -13 -32 -17 -33 -12 -31 -17 -32 -15 -36 -18 -29 -27 -24 -16 -32 -16 -29 -18 -28 -15 -25 -17 -29 -19 -26 -17 -25 -19 -25 -19 -24 -18 -19 -20 -20 -18 -21 -21 -21 -21 -20 -21 -16 -20 -17 -22 -18 -20 -16 -20 -14 -19 -15 -22 -13 -21 -14 -20 -15 -21 -13 -20 -13 -20 -14 -22 -6 -29 -3 -30 -3 -27 1 -1 -1 ]
CSI_DATA,STA,08:3A:F2:51:5D:9D,-52,11,1,0,1,1,1,0,0,0,0,-93,0,6,1,11007637,0,110,0,0,11.180488,384,[110 96 6 0 0 0 0 0 0 0 0 0 20 -14 19 -14 22 -16 25 -14 23 -13 21 -10 23 -11 21 -10 22 -11 23 -9 26 -10 26 -11 25 -10 25 -8 21 -5 25 -10 22 -7 22 -6 21 -6 20 -7 20 -6 21 -7 19 -4 21 -6 22 -7 19 -8 0 0 19 -7 17 -9 18 -9 16 -9 17 -6 16 -9 17 -8 14 -8 15 -10 11 -11 13 -11 13 -8 13 -9 11 -11 11 -10 10 -12 13 -12 8 -11 9 -11 7 -11 9 -10 9 -11 9 -10 8 -11 9 -10 7 -10 0 0 0 0 0 0 0 0 0 0 -1 -1 -1 -1 -21 2 -21 2 -19 5 -16 7 -17 -1 -15 -1 -16 0 -15 -2 -14 1 -12 0 -13 1 -11 3 -13 3 -13 2 -13 2 -13 3 -13 3 -12 3 -11 2 -11 4 -10 5 -11 4 -8 4 -10 4 -10 3 -9 4 -10 3 -9 4 -10 3 -9 4 -7 6 -9 3 -9 3 -7 2 -7 3 -8 1 -8 1 -7 1 -7 1 -6 1 -6 1 -6 -1 -5 -2 -5 -2 -5 -3 -5 -2 -3 -3 -3 -3 -2 -4 -2 -4 -1 -4 -1 -4 0 -6 1 -6 2 -6 2 -5 3 -5 -1 -1 -1 -1 -1 -1 -1 -1 -1 -1 -1 -1 -1 -1 -1 -1 -1 -1 0 0 0 0 27 -34 25 -33 29 -38 30 -34 30 -35 26 -28 32 -32 26 -28 32 -36 34 -29 37 -31 36 -30 39 -32 37 -29 30 -24 34 -28 32 -29 35 -27 27 -23 30 -23 28 -21 28 -26 30 -21 29 -22 35 -22 26 -24 21 -31 27 -23 25 -23 22 -23 20 -23 23 -22 20 -25 20 -23 18 -25 18 -26 15 -24 16 -24 17 -23 15 -25 14 -24 9 -25 10 -22 11 -26 9 -21 8 -23 8 -21 6 -23 6 -23 10 -23 8 -22 7 -21 7 -20 0 -23 -2 -26 -2 -25 -7 -24 -1 -1 ]
CSI_DATA,STA,08:3A:F2:51:5D:9D,-52,11,1,0,1,1,1,0,0,0,0,-93,0,6,1,11007973,0,110,0,0,11.191061,384,[110 96 6 0 0 0 0 0 0 0 0 0 22 10 21 9 24 10 25 14 23 12 18 12 21 13 20 12 21 13 20 14 21 17 22 16 21 16 19 16 16 15 21 16 17 15 16 15 16 14 15 12 15 14 16 14 13 14 15 14 17 15 16 12 0 0 16 12 17 10 16 11 16 8 13 11 15 9 16 9 14 8 16 7 14 4 15 5 13 7 14 6 14 4 14 4 14 3 16 4 13 2 14 2 12 0 13 2 13 2 13 2 13 1 12 2 11 1 0 0 0 0 0 0 0 0 0 0 -1 -1 -1 -1 -13 -17 -13 -18 -15 -14 -13 -11 -8 -15 -8 -13 -9 -14 -8 -15 -8 -12 -7 -11 -9 -11 -8 -8 -10 -11 -9 -10 -9 -10 -9 -9 -10 -11 -10 -10 -9 -8 -10 -7 -10 -7 -9 -8 -9 -6 -9 -7 -8 -7 -9 -6 -8 -7 -9 -6 -9 -7 -8 -6 -10 -3 -8 -6 -8 -6 -7 -5 -7 -5 -6 -6 -7 -6 -5 -5 -5 -5 -4 -6 -4 -4 -2 -5 -2 -6 -2 -5 -1 -5 -1 -5 0 -4 0 -5 2 -3 2 -3 3 -3 3 -3 4 -3 4 -2 5 -1 6 0 6 0 -1 -1 -1 -1 -1 -1 -1 -1 -1 -1 -1 -1 -1 -1 -1 -1 -1 -1 0 0 0 0 43 7 41 5 47 7 46 10 45 9 37 10 43 11 38 8 48 10 42 16 45 17 44 16 47 18 44 18 37 15 41 16 41 13 40 18 34 12 34 14 32 14 36 12 33 16 34 14 36 19 33 11 36 5 33 12 32 11 30 8 29 6 30 10 31 5 29 6 30 4 31 3 27 1 28 2 28 4 29 1 27 0 26 -5 24 -2 28 -3 23 -2 23 -5 22 -4 23 -7 23 -6 24 -3 22 -4 21 -4 20 -4 19 -10 21 -14 21 -14 17 -17 -1 -1 ]
CSI_DATA,STA,08:3A:F2:51:5D:9D,-51,11,1,0,1,1,1,0,0,0,0,-93,0,6,1,11008310,0,110,0,0,11.201139,384,[110 96 6 0 0 0 0 0 0 0 0 0 -1 22 -1 21 0 24 -4 25 -3 24 -4 20 -4 23 -4 21 -3 21 -5 22 -7 24 -6 24 -6 23 -7 22 -7 18 -5 24 -6 19 -7 19 -6 19 -5 18 -6 18 -6 19 -7 16 -6 18 -7 19 -4 18 0 0 -4 18 -2 17 -2 18 -1 16 -4 15 -1 16 -2 17 -1 14 0 16 2 13 1 15 0 14 1 14 3 13 2 13 4 13 3 15 4 11 5 12 5 10 4 11 4 11 4 11 4 11 3 10 4 9 0 0 0 0 0 0 0 0 0 0 -1 -1 -1 -1 -3 -19 -3 -19 -5 -17 -6 -15 3 -12 2 -11 1 -13 2 -12 1 -11 1 -9 0 -11 -1 -9 -1 -11 -1 -11 0 -11 -1 -11 -2 -12 -2 -10 -2 -9 -2 -10 -3 -9 -2 -9 -4 -7 -3 -8 -2 -8 -4 -8 -2 -8 -3 -8 -2 -9 -3 -8 -6 -7 -2 -8 -2 -7 -2 -6 -2 -6 -2 -6 -2 -6 -2 -6 -2 -5 0 -5 -1 -5 0 -4 1 -5 1 -4 1 -4 1 -3 2 -2 1 -2 2 -1 3 -2 3 -1 3 -1 3 0 3 1 3 2 3 2 4 3 -1 -1 -1 -1 -1 -1 -1 -1 -1 -1 -1 -1 -1 -1 -1 -1 -1 -1 -1 -1 0 0 15 30 15 28 17 33 14 32 15 32 11 27 12 33 12 26 17 34 11 34 11 37 10 35 12 37 10 35 8 29 10 33 12 31 9 33 9 26 8 28 6 26 10 27 6 27 8 28 7 32 9 26 23 23 9 26 9 25 10 22 11 20 9 23 13 20 11 20 13 19 14 18 12 16 13 18 12 19 14 17 14 16 16 11 13 13 16 13 12 12 15 10 13 11 15 9 15 8 15 11 14 11 13 10 13 10 19 2 22 0 22 -2 21 -6 -1 -1 ]
CSI_DATA,STA,08:3A:F2:51:5D:9D,-52,11,1,0,1,1,1,0,0,0,0,-93,0,6,1,11015934,0,110,0,0,11.211124,384,[110 96 6 0 0 0 0 0 0 0 0 0 18 -17 17 -16 20 -19 24 -17 21 -16 19 -13 21 -15 20 -13 20 -14 22 -13 25 -13 24 -14 23 -13 23 -12 20 -9 24 -14 20 -11 21 -9 20 -10 18 -10 19 -9 20 -10 18 -7 20 -9 21 -10 18 -11 0 0 18 -10 16 -12 17 -13 14 -12 15 -9 15 -12 16 -11 13 -11 13 -12 10 -12 11 -13 12 -11 11 -11 9 -13 9 -12 8 -13 10 -14 7 -13 7 -13 5 -12 7 -12 7 -13 7 -12 6 -13 7 -11 5 -11 0 0 0 0 0 0 0 0 0 0 -1 -1 -1 -1 -19 10 -18 10 -17 13 -14 11 -15 3 -14 3 -14 4 -15 3 -13 4 -11 3 -12 4 -10 5 -12 6 -11 5 -12 5 -11 6 -12 6 -10 6 -9 5 -10 6 -9 7 -10 5 -7 7 -8 5 -8 5 -8 6 -8 5 -7 6 -8 5 -7 5 -5 7 -7 5 -8 4 -6 4 -6 3 -7 3 -6 3 -6 3 -5 2 -6 1 -6 1 -5 0 -5 0 -5 -1 -4 -1 -4 -2 -4 -3 -4 -3 -3 -4 -2 -4 -2 -4 -2 -5 -1 -5 0 -5 1 -6 1 -6 2 -7 -1 -1 0 0 0 0 -1 -1 -1 -1 -1 -1 0 0 0 0 -1 -1 -1 -1 -1 -1 15 -38 13 -38 17 -40 20 -40 19 -38 17 -33 21 -37 16 -33 20 -40 22 -35 24 -38 22 -37 24 -39 25 -37 21 -31 24 -34 21 -36 25 -31 18 -30 21 -28 21 -26 19 -30 21 -26 20 -29 24 -30 16 -29 6 -36 18 -28 17 -27 14 -28 13 -26 15 -28 12 -28 12 -27 11 -28 9 -28 7 -24 7 -27 9 -25 6 -27 6 -26 2 -25 3 -24 3 -26 3 -23 1 -23 2 -22 -1 -23 0 -23 2 -23 1 -22 1 -21 1 -21 -9 -21 -12 -24 -13 -24 -14 -21 -1 -1 ]
CSI_DATA,STA,08:3A:F2:51:5D:9D,-51,11,1,0,1,1,1,0,0,0,0,-93,0,6,1,11016857,0,110,0,0,11.221647,384,[110 96 6 0 0 0 0 0 0 0 0 0 -22 -9 -21 -8 -24 -9 -24 -12 -23 -11 -19 -11 -21 -12 -19 -11 -20 -11 -20 -13 -22 -15 -22 -14 -21 -14 -20 -15 -16 -14 -21 -14 -18 -13 -16 -14 -17 -13 -16 -12 -16 -13 -17 -13 -13 -13 -16 -13 -17 -13 -17 -11 0 0 -16 -11 -17 -9 -17 -9 -16 -8 -14 -10 -16 -8 -16 -9 -14 -7 -16 -7 -14 -3 -16 -4 -14 -5 -14 -5 -14 -3 -14 -3 -15 -2 -17 -4 -14 -1 -14 -2 -12 0 -13 -2 -13 -2 -13 -2 -13 0 -12 -2 -11 0 0 0 0 0 0 0 0 0 0 0 -1 -1 -1 -1 17 5 18 5 19 2 15 1 8 7 9 6 9 7 9 8 8 6 7 5 8 5 8 3 9 3 9 4 8 4 8 3 10 3 8 3 8 3 8 2 9 0 7 2 7 1 7 1 7 2 7 1 6 2 7 0 7 2 6 1 8 -3 6 1 6 2 5 1 5 1 5 1 4 1 4 1 4 1 3 2 2 1 2 2 2 2 1 2 1 2 0 2 -1 2 -1 2 -2 2 -2 2 -3 2 -3 2 -3 2 -4 2 -4 1 -5 1 -6 0 -1 -1 -1 -1 -1 -1 -1 -1 -1 -1 -1 -1 -1 -1 -1 -1 -1 -1 -1 -1 0 0 -34 6 -33 7 -36 5 -37 3 -35 4 -31 2 -35 1 -30 3 -38 5 -35 0 -39 0 -36 0 -40 1 -38 0 -32 -1 -34 -2 -35 2 -34 -3 -29 0 -29 -2 -28 -3 -30 1 -28 -3 -29 -1 -32 -4 -28 1 -30 17 -28 0 -28 0 -26 2 -23 2 -26 1 -25 4 -23 2 -24 5 -23 6 -21 6 -22 7 -22 5 -21 7 -21 7 -17 10 -18 8 -20 9 -17 7 -15 8 -16 8 -15 10 -14 9 -17 9 -16 9 -15 8 -15 8 -9 18 -8 22 -8 22 -4 22 -1 -1 ]
CSI_DATA,STA,08:3A:F2:51:5D:9D,-52,11,1,0,1,1,1,0,0,0,0,-93,0,6,1,11017194,0,110,0,0,11.231784,384,[110 96 6 0 0 0 0 0 0 0 0 0 -24 7 -23 7 -26 9 -29 6 -27 6 -23 3 -27 4 -24 3 -25 4 -25 2 -28 2 -28 3 -27 2 -27 1 -23 -1 -27 2 -24 1 -23 -1 -22 0 -21 0 -22 0 -23 0 -20 -2 -22 -1 -24 0 -21 1 0 0 -21 1 -20 3 -21 3 -19 4 -19 1 -19 3 -20 3 -17 4 -18 5 -15 6 -16 7 -15 4 -15 5 -14 7 -14 6 -14 8 -16 8 -12 8 -13 7 -10 8 -13 7 -12 7 -12 7 -11 8 -11 6 -10 7 0 0 0 0 0 0 0 0 0 0 -1 -1 -1 -1 19 -8 18 -9 18 -13 15 -10 13 0 13 -1 13 -2 13 -1 11 -1 10 -2 11 -2 9 -3 11 -4 10 -3 11 -3 10 -4 10 -4 10 -4 8 -4 9 -4 9 -6 9 -3 7 -5 8 -4 7 -4 7 -4 7 -3 6 -5 8 -4 7 -4 5 -8 7 -4 6 -3 5 -3 5 -3 5 -2 6 -3 5 -2 5 -2 4 -1 3 -1 3 0 3 0 3 1 3 1 2 2 2 2 2 2 0 3 0 2 -1 3 -1 3 -2 3 -2 3 -3 4 -4 4 -4 4 -1 -1 0 0 0 0 -1 -1 -1 -1 -1 -1 0 0 0 0 -1 -1 -1 -1 -1 -1 -22 28 -21 28 -25 30 -27 29 -25 27 -22 23 -27 25 -22 24 -27 30 -28 24 -30 27 -28 26 -29 28 -30 26 -26 21 -28 22 -26 25 -30 20 -23 20 -26 19 -25 16 -24 21 -24 17 -23 19 -28 20 -22 20 -10 35 -23 19 -22 18 -18 19 -18 17 -20 19 -17 20 -17 18 -16 21 -15 21 -13 19 -13 20 -14 19 -12 21 -12 20 -7 20 -10 19 -10 21 -9 18 -8 17 -8 17 -5 18 -5 18 -8 19 -6 18 -6 17 -7 17 5 22 9 25 9 24 13 22 -1 -1 ]
CSI_DATA,STA,08:3A:F2:51:5D:9D,-51,11,1,0,1,1,1,0,0,0,0,-93,0,6,1,11019504,0,110,0,0,11.241916,384,[110 96 6 0 0 0 0 0 0 0 0 0 -23 -6 -22 -6 -25 -6 -27 -10 -23 -8 -20 -9 -22 -9 -21 -9 -21 -9 -21 -11 -24 -12 -24 -11 -23 -12 -22 -12 -18 -12 -23 -12 -20 -12 -17 -12 -18 -11 -17 -10 -17 -11 -18 -11 -14 -11 -18 -11 -19 -12 -18 -9 0 0 -18 -9 -18 -7 -19 -8 -17 -6 -16 -8 -17 -7 -17 -8 -16 -6 -16 -5 -15 -2 -16 -2 -14 -4 -15 -4 -15 -2 -14 -2 -15 -1 -16 -2 -14 0 -14 0 -12 1 -14 -1 -13 0 -13 0 -14 1 -12 -1 -12 1 0 0 0 0 0 0 0 0 0 0 -1 -1 -1 -1 14 12 14 12 16 10 14 7 9 11 8 10 9 10 8 11 9 9 7 7 9 8 9 6 10 6 9 7 9 7 9 6 10 6 10 6 8 5 9 4 10 3 9 5 8 3 8 4 7 4 8 3 7 4 8 2 8 4 8 2 8 0 7 3 6 3 6 3 6 2 5 3 5 3 4 2 4 3 3 3 2 3 2 3 2 4 1 3 1 3 0 2 -1 2 -1 3 -2 2 -3 2 -3 2 -4 1 -4 2 -5 1 -5 0 -6 0 -6 -1 0 0 -1 -1 -1 -1 -1 -1 -1 -1 -1 -1 -1 -1 -1 -1 0 0 0 0 -1 -1 -40 1 -39 2 -43 2 -45 -2 -42 -1 -37 -2 -42 -3 -37 -2 -45 -2 -41 -7 -44 -7 -43 -6 -46 -6 -44 -7 -37 -7 -40 -7 -41 -6 -39 -10 -34 -5 -35 -8 -33 -9 -36 -6 -32 -9 -34 -7 -37 -10 -33 -4 -34 5 -33 -6 -31 -4 -31 -2 -28 -1 -31 -4 -30 0 -29 -1 -29 1 -29 2 -26 3 -27 4 -26 2 -27 4 -26 4 -23 8 -23 5 -26 7 -21 6 -20 7 -20 6 -21 9 -20 9 -22 6 -21 7 -19 7 -19 6 -15 12 -17 18 -16 17 -12 19 -1 -1 ]
CSI_DATA,STA,08:3A:F2:51:5D:9D,-51,11,1,0,1,1,1,0,0,0,0,-93,0,6,1,11019820,0,110,0,0,11.252148,384,[110 96 6 0 0 0 0 0 0 0 0 0 -17 -17 -16 -16 -19 -18 -18 -22 -16 -19 -13 -18 -15 -20 -13 -18 -14 -19 -13 -20 -14 -22 -15 -22 -14 -21 -13 -22 -10 -19 -14 -21 -11 -20 -9 -19 -10 -19 -10 -17 -10 -18 -10 -19 -7 -17 -10 -19 -10 -20 -11 -17 0 0 -11 -17 -12 -15 -12 -16 -12 -14 -10 -15 -11 -14 -11 -15 -11 -13 -12 -13 -12 -9 -13 -10 -10 -11 -11 -11 -12 -9 -11 -9 -13 -8 -14 -10 -12 -7 -12 -7 -12 -5 -12 -8 -11 -7 -12 -7 -12 -6 -10 -7 -10 -5 0 0 0 0 0 0 0 0 0 0 -1 -1 -1 -1 8 16 9 16 13 13 10 11 2 13 3 12 4 12 2 13 3 11 3 9 4 10 5 8 6 10 5 10 4 10 5 9 6 10 5 8 4 7 6 8 7 7 5 8 6 5 5 6 4 7 6 6 4 6 6 5 5 6 5 5 7 3 4 6 4 6 4 5 3 4 3 5 3 4 2 4 2 4 1 4 1 4 0 4 0 4 0 3 -1 3 -1 3 -2 2 -2 2 -3 1 -3 1 -4 0 -4 0 -4 0 -5 -1 -5 -2 -5 -2 -6 -3 0 0 -1 -1 -1 -1 -1 -1 -1 -1 -1 -1 -1 -1 -1 -1 0 0 0 0 -1 -1 -36 -15 -35 -13 -38 -16 -38 -19 -36 -18 -31 -16 -34 -20 -31 -15 -39 -19 -33 -21 -36 -23 -35 -22 -37 -23 -35 -23 -29 -20 -32 -22 -33 -20 -30 -24 -27 -17 -27 -20 -25 -20 -29 -19 -25 -20 -27 -19 -28 -23 -27 -17 -33 -6 -27 -17 -26 -16 -26 -13 -24 -12 -25 -15 -26 -11 -24 -12 -26 -10 -26 -10 -23 -8 -25 -7 -24 -9 -25 -7 -24 -6 -23 -2 -22 -4 -25 -4 -21 -3 -20 -2 -20 -3 -21 0 -20 0 -22 -3 -21 -2 -19 -2 -19 -2 -19 7 -22 12 -21 12 -19 14 -1 -1 ]
CSI_DATA,STA,08:3A:F2:51:5D:9D,-51,11,1,0,1,1,1,0,0,0,0,-93,0,6,1,11045691,0,110,0,0,11.263108,384,[110 96 6 0 0 0 0 0 0 0 0 0 -10 -21 -10 -20 -12 -23 -10 -26 -9 -24 -6 -21 -8 -23 -7 -22 -7 -22 -6 -23 -6 -26 -7 -25 -6 -25 -5 -24 -2 -21 -6 -25 -4 -22 -2 -21 -3 -20 -3 -20 -2 -20 -3 -20 0 -19 -2 -20 -3 -22 -4 -19 0 0 -4 -19 -5 -18 -6 -19 -6 -17 -2 -17 -5 -16 -4 -19 -4 -14 -6 -18 -10 -13 -8 -13 -7 -14 -7 -15 -7 -12 -6 -13 -9 -13 -9 -16 -7 -12 -7 -11 -9 -11 -10 -10 -9 -12 -10 -13 -12 -10 -8 -10 -9 -10 0 0 0 0 0 0 0 0 0 0 -1 -1 -1 -1 -1 20 -3 21 2 21 2 15 -5 15 -5 13 -4 16 -5 15 -4 13 -4 11 -2 13 0 11 -1 13 -1 12 -2 13 -1 13 -1 13 -1 12 -1 11 0 12 2 12 -1 11 2 9 0 10 0 10 1 10 0 10 2 9 0 10 1 9 4 9 0 9 -1 8 0 8 0 8 -1 8 0 8 0 6 -1 6 -1 6 -2 6 -2 6 -2 5 -2 4 -2 4 -3 4 -3 3 -3 2 -4 1 -4 1 -4 0 -4 0 -4 -1 -4 -2 -4 -3 -4 -3 -4 -4 -1 -1 0 0 0 0 -1 -1 -1 -1 -1 -1 0 0 0 0 -1 -1 -1 -1 -1 -1 -28 -30 -29 -28 -30 -33 -29 -35 -26 -33 -23 -30 -25 -34 -24 -29 -28 -36 -23 -35 -24 -37 -24 -36 -25 -39 -23 -38 -19 -33 -19 -36 -23 -35 -17 -36 -18 -28 -17 -31 -15 -30 -19 -30 -14 -31 -17 -30 -17 -35 -19 -28 -26 -22 -17 -29 -15 -26 -19 -26 -18 -23 -14 -26 -20 -23 -17 -23 -18 -20 -20 -24 -21 -18 -18 -16 -20 -19 -21 -19 -18 -15 -18 -15 -19 -15 -23 -17 -16 -17 -18 -11 -19 -14 -26 -8 -21 -12 -21 -15 -24 -9 -19 -12 -18 -12 -27 -4 -24 -6 -25 -4 -27 2 -1 -1 ]
CSI_DATA,STA,08:3A:F2:51:5D:9D,-50,11,1,0,1,1,1,0,0,0,0,-93,0,6,1,11244514,0,110,0,0,11.411050,384,[110 96 6 0 0 0 0 0 0 0 0 0 20 4 20 4 22 4 24 8 21 6 18 7 20 8 18 8 19 7 19 9 21 10 22 9 20 10 20 11 16 11 21 10 17 10 15 10 16 10 15 9 15 10 16 10 12 10 16 10 17 11 16 8 0 0 16 9 16 6 17 8 15 5 14 8 15 6 16 7 14 5 15 5 13 2 15 2 13 4 14 3 14 2 14 2 15 0 16 2 13 0 14 0 13 -2 13 1 13 0 14 0 14 -2 13 0 12 -1 0 0 0 0 0 0 0 0 0 0 -1 -1 -1 -1 -22 -15 -21 -13 -24 -10 -21 -7 -12 -15 -12 -14 -13 -14 -13 -16 -12 -13 -11 -11 -12 -12 -12 -9 -14 -11 -13 -12 -14 -13 -14 -11 -16 -12 -14 -11 -12 -10 -14 -9 -15 -8 -13 -10 -13 -6 -13 -9 -12 -9 -13 -7 -12 -8 -15 -7 -14 -9 -14 -7 -16 -2 -14 -7 -13 -8 -13 -7 -12 -6 -12 -8 -13 -7 -12 -6 -12 -7 -10 -6 -11 -6 -11 -7 -11 -7 -10 -7 -9 -7 -9 -5 -8 -6 -8 -6 -7 -6 -6 -5 -6 -5 -6 -5 -5 -5 -4 -5 -3 -5 -3 -4 -3 -3 0 0 0 0 -1 -1 -1 -1 -1 -1 -1 -1 -1 -1 0 0 0 0 -1 -1 -1 -1 33 -8 32 -10 35 -8 37 -6 34 -6 30 -4 35 -4 30 -5 37 -6 35 -1 38 -1 37 -2 39 -2 38 0 32 0 34 1 35 -2 34 3 29 -1 29 1 28 3 31 -1 28 3 30 1 34 4 29 -1 30 -13 29 1 28 0 27 -2 24 -2 28 -1 26 -4 25 -3 26 -6 25 -6 21 -6 24 -7 24 -5 25 -8 24 -8 20 -11 21 -8 23 -10 20 -9 18 -10 19 -9 18 -12 18 -11 20 -10 19 -11 18 -10 18 -10 13 -18 15 -23 14 -25 10 -27 -1 -1 ]
CSI_DATA,STA,08:3A:F2:51:5D:9D,-51,11,1,0,1,1,1,0,0,0,0,-93,0,6,1,11254649,0,110,0,0,11.422372,384,[110 96 6 0 0 0 0 0 0 0 0 0 21 2 19 1 23 1 24 4 22 4 18 5 21 5 19 5 20 5 20 7 22 8 22 7 21 8 20 9 17 8 22 7 18 7 17 9 17 8 16 7 16 8 18 8 14 9 16 8 18 9 16 7 0 0 16 7 17 5 17 5 16 4 14 6 16 4 16 5 14 4 16 3 14 1 15 1 14 3 14 2 14 0 14 0 14 -1 17 0 13 -2 14 -2 12 -3 14 -1 14 -1 14 -1 14 -2 13 -1 12 -2 0 0 0 0 0 0 0 0 0 0 -1 -1 -1 -1 -23 -8 -23 -8 -26 -3 -21 -3 -13 -11 -14 -11 -14 -11 -14 -12 -12 -10 -11 -9 -13 -9 -12 -7 -15 -8 -14 -9 -14 -9 -14 -8 -16 -8 -14 -8 -13 -7 -13 -6 -15 -4 -13 -7 -13 -4 -13 -6 -12 -7 -14 -4 -12 -6 -14 -4 -14 -6 -14 -5 -15 3 -14 -5 -13 -5 -12 -4 -12 -4 -12 -5 -12 -4 -11 -4 -11 -5 -11 -5 -10 -4 -11 -5 -10 -5 -10 -5 -9 -6 -8 -4 -7 -4 -8 -5 -7 -4 -6 -4 -6 -5 -5 -4 -5 -5 -4 -4 -4 -5 -3 -4 -2 -4 0 0 0 0 -1 -1 -1 -1 -1 -1 -1 -1 -1 -1 0 0 0 0 -1 -1 -1 -1 29 -14 28 -15 31 -14 32 -13 31 -11 28 -10 32 -9 27 -10 34 -13 33 -6 35 -8 34 -7 37 -8 35 -7 30 -6 32 -5 32 -10 32 -4 27 -6 29 -4 26 -2 29 -6 26 -1 28 -4 32 -1 27 -6 25 -20 28 -5 26 -5 24 -7 22 -6 25 -6 24 -9 23 -7 23 -9 22 -11 19 -8 21 -11 22 -9 21 -11 21 -12 16 -14 17 -12 19 -13 16 -12 16 -13 17 -11 16 -14 15 -14 18 -12 16 -13 15 -12 16 -12 8 -21 7 -27 7 -28 3 -26 -1 -1 ]
CSI_DATA,STA,08:3A:F2:51:5D:9D,-51,11,1,0,1,1,1,0,0,0,0,-93,0,6,1,11255127,0,110,0,0,11.432879,384,[110 96 6 0 0 0 0 0 0 0 0 0 4 20 5 19 5 22 3 24 3 22 1 19 2 21 0 20 1 20 -1 21 -1 23 0 23 -1 22 -2 22 -3 18 -1 23 -2 20 -3 19 -2 19 -2 18 -3 18 -2 19 -5 16 -3 18 -3 20 -2 18 0 0 -2 18 0 18 0 18 1 16 -2 16 0 16 0 17 1 15 1 16 3 14 3 15 1 14 2 14 4 13 3 13 5 14 4 16 5 12 5 13 6 10 4 13 5 12 5 13 6 12 4 12 5 11 0 0 0 0 0 0 0 0 0 0 -1 -1 -1 -1 8 -22 7 -23 4 -25 3 -22 10 -16 9 -16 8 -17 10 -17 8 -16 7 -14 7 -16 5 -15 6 -18 6 -16 7 -17 5 -16 5 -18 5 -17 5 -15 3 -16 2 -17 5 -16 1 -15 4 -15 4 -14 2 -15 4 -14 1 -15 4 -16 2 -16 -3 -16 2 -16 3 -15 1 -14 2 -14 3 -14 2 -14 2 -13 2 -13 3 -12 2 -12 3 -12 3 -12 3 -11 4 -11 2 -10 3 -9 3 -10 3 -8 3 -7 4 -6 3 -7 3 -6 3 -5 3 -4 3 -4 3 -3 0 0 0 0 -1 -1 -1 -1 -1 -1 -1 -1 -1 -1 0 0 0 0 -1 -1 -1 -1 18 30 19 29 19 32 18 35 16 33 13 30 14 35 13 30 17 37 10 35 13 38 13 36 13 39 12 38 9 32 10 35 13 35 7 35 9 29 7 31 5 30 9 32 4 30 8 30 6 34 9 29 18 26 8 30 8 28 11 26 9 24 9 28 11 26 10 25 12 25 13 24 11 21 13 22 12 22 15 22 14 21 16 17 15 18 16 20 14 17 15 16 14 17 17 16 17 15 15 18 15 16 15 15 14 16 20 10 26 8 26 9 25 4 -1 -1 ]
CSI_DATA,STA,08:3A:F2:51:5D:9D,-51,11,1,0,1,1,1,0,0,0,0,-93,0,6,1,11255627,0,110,0,0,11.442679,384,[110 96 6 0 0 0 0 0 0 0 0 0 -17 12 -16 12 -19 14 -22 12 -20 12 -18 9 -20 10 -18 8 -19 9 -20 8 -23 9 -22 10 -22 8 -22 7 -19 4 -22 9 -19 6 -20 5 -18 5 -18 5 -18 5 -19 5 -17 2 -19 5 -20 5 -18 6 0 0 -18 6 -17 8 -17 7 -16 7 -16 5 -16 7 -17 7 -14 6 -15 7 -12 9 -13 9 -13 7 -13 7 -11 8 -12 9 -11 10 -14 10 -10 9 -10 10 -8 10 -11 9 -10 9 -10 9 -10 10 -10 8 -9 9 0 0 0 0 0 0 0 0 0 0 -1 -1 -1 -1 22 -4 23 -5 22 -9 19 -9 18 1 16 1 17 0 18 2 16 0 13 0 16 -1 14 -2 17 -3 16 -1 17 -1 16 -2 18 -3 15 -3 14 -2 15 -4 14 -6 16 -3 12 -5 13 -3 13 -2 14 -4 14 -3 13 -6 15 -3 14 -5 12 -10 14 -5 13 -4 12 -4 12 -5 13 -3 12 -4 12 -3 11 -3 11 -3 11 -3 11 -2 11 -1 11 -1 10 -1 9 -2 8 -1 8 -1 7 0 7 0 6 1 6 0 5 0 5 1 4 1 3 1 3 1 0 0 0 0 -1 -1 -1 -1 -1 -1 -1 -1 -1 -1 0 0 0 0 -1 -1 -1 -1 -19 29 -18 28 -21 32 -23 30 -22 29 -20 24 -24 28 -20 25 -25 31 -27 25 -28 28 -27 27 -29 29 -28 27 -24 22 -26 25 -24 26 -28 23 -21 21 -25 20 -24 17 -24 22 -25 18 -24 20 -29 20 -22 21 -14 29 -23 20 -21 20 -19 20 -17 19 -20 20 -18 21 -18 19 -17 21 -16 22 -14 20 -14 22 -15 20 -13 22 -13 21 -8 22 -10 20 -11 23 -10 19 -8 20 -9 20 -7 21 -7 20 -10 21 -8 21 -8 19 -8 19 1 23 5 27 5 26 8 24 -1 -1 ]
CSI_DATA,STA,08:3A:F2:51:5D:9D,-51,11,1,0,1,1,1,0,0,0,0,-93,0,6,1,11256052,0,110,0,0,11.453045,384,[110 96 6 0 0 0 0 0 0 0 0 0 -24 -4 -23 -4 -26 -4 -27 -7 -25 -6 -21 -7 -24 -8 -22 -8 -23 -7 -23 -10 -25 -11 -25 -10 -24 -10 -23 -12 -19 -11 -25 -11 -21 -11 -19 -12 -20 -11 -19 -10 -19 -11 -20 -11 -16 -12 -19 -12 -20 -12 -19 -9 0 0 -19 -9 -19 -7 -20 -8 -18 -6 -17 -9 -18 -7 -19 -8 -17 -6 -18 -6 -16 -3 -18 -3 -16 -5 -17 -5 -16 -2 -16 -3 -17 -1 -20 -3 -16 0 -16 0 -15 1 -16 -1 -16 -1 -16 -1 -17 1 -15 -1 -14 1 0 0 0 0 0 0 0 0 0 0 -1 -1 -1 -1 20 17 20 17 22 14 20 11 12 17 11 15 13 16 11 18 12 15 9 13 12 14 11 11 14 13 13 13 13 14 13 12 15 13 14 13 11 11 15 10 15 8 13 11 13 7 12 10 11 11 13 9 11 11 14 8 14 11 15 9 17 3 14 9 13 10 12 8 12 7 11 10 13 8 11 7 11 8 10 8 9 7 9 8 10 9 9 9 7 8 8 6 6 6 7 7 4 6 5 6 3 6 4 5 3 5 2 6 2 5 1 4 0 3 0 0 0 0 -1 -1 -1 -1 -1 -1 -1 -1 -1 -1 0 0 0 0 -1 -1 -1 -1 -41 6 -39 7 -44 7 -44 4 -43 4 -37 2 -44 1 -37 1 -46 3 -43 -3 -46 -3 -44 -2 -48 -2 -46 -4 -39 -4 -42 -3 -42 -2 -42 -6 -36 -2 -37 -6 -34 -7 -38 -2 -34 -8 -37 -6 -40 -9 -35 -3 -35 7 -35 -5 -35 -2 -33 0 -31 0 -34 -3 -33 1 -32 0 -33 1 -32 3 -28 4 -30 5 -30 2 -30 6 -29 5 -26 10 -25 7 -29 8 -24 7 -24 9 -24 8 -24 11 -23 10 -26 8 -25 9 -23 8 -24 8 -19 18 -20 23 -20 23 -16 26 -1 -1 ]
CSI_DATA,STA,08:3A:F2:51:5D:9D,-51,11,1,0,1,1,1,0,0,0,0,-93,0,6,1,11256475,0,110,0,0,11.463499,384,[110 96 6 0 0 0 0 0 0 0 0 0 -19 -10 -18 -9 -21 -10 -22 -14 -20 -12 -17 -12 -18 -13 -16 -12 -18 -13 -16 -14 -18 -16 -19 -16 -17 -16 -16 -16 -13 -15 -18 -16 -15 -15 -13 -15 -14 -14 -13 -13 -13 -14 -14 -14 -10 -14 -13 -15 -14 -16 -14 -13 0 0 -13 -13 -15 -11 -15 -12 -14 -10 -12 -12 -14 -11 -14 -11 -13 -10 -14 -10 -13 -7 -15 -8 -12 -9 -13 -8 -13 -6 -13 -7 -14 -6 -16 -7 -14 -5 -14 -5 -13 -3 -14 -6 -14 -5 -14 -5 -14 -4 -12 -6 -12 -4 0 0 0 0 0 0 0 0 0 0 -1 -1 -1 -1 12 20 13 19 16 17 14 15 5 17 5 15 6 17 4 18 6 15 5 13 7 15 6 12 9 15 7 14 7 15 7 14 9 15 8 14 6 12 9 13 10 11 7 13 9 9 7 11 6 12 8 11 6 12 10 10 8 12 9 11 13 7 9 11 8 11 8 9 7 10 7 11 8 10 7 9 7 9 6 9 5 9 5 10 5 10 5 9 4 9 4 8 3 7 4 7 2 7 2 7 1 7 1 6 1 5 0 5 0 4 -1 4 -1 3 0 0 0 0 -1 -1 -1 -1 -1 -1 -1 -1 -1 -1 0 0 0 0 -1 -1 -1 -1 -36 -5 -35 -4 -39 -5 -39 -7 -37 -7 -32 -8 -37 -10 -32 -8 -40 -9 -35 -14 -38 -14 -37 -13 -40 -14 -38 -15 -32 -13 -35 -14 -35 -12 -33 -16 -30 -11 -30 -14 -27 -14 -31 -12 -27 -15 -29 -13 -32 -18 -29 -11 -33 -2 -29 -13 -28 -11 -27 -8 -26 -8 -28 -11 -28 -7 -26 -8 -28 -6 -29 -5 -25 -4 -27 -3 -25 -5 -27 -3 -26 -3 -24 2 -23 -1 -26 0 -23 0 -23 1 -22 0 -24 2 -23 3 -24 0 -23 1 -22 1 -23 0 -21 9 -23 15 -23 14 -20 18 -1 -1 ]
CSI_DATA,STA,08:3A:F2:51:5D:9D,-51,11,1,0,1,1,1,0,0,0,0,-93,0,6,1,11256813,0,110,0,0,11.474240,384,[110 96 6 0 0 0 0 0 0 0 0 0 -3 -24 -3 -22 -4 -26 0 -28 -1 -26 1 -22 1 -25 2 -23 1 -24 3 -24 5 -27 4 -27 4 -26 6 -25 6 -21 4 -27 4 -22 6 -22 5 -21 4 -20 6 -20 5 -22 7 -18 6 -21 7 -22 4 -20 0 0 4 -20 2 -20 2 -21 1 -20 4 -18 2 -19 3 -20 1 -18 0 -19 -2 -16 -2 -18 1 -16 0 -17 -2 -16 -2 -17 -4 -17 -3 -20 -4 -15 -4 -16 -5 -14 -4 -16 -4 -15 -3 -16 -5 -16 -2 -15 -4 -14 0 0 0 0 0 0 0 0 0 0 -1 -1 -1 -1 -5 24 -4 26 0 26 1 23 -11 16 -9 15 -10 16 -12 15 -8 14 -8 12 -8 15 -5 13 -6 16 -8 15 -8 15 -7 15 -6 16 -6 15 -6 13 -4 15 -2 15 -6 16 -2 13 -5 13 -6 13 -4 14 -5 14 -2 14 -6 15 -3 15 4 16 -4 14 -5 14 -3 12 -3 13 -5 12 -3 13 -4 11 -4 11 -4 11 -4 11 -5 11 -5 10 -5 9 -5 8 -3 9 -4 7 -5 8 -5 6 -4 6 -5 5 -4 5 -4 4 -5 3 -5 3 -4 2 -5 2 0 0 0 0 -1 -1 -1 -1 -1 -1 -1 -1 -1 -1 0 0 0 0 -1 -1 -1 -1 -21 -30 -20 -29 -22 -33 -19 -33 -20 -33 -15 -28 -16 -35 -15 -29 -21 -36 -14 -37 -15 -38 -14 -37 -16 -39 -14 -38 -11 -32 -13 -35 -15 -33 -12 -36 -12 -28 -10 -32 -6 -30 -12 -31 -7 -31 -9 -31 -7 -36 -11 -30 -26 -26 -10 -31 -11 -29 -12 -26 -11 -25 -10 -28 -13 -26 -12 -26 -14 -25 -16 -24 -13 -22 -15 -22 -13 -23 -16 -22 -15 -22 -19 -17 -15 -18 -18 -20 -15 -18 -16 -17 -15 -18 -18 -16 -18 -15 -16 -19 -16 -17 -16 -16 -16 -17 -26 -6 -31 -3 -29 -4 -30 1 -1 -1 ]
CSI_DATA,STA,08:3A:F2:51:5D:9D,-51,11,1,0,1,1,1,0,0,0,0,-93,0,6,1,11257243,0,110,0,0,11.485194,384,[110 96 6 0 0 0 0 0 0 0 0 0 23 1 22 0 26 0 26 3 25 3 21 4 24 4 21 5 22 4 23 6 25 8 25 7 24 7 23 9 19 8 25 7 21 7 20 9 19 8 18 7 18 8 20 8 16 10 19 9 20 10 19 7 0 0 18 7 19 5 19 5 18 4 16 6 18 4 18 5 16 4 18 3 15 0 17 1 16 3 16 2 15 0 16 0 16 -2 18 0 14 -2 16 -2 13 -4 15 -1 15 -2 16 -2 15 -3 14 -1 13 -3 0 0 0 0 0 0 0 0 0 0 -1 -1 -1 -1 -24 -12 -25 -11 -27 -8 -23 -5 -15 -15 -14 -14 -16 -14 -15 -15 -14 -13 -12 -11 -15 -12 -14 -8 -17 -10 -15 -12 -16 -12 -16 -11 -17 -11 -16 -10 -14 -10 -16 -8 -17 -6 -16 -9 -15 -6 -14 -8 -13 -9 -15 -7 -14 -9 -16 -6 -15 -9 -15 -6 -18 0 -15 -7 -15 -8 -14 -6 -14 -6 -14 -8 -14 -7 -13 -6 -13 -7 -12 -7 -12 -6 -11 -8 -11 -8 -10 -8 -9 -8 -10 -6 -8 -6 -9 -7 -7 -6 -6 -6 -6 -6 -5 -5 -5 -6 -4 -6 -3 -6 -3 -5 -2 -5 0 0 0 0 -1 -1 -1 -1 -1 -1 -1 -1 -1 -1 0 0 0 0 -1 -1 -1 -1 35 -15 33 -16 37 -16 38 -13 37 -14 32 -10 38 -10 33 -11 40 -14 39 -6 42 -8 40 -7 43 -8 42 -7 35 -5 38 -6 38 -9 38 -4 32 -6 34 -3 31 -1 34 -6 32 0 33 -3 37 0 32 -5 31 -19 32 -4 31 -4 29 -7 27 -6 30 -5 29 -9 27 -7 28 -9 27 -11 24 -9 26 -11 26 -9 26 -12 25 -12 20 -15 20 -12 23 -14 20 -12 20 -14 20 -12 19 -15 18 -15 22 -13 20 -14 19 -13 19 -13 12 -22 12 -28 12 -28 7 -29 -1 -1 ]
CSI_DATA,STA,08:3A:F2:51:5D:9D,-51,11,1,0,1,1,1,0,0,0,0,-93,0,6,1,11257668,0,110,0,0,11.495706,384,[110 96 6 0 0 0 0 0 0 0 0 0 16 16 16 15 18 17 17 21 16 18 12 18 14 19 13 18 13 18 12 20 13 23 13 22 12 22 11 22 8 19 13 22 10 20 8 19 8 19 8 18 8 19 9 19 5 18 8 19 8 21 9 18 0 0 8 18 10 16 11 18 10 15 7 16 9 15 10 16 9 14 10 14 11 11 12 12 9 13 10 12 11 11 11 11 12 10 13 12 12 9 12 9 12 7 12 10 12 9 12 9 13 8 10 9 11 7 0 0 0 0 0 0 0 0 0 0 -1 -1 -1 -1 -1 -27 -2 -27 -6 -28 -5 -24 4 -23 2 -21 1 -23 3 -23 1 -21 1 -18 0 -21 -1 -18 -1 -22 -1 -20 0 -21 -1 -20 -2 -22 -2 -20 -1 -18 -4 -19 -6 -19 -2 -19 -6 -16 -3 -18 -2 -17 -4 -18 -1 -18 -5 -18 -2 -20 -5 -18 -8 -17 -4 -18 -3 -18 -4 -16 -4 -16 -2 -17 -4 -17 -4 -15 -3 -15 -2 -15 -2 -14 -1 -14 -1 -15 -1 -14 0 -13 -1 -12 0 -11 -1 -12 1 -10 1 -10 2 -8 1 -8 1 -8 2 -7 2 -6 3 -5 3 -4 0 0 0 0 -1 -1 -1 -1 -1 -1 -1 -1 -1 -1 0 0 0 0 -1 -1 -1 -1 35 21 35 19 37 23 36 26 35 24 29 22 34 27 29 23 37 28 29 30 33 33 32 32 33 34 32 33 26 29 29 30 31 29 26 32 25 25 24 28 21 28 26 27 19 29 24 28 24 34 24 26 29 21 23 27 23 24 25 22 23 20 22 24 25 21 23 21 25 20 26 18 21 16 25 17 23 18 27 16 26 15 26 10 23 11 27 12 23 10 24 9 23 10 26 8 25 7 24 11 24 9 23 9 23 9 24 2 30 0 30 0 29 -5 -1 -1 ]
CSI_DATA,STA,08:3A:F2:51:5D:9D,-51,11,1,0,1,1,1,0,0,0,0,-93,0,6,1,11264988,0,110,0,0,11.505909,384,[110 96 6 0 0 0 0 0 0 0 0 0 7 -23 6 -21 7 -25 10 -25 10 -24 10 -19 11 -22 10 -20 10 -21 13 -21 15 -23 14 -23 14 -21 15 -20 13 -16 14 -23 13 -18 14 -17 12 -17 12 -16 13 -16 13 -18 14 -14 14 -16 15 -18 12 -17 0 0 12 -17 10 -18 10 -18 9 -17 10 -15 9 -17 10 -17 8 -16 8 -17 4 -16 5 -17 7 -14 6 -15 4 -16 5 -16 3 -16 5 -19 2 -15 2 -16 0 -14 3 -16 2 -16 2 -16 1 -16 3 -14 1 -14 0 0 0 0 0 0 0 0 0 0 -1 -1 -1 -1 -11 22 -11 23 -7 24 -4 22 -15 11 -13 10 -14 11 -15 10 -12 10 -10 8 -11 11 -9 10 -10 13 -11 12 -13 12 -11 11 -11 13 -10 12 -9 10 -8 13 -6 13 -10 12 -5 11 -8 11 -9 10 -6 12 -9 11 -6 12 -10 12 -7 12 0 17 -8 12 -8 11 -6 10 -7 10 -8 10 -6 11 -6 9 -6 9 -7 9 -7 9 -8 8 -8 8 -7 7 -7 6 -6 7 -6 5 -6 5 -7 4 -6 4 -6 3 -6 3 -5 3 -5 1 -5 0 -5 0 -5 0 0 0 0 0 -1 -1 -1 -1 -1 -1 -1 -1 -1 -1 0 0 0 0 -1 -1 -1 -1 -7 -36 -7 -34 -8 -38 -5 -37 -6 -37 -4 -31 -3 -38 -3 -31 -7 -40 1 -39 1 -42 1 -40 0 -42 1 -40 2 -32 1 -37 -2 -36 2 -38 -1 -30 2 -32 4 -29 -2 -33 5 -31 3 -32 7 -36 1 -32 -15 -34 2 -31 0 -30 -2 -27 -2 -26 0 -28 -4 -28 -3 -26 -5 -27 -7 -27 -4 -24 -6 -26 -4 -26 -7 -25 -7 -25 -12 -21 -8 -21 -10 -23 -8 -21 -10 -19 -9 -20 -11 -19 -11 -18 -9 -22 -10 -21 -9 -20 -9 -20 -23 -14 -27 -14 -26 -13 -29 -7 -1 -1 ]
CSI_DATA,STA,08:3A:F2:51:5D:9D,-47,11,0,0,0,0,0,0,0,0,0,-93,0,6,1,11267192,0,110,0,0,11.516595,128,[110 96 6 0 0 0 0 0 0 0 0 0 -12 -23 -11 -23 -12 -25 -12 -25 -11 -25 -9 -23 -9 -25 -8 -23 -8 -24 -7 -25 -9 -26 -8 -27 -8 -25 -7 -24 -6 -22 -8 -26 -5 -23 -5 -23 -5 -21 -6 -22 -5 -21 -6 -22 -4 -20 -7 -20 -8 -21 -7 -20 0 0 -8 -19 -8 -19 -8 -18 -9 -18 -7 -16 -9 -17 -9 -17 -9 -16 -10 -16 -9 -16 -10 -16 -9 -14 -10 -14 -10 -15 -10 -15 -10 -14 -12 -14 -11 -13 -11 -13 -11 -12 -11 -12 -11 -12 -11 -12 -12 -12 -11 -11 -11 -10 0 0 0 0 0 0 0 0 0 0 ]
CSI_DATA,STA,08:3A:F2:51:5D:9D,-47,11,0,0,0,0,0,0,0,0,0,-93,0,6,1,11354894,0,110,0,0,11.521224,128,[110 96 6 0 0 0 0 0 0 0 0 0 23 -9 22 -8 24 -9 25 -9 24 -7 22 -6 23 -6 22 -4 24 -5 24 -4 25 -5 25 -4 24 -4 23 -4 21 -2 24 -4 21 -2 21 -2 20 -2 20 -2 19 -2 20 -3 18 -2 19 -3 20 -4 18 -4 0 0 18 -5 18 -5 17 -6 17 -6 15 -5 16 -6 16 -6 15 -6 15 -7 14 -6 15 -7 13 -6 13 -7 14 -7 13 -7 13 -8 13 -9 12 -8 12 -8 12 -8 11 -8 11 -8 11 -8 11 -9 10 -8 10 -8 0 0 0 0 0 0 0 0 0 0 ]
CSI_DATA,STA,08:3A:F2:51:5D:9D,-51,11,1,0,1,1,1,0,0,0,0,-93,0,6,1,11355391,0,110,0,0,11.528846,384,[110 96 6 0 0 0 0 0 0 0 0 0 17 13 17 12 20 14 19 16 18 15 14 14 16 16 14 15 15 15 14 17 15 19 16 18 15 18 13 18 10 16 15 18 12 16 11 17 11 15 10 14 10 15 11 16 8 15 10 16 11 17 11 14 0 0 11 14 12 13 12 13 12 11 9 12 11 11 12 12 11 10 12 10 11 7 12 8 10 9 11 9 12 7 12 7 13 6 14 8 11 5 12 5 12 3 11 6 12 5 12 5 12 4 11 5 10 4 0 0 0 0 0 0 0 0 0 0 -1 -1 -1 -1 -9 -21 -9 -20 -13 -19 -10 -16 -4 -18 -5 -16 -6 -17 -4 -18 -5 -15 -4 -13 -6 -15 -6 -13 -8 -15 -6 -14 -6 -15 -7 -14 -8 -15 -7 -14 -6 -12 -8 -13 -9 -12 -7 -13 -9 -9 -8 -11 -6 -11 -8 -10 -6 -11 -8 -10 -7 -12 -8 -10 -9 -8 -7 -11 -6 -10 -6 -9 -6 -9 -5 -9 -6 -9 -5 -8 -5 -8 -3 -8 -4 -7 -2 -8 -2 -7 -2 -7 -2 -7 -1 -6 0 -5 -1 -5 1 -4 1 -4 1 -3 1 -3 2 -3 2 -1 2 -1 3 0 3 1 -1 -1 -1 -1 -1 -1 -1 -1 -1 -1 -1 -1 -1 -1 -1 -1 -1 -1 -1 -1 0 0 35 12 34 11 39 13 37 15 37 15 31 14 36 18 31 15 39 18 33 21 36 23 35 21 37 23 35 22 29 20 32 21 33 19 31 23 27 16 27 19 25 20 29 18 24 20 27 18 28 23 27 16 31 9 26 18 26 16 26 13 24 11 25 15 26 11 25 12 26 11 26 8 21 7 25 7 24 9 26 7 25 6 24 2 22 4 25 3 21 2 22 1 21 2 22 0 22 -1 22 3 22 1 20 1 21 1 20 -6 24 -10 23 -10 20 -14 -1 -1 ]
CSI_DATA,STA,08:3A:F2:51:5D:9D,-51,11,1,0,1,1,1,0,0,0,0,-93,0,6,1,11355841,0,110,0,0,11.539363,384,[110 96 6 0 0 0 0 0 0 0 0 0 2 22 2 20 3 24 0 26 0 24 -1 20 -1 22 -2 21 -1 21 -3 22 -4 24 -3 24 -4 23 -5 23 -5 19 -3 24 -4 20 -5 19 -4 19 -4 18 -5 18 -4 19 -6 16 -5 19 -6 20 -3 18 0 0 -3 18 -1 18 -2 18 -1 17 -3 16 -1 16 -2 17 -1 15 0 16 2 14 2 15 0 14 1 14 2 13 2 14 4 14 3 16 4 12 4 12 5 11 3 12 4 12 4 13 5 12 3 12 4 10 0 0 0 0 0 0 0 0 0 0 -1 -1 -1 -1 7 -19 7 -20 4 -22 4 -19 9 -15 8 -15 7 -15 9 -15 7 -14 6 -12 6 -14 4 -13 5 -16 5 -14 6 -15 4 -14 4 -16 4 -14 4 -12 3 -14 1 -15 4 -13 1 -12 2 -12 3 -12 2 -12 3 -12 1 -12 3 -12 1 -13 -2 -13 2 -13 2 -11 1 -10 1 -10 3 -10 2 -10 2 -9 2 -9 2 -8 2 -7 3 -7 3 -6 3 -6 3 -5 3 -5 3 -4 3 -3 2 -2 2 -2 2 -1 2 -1 2 0 2 1 1 2 1 2 0 3 -1 -1 0 0 0 0 -1 -1 -1 -1 -1 -1 0 0 0 0 -1 -1 -1 -1 -1 -1 16 34 17 33 16 37 15 39 13 36 11 32 11 37 11 32 13 40 7 38 9 40 9 39 9 43 8 41 6 35 7 37 10 37 4 37 7 31 4 32 3 31 7 33 1 31 5 32 2 36 7 30 16 28 6 31 6 29 8 28 7 25 6 29 9 26 8 25 10 26 11 25 9 22 12 23 10 23 13 23 12 22 15 18 13 18 14 21 13 17 14 16 13 17 15 16 14 15 12 18 13 16 13 15 13 16 18 10 24 9 24 9 23 5 -1 -1 ]
CSI_DATA,STA,08:3A:F2:51:5D:9D,-51,11,1,0,1,1,1,0,0,0,0,-93,0,6,1,11356342,0,110,0,0,11.549069,384,[110 96 6 0 0 0 0 0 0 0 0 0 -21 -10 -19 -9 -23 -10 -23 -13 -22 -12 -17 -12 -20 -12 -18 -12 -20 -12 -18 -14 -20 -16 -20 -15 -20 -15 -18 -16 -15 -14 -21 -15 -16 -13 -15 -14 -15 -13 -15 -13 -15 -13 -16 -13 -12 -14 -15 -14 -16 -15 -15 -12 0 0 -15 -11 -17 -9 -17 -10 -16 -8 -14 -10 -15 -9 -16 -9 -14 -8 -16 -7 -15 -4 -15 -5 -13 -7 -14 -6 -14 -4 -14 -4 -15 -2 -17 -4 -13 -1 -14 -1 -13 0 -14 -2 -14 -2 -14 -2 -14 -1 -13 -2 -12 -1 0 0 0 0 0 0 0 0 0 0 -1 -1 -1 -1 17 12 17 12 20 9 17 5 10 12 10 10 11 11 10 12 10 10 9 8 10 9 9 7 12 7 10 8 11 9 11 8 13 8 11 7 9 7 11 5 12 4 10 6 10 3 10 5 9 6 10 4 9 5 10 3 10 6 10 4 11 0 9 4 9 4 8 3 8 3 8 5 8 3 7 3 7 4 6 4 5 4 5 4 4 4 3 4 3 4 2 3 1 3 1 4 1 2 0 3 -1 2 -1 2 -2 2 -2 1 -3 1 -3 0 -4 0 -1 -1 -1 -1 -1 -1 -1 -1 -1 -1 -1 -1 -1 -1 -1 -1 -1 -1 -1 -1 0 0 -36 0 -34 1 -39 0 -39 -2 -38 -1 -33 -3 -39 -4 -32 -3 -41 -2 -37 -8 -40 -8 -39 -8 -42 -7 -40 -8 -33 -8 -36 -7 -37 -4 -36 -9 -31 -5 -32 -8 -29 -9 -33 -5 -29 -9 -31 -7 -34 -11 -31 -5 -33 7 -31 -6 -30 -5 -28 -2 -26 -2 -28 -3 -29 0 -27 -2 -27 0 -28 2 -25 1 -25 3 -26 1 -26 4 -25 4 -22 8 -22 6 -25 7 -21 5 -20 8 -20 6 -20 9 -19 9 -22 6 -20 7 -19 7 -20 7 -15 16 -15 20 -15 20 -10 22 -1 -1 ]
CSI_DATA,STA,08:3A:F2:51:5D:9D,-51,11,1,0,1,1,1,0,0,0,0,-93,0,6,1,11356897,0,110,0,0,11.559544,384,[110 96 6 0 0 0 0 0 0 0 0 0 -17 -15 -17 -14 -19 -16 -18 -19 -17 -18 -14 -16 -16 -18 -14 -17 -15 -17 -13 -19 -15 -21 -15 -21 -14 -20 -12 -20 -10 -18 -15 -21 -11 -18 -10 -19 -10 -17 -10 -17 -10 -17 -11 -18 -7 -17 -10 -18 -10 -19 -10 -16 0 0 -11 -16 -12 -14 -12 -16 -12 -13 -9 -15 -11 -14 -11 -14 -11 -13 -12 -13 -12 -9 -13 -10 -10 -11 -11 -11 -12 -9 -12 -9 -13 -8 -14 -10 -12 -7 -12 -8 -12 -5 -12 -8 -12 -7 -12 -7 -13 -6 -11 -7 -11 -6 0 0 0 0 0 0 0 0 0 0 -1 -1 -1 -1 11 17 11 18 14 16 13 12 3 15 3 14 4 14 3 15 4 13 3 11 5 13 5 10 7 12 5 12 5 13 6 12 7 13 6 12 5 10 7 10 8 9 6 11 7 7 5 9 5 9 6 8 5 9 6 8 5 10 6 8 10 6 6 8 5 8 5 7 5 7 3 8 5 7 4 6 3 6 3 6 2 6 1 6 1 6 1 5 0 5 0 4 -1 3 -1 3 -2 3 -2 3 -2 2 -2 2 -3 1 -3 0 -3 -1 -4 -1 -4 -2 -1 -1 0 0 0 0 -1 -1 -1 -1 -1 -1 0 0 0 0 -1 -1 -1 -1 -1 -1 -36 -13 -34 -12 -38 -14 -37 -17 -36 -16 -31 -15 -36 -19 -30 -15 -39 -18 -33 -22 -36 -23 -35 -22 -37 -24 -35 -23 -28 -20 -31 -21 -33 -19 -31 -22 -27 -17 -27 -20 -24 -19 -29 -17 -24 -21 -27 -20 -28 -24 -27 -17 -33 -7 -26 -18 -26 -16 -25 -13 -24 -12 -25 -15 -26 -12 -25 -12 -26 -11 -27 -9 -23 -9 -25 -8 -24 -10 -25 -7 -24 -7 -23 -2 -22 -4 -26 -4 -22 -4 -22 -2 -21 -3 -22 -1 -21 0 -22 -3 -22 -2 -20 -2 -20 -2 -21 8 -22 12 -22 12 -19 16 -1 -1 ]
CSI_DATA,STA,08:3A:F2:51:5D:9D,-51,11,1,0,1,1,1,0,0,0,0,-93,0,6,1,11357299,0,110,0,0,11.570400,384,[110 96 6 0 0 0 0 0 0 0 0 0 19 -11 17 -11 21 -13 23 -11 21 -11 18 -8 21 -9 19 -8 20 -9 21 -7 24 -7 23 -8 23 -7 22 -5 19 -4 23 -8 20 -6 20 -4 18 -5 18 -5 18 -4 19 -5 17 -2 19 -4 20 -5 18 -6 0 0 17 -6 16 -8 17 -8 15 -8 15 -5 15 -8 16 -7 13 -7 14 -9 11 -9 12 -10 12 -7 12 -8 10 -9 11 -10 10 -11 12 -12 8 -10 9 -11 7 -11 9 -10 8 -10 9 -10 8 -11 9 -9 7 -10 0 0 0 0 0 0 0 0 0 0 -1 -1 -1 -1 -19 7 -21 7 -19 10 -15 10 -17 0 -15 1 -17 2 -17 0 -15 2 -13 1 -14 3 -12 3 -15 4 -14 3 -15 3 -14 4 -15 4 -14 4 -12 3 -12 6 -12 6 -13 5 -9 5 -11 5 -11 3 -11 5 -12 4 -10 6 -12 4 -11 5 -8 9 -10 5 -10 4 -8 4 -9 4 -9 3 -9 4 -8 3 -8 2 -8 2 -7 2 -7 1 -7 0 -7 0 -6 -1 -6 0 -5 0 -5 -1 -4 -1 -4 -2 -3 -2 -3 -2 -2 -3 -1 -3 0 -3 0 -4 1 -3 -1 -1 -1 -1 -1 -1 -1 -1 -1 -1 -1 -1 -1 -1 -1 -1 -1 -1 -1 -1 0 0 22 -29 20 -28 23 -33 25 -30 24 -31 21 -25 26 -28 21 -24 26 -32 29 -25 31 -27 30 -27 31 -29 30 -27 25 -22 27 -25 25 -27 28 -24 21 -21 25 -21 24 -18 23 -23 25 -19 24 -21 29 -21 22 -22 14 -30 22 -21 20 -21 17 -21 16 -21 19 -20 16 -23 16 -21 15 -23 14 -24 12 -20 12 -23 14 -21 12 -23 11 -22 6 -23 7 -21 8 -24 7 -20 5 -21 6 -20 4 -21 3 -22 7 -22 5 -21 5 -20 5 -20 -5 -22 -8 -24 -7 -24 -12 -22 -1 -1 ]
CSI_DATA,STA,08:3A:F2:51:5D:9D,-51,11,1,0,1,1,1,0,0,0,0,-93,0,6,1,11357782,0,110,0,0,11.580860,384,[110 96 6 0 0 0 0 0 0 0 0 0 16 14 16 13 19 15 18 18 17 16 13 15 15 17 14 15 15 16 13 18 15 20 15 19 14 19 12 19 10 16 15 19 11 16 10 17 10 16 10 15 10 16 11 16 8 15 10 16 11 17 11 14 0 0 11 14 12 13 12 13 12 11 10 12 12 12 12 12 11 10 12 10 12 7 13 8 10 9 11 9 12 6 12 7 13 5 14 8 12 4 13 4 11 3 12 5 12 4 12 5 13 3 11 5 11 3 0 0 0 0 0 0 0 0 0 0 -1 -1 -1 -1 -13 -17 -13 -18 -16 -16 -14 -12 -6 -17 -7 -15 -8 -16 -7 -16 -7 -14 -6 -12 -8 -13 -8 -10 -10 -13 -9 -13 -8 -13 -9 -12 -10 -13 -9 -12 -8 -11 -10 -10 -11 -9 -9 -11 -9 -8 -9 -9 -8 -10 -9 -9 -8 -10 -10 -8 -9 -10 -9 -8 -11 -5 -9 -8 -8 -8 -7 -7 -8 -7 -7 -8 -8 -7 -6 -7 -7 -7 -5 -7 -5 -6 -4 -7 -4 -7 -3 -7 -3 -6 -3 -5 -1 -5 -1 -5 0 -4 0 -4 1 -4 1 -3 1 -3 2 -2 2 -1 3 -1 3 0 -1 -1 -1 -1 -1 -1 -1 -1 -1 -1 -1 -1 -1 -1 -1 -1 -1 -1 -1 -1 0 0 34 11 33 10 38 12 36 14 36 13 30 13 35 17 30 13 39 15 33 20 36 21 34 20 37 21 35 20 28 18 33 19 33 16 32 20 27 14 27 17 24 17 29 15 25 18 28 17 29 21 27 14 32 6 26 15 27 13 25 10 24 9 25 12 27 8 25 9 26 7 26 6 22 5 25 5 24 7 26 4 24 3 23 -2 21 1 25 0 21 0 22 -2 21 0 21 -4 21 -4 23 0 22 -2 20 -2 20 -2 18 -10 21 -14 20 -14 17 -18 -1 -1 ]
CSI_DATA,STA,08:3A:F2:51:5D:9D,-51,11,1,0,1,1,1,0,0,0,0,-93,0,6,1,11358292,0,110,0,0,11.591022,384,[110 96 6 0 0 0 0 0 0 0 0 0 -9 19 -9 19 -9 22 -13 22 -12 21 -11 17 -13 20 -12 18 -12 19 -14 17 -16 19 -15 20 -15 18 -16 17 -14 14 -15 20 -14 16 -14 15 -13 15 -12 14 -13 14 -13 15 -14 11 -14 14 -15 15 -12 14 0 0 -12 14 -10 15 -10 16 -8 15 -10 13 -9 15 -9 15 -7 13 -7 15 -5 13 -5 15 -7 13 -6 13 -4 13 -4 13 -3 14 -4 16 -2 13 -2 13 0 12 -2 13 -1 13 -2 13 -1 13 -3 12 -1 11 0 0 0 0 0 0 0 0 0 0 -1 -1 -1 -1 10 -18 10 -18 8 -20 5 -18 12 -11 10 -11 10 -12 11 -11 9 -11 8 -10 8 -11 6 -11 7 -13 8 -12 9 -12 8 -12 8 -13 7 -12 6 -11 5 -12 4 -13 6 -12 2 -11 4 -11 5 -10 3 -11 5 -11 3 -11 5 -11 4 -11 0 -12 4 -11 4 -10 3 -9 3 -10 4 -9 3 -9 3 -8 3 -8 4 -7 3 -6 4 -6 4 -5 4 -5 3 -4 3 -4 3 -3 3 -3 3 -2 3 -2 2 -1 2 -1 2 0 1 1 1 2 0 2 0 2 -1 -1 -1 -1 -1 -1 -1 -1 -1 -1 -1 -1 -1 -1 -1 -1 -1 -1 -1 -1 0 0 0 36 1 34 0 39 -2 38 -2 37 -3 32 -4 38 -2 32 -2 41 -8 37 -9 40 -9 38 -8 41 -9 39 -8 32 -7 36 -4 36 -9 35 -5 30 -7 30 -8 28 -5 32 -9 29 -8 30 -11 33 -5 30 6 32 -6 29 -5 28 -2 27 -1 25 -4 27 1 27 -1 25 2 26 3 26 1 23 2 25 1 24 4 25 4 23 8 20 6 20 7 23 5 19 8 18 6 19 9 18 10 17 6 21 7 19 7 18 7 18 16 14 20 15 20 14 22 8 -1 -1 ]
CSI_DATA,STA,08:3A:F2:51:5D:9D,-51,11,1,0,1,1,1,0,0,0,0,-93,0,6,1,11358684,0,110,0,0,11.601096,384,[110 96 6 0 0 0 0 0 0 0 0 0 -25 2 -23 3 -28 4 -29 1 -27 1 -23 -1 -26 -1 -24 -1 -25 0 -26 -3 -28 -4 -28 -3 -27 -4 -26 -5 -22 -5 -28 -2 -23 -4 -23 -5 -22 -4 -21 -3 -21 -4 -23 -4 -19 -6 -22 -5 -23 -5 -21 -3 0 0 -21 -3 -21 0 -21 0 -20 1 -19 -2 -19 0 -20 -1 -18 1 -19 2 -16 4 -18 4 -16 1 -17 2 -15 4 -16 4 -15 6 -18 5 -14 6 -14 6 -12 7 -14 5 -14 6 -14 6 -14 7 -13 5 -12 6 0 0 0 0 0 0 0 0 0 0 -1 -1 -1 -1 22 -8 23 -8 21 -11 16 -13 15 2 14 1 15 0 14 2 13 0 11 0 13 -1 11 -3 13 -3 13 -2 14 -1 13 -1 14 -3 13 -2 11 -2 12 -4 11 -5 11 -4 8 -4 10 -4 10 -2 10 -4 10 -3 10 -5 11 -3 10 -5 7 -10 10 -4 9 -4 7 -3 8 -4 8 -3 8 -3 7 -3 7 -3 6 -2 6 -2 7 -1 6 0 5 0 5 0 4 -1 3 0 3 0 2 1 2 0 1 1 0 1 0 2 -1 2 -2 2 -2 1 -3 2 -1 -1 -1 -1 -1 -1 -1 -1 -1 -1 -1 -1 -1 -1 -1 -1 -1 -1 -1 -1 0 0 -29 22 -27 21 -31 24 -30 21 -31 23 -27 17 -33 20 -26 17 -33 25 -36 17 -39 18 -37 17 -39 20 -37 17 -30 14 -33 17 -29 18 -33 17 -26 14 -29 14 -27 10 -28 17 -29 11 -29 13 -35 12 -28 14 -21 30 -27 14 -26 15 -21 15 -21 15 -23 14 -20 18 -21 14 -19 17 -19 19 -18 16 -18 17 -20 16 -18 19 -16 17 -10 20 -12 16 -13 20 -12 16 -9 17 -12 17 -8 18 -8 18 -12 19 -11 18 -10 16 -10 16 3 24 6 26 6 26 13 24 -1 -1 ]
CSI_DATA,STA,08:3A:F2:51:5D:9D,-51,11,1,0,1,1,1,0,0,0,0,-93,0,6,1,11359145,0,110,0,0,11.611503,384,[110 96 6 0 0 0 0 0 0 0 0 0 -17 -19 -16 -17 -20 -20 -18 -23 -18 -22 -13 -19 -16 -21 -14 -20 -15 -20 -13 -22 -14 -25 -14 -24 -13 -24 -12 -24 -9 -21 -15 -24 -11 -21 -10 -21 -11 -20 -10 -19 -10 -20 -12 -20 -7 -19 -9 -20 -10 -22 -11 -18 0 0 -11 -19 -13 -17 -13 -17 -13 -15 -10 -16 -12 -15 -12 -16 -12 -14 -13 -14 -13 -10 -14 -12 -11 -12 -12 -12 -13 -10 -13 -10 -14 -9 -16 -11 -13 -7 -14 -7 -13 -6 -13 -8 -14 -8 -14 -8 -14 -7 -12 -8 -13 -6 0 0 0 0 0 0 0 0 0 0 -1 -1 -1 -1 13 18 14 20 16 16 15 12 5 16 5 15 6 16 4 16 6 14 5 12 6 13 7 10 9 12 8 13 7 14 6 12 9 13 8 12 6 10 9 10 10 8 8 10 9 7 8 9 7 9 9 8 7 10 9 8 8 10 8 8 11 5 8 7 7 8 7 6 7 6 6 7 7 7 5 6 5 6 4 6 3 5 3 6 3 6 2 6 2 5 2 4 -1 3 0 4 -1 3 -1 3 -1 2 -2 1 -2 2 -3 1 -4 0 -4 0 -4 -1 -1 -1 -1 -1 -1 -1 -1 -1 -1 -1 -1 -1 -1 -1 -1 -1 -1 -1 -1 -1 0 0 -37 -17 -36 -16 -41 -18 -38 -20 -40 -19 -33 -18 -38 -23 -32 -18 -42 -21 -35 -27 -38 -29 -36 -27 -40 -29 -37 -28 -30 -23 -35 -24 -35 -21 -34 -25 -29 -18 -29 -22 -26 -22 -32 -19 -26 -24 -28 -22 -30 -28 -28 -20 -36 -10 -28 -20 -29 -18 -27 -14 -27 -13 -27 -16 -30 -12 -27 -13 -29 -11 -30 -10 -26 -10 -28 -9 -27 -11 -28 -8 -27 -7 -26 -1 -23 -4 -28 -3 -23 -3 -24 0 -24 -3 -24 1 -23 2 -26 -3 -24 -1 -22 -1 -23 -1 -21 11 -24 15 -23 14 -20 20 -1 -1 ]
CSI_DATA,STA,08:3A:F2:51:5D:9D,-51,11,1,0,1,1,1,0,0,0,0,-93,0,6,1,11856909,0,110,0,0,12.23490,384,[110 96 6 0 0 0 0 0 0 0 0 0 8 -22 7 -21 8 -25 12 -25 10 -23 10 -19 11 -22 10 -19 10 -21 13 -20 15 -22 14 -23 14 -21 15 -20 13 -16 14 -22 13 -18 13 -17 12 -17 11 -17 12 -16 12 -17 13 -14 13 -16 14 -18 11 -17 0 0 11 -17 9 -18 9 -17 7 -17 10 -15 8 -16 9 -17 7 -15 7 -17 4 -15 5 -16 6 -14 6 -15 3 -15 4 -15 2 -15 4 -17 1 -14 1 -14 0 -13 2 -14 1 -14 2 -14 1 -14 3 -13 1 -12 0 0 0 0 0 0 0 0 0 0 -1 -1 -1 -1 -5 19 -7 21 -2 19 1 17 -9 9 -8 7 -9 9 -9 7 -7 8 -7 5 -6 7 -4 7 -5 8 -6 8 -7 8 -6 7 -6 8 -6 7 -5 6 -4 7 -3 6 -4 7 -2 5 -4 6 -4 5 -2 6 -4 6 -3 6 -5 6 -4 6 0 8 -4 5 -4 4 -3 3 -3 5 -4 3 -4 4 -3 3 -4 3 -5 2 -5 2 -6 1 -6 0 -6 0 -5 -1 -5 0 -5 -1 -5 -2 -5 -2 -5 -2 -5 -4 -5 -4 -5 -4 -4 -6 -3 -7 -4 -6 -3 -7 -1 -1 -1 -1 -1 -1 -1 -1 -1 -1 -1 -1 -1 -1 -1 -1 -1 -1 -1 -1 0 0 -7 -34 -6 -32 -9 -38 -5 -35 -7 -37 -3 -30 -4 -37 -5 -29 -8 -39 0 -38 1 -41 1 -39 0 -42 1 -40 1 -31 -2 -36 -4 -33 -1 -36 -2 -27 -1 -31 2 -27 -5 -30 2 -30 1 -31 4 -35 0 -30 -17 -32 0 -29 -2 -29 -4 -24 -5 -24 -2 -26 -7 -25 -4 -24 -8 -23 -9 -24 -7 -23 -7 -23 -5 -24 -8 -23 -8 -22 -12 -17 -8 -18 -12 -19 -8 -17 -11 -16 -9 -17 -11 -15 -12 -14 -10 -18 -9 -18 -9 -16 -9 -16 -21 -9 -24 -8 -22 -8 -25 -1 -1 -1 ]
CSI_DATA,STA,08:3A:F2:51:5D:9D,-51,11,1,0,1,1,1,0,0,0,0,-93,0,6,1,11865580,0,110,0,0,12.35075,384,[110 96 6 0 0 0 0 0 0 0 0 0 7 -22 6 -22 7 -25 10 -26 9 -24 9 -20 10 -23 9 -20 9 -22 11 -21 13 -23 12 -24 12 -22 13 -22 12 -18 12 -23 12 -19 13 -17 11 -18 10 -17 11 -17 11 -18 12 -14 12 -17 13 -19 10 -18 0 0 10 -17 7 -18 8 -19 7 -17 9 -16 7 -17 8 -17 6 -16 6 -17 2 -15 3 -17 5 -15 5 -15 2 -16 3 -15 1 -16 3 -18 0 -14 1 -15 -1 -13 1 -14 1 -14 1 -14 0 -15 1 -13 0 -13 0 0 0 0 0 0 0 0 0 0 -1 -1 -1 -1 -11 17 -11 19 -8 19 -7 16 -12 8 -11 8 -11 9 -12 8 -10 8 -9 6 -9 8 -7 8 -8 9 -8 8 -9 8 -8 8 -8 9 -7 8 -7 6 -7 8 -5 9 -7 8 -4 6 -6 7 -6 6 -5 7 -6 7 -4 7 -6 6 -5 7 -2 9 -6 6 -6 6 -6 5 -5 5 -6 4 -6 4 -6 4 -6 3 -7 3 -7 3 -8 2 -7 1 -8 0 -8 0 -8 0 -7 -2 -8 -2 -7 -3 -7 -3 -7 -4 -7 -4 -7 -5 -6 -6 -5 -7 -5 -7 -5 -8 -1 -1 -1 -1 -1 -1 -1 -1 -1 -1 -1 -1 -1 -1 -1 -1 -1 -1 -1 -1 0 0 -7 -36 -7 -34 -8 -40 -4 -39 -5 -39 -3 -33 -3 -39 -5 -33 -5 -42 -1 -39 -1 -42 -1 -40 -2 -43 0 -41 1 -34 1 -39 -2 -38 2 -38 0 -31 2 -33 3 -30 -1 -34 2 -31 1 -32 4 -36 -1 -31 -16 -33 0 -32 -1 -31 -2 -28 -3 -27 -1 -29 -5 -28 -3 -27 -6 -28 -7 -28 -8 -24 -7 -25 -5 -25 -8 -25 -7 -24 -11 -21 -8 -21 -11 -24 -9 -20 -10 -19 -9 -20 -11 -19 -11 -18 -9 -21 -10 -19 -9 -18 -8 -19 -19 -14 -23 -13 -22 -13 -24 -9 -1 -1 ]
CSI_DATA,STA,08:3A:F2:51:5D:9D,-51,11,1,0,1,1,1,0,0,0,0,-93,0,6,1,11876835,0,110,0,0,12.46593,384,[110 96 6 0 0 0 0 0 0 0 0 0 -12 -20 -12 -19 -14 -22 -12 -25 -11 -23 -9 -21 -10 -23 -8 -21 -9 -22 -8 -23 -9 -26 -10 -25 -8 -25 -7 -24 -5 -21 -9 -25 -6 -22 -4 -22 -5 -21 -5 -20 -4 -21 -5 -21 -2 -19 -5 -21 -6 -23 -6 -20 0 0 -6 -20 -8 -19 -8 -20 -8 -17 -5 -18 -7 -18 -7 -18 -7 -16 -8 -17 -9 -13 -10 -15 -7 -14 -8 -14 -10 -13 -9 -13 -11 -12 -11 -15 -10 -11 -10 -11 -10 -9 -9 -12 -10 -11 -10 -11 -11 -10 -9 -11 -9 -9 0 0 0 0 0 0 0 0 0 0 -1 -1 -1 -1 -3 21 -1 22 2 22 1 18 -6 15 -5 14 -4 15 -6 16 -4 14 -4 12 -3 14 -2 12 -2 14 -3 13 -3 13 -2 13 -1 14 -1 13 -1 11 0 12 1 12 -2 11 1 10 -1 10 -2 10 0 11 -2 10 1 11 -1 11 0 11 2 11 -1 11 -2 10 -1 10 -2 9 -3 10 -2 9 -3 9 -4 9 -4 8 -5 8 -5 8 -6 8 -6 7 -6 6 -7 6 -7 5 -8 5 -8 3 -9 3 -9 2 -9 2 -9 2 -9 0 -10 -1 -10 -2 -10 -4 0 0 0 0 -1 -1 -1 -1 -1 -1 -1 -1 -1 -1 0 0 0 0 -1 -1 -1 -1 -31 -26 -31 -25 -33 -28 -32 -31 -30 -29 -26 -27 -28 -32 -26 -27 -32 -33 -26 -33 -29 -35 -28 -34 -30 -36 -28 -35 -23 -31 -25 -33 -27 -32 -22 -34 -22 -27 -20 -30 -18 -29 -23 -30 -17 -30 -21 -29 -21 -34 -22 -27 -31 -20 -22 -29 -21 -27 -22 -24 -20 -22 -21 -26 -23 -23 -21 -23 -22 -22 -23 -21 -20 -17 -23 -18 -21 -19 -24 -18 -23 -17 -24 -12 -22 -14 -24 -15 -21 -12 -21 -12 -21 -12 -23 -10 -22 -10 -21 -13 -22 -11 -20 -11 -20 -11 -23 -3 -28 0 -28 -1 -26 3 -1 -1 ]
CSI_DATA,STA,08:3A:F2:51:5D:9D,-50,11,1,0,1,1,1,0,0,0,0,-93,0,6,1,11888963,0,110,0,0,12.58501,384,[110 96 6 0 0 0 0 0 0 0 0 0 23 -2 22 -2 26 -2 27 1 25 1 21 2 25 2 22 2 23 2 24 4 26 5 27 4 25 4 24 6 20 6 26 4 22 5 21 6 21 5 19 5 20 5 21 5 18 7 20 6 23 6 20 4 0 0 20 4 20 2 21 3 19 1 17 4 19 2 19 2 17 1 19 0 16 -3 17 -2 16 0 16 -1 15 -2 16 -2 16 -4 18 -3 14 -4 15 -4 13 -5 14 -3 14 -4 15 -4 14 -5 13 -3 12 -4 0 0 0 0 0 0 0 0 0 0 -1 -1 -1 -1 -23 -8 -24 -9 -24 -5 -21 -2 -15 -12 -14 -10 -15 -11 -14 -12 -14 -10 -11 -8 -14 -8 -11 -6 -14 -7 -14 -8 -14 -8 -13 -7 -15 -7 -14 -8 -11 -7 -13 -5 -13 -3 -13 -6 -12 -3 -12 -5 -11 -6 -12 -4 -12 -6 -13 -4 -13 -7 -13 -5 -14 1 -12 -5 -12 -5 -11 -4 -11 -5 -11 -6 -11 -5 -10 -5 -10 -6 -10 -6 -9 -6 -9 -8 -8 -8 -8 -8 -7 -9 -8 -7 -5 -8 -6 -9 -4 -8 -5 -8 -3 -8 -3 -9 -2 -9 0 -9 1 -9 2 -8 3 -8 0 0 0 0 -1 -1 -1 -1 -1 -1 -1 -1 -1 -1 0 0 0 0 -1 -1 -1 -1 36 -17 34 -17 39 -19 39 -15 39 -17 33 -12 39 -14 33 -13 41 -18 42 -10 45 -10 42 -10 46 -11 44 -9 35 -7 40 -10 37 -12 40 -8 32 -9 35 -8 32 -5 35 -11 34 -4 35 -6 41 -4 33 -8 31 -20 32 -7 32 -9 29 -10 27 -11 30 -9 28 -13 27 -11 27 -13 27 -15 24 -13 25 -14 26 -11 25 -15 23 -14 19 -18 19 -14 22 -18 18 -14 17 -17 18 -15 16 -18 16 -18 20 -16 18 -15 17 -15 17 -14 9 -23 9 -28 9 -26 3 -29 -1 -1 ]
CSI_DATA,STA,08:3A:F2:51:5D:9D,-50,11,1,0,1,1,1,0,0,0,0,-93,0,6,1,11898327,0,110,0,0,12.69940,384,[110 96 6 0 0 0 0 0 0 0 0 0 -2 21 -1 20 -1 23 -4 25 -4 22 -5 20 -5 22 -5 20 -5 20 -6 21 -7 24 -6 24 -7 23 -8 22 -8 18 -7 23 -8 20 -8 18 -7 18 -7 17 -8 18 -8 19 -9 15 -8 18 -8 19 -6 18 0 0 -6 18 -4 18 -5 19 -3 17 -6 16 -4 17 -4 17 -3 15 -3 16 0 14 0 16 -2 14 -1 15 0 15 0 14 1 15 0 16 2 13 2 14 3 12 1 14 2 13 1 13 3 13 1 12 2 11 0 0 0 0 0 0 0 0 0 0 -1 -1 -1 -1 10 -20 10 -21 6 -22 6 -19 11 -13 10 -12 10 -13 12 -13 9 -12 8 -10 8 -12 6 -11 7 -14 7 -12 8 -13 7 -13 7 -14 6 -13 6 -11 5 -12 4 -13 7 -12 3 -11 4 -11 5 -11 4 -11 5 -11 3 -12 6 -12 5 -12 0 -14 4 -13 5 -11 4 -11 4 -11 6 -10 5 -11 4 -10 5 -10 6 -9 5 -9 7 -9 6 -8 7 -8 7 -7 7 -7 7 -5 7 -6 7 -4 7 -4 7 -3 8 -3 7 -2 7 -1 6 1 6 1 6 2 0 0 0 0 -1 -1 -1 -1 -1 -1 -1 -1 -1 -1 0 0 0 0 -1 -1 -1 -1 12 33 12 31 12 35 11 37 10 35 8 31 8 36 9 30 11 38 6 36 6 39 6 38 7 41 5 39 4 33 4 36 7 36 2 36 5 30 2 31 1 30 5 32 1 30 3 31 1 35 5 30 16 29 3 31 4 29 6 28 5 25 4 28 8 26 6 26 8 26 9 25 8 22 10 24 8 24 11 24 10 23 13 19 11 20 12 22 11 18 12 17 11 18 13 17 13 17 12 19 12 17 11 17 11 17 19 12 24 12 24 11 24 8 -1 -1 ]
CSI_DATA,STA,08:3A:F2:51:5D:9D,-50,11,1,0,1,1,1,0,0,0,0,-93,0,6,1,11909800,0,110,0,0,12.80340,384,[110 96 6 0 0 0 0 0 0 0 0 0 -7 20 -6 20 -7 23 -10 24 -9 21 -10 18 -10 21 -10 19 -10 19 -12 19 -13 22 -12 22 -13 21 -13 20 -13 16 -13 22 -12 18 -13 16 -12 17 -11 15 -12 16 -12 17 -13 13 -12 16 -13 17 -11 17 0 0 -11 16 -8 17 -9 18 -8 16 -10 15 -8 16 -9 16 -7 14 -7 16 -4 15 -4 16 -6 14 -5 14 -3 14 -4 15 -2 15 -4 17 -2 14 -2 14 0 13 -3 14 -2 13 -2 14 0 14 -2 13 -1 12 0 0 0 0 0 0 0 0 0 0 -1 -1 -1 -1 17 -16 16 -16 15 -19 13 -15 16 -9 14 -10 14 -10 16 -10 13 -9 12 -8 13 -10 10 -10 12 -12 11 -10 12 -10 11 -11 12 -13 10 -11 10 -10 9 -11 9 -14 10 -10 6 -11 8 -10 8 -9 8 -11 9 -9 7 -12 9 -11 8 -12 5 -13 9 -12 8 -10 7 -10 7 -10 8 -9 8 -10 7 -9 7 -9 8 -8 7 -8 9 -7 9 -7 8 -6 9 -6 8 -6 8 -4 8 -4 8 -3 7 -3 7 -1 7 -1 7 -1 5 1 6 1 6 2 5 3 0 0 0 0 -1 -1 -1 -1 -1 -1 -1 -1 -1 -1 0 0 0 0 -1 -1 -1 -1 1 37 3 37 0 40 -1 42 -2 38 -2 35 -4 39 -2 34 -3 42 -8 38 -7 42 -6 41 -7 44 -8 42 -8 35 -8 38 -5 39 -11 37 -6 33 -9 33 -10 31 -7 34 -10 30 -8 33 -12 36 -5 33 5 34 -7 33 -6 31 -3 31 -3 27 -6 31 -2 30 -3 28 -1 29 0 30 1 25 3 28 0 27 3 28 3 27 6 24 5 24 5 27 4 23 6 22 5 22 7 23 7 22 4 23 6 22 6 21 5 22 13 18 18 21 20 20 20 17 -1 -1 ]
CSI_DATA,STA,08:3A:F2:51:5D:9D,-49,11,1,0,1,1,1,0,0,0,0,-93,0,6,1,11951806,0,110,0,0,12.118348,384,[110 96 6 0 0 0 0 0 0 0 0 0 -2 20 -2 19 -2 23 -5 24 -4 22 -5 18 -5 21 -6 19 -4 20 -7 20 -9 23 -8 23 -8 22 -9 21 -9 17 -7 23 -8 19 -9 18 -8 18 -7 17 -8 17 -7 19 -9 15 -9 18 -9 19 -7 17 0 0 -7 17 -4 18 -5 18 -3 17 -6 16 -4 16 -4 17 -3 15 -2 17 0 14 -1 16 -2 14 -2 14 0 14 0 14 1 15 1 17 2 13 2 14 4 12 1 13 2 13 2 14 3 13 1 13 2 12 0 0 0 0 0 0 0 0 0 0 -1 -1 -1 -1 7 -23 8 -23 4 -23 1 -20 10 -15 9 -13 9 -15 10 -14 8 -13 7 -11 7 -13 5 -12 5 -15 6 -14 6 -14 5 -13 5 -15 5 -14 4 -11 2 -14 1 -13 3 -14 0 -11 2 -12 2 -11 1 -12 4 -12 1 -13 3 -14 2 -13 -3 -13 1 -12 1 -12 1 -11 1 -11 2 -11 1 -11 1 -10 1 -10 2 -9 2 -9 3 -9 3 -9 3 -8 3 -8 2 -8 3 -6 2 -7 3 -5 4 -5 3 -3 3 -4 3 -3 3 -2 3 -2 3 -1 3 -1 0 0 -1 -1 -1 -1 -1 -1 -1 -1 -1 -1 -1 -1 -1 -1 0 0 0 0 -1 -1 11 33 11 30 12 35 9 35 10 34 7 30 7 36 8 29 11 38 4 37 4 40 3 38 5 41 3 39 2 32 5 36 7 34 3 36 5 28 3 31 0 29 6 32 0 31 2 31 -1 36 4 30 16 29 3 30 5 29 6 26 7 25 5 27 10 26 6 26 9 25 11 25 9 22 10 23 8 24 11 23 11 22 15 18 11 18 15 20 11 17 13 17 12 17 15 16 15 15 12 19 12 17 12 16 11 17 21 11 25 9 24 9 26 3 -1 -1 ]
CSI_DATA,STA,08:3A:F2:51:5D:9D,-49,11,1,0,1,1,1,0,0,0,0,-93,0,6,1,11955452,0,110,0,0,12.129245,384,[110 96 6 0 0 0 0 0 0 0 0 0 -21 -4 -21 -3 -24 -3 -25 -7 -23 -6 -20 -6 -22 -7 -20 -7 -21 -6 -21 -9 -23 -10 -24 -9 -22 -10 -22 -11 -18 -10 -23 -9 -19 -9 -18 -10 -19 -9 -18 -9 -18 -9 -19 -9 -15 -10 -18 -10 -20 -11 -18 -8 0 0 -18 -8 -19 -6 -19 -7 -18 -5 -16 -7 -18 -5 -18 -6 -17 -5 -18 -4 -16 -2 -17 -2 -15 -4 -16 -4 -16 -1 -16 -1 -16 0 -18 -1 -14 1 -15 1 -13 2 -15 0 -15 1 -15 0 -15 1 -14 0 -13 1 0 0 0 0 0 0 0 0 0 0 -1 -1 -1 -1 22 4 24 4 22 1 20 -1 12 9 10 8 12 8 11 9 11 7 9 6 11 6 10 3 12 3 12 5 12 6 11 4 13 4 11 4 9 4 11 2 11 1 11 3 9 0 10 2 9 3 10 0 10 2 10 0 11 3 10 1 11 -5 10 1 10 2 8 1 9 0 8 2 9 1 8 1 8 1 7 1 7 1 7 2 7 3 7 3 6 3 5 1 4 2 5 2 3 3 3 2 2 3 3 2 2 2 1 3 1 3 0 2 -1 2 0 0 -1 -1 -1 -1 -1 -1 -1 -1 -1 -1 -1 -1 -1 -1 0 0 0 0 -1 -1 -32 11 -29 10 -34 12 -34 8 -34 11 -28 7 -34 7 -28 8 -36 11 -36 5 -38 4 -37 5 -39 6 -38 4 -31 3 -35 5 -32 7 -35 4 -27 5 -30 3 -28 1 -30 7 -30 2 -31 2 -35 0 -29 4 -28 19 -29 3 -29 5 -25 6 -25 6 -26 5 -25 9 -24 7 -25 9 -23 11 -22 9 -23 10 -24 8 -23 11 -22 10 -17 15 -18 10 -20 14 -17 10 -15 12 -17 11 -15 13 -14 14 -19 13 -18 12 -16 11 -16 11 -8 23 -7 27 -7 25 0 28 -1 -1 ]
CSI_DATA,STA,08:3A:F2:51:5D:9D,-50,11,1,0,1,1,1,0,0,0,0,-93,0,6,1,11959495,0,110,0,0,12.139496,384,[110 96 6 0 0 0 0 0 0 0 0 0 21 -10 19 -9 23 -11 26 -9 23 -8 20 -6 23 -7 21 -5 22 -6 23 -4 26 -5 26 -6 25 -4 24 -3 21 -1 26 -5 22 -3 22 -1 21 -2 20 -2 20 -1 21 -2 19 1 21 -1 23 -1 20 -3 0 0 20 -3 19 -5 20 -4 18 -5 18 -2 18 -5 19 -4 16 -4 18 -6 14 -8 16 -8 15 -5 15 -6 14 -8 14 -7 14 -9 16 -9 12 -9 13 -9 10 -9 13 -8 12 -9 13 -9 12 -10 12 -7 10 -9 0 0 0 0 0 0 0 0 0 0 -1 -1 -1 -1 -25 1 -26 1 -25 5 -21 5 -18 -6 -16 -5 -18 -5 -18 -6 -16 -4 -14 -4 -15 -3 -13 0 -16 -1 -16 -2 -17 -3 -15 -1 -17 -1 -16 -1 -14 -1 -14 1 -14 2 -15 0 -12 2 -13 1 -13 0 -13 2 -13 0 -13 3 -14 1 -13 2 -12 7 -13 2 -13 1 -11 1 -12 2 -12 0 -12 1 -11 1 -11 1 -10 0 -10 1 -10 -1 -10 -2 -10 -2 -9 -2 -8 0 -7 -2 -8 -1 -6 -2 -6 -2 -5 -4 -5 -3 -5 -3 -4 -4 -3 -4 -2 -4 -2 -4 -1 -1 -1 -1 -1 -1 -1 -1 -1 -1 -1 -1 -1 -1 -1 -1 -1 -1 -1 -1 0 0 27 -28 25 -27 29 -31 30 -27 30 -28 26 -22 31 -26 25 -23 32 -30 34 -23 37 -25 35 -24 38 -26 36 -24 30 -19 34 -23 31 -24 34 -21 26 -18 29 -18 28 -15 28 -21 30 -16 29 -18 35 -17 28 -19 22 -30 28 -18 27 -19 23 -19 21 -19 25 -18 22 -22 22 -19 21 -21 20 -23 18 -20 19 -22 20 -19 18 -22 17 -21 12 -24 13 -20 14 -24 12 -20 10 -22 12 -20 9 -22 9 -22 14 -22 12 -21 11 -20 11 -20 1 -26 -1 -30 -1 -29 -7 -28 -1 -1 ]
CSI_DATA,STA,08:3A:F2:51:5D:9D,-49,11,1,0,1,1,1,0,0,0,0,-93,0,6,1,11960060,0,110,0,0,12.150155,384,[110 96 6 0 0 0 0 0 0 0 0 0 13 15 13 15 16 17 15 20 13 18 10 17 12 18 11 17 11 17 10 18 11 22 12 21 11 20 10 21 7 18 11 21 8 19 6 18 8 18 7 17 7 17 8 18 4 16 7 18 8 20 8 17 0 0 8 17 9 15 9 17 9 14 7 15 9 14 9 15 8 13 10 13 10 10 11 11 8 11 9 12 11 10 10 10 12 10 12 12 11 8 11 8 11 6 11 9 11 8 11 9 12 8 10 8 10 7 0 0 0 0 0 0 0 0 0 0 -1 -1 -1 -1 -1 -24 -2 -25 -6 -24 -6 -20 2 -19 1 -17 0 -19 2 -19 0 -17 0 -15 -1 -16 -2 -14 -3 -17 -2 -16 -1 -17 -2 -16 -3 -17 -3 -16 -2 -13 -4 -15 -5 -14 -3 -14 -5 -12 -4 -13 -3 -13 -5 -13 -3 -13 -6 -12 -4 -14 -5 -13 -8 -11 -5 -12 -5 -12 -5 -11 -5 -11 -3 -12 -5 -11 -4 -10 -4 -11 -3 -10 -3 -10 -1 -10 -2 -10 -1 -10 -1 -9 -1 -8 0 -7 -1 -8 0 -7 0 -6 1 -6 1 -5 1 -6 2 -4 2 -4 3 -3 3 -2 0 0 -1 -1 -1 -1 -1 -1 -1 -1 -1 -1 -1 -1 -1 -1 0 0 0 0 -1 -1 30 22 30 20 34 24 31 26 31 24 25 22 30 26 26 21 33 27 27 29 29 32 29 30 31 32 28 32 22 26 27 30 28 28 24 31 22 23 21 26 20 25 24 26 19 27 21 26 21 31 22 24 27 19 21 24 22 23 22 21 21 19 21 22 24 19 22 18 23 17 25 17 21 13 23 15 22 16 24 15 23 13 24 8 21 10 26 11 21 9 22 7 21 8 23 6 23 5 23 9 22 8 21 8 20 8 23 1 27 -1 27 -3 26 -7 -1 -1 ]
CSI_DATA,STA,08:3A:F2:51:5D:9D,-50,11,1,0,1,1,1,0,0,0,0,-93,0,6,1,11960495,0,110,0,0,12.160251,384,[110 96 6 0 0 0 0 0 0 0 0 0 0 22 0 21 1 25 -2 27 -2 24 -3 21 -3 24 -3 22 -3 23 -5 23 -6 26 -5 26 -6 25 -7 24 -7 20 -5 26 -6 21 -7 20 -6 20 -5 19 -6 20 -6 21 -8 17 -7 20 -7 22 -5 20 0 0 -4 20 -2 20 -3 20 -1 18 -4 18 -2 19 -2 19 -1 17 0 18 2 16 2 17 -1 16 1 16 3 15 2 16 4 16 3 18 4 14 5 14 6 12 4 14 4 14 4 14 5 14 3 13 5 12 0 0 0 0 0 0 0 0 0 0 -1 -1 -1 -1 2 -25 2 -25 -2 -25 -2 -21 8 -16 7 -15 6 -17 8 -16 5 -15 4 -13 4 -15 2 -13 3 -16 3 -15 4 -16 3 -16 2 -17 2 -15 2 -13 0 -14 -2 -15 1 -15 -2 -12 -1 -13 0 -13 -2 -13 0 -13 -2 -13 0 -15 -2 -13 -7 -13 -1 -13 -1 -13 -1 -11 -2 -12 0 -12 -1 -12 -1 -11 -2 -11 0 -11 -1 -10 1 -10 1 -10 1 -9 1 -9 1 -9 2 -7 1 -7 2 -7 2 -6 2 -5 2 -5 2 -5 3 -3 3 -2 3 -3 3 -2 0 0 -1 -1 -1 -1 -1 -1 -1 -1 -1 -1 -1 -1 -1 -1 0 0 0 0 -1 -1 16 32 16 30 18 35 15 36 15 35 12 30 13 36 13 29 17 37 10 37 11 40 11 39 12 41 10 40 8 33 10 38 13 35 8 37 9 29 8 32 6 30 11 32 6 32 8 32 6 37 9 31 23 27 8 31 9 29 11 26 10 25 10 28 13 25 12 25 14 24 16 24 13 21 14 22 12 23 16 22 15 21 18 16 15 17 18 19 15 16 17 14 16 16 18 13 17 13 17 17 17 15 16 14 16 15 24 6 29 5 28 3 28 -2 -1 -1 ]
CSI_DATA,STA,08:3A:F2:51:5D:9D,-50,11,1,0,1,1,1,0,0,0,0,-93,0,6,1,11969756,0,110,0,0,12.170215,384,[110 96 6 0 0 0 0 0 0 0 0 0 -13 19 -12 19 -14 22 -17 21 -15 20 -15 16 -17 19 -16 16 -16 17 -18 16 -20 19 -19 19 -19 18 -20 16 -18 13 -19 19 -18 15 -18 13 -17 14 -17 13 -17 12 -18 14 -17 10 -18 13 -19 14 -16 14 0 0 -16 14 -14 15 -15 15 -12 15 -15 12 -13 14 -15 14 -12 13 -12 14 -8 14 -9 15 -11 12 -10 14 -8 14 -8 14 -7 15 -10 16 -6 14 -6 14 -4 14 -7 14 -6 14 -7 14 -5 14 -7 13 -5 13 0 0 0 0 0 0 0 0 0 0 -1 -1 -1 -1 17 -18 17 -20 14 -22 12 -19 16 -8 14 -7 15 -9 16 -7 13 -8 11 -7 12 -8 10 -8 12 -10 12 -9 12 -9 11 -10 11 -11 11 -10 10 -8 9 -10 8 -12 10 -9 6 -10 8 -9 9 -8 7 -10 8 -9 7 -11 9 -10 7 -10 2 -15 7 -11 8 -10 7 -9 6 -9 8 -9 7 -9 6 -8 7 -8 6 -7 6 -7 7 -6 7 -6 7 -6 7 -5 5 -5 5 -4 6 -4 5 -3 5 -3 5 -1 4 -2 5 -1 4 0 3 1 3 1 2 1 0 0 -1 -1 -1 -1 -1 -1 -1 -1 -1 -1 -1 -1 -1 -1 0 0 0 0 -1 -1 -2 36 -1 34 -3 38 -6 38 -5 37 -5 32 -9 37 -5 31 -6 40 -11 36 -11 39 -10 38 -10 41 -11 39 -11 33 -12 35 -8 36 -13 34 -8 30 -12 31 -12 27 -10 32 -12 28 -11 31 -15 33 -8 29 7 36 -10 30 -10 29 -6 28 -6 26 -8 29 -4 28 -6 27 -4 28 -2 28 -2 24 0 26 -3 26 0 27 0 26 5 23 2 23 2 26 2 22 3 21 2 22 5 21 5 21 3 23 4 22 4 20 3 21 16 18 22 20 22 21 24 16 -1 -1 ]
CSI_DATA,STA,08:3A:F2:51:5D:9D,-49,11,1,0,1,1,1,0,0,0,0,-93,0,6,1,12051668,0,110,0,0,12.218081,384,[110 96 6 0 0 0 0 0 0 0 0 0 -21 -12 -20 -11 -23 -13 -23 -16 -22 -15 -17 -14 -20 -15 -17 -14 -19 -15 -18 -17 -19 -19 -20 -18 -19 -18 -17 -19 -14 -17 -20 -19 -15 -17 -14 -18 -15 -16 -14 -15 -14 -16 -15 -16 -11 -16 -14 -17 -15 -18 -14 -15 0 0 -15 -15 -16 -13 -16 -14 -16 -12 -13 -14 -15 -12 -15 -13 -14 -11 -15 -11 -14 -7 -16 -9 -13 -10 -14 -9 -15 -7 -15 -7 -16 -6 -18 -8 -14 -5 -15 -5 -14 -3 -15 -6 -15 -5 -15 -6 -15 -4 -13 -6 -13 -4 0 0 0 0 0 0 0 0 0 0 -1 -1 -1 -1 17 16 19 17 19 14 18 10 7 16 7 14 8 15 6 15 8 13 5 11 8 12 8 9 10 11 9 13 9 13 9 12 11 12 9 12 7 10 10 9 11 7 10 10 10 6 9 9 8 9 11 8 9 9 11 8 10 11 11 8 14 4 9 8 10 8 9 6 9 7 8 8 10 7 8 7 8 7 7 7 7 7 6 9 6 9 6 8 5 7 6 6 4 6 5 6 2 6 3 5 2 5 2 5 2 5 0 5 0 5 -1 5 -2 4 -1 -1 0 0 0 0 -1 -1 -1 -1 -1 -1 0 0 0 0 -1 -1 -1 -1 -1 -1 -38 -3 -35 -2 -41 -3 -38 -6 -39 -4 -32 -6 -39 -7 -32 -5 -41 -5 -39 -11 -41 -13 -39 -13 -43 -13 -40 -14 -32 -12 -37 -11 -35 -8 -37 -12 -30 -8 -32 -11 -28 -12 -33 -7 -30 -14 -32 -13 -35 -17 -31 -10 -35 3 -30 -11 -31 -9 -28 -5 -28 -5 -29 -8 -29 -4 -28 -5 -29 -3 -29 -1 -25 -2 -28 -2 -27 -4 -28 -1 -26 -1 -25 6 -22 2 -28 4 -22 2 -22 4 -22 3 -22 5 -21 6 -25 3 -24 3 -22 3 -22 2 -19 16 -20 20 -20 18 -16 25 -1 -1 ]
CSI_DATA,STA,08:3A:F2:51:5D:9D,-49,11,1,0,1,1,1,0,0,0,0,-93,0,6,1,12060439,0,110,0,0,12.229196,384,[110 96 6 0 0 0 0 0 0 0 0 0 22 2 21 1 24 1 25 4 23 4 20 5 23 5 20 5 21 4 21 7 24 8 24 7 23 8 22 9 18 8 23 8 19 8 18 9 18 7 17 7 18 8 19 8 15 9 18 9 20 9 18 6 0 0 18 6 18 4 19 5 17 3 16 6 17 4 18 4 15 3 17 2 15 -1 16 0 15 2 15 2 15 -1 15 0 15 -2 18 0 14 -3 15 -2 13 -4 14 -2 14 -3 14 -2 14 -3 13 -1 12 -3 0 0 0 0 0 0 0 0 0 0 -1 -1 -1 -1 -24 -6 -25 -6 -24 -2 -22 -1 -14 -11 -14 -10 -16 -10 -14 -11 -14 -9 -11 -8 -14 -7 -12 -5 -15 -6 -14 -7 -15 -7 -15 -6 -16 -6 -14 -6 -12 -6 -14 -4 -15 -2 -14 -5 -13 -3 -13 -4 -12 -4 -13 -3 -13 -4 -14 -2 -14 -5 -14 -3 -15 3 -14 -3 -14 -4 -12 -3 -12 -2 -12 -4 -13 -3 -12 -3 -12 -3 -11 -3 -11 -3 -11 -5 -11 -4 -10 -5 -9 -5 -9 -3 -8 -5 -9 -5 -7 -5 -7 -4 -6 -5 -6 -5 -5 -5 -4 -5 -3 -6 -3 -5 -2 -5 0 0 0 0 -1 -1 -1 -1 -1 -1 -1 -1 -1 -1 0 0 0 0 -1 -1 -1 -1 30 -16 29 -16 33 -16 34 -14 32 -15 28 -11 33 -11 28 -12 35 -15 34 -9 37 -10 36 -10 38 -10 37 -9 31 -7 34 -7 33 -11 34 -7 27 -8 29 -6 27 -4 30 -9 28 -4 29 -6 34 -4 28 -7 26 -21 28 -6 28 -7 25 -9 23 -8 27 -7 24 -11 24 -9 23 -12 23 -13 20 -12 22 -12 23 -10 22 -13 21 -13 16 -16 17 -13 20 -15 17 -13 16 -14 16 -14 15 -16 14 -16 18 -14 16 -14 15 -13 15 -13 8 -23 8 -27 6 -28 1 -28 -1 -1 ]
CSI_DATA,STA,08:3A:F2:51:5D:9D,-49,11,1,0,1,1,1,0,0,0,0,-93,0,6,1,12061081,0,110,0,0,12.239642,384,[110 96 6 0 0 0 0 0 0 0 0 0 14 17 14 16 16 18 15 22 13 20 10 18 12 20 11 18 11 19 10 20 11 22 12 22 11 22 9 22 7 19 11 22 8 20 6 19 7 19 7 17 7 18 7 19 4 17 7 19 8 21 8 17 0 0 8 17 9 16 9 17 9 15 7 16 9 15 9 16 8 13 10 14 10 10 11 12 9 12 10 12 11 10 10 11 12 10 12 12 11 8 11 9 11 7 11 9 11 9 11 9 12 8 10 8 10 7 0 0 0 0 0 0 0 0 0 0 -1 -1 -1 -1 -7 -24 -8 -25 -12 -22 -10 -19 0 -19 -1 -18 -3 -19 -1 -20 -2 -17 -2 -15 -3 -17 -4 -14 -5 -17 -5 -17 -4 -18 -5 -16 -6 -18 -5 -16 -5 -15 -6 -15 -8 -14 -5 -15 -8 -12 -6 -13 -6 -13 -7 -14 -6 -14 -8 -13 -6 -15 -7 -14 -11 -11 -7 -14 -7 -14 -7 -12 -7 -12 -5 -13 -7 -12 -6 -12 -6 -12 -5 -12 -6 -11 -4 -12 -4 -12 -3 -11 -3 -11 -3 -10 -2 -9 -3 -10 -1 -9 -1 -8 -1 -8 0 -8 0 -7 1 -7 1 -6 2 -6 2 -4 0 0 0 0 -1 -1 -1 -1 -1 -1 -1 -1 -1 -1 0 0 0 0 -1 -1 -1 -1 33 18 32 16 36 20 34 23 33 20 27 20 32 23 28 18 35 23 31 26 33 28 31 26 34 29 30 28 25 25 29 26 30 24 27 28 24 21 24 23 22 22 26 22 22 24 24 23 25 28 25 21 32 14 23 22 23 21 24 18 22 16 23 19 25 15 23 15 25 14 26 13 22 10 25 12 23 14 25 11 24 10 24 6 23 8 26 8 21 7 22 5 22 5 23 3 23 3 24 6 23 5 22 5 21 6 24 -4 28 -8 26 -9 25 -12 -1 -1 ]
CSI_DATA,STA,08:3A:F2:51:5D:9D,-49,11,1,0,1,1,1,0,0,0,0,-93,0,6,1,12061488,0,110,0,0,12.249808,384,[110 96 6 0 0 0 0 0 0 0 0 0 -24 8 -22 8 -26 10 -28 7 -26 7 -23 4 -26 5 -24 4 -24 4 -26 3 -28 3 -28 3 -27 2 -27 1 -23 -1 -28 3 -24 1 -24 -1 -23 0 -21 0 -22 -1 -23 0 -21 -3 -23 0 -24 0 -22 1 0 0 -22 1 -21 3 -22 3 -20 3 -19 1 -20 3 -20 2 -18 3 -19 4 -16 6 -17 6 -16 4 -17 5 -15 6 -16 6 -15 8 -18 8 -14 8 -14 8 -12 8 -14 7 -14 7 -14 7 -13 9 -13 7 -12 7 0 0 0 0 0 0 0 0 0 0 -1 -1 -1 -1 24 -1 26 -1 26 -5 22 -6 18 5 17 4 18 3 18 5 17 3 14 2 16 2 14 0 17 0 16 1 17 1 17 0 18 -1 16 -1 14 0 16 -2 15 -4 16 -1 12 -4 14 -2 14 -1 14 -3 14 -2 14 -5 15 -2 15 -4 13 -10 14 -3 14 -2 12 -3 13 -4 13 -2 13 -3 11 -3 11 -3 12 -2 11 -2 12 -1 11 0 11 0 10 0 10 -1 9 0 9 0 8 1 8 0 7 2 6 1 6 1 5 3 4 3 4 3 4 3 -1 -1 -1 -1 -1 -1 -1 -1 -1 -1 -1 -1 -1 -1 -1 -1 -1 -1 -1 -1 0 0 -32 26 -30 26 -35 29 -36 27 -35 26 -31 21 -37 23 -30 21 -38 27 -39 20 -41 22 -40 22 -42 23 -41 21 -34 17 -39 19 -37 21 -39 17 -31 16 -33 15 -32 13 -33 17 -33 13 -33 15 -38 14 -31 17 -25 27 -32 16 -30 16 -27 17 -25 16 -29 16 -25 19 -25 17 -24 19 -24 20 -21 18 -22 20 -23 18 -22 21 -20 20 -15 22 -17 19 -18 22 -15 19 -13 20 -15 19 -12 21 -12 21 -16 20 -14 20 -13 19 -14 19 -4 25 -2 30 -1 30 4 28 -1 -1 ]
CSI_DATA,STA,08:3A:F2:51:5D:9D,-49,11,1,0,1,1,1,0,0,0,0,-93,0,6,1,12061884,0,110,0,0,12.260143,384,[110 96 6 0 0 0 0 0 0 0 0 0 -22 6 -22 5 -24 7 -27 4 -25 4 -22 2 -24 2 -22 2 -23 2 -23 1 -26 0 -26 1 -26 0 -25 -1 -21 -2 -26 0 -22 -1 -22 -2 -22 -2 -20 -1 -21 -2 -21 -2 -18 -4 -21 -2 -23 -2 -21 0 0 0 -20 -1 -20 2 -21 1 -19 2 -18 -1 -19 1 -19 1 -17 1 -18 3 -15 5 -17 5 -16 2 -16 3 -15 5 -15 5 -15 6 -17 6 -14 7 -14 6 -12 7 -14 5 -14 6 -14 6 -13 7 -13 5 -12 6 0 0 0 0 0 0 0 0 0 0 -1 -1 -1 -1 23 3 24 3 25 -1 21 -2 16 7 15 6 17 6 17 7 15 5 13 4 15 3 13 2 16 2 15 2 16 3 15 2 17 2 15 2 13 2 15 0 16 -2 14 1 13 -2 13 0 13 1 14 -1 13 0 14 -2 15 0 14 -1 14 -7 14 -1 14 0 12 -1 12 -1 12 1 13 -1 11 -1 11 -1 11 0 10 -1 11 1 11 2 10 2 10 2 9 0 8 1 8 2 7 2 7 1 6 3 6 2 5 2 4 4 3 4 3 3 2 3 0 0 0 0 -1 -1 -1 -1 -1 -1 -1 -1 -1 -1 0 0 0 0 -1 -1 -1 -1 -32 22 -30 23 -34 24 -36 22 -34 21 -30 17 -35 18 -30 17 -37 22 -37 16 -40 18 -38 17 -41 18 -40 16 -34 13 -37 14 -36 17 -37 12 -30 13 -32 11 -30 10 -32 14 -31 10 -32 12 -37 10 -30 13 -25 23 -31 12 -29 12 -27 14 -25 13 -29 12 -25 15 -24 14 -25 15 -24 17 -21 15 -22 17 -23 15 -22 17 -21 17 -17 19 -18 17 -20 19 -16 17 -14 17 -15 17 -14 19 -14 18 -17 18 -15 18 -15 17 -15 16 -7 23 -6 28 -5 28 -1 28 -1 -1 ]
CSI_DATA,STA,08:3A:F2:51:5D:9D,-49,11,1,0,1,1,1,0,0,0,0,-93,0,6,1,12062229,0,110,0,0,12.270382,384,[110 96 6 0 0 0 0 0 0 0 0 0 -18 -15 -17 -14 -20 -16 -20 -20 -18 -17 -14 -17 -16 -18 -15 -17 -15 -18 -15 -18 -16 -21 -17 -20 -15 -20 -14 -20 -11 -19 -15 -21 -13 -19 -10 -18 -12 -18 -11 -17 -11 -18 -11 -18 -8 -17 -11 -18 -12 -19 -12 -17 0 0 -12 -17 -13 -15 -13 -16 -13 -14 -11 -15 -12 -14 -12 -15 -12 -13 -13 -13 -13 -9 -14 -10 -11 -11 -12 -11 -13 -10 -13 -9 -14 -9 -15 -11 -13 -7 -13 -7 -13 -6 -13 -8 -13 -8 -13 -7 -14 -6 -12 -7 -12 -6 0 0 0 0 0 0 0 0 0 0 -1 -1 -1 -1 15 18 16 18 18 16 16 12 4 16 5 15 6 15 4 16 6 14 4 11 6 13 6 10 8 12 7 13 7 13 7 12 9 13 8 12 6 10 8 10 10 9 8 11 8 8 7 10 7 10 9 9 7 10 9 9 8 11 9 9 14 5 9 9 8 9 8 8 7 8 7 10 8 8 7 8 6 8 6 8 6 8 5 9 5 9 5 8 4 8 4 6 3 7 3 7 2 6 2 5 1 6 1 5 1 6 0 5 -1 4 -1 4 -3 4 0 0 0 0 -1 -1 -1 -1 -1 -1 -1 -1 -1 -1 0 0 0 0 -1 -1 -1 -1 -36 -8 -34 -7 -38 -9 -38 -11 -36 -10 -31 -10 -34 -13 -30 -9 -39 -11 -35 -15 -38 -17 -36 -16 -39 -17 -36 -17 -30 -15 -32 -17 -34 -14 -33 -18 -28 -13 -29 -15 -26 -15 -31 -13 -26 -15 -29 -15 -31 -19 -28 -13 -36 -1 -28 -14 -27 -13 -26 -10 -25 -9 -27 -12 -27 -8 -25 -8 -27 -7 -27 -6 -25 -5 -26 -4 -25 -7 -26 -4 -25 -4 -24 1 -23 -2 -26 -1 -22 -1 -21 1 -21 0 -22 2 -21 2 -23 0 -23 0 -21 0 -21 0 -21 13 -24 17 -23 18 -19 21 -1 -1 ]
CSI_DATA,STA,08:3A:F2:51:5D:9D,-49,11,1,0,1,1,1,0,0,0,0,-93,0,6,1,12062709,0,110,0,0,12.281102,384,[110 96 6 0 0 0 0 0 0 0 0 0 -2 -23 -2 -22 -3 -26 0 -27 0 -25 1 -22 2 -25 2 -22 2 -23 3 -23 4 -26 3 -26 4 -25 5 -24 6 -20 4 -26 5 -22 6 -21 5 -21 4 -19 5 -20 5 -21 6 -18 5 -20 6 -22 4 -20 0 0 4 -20 2 -20 2 -20 1 -19 3 -18 1 -19 2 -19 1 -17 0 -19 -3 -16 -2 -17 0 -16 -1 -16 -3 -16 -2 -16 -4 -16 -3 -18 -4 -14 -4 -15 -5 -13 -4 -15 -4 -15 -4 -15 -6 -14 -3 -14 -5 -13 0 0 0 0 0 0 0 0 0 0 -1 -1 -1 -1 -4 23 -4 23 1 24 1 21 -10 15 -9 13 -8 15 -10 14 -7 13 -7 11 -6 14 -4 12 -4 14 -5 14 -6 14 -4 14 -4 15 -4 14 -4 12 -3 14 -1 14 -4 13 0 11 -3 12 -3 12 -1 13 -3 12 -1 13 -3 14 -1 13 6 14 -2 13 -2 12 -1 11 -1 11 -3 11 -1 11 -2 10 -1 10 -2 10 -2 10 -4 10 -3 10 -3 9 -4 8 -3 9 -4 7 -4 7 -4 6 -4 6 -4 5 -4 5 -4 4 -4 4 -5 2 -5 2 -5 1 0 0 0 0 -1 -1 -1 -1 -1 -1 -1 -1 -1 -1 0 0 0 0 -1 -1 -1 -1 -20 -31 -20 -29 -21 -34 -18 -35 -18 -33 -15 -29 -15 -34 -15 -28 -20 -36 -14 -36 -14 -38 -14 -37 -15 -40 -13 -38 -10 -32 -12 -36 -14 -34 -10 -36 -11 -28 -10 -31 -8 -29 -12 -31 -7 -30 -9 -31 -8 -36 -11 -29 -25 -25 -9 -30 -10 -29 -11 -26 -11 -24 -11 -27 -13 -25 -12 -25 -14 -24 -15 -24 -15 -21 -16 -22 -13 -22 -16 -22 -15 -21 -18 -17 -15 -18 -18 -20 -15 -17 -16 -15 -15 -16 -18 -15 -17 -14 -17 -17 -17 -16 -16 -15 -15 -16 -25 -6 -28 -5 -28 -5 -29 1 -1 -1 ]
CSI_DATA,STA,08:3A:F2:51:5D:9D,-49,11,1,0,1,1,1,0,0,0,0,-93,0,6,1,12063035,0,110,0,0,12.291970,384,[110 96 6 0 0 0 0 0 0 0 0 0 17 -15 17 -14 19 -17 23 -15 20 -14 19 -11 20 -12 19 -11 20 -11 20 -10 23 -11 23 -12 22 -11 22 -10 20 -7 23 -11 20 -9 20 -6 19 -7 18 -7 19 -7 20 -7 17 -4 19 -7 21 -8 18 -8 0 0 18 -8 16 -9 18 -10 15 -10 16 -7 16 -9 17 -9 14 -8 15 -10 11 -11 13 -11 12 -9 12 -10 11 -11 11 -11 11 -12 13 -12 9 -12 10 -12 7 -12 10 -11 9 -11 9 -11 8 -13 9 -11 8 -11 0 0 0 0 0 0 0 0 0 0 -1 -1 -1 -1 -23 4 -25 6 -23 10 -19 9 -19 -1 -18 -1 -19 0 -20 -2 -17 0 -15 0 -17 2 -14 3 -17 3 -16 2 -18 2 -16 3 -18 4 -16 3 -15 2 -15 4 -15 6 -15 3 -13 5 -14 3 -14 3 -14 5 -14 4 -13 6 -15 4 -14 6 -11 11 -14 6 -14 4 -13 4 -12 4 -13 3 -13 4 -12 4 -12 3 -12 3 -12 4 -12 3 -12 1 -11 2 -11 1 -10 2 -10 1 -10 1 -10 0 -8 -1 -8 -1 -7 -1 -7 -2 -6 -3 -6 -3 -5 -3 -5 -4 0 0 0 0 -1 -1 -1 -1 -1 -1 -1 -1 -1 -1 0 0 0 0 -1 -1 -1 -1 18 -34 17 -34 20 -37 23 -36 21 -33 20 -29 23 -32 18 -29 24 -35 26 -30 28 -33 26 -33 29 -35 29 -32 24 -27 27 -29 25 -31 28 -27 22 -25 24 -24 23 -22 23 -26 24 -22 23 -25 28 -25 21 -25 13 -33 22 -24 21 -23 19 -24 16 -22 20 -24 16 -25 16 -23 15 -25 15 -26 11 -24 12 -26 14 -23 12 -26 11 -25 7 -26 8 -23 8 -27 8 -23 6 -23 6 -22 4 -24 5 -23 7 -24 6 -24 6 -22 6 -22 -4 -25 -6 -29 -7 -28 -11 -26 -1 -1 ]
CSI_DATA,STA,08:3A:F2:51:5D:9D,-49,11,1,0,1,1,1,0,0,0,0,-93,0,6,1,12063426,0,110,0,0,12.302653,384,[110 96 6 0 0 0 0 0 0 0 0 0 13 -19 13 -18 14 -21 18 -20 16 -18 16 -15 17 -17 16 -15 16 -16 17 -15 20 -17 19 -18 19 -17 19 -15 18 -12 20 -16 18 -13 17 -11 17 -12 16 -11 17 -11 18 -11 16 -9 17 -11 18 -13 15 -13 0 0 16 -12 14 -13 15 -14 12 -13 14 -11 13 -12 14 -13 12 -12 12 -13 8 -13 9 -14 10 -11 10 -13 9 -14 8 -13 8 -15 10 -15 6 -14 7 -14 4 -13 7 -13 7 -13 6 -13 5 -14 6 -12 5 -13 0 0 0 0 0 0 0 0 0 0 -1 -1 -1 -1 -25 3 -24 4 -25 9 -20 7 -20 0 -18 1 -20 1 -21 0 -18 1 -16 1 -18 3 -15 3 -18 4 -17 4 -18 4 -17 5 -19 5 -17 4 -16 3 -15 5 -16 8 -16 4 -13 7 -15 5 -15 5 -14 6 -14 5 -14 7 -16 6 -14 7 -11 9 -14 7 -15 5 -14 6 -13 6 -14 5 -13 6 -12 6 -12 5 -12 4 -12 4 -12 3 -12 3 -12 2 -12 2 -10 3 -10 1 -11 1 -10 0 -8 0 -8 -1 -8 -1 -7 -1 -7 -2 -6 -3 -6 -3 -5 -3 0 0 0 0 -1 -1 -1 -1 -1 -1 -1 -1 -1 -1 0 0 0 0 -1 -1 -1 -1 17 -37 15 -38 19 -40 22 -40 20 -37 19 -32 22 -37 18 -33 24 -40 25 -34 26 -38 25 -37 28 -39 28 -36 25 -31 26 -32 25 -35 28 -29 22 -29 24 -27 23 -26 23 -29 23 -25 23 -28 27 -29 20 -29 15 -31 22 -28 20 -26 18 -28 16 -25 20 -27 16 -28 16 -27 15 -28 14 -29 10 -24 11 -27 12 -26 11 -29 10 -28 5 -27 8 -26 8 -29 6 -25 5 -25 5 -24 3 -27 3 -26 6 -26 4 -25 4 -24 4 -24 -1 -24 -5 -30 -6 -30 -8 -27 -1 -1 ]
CSI_DATA,STA,08:3A:F2:51:5D:9D,-49,11,1,0,1,1,1,0,0,0,0,-93,0,6,1,12166262,0,110,0,0,12.332803,384,[110 96 6 0 0 0 0 0 0 0 0 0 13 21 13 20 16 23 13 26 13 24 9 21 10 24 9 22 10 22 9 23 9 26 10 26 10 25 8 25 5 22 10 26 7 22 5 22 6 21 6 20 5 20 6 21 3 19 6 21 6 22 7 19 0 0 7 19 9 18 9 19 9 16 6 17 9 16 9 17 8 15 10 15 10 11 11 13 9 13 10 12 11 11 11 11 12 10 13 12 12 8 12 9 11 7 11 9 12 8 12 8 13 7 11 8 11 6 0 0 0 0 0 0 0 0 0 0 -1 -1 -1 -1 -11 -23 -11 -22 -16 -21 -13 -18 -4 -19 -5 -18 -6 -19 -4 -20 -5 -17 -5 -15 -6 -17 -7 -14 -8 -17 -7 -16 -7 -17 -8 -16 -10 -17 -9 -15 -8 -14 -9 -14 -12 -14 -8 -15 -10 -11 -9 -13 -8 -13 -10 -12 -8 -13 -11 -11 -10 -14 -11 -12 -14 -8 -11 -13 -10 -12 -10 -10 -10 -11 -8 -11 -10 -10 -9 -10 -9 -10 -8 -10 -8 -9 -7 -10 -6 -10 -7 -10 -6 -9 -6 -8 -5 -8 -5 -8 -3 -8 -4 -7 -3 -7 -3 -6 -2 -6 -1 -5 -1 -4 0 -4 0 -4 -1 -1 -1 -1 -1 -1 -1 -1 -1 -1 -1 -1 -1 -1 -1 -1 -1 -1 0 0 0 0 34 22 35 20 36 24 36 26 33 25 29 23 32 28 29 22 36 28 30 29 33 31 32 29 35 31 32 31 27 27 29 29 32 27 26 30 25 23 23 26 21 25 26 25 21 25 24 24 25 30 25 22 35 12 25 24 23 22 25 19 22 17 24 20 25 16 23 17 25 15 26 14 22 11 25 11 24 12 26 10 26 9 24 4 23 6 26 7 22 5 23 4 22 5 23 2 23 1 23 4 23 3 22 3 22 3 22 -6 27 -12 27 -12 23 -15 -1 -1 ]
CSI_DATA,STA,08:3A:F2:51:5D:9D,-49,11,1,0,1,1,1,0,0,0,0,-93,0,6,1,12167130,0,110,0,0,12.343700,384,[110 96 6 0 0 0 0 0 0 0 0 0 -24 2 -23 2 -26 3 -28 0 -25 0 -22 -2 -25 -2 -23 -2 -23 -1 -24 -3 -27 -3 -27 -2 -25 -3 -25 -4 -21 -5 -26 -3 -22 -4 -21 -5 -21 -4 -20 -4 -20 -5 -21 -5 -18 -6 -21 -4 -22 -4 -20 -2 0 0 -20 -2 -20 0 -20 0 -18 1 -18 -2 -18 0 -19 0 -17 0 -18 2 -15 4 -16 4 -15 2 -16 3 -15 4 -15 4 -14 6 -17 5 -13 6 -13 6 -11 7 -13 5 -13 6 -13 6 -12 8 -12 5 -11 6 0 0 0 0 0 0 0 0 0 0 -1 -1 -1 -1 23 1 23 0 24 -4 19 -3 16 5 16 4 17 3 17 5 16 3 13 2 15 2 13 0 16 0 15 1 16 1 15 -1 17 -1 15 -1 14 -1 14 -1 15 -5 14 -1 12 -4 13 -1 13 -1 13 -3 12 -2 13 -5 14 -2 12 -4 11 -9 13 -4 12 -2 11 -4 11 -3 12 -2 12 -4 10 -3 10 -3 10 -2 9 -2 10 -2 9 -2 9 -2 9 -1 7 -2 7 -1 7 -1 6 0 5 -1 5 1 4 0 4 0 3 1 3 1 2 1 1 1 -1 -1 -1 -1 -1 -1 -1 -1 -1 -1 -1 -1 -1 -1 -1 -1 -1 -1 0 0 0 0 -33 18 -33 19 -36 18 -39 18 -36 16 -33 14 -38 14 -32 13 -39 17 -37 11 -40 14 -38 14 -41 15 -40 13 -34 10 -37 10 -37 14 -37 7 -31 11 -33 8 -31 7 -33 10 -30 6 -32 9 -36 8 -29 11 -25 24 -31 10 -29 10 -27 12 -24 11 -28 12 -26 13 -25 12 -25 14 -25 15 -21 14 -21 17 -21 14 -20 17 -20 17 -15 18 -17 17 -18 18 -15 16 -14 16 -15 16 -13 18 -13 17 -15 17 -13 17 -12 17 -13 16 -5 21 -2 28 -1 28 1 26 -1 -1 ]
CSI_DATA,STA,08:3A:F2:51:5D:9D,-49,11,1,0,1,1,1,0,0,0,0,-93,0,6,1,12167643,0,110,0,0,12.354116,384,[110 96 6 0 0 0 0 0 0 0 0 0 -12 -21 -11 -20 -13 -23 -11 -26 -10 -24 -7 -21 -8 -24 -7 -22 -7 -22 -6 -23 -7 -26 -8 -26 -7 -25 -5 -25 -3 -21 -7 -25 -4 -22 -3 -21 -4 -21 -3 -20 -3 -20 -3 -21 -1 -19 -3 -21 -4 -22 -5 -20 0 0 -4 -20 -7 -18 -6 -19 -7 -17 -4 -17 -6 -17 -5 -18 -6 -16 -7 -17 -9 -13 -9 -14 -7 -14 -8 -14 -9 -13 -8 -13 -10 -13 -10 -15 -10 -11 -9 -12 -10 -10 -9 -12 -9 -11 -10 -11 -11 -10 -9 -11 -9 -9 0 0 0 0 0 0 0 0 0 0 -1 -1 -1 -1 6 22 7 22 11 21 9 17 -1 16 -1 15 0 16 -2 16 0 14 0 13 1 14 2 12 3 15 2 14 1 15 3 14 4 15 3 14 2 12 4 13 6 12 3 13 5 10 3 11 3 12 5 12 3 12 6 10 4 12 5 11 11 9 5 12 4 11 4 9 4 9 3 10 5 10 3 9 3 9 3 10 3 9 2 9 3 9 2 7 1 7 2 7 1 6 1 6 -1 6 0 5 -1 5 -1 4 -1 3 -1 2 -1 2 -2 2 -2 2 -1 -1 -1 -1 -1 -1 -1 -1 -1 -1 -1 -1 -1 -1 -1 -1 -1 -1 0 0 0 0 -31 -22 -31 -21 -32 -25 -31 -27 -29 -26 -25 -23 -28 -28 -25 -23 -31 -29 -26 -29 -28 -31 -27 -30 -30 -32 -28 -31 -23 -27 -24 -30 -26 -28 -22 -31 -21 -24 -20 -27 -17 -26 -22 -26 -18 -25 -20 -25 -20 -30 -21 -23 -32 -13 -20 -25 -20 -23 -21 -20 -19 -19 -20 -21 -21 -19 -19 -19 -21 -18 -23 -17 -21 -14 -23 -14 -21 -15 -23 -13 -22 -13 -23 -9 -21 -10 -23 -11 -20 -10 -20 -8 -20 -10 -21 -7 -20 -6 -21 -9 -21 -7 -20 -7 -20 -8 -23 4 -26 8 -27 8 -24 11 -1 -1 ]
CSI_DATA,STA,08:3A:F2:51:5D:9D,-45,11,1,0,0,1,1,0,0,0,0,-93,0,6,1,12235284,0,110,0,0,12.401779,256,[110 96 6 0 0 0 0 0 0 0 0 0 18 18 16 18 18 19 18 20 17 20 14 20 15 20 12 20 13 20 13 20 14 21 14 22 14 21 13 20 10 19 14 21 10 19 10 18 10 18 10 18 9 17 10 18 8 16 11 16 12 16 11 15 0 0 11 14 11 14 12 13 12 13 10 12 12 12 12 12 10 11 12 11 11 10 13 10 11 9 12 9 12 9 12 8 12 8 13 8 12 8 12 7 12 7 12 7 12 6 12 6 12 5 11 5 11 5 0 0 0 0 0 0 0 0 0 0 -1 -1 0 0 0 0 -1 -1 50 8 46 9 40 20 40 21 38 24 43 26 35 25 35 28 37 26 33 29 35 30 33 27 35 27 36 28 34 25 33 27 31 28 34 27 28 26 25 26 28 26 27 28 27 26 26 26 25 23 25 22 28 22 27 20 -1 -1 26 18 25 18 26 17 27 17 24 15 26 15 26 14 24 14 25 13 27 11 29 9 25 8 25 8 25 10 25 8 25 8 25 8 26 6 24 6 24 5 26 5 24 6 23 3 25 2 22 1 23 2 20 -4 23 -6 -1 -1 -1 -1 -1 -1 ]
CSI_DATA,STA,08:3A:F2:51:5D:9D,-49,11,1,0,1,1,1,0,0,0,0,-93,0,6,1,12240728,0,110,0,0,12.409505,384,[110 96 6 0 0 0 0 0 0 0 0 0 22 7 20 6 24 7 24 10 23 9 19 9 21 10 19 10 20 9 19 12 21 14 22 13 21 13 19 14 15 13 21 13 17 12 15 13 16 12 15 11 15 12 16 12 13 12 15 12 17 13 16 10 0 0 15 10 16 8 17 9 15 7 14 9 15 8 15 9 14 7 15 6 14 3 15 4 13 6 14 5 14 3 14 3 14 2 16 3 13 1 14 1 12 -1 13 1 13 1 14 1 14 0 12 1 12 0 0 0 0 0 0 0 0 0 0 0 -1 -1 -1 -1 -20 -14 -19 -14 -23 -11 -19 -8 -11 -14 -11 -13 -13 -14 -12 -15 -11 -12 -10 -11 -12 -11 -11 -9 -14 -10 -12 -11 -13 -12 -13 -10 -14 -11 -13 -10 -11 -9 -13 -8 -14 -6 -13 -8 -12 -5 -12 -7 -11 -8 -12 -6 -11 -7 -13 -5 -13 -8 -13 -6 -14 -1 -13 -6 -12 -6 -11 -5 -11 -4 -11 -6 -12 -6 -10 -5 -10 -5 -9 -6 -9 -4 -9 -6 -8 -6 -8 -6 -7 -6 -7 -4 -6 -4 -6 -5 -4 -4 -5 -3 -4 -4 -4 -3 -3 -4 -2 -3 -2 -3 -2 -2 -2 -2 -1 -1 -1 -1 -1 -1 -1 -1 -1 -1 -1 -1 -1 -1 -1 -1 -1 -1 -1 -1 0 0 39 -2 37 -3 42 -2 42 0 40 0 35 2 41 4 35 2 44 1 39 8 43 7 41 8 44 8 42 8 34 7 38 7 39 4 37 9 32 5 33 8 30 9 34 5 30 9 32 7 35 11 31 5 33 -6 31 6 29 4 29 2 26 1 29 4 29 0 27 2 28 0 28 -3 23 -1 26 -3 26 0 26 -4 25 -4 22 -9 22 -6 24 -7 20 -6 21 -9 21 -7 20 -10 20 -10 21 -7 21 -8 19 -8 19 -8 15 -16 16 -22 16 -22 12 -24 -1 -1 ]
CSI_DATA,STA,08:3A:F2:51:5D:9D,-49,11,1,0,1,1,1,0,0,0,0,-93,0,6,1,12244912,0,110,0,0,12.420776,384,[110 96 6 0 0 0 0 0 0 0 0 0 -24 0 -22 0 -27 0 -27 -3 -26 -2 -21 -4 -25 -4 -23 -4 -23 -3 -24 -6 -26 -7 -26 -6 -24 -7 -24 -8 -20 -7 -26 -6 -21 -6 -21 -7 -20 -6 -19 -6 -19 -7 -21 -6 -17 -8 -20 -7 -21 -8 -19 -5 0 0 -19 -5 -20 -3 -20 -3 -19 -2 -17 -5 -18 -2 -19 -3 -16 -2 -18 -1 -16 2 -17 1 -15 -1 -16 0 -15 2 -15 2 -15 4 -18 3 -14 4 -14 4 -12 5 -14 4 -14 4 -14 4 -13 4 -13 3 -12 4 0 0 0 0 0 0 0 0 0 0 -1 -1 -1 -1 22 3 23 3 22 -1 20 -4 16 7 14 6 16 6 15 7 14 5 12 4 15 3 13 2 16 1 15 4 15 4 15 3 16 3 14 3 12 3 14 -1 14 -2 14 0 11 -2 12 0 12 1 13 -2 12 1 13 -2 14 1 13 -2 13 -7 13 -1 12 -1 10 -2 11 -2 10 0 11 -2 10 -2 9 -1 9 -2 9 -1 9 0 9 1 8 0 7 0 7 -1 5 -1 6 0 5 0 4 -1 4 0 4 0 3 0 2 1 1 1 1 0 0 0 0 0 0 0 -1 -1 -1 -1 -1 -1 -1 -1 -1 -1 0 0 0 0 -1 -1 -1 -1 -36 15 -33 15 -38 17 -38 13 -38 15 -32 10 -39 12 -32 10 -40 16 -40 7 -43 7 -41 7 -44 8 -42 6 -34 5 -38 8 -35 10 -38 7 -30 8 -34 6 -30 3 -33 9 -33 3 -33 4 -38 2 -31 6 -29 18 -31 5 -31 8 -26 9 -26 9 -28 7 -27 12 -26 9 -25 11 -25 14 -23 12 -23 13 -24 10 -23 13 -22 12 -17 17 -17 13 -20 16 -17 13 -15 15 -16 14 -15 16 -14 15 -18 15 -16 14 -15 14 -15 13 -6 22 -5 25 -5 24 1 27 -1 -1 ]
CSI_DATA,STA,08:3A:F2:51:5D:9D,-49,11,1,0,1,1,1,0,0,0,0,-93,0,6,1,12248988,0,110,0,0,12.431245,384,[110 96 6 0 0 0 0 0 0 0 0 0 25 -3 23 -3 28 -4 29 -1 27 -1 23 1 26 0 23 1 24 0 25 2 28 3 28 2 26 3 25 4 21 5 27 2 23 3 22 5 22 4 20 3 20 4 21 3 18 5 21 4 23 4 20 2 0 0 20 2 20 -1 20 -1 19 -2 18 1 18 -1 19 -1 17 -2 18 -3 15 -5 16 -5 15 -2 15 -3 14 -6 15 -5 14 -7 17 -7 13 -7 13 -7 11 -8 13 -7 12 -7 13 -8 12 -9 12 -6 10 -8 0 0 0 0 0 0 0 0 0 0 -1 -1 -1 -1 -25 -2 -26 -3 -26 1 -22 3 -19 -7 -18 -5 -20 -5 -19 -7 -18 -4 -16 -4 -18 -3 -16 -1 -19 -1 -18 -2 -19 -3 -19 -2 -20 -1 -18 -1 -16 -1 -18 1 -17 3 -17 0 -14 3 -15 1 -15 0 -15 3 -16 1 -15 3 -17 1 -16 4 -14 7 -15 3 -14 2 -13 3 -13 4 -13 2 -13 3 -12 2 -12 2 -12 2 -11 2 -11 1 -11 0 -10 0 -10 0 -9 1 -8 0 -7 1 -7 0 -7 0 -6 -1 -5 0 -4 0 -4 -1 -3 -2 -3 -1 -3 -2 -1 -1 -1 -1 -1 -1 -1 -1 0 0 -1 -1 -1 -1 -1 -1 -1 -1 -1 -1 0 0 39 -19 37 -19 43 -21 43 -18 41 -18 36 -14 43 -15 35 -14 45 -19 44 -11 47 -12 45 -12 48 -12 46 -11 37 -9 42 -12 40 -13 42 -9 34 -10 36 -9 34 -7 36 -12 35 -6 35 -8 41 -6 33 -11 31 -20 34 -10 32 -11 28 -12 27 -13 30 -11 28 -15 27 -14 26 -16 26 -18 23 -15 24 -17 25 -15 24 -18 22 -18 18 -21 18 -18 19 -21 16 -17 15 -20 15 -18 14 -21 13 -21 17 -19 15 -19 14 -19 14 -19 6 -24 5 -28 4 -28 -2 -28 -1 -1 ]
CSI_DATA,STA,08:3A:F2:51:5D:9D,-49,11,1,0,1,1,1,0,0,0,0,-93,0,6,1,12249707,0,110,0,0,12.441668,384,[110 96 6 0 0 0 0 0 0 0 0 0 15 16 14 15 18 18 16 21 16 19 11 17 14 20 11 18 13 18 11 20 12 22 12 22 11 22 10 21 7 18 13 22 9 18 8 19 8 18 8 17 7 18 9 18 5 17 8 18 8 20 8 16 0 0 9 16 11 16 10 16 10 14 7 14 10 14 10 15 9 12 11 13 11 10 11 11 9 11 10 11 11 9 11 9 12 8 13 11 11 6 12 7 11 5 11 7 12 7 12 7 12 6 10 7 10 5 0 0 0 0 0 0 0 0 0 0 -1 -1 -1 -1 -15 -18 -16 -19 -18 -16 -17 -12 -6 -17 -6 -15 -7 -17 -5 -16 -7 -15 -5 -12 -7 -14 -7 -10 -9 -13 -8 -14 -8 -15 -8 -14 -9 -14 -9 -13 -7 -11 -10 -11 -11 -9 -9 -12 -9 -8 -9 -10 -8 -10 -10 -9 -8 -10 -10 -9 -9 -12 -10 -9 -14 -4 -9 -9 -9 -9 -8 -7 -9 -8 -8 -9 -9 -8 -8 -7 -7 -7 -7 -7 -7 -7 -6 -8 -6 -8 -6 -7 -5 -6 -5 -5 -4 -5 -5 -5 -3 -5 -3 -4 -3 -4 -2 -4 -2 -3 -2 -3 -1 -3 -1 -2 -1 -2 0 0 0 0 -1 -1 -1 -1 -1 -1 -1 -1 -1 -1 0 0 0 0 -1 -1 -1 -1 35 13 33 11 38 14 34 16 36 15 28 14 34 17 29 12 38 15 33 21 34 23 32 23 36 23 33 23 26 18 32 20 30 16 31 21 25 15 26 18 22 17 28 15 24 19 25 18 27 23 25 16 34 6 24 16 26 15 23 11 23 11 23 13 25 9 23 10 24 8 25 7 23 7 24 7 23 9 24 6 22 5 22 -1 20 2 24 1 19 2 20 -1 20 0 20 -2 20 -3 22 1 21 0 19 0 19 0 20 -12 22 -16 20 -15 18 -21 -1 -1 ]
CSI_DATA,STA,08:3A:F2:51:5D:9D,-49,11,1,0,1,1,1,0,0,0,0,-93,0,6,1,12250516,0,110,0,0,12.451801,384,[110 96 6 0 0 0 0 0 0 0 0 0 -21 11 -20 11 -23 13 -25 11 -23 10 -21 7 -23 8 -21 7 -22 8 -23 6 -26 6 -25 7 -24 6 -24 4 -21 2 -25 6 -22 4 -21 3 -21 3 -20 4 -20 3 -21 4 -19 0 -20 3 -22 3 -19 4 0 0 -19 4 -18 6 -19 6 -17 7 -17 3 -17 5 -18 6 -16 6 -16 7 -13 8 -14 8 -14 6 -14 7 -12 8 -13 8 -12 9 -14 10 -10 9 -11 10 -9 9 -11 9 -11 9 -11 9 -10 10 -11 8 -9 8 0 0 0 0 0 0 0 0 0 0 -1 -1 -1 -1 21 -4 23 -5 21 -8 18 -8 18 1 16 0 17 0 17 1 15 -1 13 0 16 -2 13 -3 16 -4 15 -2 16 -2 16 -3 16 -4 15 -3 13 -2 14 -5 13 -7 14 -4 11 -6 12 -4 12 -3 12 -6 13 -4 12 -6 14 -4 13 -6 10 -9 12 -6 12 -5 10 -5 10 -5 10 -4 10 -5 9 -5 9 -4 9 -5 9 -4 9 -3 9 -2 8 -2 7 -2 7 -3 6 -2 6 -2 5 -2 5 -2 4 0 3 -1 3 0 2 0 2 0 1 0 1 0 0 0 0 0 -1 -1 -1 -1 -1 -1 -1 -1 -1 -1 0 0 0 0 -1 -1 -1 -1 -27 30 -24 29 -28 33 -30 30 -29 30 -26 24 -31 28 -25 24 -31 31 -34 24 -36 27 -35 25 -37 26 -36 24 -30 19 -33 23 -30 24 -33 22 -26 19 -29 19 -27 16 -28 22 -30 16 -29 18 -34 18 -26 19 -20 27 -27 18 -26 20 -22 19 -21 19 -24 18 -20 21 -20 19 -20 21 -19 23 -16 20 -17 21 -18 19 -17 21 -15 20 -10 23 -12 19 -13 23 -11 19 -9 20 -10 20 -8 21 -7 20 -11 21 -10 20 -9 19 -9 19 0 24 2 26 2 25 8 25 -1 -1 ]
CSI_DATA,STA,08:3A:F2:51:5D:9D,-49,11,1,0,1,1,1,0,0,0,0,-93,0,6,1,12251128,0,110,0,0,12.462095,384,[110 96 6 0 0 0 0 0 0 0 0 0 -17 -17 -16 -16 -20 -18 -18 -21 -17 -20 -13 -18 -15 -20 -13 -18 -15 -19 -13 -20 -14 -23 -15 -22 -13 -22 -12 -22 -9 -19 -14 -22 -10 -19 -9 -20 -10 -18 -10 -18 -9 -18 -10 -19 -7 -18 -9 -19 -10 -20 -10 -17 0 0 -10 -17 -12 -16 -12 -16 -12 -14 -9 -15 -11 -15 -11 -15 -11 -13 -12 -13 -12 -10 -12 -11 -10 -12 -11 -11 -12 -10 -12 -10 -13 -9 -14 -11 -12 -7 -13 -7 -12 -6 -12 -8 -12 -8 -13 -8 -13 -7 -11 -8 -11 -6 0 0 0 0 0 0 0 0 0 0 -1 -1 -1 -1 18 14 18 15 19 10 19 8 6 14 5 12 7 13 5 13 6 11 4 9 7 11 7 8 9 9 8 11 7 12 7 10 9 11 8 10 6 9 9 8 9 6 9 8 8 5 8 7 6 8 9 6 8 8 9 7 8 9 9 6 13 1 8 6 8 7 7 5 7 5 7 7 8 5 7 4 6 5 6 5 6 5 5 5 5 6 5 5 4 5 4 3 2 3 3 3 2 2 2 2 2 3 2 2 1 2 1 2 0 2 0 1 -1 0 0 0 0 0 -1 -1 -1 -1 -1 -1 -1 -1 -1 -1 0 0 0 0 -1 -1 -1 -1 -35 -9 -32 -8 -38 -8 -34 -12 -36 -10 -29 -11 -35 -13 -29 -9 -38 -10 -34 -16 -36 -18 -34 -18 -38 -18 -34 -18 -27 -15 -32 -15 -30 -13 -32 -16 -25 -11 -28 -14 -24 -14 -29 -11 -26 -16 -27 -15 -29 -20 -26 -13 -35 0 -25 -13 -26 -12 -23 -9 -24 -8 -24 -11 -25 -6 -23 -8 -24 -6 -25 -3 -22 -5 -24 -5 -23 -7 -24 -4 -22 -4 -21 3 -19 -1 -24 1 -19 -1 -19 2 -19 0 -19 3 -18 4 -22 1 -21 1 -19 1 -19 1 -18 16 -18 19 -17 17 -14 24 -1 -1 ]
CSI_DATA,STA,08:3A:F2:51:5D:9D,-49,11,1,0,1,1,1,0,0,0,0,-93,0,6,1,12251582,0,110,0,0,12.472685,384,[110 96 6 0 0 0 0 0 0 0 0 0 -16 -21 -15 -20 -18 -22 -16 -26 -15 -24 -11 -21 -13 -24 -11 -22 -12 -22 -10 -24 -10 -27 -12 -26 -10 -25 -9 -26 -6 -22 -11 -26 -8 -23 -6 -22 -7 -22 -7 -20 -7 -21 -7 -22 -4 -20 -6 -22 -7 -23 -8 -20 0 0 -7 -20 -9 -18 -9 -20 -10 -17 -7 -18 -9 -17 -9 -18 -9 -16 -10 -16 -11 -13 -11 -14 -8 -14 -9 -14 -11 -12 -10 -12 -12 -12 -13 -14 -11 -10 -12 -11 -12 -8 -11 -11 -12 -10 -12 -10 -12 -9 -10 -10 -11 -8 0 0 0 0 0 0 0 0 0 0 -1 -1 -1 -1 11 21 12 21 15 18 15 15 1 17 1 15 3 17 1 16 4 15 2 12 4 15 4 12 7 14 5 15 4 16 5 14 6 15 5 13 3 11 9 12 11 13 8 14 7 7 6 11 5 11 8 10 6 12 8 10 6 12 7 11 13 7 7 10 7 10 6 8 7 9 5 9 7 8 5 8 5 8 5 8 5 8 3 8 4 8 3 7 2 6 3 6 2 5 3 5 1 5 1 4 1 4 1 3 0 2 0 2 0 1 -1 1 -1 1 0 0 0 0 -1 -1 -1 -1 -1 -1 -1 -1 -1 -1 0 0 0 0 -1 -1 -1 -1 -37 -20 -34 -19 -41 -21 -35 -24 -38 -22 -29 -21 -35 -26 -30 -20 -39 -24 -34 -29 -34 -32 -33 -30 -36 -31 -32 -31 -25 -26 -32 -28 -30 -25 -31 -28 -24 -21 -26 -25 -22 -24 -28 -22 -24 -27 -24 -25 -26 -31 -25 -23 -35 -13 -23 -23 -26 -21 -23 -17 -24 -17 -23 -20 -26 -16 -23 -16 -25 -15 -26 -13 -23 -13 -25 -13 -24 -15 -25 -12 -23 -11 -25 -5 -21 -8 -27 -7 -21 -7 -22 -5 -22 -6 -23 -3 -22 -2 -24 -6 -23 -5 -21 -5 -21 -6 -25 9 -26 11 -23 11 -23 18 -1 -1 ]
CSI_DATA,STA,08:3A:F2:51:5D:9D,-50,11,1,0,1,1,1,0,0,0,0,-93,0,6,1,12254341,0,110,0,0,12.483606,384,[110 96 6 0 0 0 0 0 0 0 0 0 17 -17 17 -17 19 -19 22 -18 21 -17 19 -13 21 -15 19 -13 20 -14 21 -13 24 -13 23 -14 23 -13 23 -11 20 -8 23 -13 21 -10 20 -8 20 -9 18 -9 19 -8 20 -9 17 -6 20 -8 21 -9 17 -10 0 0 18 -9 16 -11 17 -10 15 -11 16 -8 15 -10 16 -10 13 -9 14 -11 10 -12 12 -12 12 -9 12 -10 11 -11 10 -11 10 -12 12 -13 8 -12 9 -12 6 -12 9 -12 8 -12 8 -12 7 -13 8 -11 6 -11 0 0 0 0 0 0 0 0 0 0 -1 -1 -1 -1 -24 6 -24 5 -23 9 -19 9 -19 -1 -18 0 -20 1 -20 -1 -18 1 -15 0 -17 2 -15 3 -18 4 -17 2 -18 3 -18 4 -19 4 -17 4 -15 3 -15 5 -15 7 -16 4 -13 6 -15 4 -14 4 -14 6 -14 4 -14 6 -16 5 -14 6 -11 9 -13 5 -14 5 -12 6 -12 5 -13 3 -12 5 -11 4 -11 4 -11 3 -10 3 -11 3 -11 3 -10 2 -10 2 -8 3 -7 0 -8 1 -7 1 -6 1 -6 0 -5 1 -5 0 -4 -1 -4 -1 -3 0 -2 -1 0 0 0 0 -1 -1 -1 -1 -1 -1 -1 -1 -1 -1 0 0 0 0 -1 -1 -1 -1 20 -38 18 -37 21 -41 24 -39 23 -37 21 -32 26 -36 21 -32 25 -39 29 -33 31 -36 30 -35 32 -36 32 -34 27 -28 29 -31 27 -33 30 -29 23 -27 26 -26 25 -24 24 -28 26 -23 26 -25 31 -26 23 -26 16 -32 24 -25 22 -25 19 -25 17 -24 21 -25 18 -26 17 -25 16 -26 16 -26 14 -24 13 -25 15 -24 13 -26 12 -25 6 -25 8 -23 9 -27 7 -23 6 -24 6 -23 4 -25 4 -24 7 -24 6 -23 5 -22 6 -22 -3 -23 -5 -28 -7 -28 -11 -26 -1 -1 ]
CSI_DATA,STA,08:3A:F2:51:5D:9D,-49,11,1,0,1,1,1,0,0,0,0,-93,0,6,1,12254766,0,110,0,0,12.494221,384,[110 96 6 0 0 0 0 0 0 0 0 0 23 -7 22 -7 25 -9 28 -6 26 -5 23 -3 25 -4 23 -3 24 -3 24 -2 27 -1 27 -2 26 -1 25 0 22 1 26 -2 23 0 22 2 21 1 20 0 21 1 22 0 18 3 21 1 23 1 20 -1 0 0 20 -1 19 -3 20 -3 17 -4 18 -1 18 -3 18 -3 16 -4 17 -4 14 -7 15 -6 14 -4 15 -5 14 -7 14 -6 14 -8 16 -8 12 -8 12 -9 10 -9 12 -8 12 -8 12 -8 11 -10 11 -7 10 -8 0 0 0 0 0 0 0 0 0 0 -1 -1 -1 -1 -24 0 -25 2 -25 5 -20 5 -19 -5 -18 -4 -19 -4 -19 -5 -17 -3 -15 -2 -17 -2 -14 -1 -18 0 -18 0 -18 -2 -17 0 -19 1 -17 0 -15 0 -16 2 -15 4 -16 1 -14 4 -15 2 -14 1 -15 4 -15 1 -14 4 -16 2 -14 3 -12 8 -14 3 -14 3 -12 4 -12 3 -13 2 -12 4 -11 3 -12 3 -11 2 -11 2 -10 1 -11 1 -10 1 -9 1 -8 1 -7 0 -8 1 -7 0 -6 0 -6 -1 -5 0 -5 0 -4 -1 -4 -1 -3 -2 -2 -2 0 0 0 0 -1 -1 -1 -1 -1 -1 -1 -1 -1 -1 0 0 0 0 -1 -1 -1 -1 33 -26 31 -25 35 -28 36 -25 35 -25 31 -19 36 -22 30 -20 38 -26 38 -19 41 -20 39 -20 42 -21 40 -18 34 -15 37 -18 35 -20 37 -16 29 -15 32 -15 30 -12 31 -17 32 -12 32 -14 37 -13 29 -16 24 -26 30 -14 28 -15 25 -16 24 -16 27 -15 24 -18 23 -17 22 -19 21 -19 19 -19 20 -19 21 -17 20 -20 19 -20 13 -22 15 -19 16 -23 13 -19 11 -20 12 -19 10 -21 10 -21 13 -21 12 -21 11 -19 11 -19 2 -24 0 -28 -1 -28 -6 -28 -1 -1 ]
CSI_DATA,STA,08:3A:F2:51:5D:9D,-48,11,1,1,0,1,1,0,0,0,0,-93,0,6,1,12461224,0,110,0,0,12.628152,256,[110 96 6 0 0 0 0 0 0 0 0 0 29 6 28 6 29 7 29 8 29 8 27 9 27 10 26 10 26 10 26 11 27 11 27 11 26 10 25 10 23 11 26 11 22 11 22 11 22 11 21 10 20 10 21 10 19 9 20 8 21 8 20 7 0 0 19 7 19 6 19 6 19 5 18 5 18 4 18 4 17 3 18 3 18 2 18 1 17 1 17 1 17 0 17 0 16 0 17 -1 16 -1 16 -1 16 -1 15 -1 15 -2 15 -3 15 -3 14 -3 14 -3 0 0 0 0 0 0 0 0 0 0 -1 -1 -1 -1 0 0 0 0 37 -44 36 -40 45 -15 45 -14 46 -13 47 -13 45 -10 45 -10 47 -9 45 -8 46 -7 44 -6 46 -6 47 -6 44 -7 44 -7 43 -4 43 -5 42 -3 40 -2 39 -3 39 -3 37 -3 37 -3 35 -4 37 -6 36 -5 35 -6 -1 -1 32 -6 31 -7 30 -8 31 -8 28 -8 29 -10 28 -9 28 -10 28 -11 28 -13 26 -14 25 -12 25 -13 26 -13 23 -13 22 -14 22 -14 22 -15 22 -15 21 -15 21 -16 20 -15 18 -16 18 -17 18 -16 18 -17 9 -25 8 -26 -1 -1 -1 -1 -1 -1 ]
CSI_DATA,STA,08:3A:F2:51:5D:9D,-51,11,1,1,1,1,1,0,0,0,0,-93,0,6,1,12461932,0,110,0,0,12.635789,384,[110 96 6 0 0 0 0 0 0 0 0 0 9 24 8 22 9 25 7 26 7 26 5 23 5 24 4 23 4 24 3 24 3 26 3 26 2 25 2 25 0 23 3 26 1 22 1 22 1 21 1 21 0 21 1 21 -1 19 1 20 1 22 2 19 0 0 2 19 4 18 4 18 4 17 2 17 4 17 4 18 4 15 5 16 6 13 6 15 5 14 6 14 6 13 6 13 8 12 8 14 8 10 8 11 8 10 8 11 8 11 8 11 9 9 8 10 8 9 0 0 0 0 0 0 0 0 0 0 -1 -1 -1 -1 -5 -23 -5 -22 -8 -22 -7 -19 1 -18 1 -17 -1 -17 0 -18 0 -16 0 -15 -2 -16 -2 -15 -3 -16 -2 -15 -2 -16 -4 -15 -4 -16 -4 -15 -3 -14 -4 -14 -6 -14 -5 -14 -6 -12 -5 -13 -4 -13 -5 -12 -5 -12 -7 -12 -5 -13 -7 -12 -11 -9 -6 -12 -5 -11 -6 -10 -6 -11 -5 -10 -5 -10 -4 -10 -4 -9 -5 -9 -5 -9 -4 -9 -3 -8 -3 -7 -3 -7 -3 -7 -2 -6 -2 -5 -2 -5 -2 -4 -1 -4 -1 -3 -1 -2 -1 -2 -1 -1 -1 -2 -1 -1 0 0 0 0 -1 -1 -1 -1 -1 -1 -1 -1 -1 -1 0 0 0 0 -1 -1 -1 -1 30 25 29 25 30 28 29 30 28 30 25 28 27 31 24 29 27 32 23 33 23 34 24 32 26 33 24 33 19 32 20 32 22 29 20 31 19 27 17 30 16 28 19 29 16 27 19 28 17 30 19 24 31 17 18 25 18 24 19 23 18 21 19 22 19 21 18 21 19 19 20 18 18 16 20 17 19 17 21 14 20 15 20 12 21 12 22 13 19 10 19 9 20 9 19 8 20 8 20 9 20 8 19 8 21 8 22 -1 26 -4 26 -4 23 -7 -1 -1 ]
CSI_DATA,STA,08:3A:F2:51:5D:9D,-51,11,1,1,1,1,1,0,0,0,0,-93,0,6,1,12462208,0,110,0,0,12.645785,384,[110 96 6 0 0 0 0 0 0 0 0 0 -7 24 -7 24 -7 25 -10 26 -10 24 -10 22 -11 23 -11 21 -12 22 -12 22 -13 23 -13 23 -12 22 -13 21 -14 19 -13 22 -12 19 -13 18 -12 18 -12 17 -12 17 -13 18 -12 15 -11 17 -12 18 -9 17 0 0 -10 17 -8 17 -8 18 -7 17 -9 15 -8 16 -8 16 -6 15 -6 16 -4 14 -3 15 -4 15 -3 15 -3 15 -3 14 -1 15 -2 16 0 14 0 14 0 12 -1 14 -1 13 0 13 1 13 0 13 1 12 0 0 0 0 0 0 0 0 0 0 -1 -1 -1 -1 12 -18 12 -20 10 -21 8 -18 12 -13 11 -13 11 -13 12 -14 10 -13 10 -12 9 -13 8 -13 9 -14 8 -13 9 -14 7 -14 6 -15 6 -14 7 -13 6 -14 4 -15 4 -13 4 -13 4 -13 5 -12 4 -13 4 -12 2 -13 4 -13 2 -14 -2 -14 3 -13 3 -12 2 -12 1 -12 2 -11 3 -11 2 -10 2 -10 2 -10 1 -9 2 -9 2 -8 2 -8 2 -7 1 -7 2 -6 1 -6 1 -5 1 -4 1 -4 1 -3 1 -3 1 -2 0 -1 -1 -2 -1 -1 -1 -1 -1 -1 -1 -1 -1 -1 -1 -1 -1 -1 -1 -1 -1 -1 -1 -1 0 0 0 0 4 43 2 42 3 44 -1 45 -1 44 -2 41 -2 44 -3 41 -3 45 -7 43 -8 44 -6 43 -5 46 -7 44 -10 39 -8 40 -6 39 -8 39 -7 35 -9 36 -8 34 -7 36 -8 33 -6 35 -9 36 -4 34 7 35 -5 33 -4 31 -3 32 -2 30 -2 30 -1 30 -1 29 1 29 2 29 4 26 4 28 2 27 5 27 4 26 7 24 7 24 8 26 7 22 8 21 9 21 8 20 9 21 9 22 9 21 9 20 10 21 16 16 20 16 20 15 20 13 -1 -1 ]
CSI_DATA,STA,08:3A:F2:51:5D:9D,-51,11,1,1,1,1,1,0,0,0,0,-93,0,6,1,12462588,0,110,0,0,12.655897,384,[110 96 6 0 0 0 0 0 0 0 0 0 -23 3 -22 3 -24 3 -26 1 -24 1 -22 0 -23 -1 -22 -1 -23 -2 -22 -1 -24 -2 -24 -2 -23 -2 -23 -3 -21 -4 -23 -3 -21 -3 -19 -4 -20 -3 -19 -4 -19 -4 -20 -4 -17 -4 -19 -2 -20 -3 -18 -1 0 0 -18 -2 -18 -1 -18 0 -17 1 -16 -2 -17 0 -17 -1 -15 0 -16 1 -14 2 -15 3 -14 2 -14 2 -14 3 -14 2 -13 4 -14 4 -12 5 -12 4 -11 5 -12 4 -12 4 -12 5 -11 6 -11 5 -10 5 0 0 0 0 0 0 0 0 0 0 -1 -1 -1 -1 18 6 18 5 21 2 17 3 13 7 13 6 14 5 15 6 14 5 13 4 13 4 13 3 14 3 13 3 13 3 13 1 14 1 13 1 12 2 12 1 13 -1 12 1 12 -1 12 0 11 1 11 0 11 0 12 -2 12 0 11 -2 10 -4 11 -1 10 -1 10 -2 9 -2 10 -1 10 -1 9 -1 8 -1 8 -1 7 -1 7 -1 8 0 7 0 6 0 5 -1 5 0 5 0 3 0 3 -1 3 0 2 0 2 0 1 0 1 0 0 -1 -1 -1 0 0 0 0 -1 -1 -1 -1 -1 -1 -1 -1 -1 -1 0 0 0 0 -1 -1 -1 -1 -34 18 -35 18 -36 17 -39 16 -37 15 -37 13 -38 14 -36 12 -39 12 -37 10 -40 10 -38 11 -40 12 -39 10 -37 6 -36 6 -37 9 -35 7 -34 7 -34 5 -33 5 -33 7 -31 5 -32 8 -34 5 -30 9 -27 17 -30 7 -28 7 -29 10 -26 9 -28 9 -27 9 -26 9 -25 11 -25 11 -22 11 -23 13 -23 11 -22 14 -22 13 -19 14 -20 14 -20 15 -17 14 -16 13 -16 15 -15 14 -16 14 -16 14 -16 15 -15 14 -16 15 -9 17 -8 23 -9 22 -6 21 -1 -1 ]
CSI_DATA,STA,08:3A:F2:51:5D:9D,-51,11,1,1,1,1,1,0,0,0,0,-93,0,6,1,12463047,0,110,0,0,12.666073,384,[110 96 6 0 0 0 0 0 0 0 0 0 -5 -26 -4 -25 -5 -27 -3 -29 -2 -28 -1 -25 0 -26 1 -25 1 -26 1 -26 2 -27 2 -27 2 -26 3 -26 4 -23 2 -27 3 -23 4 -23 3 -22 3 -22 4 -21 3 -22 4 -20 3 -21 3 -23 1 -20 0 0 1 -20 -1 -20 0 -20 -1 -19 1 -18 -1 -19 0 -19 -1 -17 -2 -18 -4 -16 -4 -16 -3 -16 -4 -16 -4 -15 -4 -15 -5 -15 -6 -16 -6 -13 -6 -14 -6 -12 -5 -14 -6 -13 -6 -14 -8 -13 -6 -13 -7 -11 0 0 0 0 0 0 0 0 0 0 -1 -1 -1 -1 1 22 3 21 6 21 5 18 -5 15 -4 15 -3 15 -4 15 -3 14 -3 13 -2 14 -1 13 0 14 -1 14 -1 14 0 13 1 14 1 13 0 12 1 12 3 12 2 12 3 11 2 11 1 11 2 11 1 11 4 11 2 11 3 11 9 9 3 10 3 9 3 10 2 9 3 9 2 9 2 8 2 7 1 8 1 7 1 7 1 7 2 6 1 6 1 5 0 5 1 4 0 4 0 3 -1 3 -1 2 0 1 -1 1 0 1 -1 0 -1 0 0 0 0 0 -1 -1 -1 -1 -1 -1 -1 -1 -1 -1 0 0 0 0 -1 -1 -1 -1 -25 -31 -24 -31 -25 -33 -24 -35 -22 -35 -20 -33 -21 -35 -19 -33 -21 -37 -18 -37 -17 -38 -18 -36 -21 -37 -18 -37 -14 -35 -14 -35 -17 -33 -16 -34 -14 -30 -13 -33 -12 -30 -15 -31 -11 -30 -14 -31 -13 -32 -15 -28 -30 -21 -14 -28 -14 -27 -15 -26 -15 -24 -16 -25 -15 -25 -15 -24 -17 -22 -17 -23 -17 -20 -18 -20 -16 -20 -19 -18 -18 -19 -18 -15 -18 -16 -20 -16 -18 -14 -17 -13 -19 -13 -17 -12 -19 -12 -19 -13 -19 -12 -18 -12 -19 -13 -23 -1 -26 2 -26 1 -25 4 -1 -1 ]
CSI_DATA,STA,08:3A:F2:51:5D:9D,-51,11,1,1,1,1,1,0,0,0,0,-93,0,6,1,12463351,0,110,0,0,12.676706,384,[110 96 6 0 0 0 0 0 0 0 0 0 14 -21 14 -20 15 -22 17 -22 17 -21 16 -18 18 -18 17 -17 18 -17 18 -17 20 -18 19 -18 19 -17 19 -16 19 -13 19 -17 17 -14 18 -13 16 -14 17 -13 17 -12 17 -13 16 -11 16 -13 17 -14 14 -13 0 0 15 -13 13 -14 13 -14 12 -14 12 -12 12 -14 13 -13 10 -13 10 -14 8 -13 8 -14 9 -13 8 -14 7 -14 7 -14 6 -14 7 -15 4 -13 5 -13 4 -13 5 -13 5 -13 5 -14 2 -14 4 -13 3 -12 0 0 0 0 0 0 0 0 0 0 -1 -1 -1 -1 -18 13 -17 13 -15 17 -14 14 -16 6 -15 7 -15 7 -16 7 -14 7 -13 7 -13 8 -12 8 -13 9 -12 8 -13 8 -12 10 -11 10 -11 9 -11 8 -10 9 -9 10 -10 10 -8 9 -9 9 -9 8 -8 9 -9 8 -7 10 -9 9 -7 10 -2 13 -8 10 -7 9 -6 9 -6 9 -6 8 -6 8 -7 7 -6 7 -6 7 -6 7 -6 7 -5 6 -5 5 -5 4 -4 4 -5 4 -4 3 -4 3 -3 2 -3 2 -3 1 -2 0 -2 0 -1 0 -1 0 -1 -1 0 0 0 0 -1 -1 -1 -1 -1 -1 -1 -1 -1 -1 0 0 0 0 -1 -1 -1 -1 8 -41 9 -41 10 -42 12 -43 13 -42 13 -39 14 -41 14 -38 16 -42 18 -38 19 -40 17 -40 16 -42 18 -40 19 -34 19 -35 16 -36 17 -35 15 -32 18 -32 17 -30 16 -32 16 -29 15 -32 18 -32 12 -31 1 -37 14 -30 12 -28 10 -30 10 -28 9 -29 9 -29 9 -28 7 -28 6 -29 5 -26 4 -28 5 -26 2 -28 3 -27 0 -25 0 -26 -1 -27 -1 -24 -1 -23 -2 -24 -2 -23 -3 -23 -2 -24 -4 -23 -3 -22 -4 -24 -13 -19 -16 -21 -16 -21 -17 -18 -1 -1 ]
CSI_DATA,STA,08:3A:F2:51:5D:9D,-51,11,1,1,1,1,1,0,0,0,0,-93,0,6,1,12465573,0,110,0,0,12.687258,384,[110 96 6 0 0 0 0 0 0 0 0 0 -22 -14 -22 -14 -23 -15 -24 -18 -22 -17 -19 -17 -20 -17 -18 -17 -18 -18 -18 -18 -19 -19 -20 -20 -19 -19 -18 -19 -15 -19 -18 -20 -15 -18 -14 -18 -15 -17 -14 -17 -13 -18 -14 -18 -12 -16 -14 -16 -15 -18 -15 -15 0 0 -14 -15 -15 -13 -15 -14 -15 -12 -13 -13 -14 -13 -14 -13 -13 -11 -14 -11 -14 -8 -15 -8 -13 -9 -14 -9 -14 -8 -14 -8 -15 -6 -16 -7 -14 -5 -14 -5 -13 -4 -14 -6 -13 -6 -14 -5 -14 -3 -13 -4 -13 -3 0 0 0 0 0 0 0 0 0 0 -1 -1 -1 -1 14 17 14 16 17 14 15 12 7 15 7 14 8 14 8 15 8 13 7 12 9 12 8 11 10 11 9 12 9 12 9 10 11 10 10 10 8 10 9 9 11 7 10 9 10 7 9 8 9 8 9 8 9 7 11 6 10 8 10 6 12 2 10 6 9 6 9 5 9 5 9 6 9 6 8 5 7 5 7 5 6 4 6 5 6 5 6 4 5 4 4 3 3 3 3 3 2 2 2 2 1 2 1 1 1 1 0 0 0 1 -1 -1 0 -1 0 0 0 0 -1 -1 -1 -1 -1 -1 -1 -1 -1 -1 0 0 0 0 -1 -1 -1 -1 -43 -6 -43 -7 -44 -8 -45 -11 -43 -12 -41 -12 -43 -13 -40 -13 -43 -14 -40 -17 -42 -19 -41 -17 -44 -16 -42 -17 -37 -19 -37 -18 -37 -16 -36 -17 -34 -15 -34 -18 -32 -17 -34 -15 -31 -17 -34 -15 -34 -18 -33 -13 -37 -1 -31 -14 -30 -12 -31 -10 -29 -9 -30 -10 -30 -9 -29 -9 -29 -7 -29 -6 -27 -5 -29 -4 -27 -6 -28 -3 -28 -3 -26 0 -26 0 -28 0 -24 1 -23 1 -24 2 -23 2 -24 2 -24 2 -24 3 -22 3 -23 3 -20 12 -21 16 -22 15 -18 17 -1 -1 ]
CSI_DATA,STA,08:3A:F2:51:5D:9D,-51,11,1,1,1,1,1,0,0,0,0,-93,0,6,1,12465992,0,110,0,0,12.697947,384,[110 96 6 0 0 0 0 0 0 0 0 0 -7 -26 -6 -25 -7 -27 -5 -29 -4 -27 -3 -25 -3 -26 -2 -25 -2 -26 -1 -26 -1 -27 -1 -27 -1 -26 0 -26 2 -24 0 -27 1 -24 2 -23 1 -22 1 -22 1 -22 1 -22 2 -20 0 -21 1 -23 -1 -20 0 0 0 -20 -2 -20 -2 -20 -3 -19 -1 -18 -2 -19 -2 -19 -3 -17 -3 -18 -5 -15 -5 -16 -4 -16 -5 -16 -5 -15 -5 -15 -7 -15 -7 -16 -7 -13 -7 -13 -7 -12 -6 -13 -7 -13 -7 -13 -8 -12 -7 -12 -7 -11 0 0 0 0 0 0 0 0 0 0 -1 -1 -1 -1 -16 16 -14 17 -12 20 -11 16 -13 14 -12 15 -10 15 -12 16 -10 15 -9 14 -9 15 -8 14 -8 16 -8 14 -8 15 -6 15 -5 16 -5 16 -6 14 -5 14 -4 15 -5 14 -3 14 -4 13 -4 13 -3 14 -4 13 -1 14 -3 13 -2 13 -1 12 -3 13 -2 12 -1 12 -2 11 -2 11 -2 11 -2 10 -2 10 -3 9 -3 9 -2 9 -2 8 -2 8 -2 7 -2 5 -3 5 -2 5 -2 4 -2 3 -2 3 -2 2 -1 2 -1 1 -1 1 -1 0 -1 -1 0 0 0 0 -1 -1 -1 -1 -1 -1 -1 -1 -1 -1 0 0 0 0 -1 -1 -1 -1 -16 -45 -16 -45 -16 -47 -13 -50 -12 -48 -10 -46 -10 -49 -8 -46 -8 -51 -5 -47 -5 -50 -7 -49 -7 -50 -5 -50 -2 -45 -2 -45 -3 -46 -2 -44 -3 -41 -1 -42 -1 -40 -2 -41 0 -38 -4 -40 0 -41 -6 -38 -6 -36 -3 -37 -5 -35 -7 -36 -7 -33 -6 -35 -7 -34 -7 -33 -9 -32 -9 -32 -10 -28 -11 -30 -10 -29 -13 -29 -12 -28 -14 -26 -14 -26 -16 -27 -14 -23 -14 -22 -15 -22 -15 -22 -16 -22 -15 -22 -16 -22 -15 -21 -16 -21 -16 -18 -20 -18 -20 -19 -20 -15 -1 -1 ]
CSI_DATA,STA,08:3A:F2:51:5D:9D,-51,11,1,1,1,1,1,0,0,0,0,-93,0,6,1,12466783,0,110,0,0,12.708863,384,[110 96 6 0 0 0 0 0 0 0 0 0 24 8 23 8 25 8 25 11 25 11 21 10 23 11 21 11 22 12 21 13 22 14 22 14 21 14 20 15 18 14 22 14 18 13 17 14 17 13 17 12 16 13 17 13 14 13 16 12 17 13 16 10 0 0 16 10 16 9 16 9 16 8 14 9 16 8 16 8 14 7 16 6 14 4 15 4 14 6 14 5 14 3 14 3 14 2 16 3 13 1 14 1 13 0 14 2 14 1 14 1 14 0 13 1 12 0 0 0 0 0 0 0 0 0 0 0 -1 -1 -1 -1 -18 -15 -18 -14 -19 -12 -18 -9 -11 -15 -11 -13 -12 -13 -12 -14 -12 -13 -11 -11 -12 -11 -11 -10 -13 -11 -12 -11 -12 -12 -13 -10 -14 -9 -13 -10 -11 -9 -12 -8 -13 -6 -13 -7 -12 -6 -12 -8 -11 -8 -12 -6 -12 -7 -13 -6 -12 -8 -13 -5 -14 -1 -12 -5 -11 -5 -11 -5 -11 -4 -10 -5 -10 -5 -10 -5 -9 -5 -9 -5 -9 -4 -8 -4 -8 -5 -7 -5 -6 -5 -6 -3 -5 -3 -5 -4 -4 -3 -4 -2 -3 -2 -2 -2 -2 -2 -1 -2 -1 -2 -1 -1 -1 0 0 0 0 0 -1 -1 -1 -1 -1 -1 -1 -1 -1 -1 0 0 0 0 -1 -1 -1 -1 42 -4 42 -3 43 -3 44 0 45 0 40 2 44 2 40 3 46 2 42 8 43 9 43 7 45 6 43 8 38 10 39 7 38 6 39 7 34 6 36 9 33 9 36 7 33 9 34 7 36 10 33 5 35 -7 32 6 31 4 30 2 29 2 30 2 30 1 29 2 28 0 29 -1 27 -2 28 -3 27 -1 27 -4 26 -4 24 -7 24 -6 26 -7 22 -7 22 -8 22 -8 21 -8 22 -9 23 -7 22 -8 20 -8 21 -9 16 -17 16 -20 17 -19 13 -21 -1 -1 ]
CSI_DATA,STA,08:3A:F2:51:5D:9D,-51,11,1,1,1,1,1,0,0,0,0,-93,0,6,1,12471208,0,110,0,0,12.719025,384,[110 96 6 0 0 0 0 0 0 0 0 0 -24 10 -24 9 -25 11 -27 9 -26 8 -23 6 -25 6 -24 6 -25 6 -25 4 -27 4 -27 5 -26 4 -26 3 -24 1 -27 5 -23 3 -23 2 -21 2 -22 2 -22 2 -22 2 -21 0 -21 2 -23 2 -20 4 0 0 -20 3 -19 5 -19 5 -18 6 -18 3 -17 5 -18 5 -16 5 -17 6 -15 7 -15 8 -15 6 -14 7 -13 7 -14 8 -12 9 -14 9 -11 9 -11 9 -10 9 -12 8 -11 8 -11 9 -10 9 -11 9 -9 9 0 0 0 0 0 0 0 0 0 0 -1 -1 -1 -1 22 -2 21 -3 21 -6 19 -6 18 2 16 0 17 0 17 0 16 -1 15 0 16 -2 14 -2 16 -3 15 -2 15 -2 15 -4 15 -5 14 -4 13 -3 14 -5 13 -7 13 -5 11 -6 12 -5 12 -4 12 -5 12 -5 11 -7 13 -5 11 -7 8 -10 11 -6 10 -6 9 -6 9 -7 9 -5 9 -6 9 -5 8 -4 8 -5 7 -5 8 -4 7 -3 7 -3 6 -3 5 -3 5 -2 5 -2 3 -2 3 -2 3 -2 2 -1 1 -1 1 0 0 0 0 -1 0 -1 0 0 0 0 -1 -1 -1 -1 -1 -1 -1 -1 -1 -1 0 0 0 0 0 0 -1 -1 -30 31 -30 30 -32 32 -33 30 -34 30 -33 26 -35 28 -33 25 -36 28 -37 23 -39 23 -38 24 -38 26 -39 24 -36 19 -35 21 -33 22 -35 21 -31 19 -34 18 -32 17 -32 20 -32 16 -32 19 -34 17 -28 19 -22 29 -29 18 -27 18 -25 20 -24 19 -25 19 -24 20 -24 19 -22 20 -21 21 -19 20 -19 22 -20 19 -18 22 -17 21 -14 22 -14 22 -15 24 -12 21 -11 20 -11 21 -11 20 -10 21 -12 21 -11 21 -10 20 -10 22 -2 23 1 26 1 25 4 24 -1 -1 ]
CSI_DATA,STA,08:3A:F2:51:5D:9D,-45,11,0,0,0,0,0,0,0,0,0,-93,0,6,1,12576333,0,110,0,0,12.742897,128,[110 96 6 0 0 0 0 0 0 0 0 0 -11 28 -12 27 -12 29 -12 29 -13 28 -14 25 -14 26 -14 24 -14 26 -16 24 -16 26 -17 26 -15 24 -15 24 -15 21 -15 26 -15 21 -15 21 -14 20 -13 20 -12 19 -13 21 -13 17 -11 20 -12 21 -11 20 0 0 -9 20 -9 20 -8 20 -7 19 -7 17 -6 20 -6 20 -5 18 -5 19 -6 17 -3 18 -4 17 -4 17 -3 17 -3 17 -3 17 -1 18 -1 17 1 16 -1 17 0 15 0 17 0 15 2 16 0 14 0 15 0 0 0 0 0 0 0 0 0 0 ]
CSI_DATA,STA,08:3A:F2:51:5D:9D,-51,11,1,1,1,1,1,0,0,0,0,-93,0,6,1,12578155,0,110,0,0,12.747719,384,[110 96 6 0 0 0 0 0 0 0 0 0 25 0 24 0 27 -1 27 2 27 2 23 3 25 3 23 4 24 4 24 5 25 6 26 6 24 6 24 7 21 7 25 5 21 5 21 6 20 5 20 6 20 6 20 5 18 7 19 5 21 6 18 4 0 0 19 3 19 2 19 2 18 0 17 3 18 1 18 1 16 0 17 -1 15 -2 16 -2 15 0 15 -2 14 -3 15 -3 14 -4 16 -4 12 -5 13 -5 12 -5 13 -5 13 -5 13 -5 12 -6 12 -5 11 -6 0 0 0 0 0 0 0 0 0 0 -1 -1 -1 -1 -23 -5 -23 -5 -23 -1 -20 0 -17 -8 -16 -7 -17 -7 -17 -7 -16 -6 -14 -5 -16 -4 -14 -3 -16 -3 -15 -5 -16 -5 -16 -3 -16 -2 -15 -2 -14 -3 -14 -1 -14 0 -14 0 -12 1 -14 0 -13 -1 -13 1 -13 0 -13 1 -14 0 -13 2 -12 5 -12 1 -12 1 -11 1 -11 2 -10 1 -11 1 -10 0 -10 0 -9 1 -9 1 -9 0 -8 -1 -8 -1 -7 -1 -6 0 -6 -1 -6 0 -4 0 -4 0 -3 -1 -3 0 -2 -1 -1 -1 -1 -1 -1 0 0 0 -1 -1 -1 -1 -1 -1 -1 -1 -1 -1 -1 -1 -1 -1 -1 -1 -1 -1 -1 -1 0 0 39 -17 37 -16 41 -18 41 -15 42 -16 38 -12 42 -13 38 -11 43 -14 42 -7 45 -6 43 -8 44 -10 43 -7 38 -4 40 -7 37 -8 39 -8 34 -7 37 -6 34 -5 35 -8 34 -5 35 -6 37 -4 33 -8 30 -18 32 -7 30 -9 29 -10 28 -10 28 -10 28 -12 27 -10 26 -12 25 -14 23 -13 25 -14 25 -11 23 -15 22 -14 19 -17 19 -16 21 -19 16 -15 16 -17 16 -17 15 -16 15 -18 17 -17 16 -17 15 -16 16 -18 7 -23 7 -25 7 -25 2 -25 -1 -1 ]
CSI_DATA,STA,08:3A:F2:51:5D:9D,-51,11,1,1,1,1,1,0,0,0,0,-93,0,6,1,12578525,0,110,0,0,12.758123,384,[110 96 6 0 0 0 0 0 0 0 0 0 22 11 21 11 23 12 24 15 22 14 19 14 20 14 19 14 19 15 19 15 20 17 20 16 19 16 18 17 16 16 19 16 16 15 15 15 15 15 15 14 15 14 15 15 13 14 15 13 16 15 15 12 0 0 15 12 15 10 16 11 15 9 14 10 15 9 15 10 14 7 15 7 14 5 15 5 14 6 14 5 14 4 13 5 14 3 15 4 13 2 14 2 12 1 13 2 13 2 14 1 13 0 13 2 12 0 0 0 0 0 0 0 0 0 0 0 -1 -1 -1 -1 -11 -20 -12 -21 -14 -19 -13 -14 -9 -18 -8 -16 -10 -17 -9 -17 -10 -16 -9 -14 -10 -14 -10 -12 -12 -14 -11 -14 -10 -14 -11 -13 -13 -13 -12 -12 -10 -12 -12 -10 -13 -9 -12 -10 -12 -8 -12 -9 -11 -10 -12 -8 -12 -9 -13 -8 -12 -9 -12 -8 -12 -6 -11 -7 -11 -7 -11 -6 -11 -6 -10 -7 -11 -6 -10 -6 -9 -6 -9 -6 -8 -5 -8 -6 -7 -6 -7 -6 -6 -5 -5 -4 -4 -4 -5 -4 -3 -3 -3 -2 -3 -2 -3 -2 -2 -2 -1 -2 0 -1 0 0 0 0 -1 -1 -1 -1 -1 -1 -1 -1 -1 -1 -1 -1 -1 -1 -1 -1 -1 -1 -1 -1 0 0 44 13 41 12 45 13 44 15 46 16 39 16 43 17 39 16 45 18 41 23 40 25 41 24 43 23 40 23 34 22 38 21 36 19 38 21 32 18 34 20 31 18 34 18 31 20 33 19 32 22 32 17 33 13 30 16 31 13 30 12 30 10 29 11 31 9 29 10 29 7 31 6 27 5 29 6 28 8 29 4 28 4 27 0 26 1 30 -1 23 -1 24 -3 24 -3 24 -3 25 -5 26 -2 25 -3 24 -3 23 -4 22 -8 24 -10 22 -10 20 -15 -1 -1 ]
CSI_DATA,STA,08:3A:F2:51:5D:9D,-51,11,1,1,1,1,1,0,0,0,0,-93,0,6,1,12591664,0,110,0,0,12.768526,384,[110 96 6 0 0 0 0 0 0 0 0 0 -26 -2 -25 -3 -28 -2 -28 -5 -28 -5 -24 -6 -26 -6 -24 -6 -25 -7 -25 -8 -26 -9 -26 -8 -25 -9 -25 -9 -22 -10 -25 -8 -21 -8 -22 -9 -21 -8 -21 -8 -20 -9 -21 -8 -17 -10 -20 -8 -22 -9 -20 -6 0 0 -21 -6 -20 -4 -19 -4 -20 -4 -18 -5 -19 -3 -19 -5 -17 -3 -17 0 -16 0 -17 0 -17 0 -16 0 -17 1 -16 0 -16 2 -19 1 -14 3 -14 2 -12 5 -14 1 -15 1 -15 4 -14 4 -13 0 -13 3 0 0 0 0 0 0 0 0 0 0 -1 -1 -1 -1 22 0 20 -2 20 -5 19 -5 14 5 13 4 14 4 14 5 13 3 12 3 13 2 12 2 14 1 13 2 13 2 12 1 14 0 13 0 11 1 12 0 12 -2 12 -1 11 -2 11 -1 11 -1 11 -2 11 -1 11 -2 11 -2 11 -3 10 -8 10 -2 10 -2 9 -3 9 -2 9 -2 9 -2 8 -2 8 -2 7 -2 6 -2 7 -1 7 -1 6 -1 6 -1 5 -1 4 -1 4 -1 2 -1 2 -1 2 -1 1 -1 1 -1 1 -1 1 0 -1 -1 -1 -1 -1 -1 0 0 0 0 -1 -1 -1 -1 -1 -1 0 0 0 0 -1 -1 -1 -1 -1 -1 -32 19 -32 17 -34 18 -36 16 -36 15 -34 12 -36 14 -33 13 -37 15 -37 11 -39 10 -37 11 -38 14 -38 10 -34 7 -35 8 -33 9 -35 9 -30 8 -33 7 -31 6 -32 9 -30 5 -32 7 -33 6 -29 10 -26 27 -30 7 -27 8 -26 11 -26 8 -26 10 -25 12 -26 9 -23 11 -21 13 -22 10 -23 14 -22 13 -21 16 -22 12 -16 14 -18 14 -20 15 -16 14 -15 15 -12 17 -14 15 -16 14 -15 18 -14 14 -14 13 -16 14 -6 23 1 29 -2 26 5 24 -1 -1 ]
CSI_DATA,STA,08:3A:F2:51:5D:9D,-51,11,1,1,1,1,1,0,0,0,0,-93,0,6,1,12601654,0,110,0,0,12.778901,384,[110 96 6 0 0 0 0 0 0 0 0 0 24 7 23 7 26 7 26 9 25 9 22 9 23 10 21 10 22 10 22 12 23 13 23 12 22 12 21 13 19 13 23 12 19 11 18 12 18 11 17 11 17 12 18 11 15 11 17 10 19 11 17 9 0 0 17 9 17 7 17 7 17 6 15 8 16 6 17 7 15 5 16 5 15 2 16 3 15 4 15 3 15 2 15 2 15 0 16 1 13 -1 14 -1 13 -1 14 0 13 -1 14 -1 13 -2 13 -1 12 -2 0 0 0 0 0 0 0 0 0 0 -1 -1 -1 -1 -22 -9 -22 -7 -24 -4 -20 -3 -14 -10 -14 -10 -14 -9 -15 -10 -14 -9 -12 -8 -14 -7 -13 -6 -14 -6 -14 -6 -14 -7 -14 -5 -15 -5 -15 -4 -13 -5 -13 -4 -14 -2 -13 -3 -13 -1 -13 -3 -12 -4 -13 -2 -12 -3 -13 -1 -13 -3 -13 0 -13 5 -12 -1 -12 -1 -11 0 -11 -1 -11 -1 -11 -1 -10 -1 -10 -1 -9 -1 -8 -1 -8 -1 -8 -2 -7 -2 -7 -2 -6 -1 -5 -1 -5 -1 -4 -1 -3 -1 -3 -1 -2 -1 -2 -1 -2 -1 -1 -1 -1 0 0 0 0 0 -1 -1 -1 -1 -1 -1 -1 -1 -1 -1 -1 -1 -1 -1 0 0 0 0 -1 -1 38 -10 38 -9 40 -9 41 -7 41 -6 38 -4 41 -4 38 -3 42 -5 40 0 42 1 41 -1 43 -3 42 0 37 2 37 1 37 -1 36 1 33 0 35 2 33 2 34 -1 32 2 33 -1 35 2 31 -2 32 -16 31 -1 29 -2 29 -4 27 -4 28 -4 28 -5 27 -4 26 -7 26 -7 24 -8 25 -9 24 -7 24 -10 24 -10 20 -12 21 -11 22 -13 18 -11 18 -12 18 -13 17 -12 18 -13 18 -13 18 -14 17 -13 18 -14 10 -21 9 -25 9 -25 5 -25 -1 -1 ]
CSI_DATA,STA,08:3A:F2:51:5D:9D,-51,11,1,1,1,1,1,0,0,0,0,-93,0,6,1,12602068,0,110,0,0,12.789202,384,[110 96 6 0 0 0 0 0 0 0 0 0 5 24 4 23 5 26 3 27 3 27 1 24 1 25 0 24 0 24 -1 25 -1 26 -1 26 -1 25 -2 25 -3 22 -1 26 -2 22 -3 22 -2 21 -2 21 -3 21 -2 21 -3 19 -2 20 -2 22 0 19 0 0 -1 19 1 19 1 19 2 18 0 17 1 17 1 18 2 16 3 16 4 14 5 15 3 15 4 15 5 13 4 14 6 13 6 15 6 12 6 12 7 11 6 12 6 11 7 12 8 11 6 11 7 10 0 0 0 0 0 0 0 0 0 0 -1 -1 -1 -1 1 -23 0 -22 -3 -23 -3 -19 5 -18 3 -17 2 -18 3 -18 2 -17 2 -15 1 -16 1 -15 0 -17 1 -17 1 -17 -1 -16 -2 -17 -1 -16 -1 -14 -2 -14 -4 -14 -2 -15 -4 -13 -3 -14 -2 -13 -4 -13 -2 -13 -5 -13 -3 -14 -4 -13 -8 -12 -4 -12 -4 -12 -5 -11 -4 -11 -4 -11 -4 -10 -4 -10 -3 -10 -3 -9 -3 -9 -2 -9 -2 -8 -3 -8 -2 -7 -2 -6 -1 -6 -2 -6 -1 -5 -1 -4 -1 -4 -1 -3 -1 -3 -1 -2 -1 -1 -1 -1 -1 0 0 0 0 0 -1 -1 -1 -1 -1 -1 -1 -1 -1 -1 0 0 0 0 -1 -1 -1 -1 25 33 23 32 25 35 23 36 23 37 19 34 21 37 18 35 21 38 16 39 15 41 17 39 19 40 16 40 11 37 14 37 15 35 14 36 13 32 11 35 10 33 13 33 10 33 13 33 10 35 13 30 24 26 12 29 13 28 15 27 14 26 14 26 15 25 14 25 15 23 17 23 15 21 17 22 15 22 18 20 17 19 19 16 18 16 20 17 17 14 18 14 19 13 18 13 19 12 19 14 19 13 18 13 18 13 22 4 26 1 25 3 24 -2 -1 -1 ]
CSI_DATA,STA,08:3A:F2:51:5D:9D,-51,11,1,1,1,1,1,0,0,0,0,-93,0,6,1,12602527,0,110,0,0,12.799282,384,[110 96 6 0 0 0 0 0 0 0 0 0 -14 21 -14 20 -15 22 -17 22 -17 21 -16 18 -17 19 -17 17 -17 18 -18 17 -20 18 -20 18 -19 17 -20 16 -19 14 -19 18 -16 14 -18 15 -17 14 -16 14 -16 13 -18 14 -17 11 -16 13 -18 14 -14 13 0 0 -14 14 -13 14 -12 14 -11 15 -12 12 -11 14 -12 13 -9 13 -10 14 -9 13 -7 14 -10 12 -8 13 -7 14 -8 13 -4 13 -6 15 -4 14 -4 14 -2 13 -5 13 -5 12 -5 14 -2 13 -4 13 -3 12 0 0 0 0 0 0 0 0 0 0 -1 -1 -1 -1 10 -18 18 -16 12 -19 9 -14 13 -9 13 -9 14 -11 11 -10 11 -10 12 -10 10 -11 11 -8 9 -12 11 -12 11 -12 9 -12 8 -14 8 -14 7 -10 8 -12 3 -13 8 -11 5 -13 6 -11 6 -11 5 -12 5 -12 5 -11 5 -12 7 -11 4 -17 3 -10 5 -10 2 -8 4 -12 4 -10 6 -11 4 -8 2 -6 4 -10 2 -8 4 -9 4 -8 3 -6 3 -5 2 -7 2 -6 2 -3 0 -3 1 -2 1 -5 2 0 1 0 1 0 -2 0 2 0 0 -2 0 0 0 0 -1 -1 -1 -1 -1 -1 -1 -1 -1 -1 0 0 0 0 -1 -1 -1 -1 -7 41 -7 39 -7 43 -10 41 -10 43 -11 37 -12 42 -12 37 -11 42 -18 40 -20 40 -18 40 -17 42 -18 39 -18 34 -15 36 -13 33 -14 39 -13 31 -16 33 -15 31 -12 33 -16 31 -15 33 -18 32 -12 30 0 35 -14 29 -10 30 -8 29 -9 29 -8 29 -7 29 -7 28 -5 27 -4 27 -4 27 -3 27 -5 26 0 27 -2 24 3 23 2 24 5 27 1 21 4 21 5 22 4 21 4 21 2 24 3 23 5 20 3 22 14 21 20 17 17 18 18 15 -1 -1 ]
CSI_DATA,STA,08:3A:F2:51:5D:9D,-51,11,1,1,1,1,1,0,0,0,0,-93,0,6,1,12603361,0,110,0,0,12.809674,384,[110 96 6 0 0 0 0 0 0 0 0 0 -7 -25 -6 -24 -7 -27 -5 -28 -5 -27 -3 -24 -3 -26 -2 -24 -2 -25 -1 -26 -1 -27 -1 -27 0 -26 0 -26 1 -24 -1 -27 1 -23 1 -23 0 -22 0 -22 1 -22 0 -22 2 -20 0 -21 1 -23 -1 -20 0 0 -1 -20 -3 -20 -3 -20 -4 -19 -1 -18 -3 -18 -3 -19 -4 -17 -4 -17 -5 -15 -6 -16 -4 -15 -5 -15 -6 -15 -6 -15 -7 -14 -8 -15 -7 -12 -7 -12 -8 -11 -7 -13 -8 -13 -8 -13 -9 -11 -7 -12 -7 -11 0 0 0 0 0 0 0 0 0 0 -1 -1 -1 -1 -2 22 0 22 2 22 4 19 -5 17 -4 16 -3 16 -4 16 -2 16 -3 14 -1 15 -1 14 -1 15 -2 15 -2 15 0 14 1 15 0 14 -1 13 2 13 3 12 2 13 3 11 2 12 1 12 3 12 2 12 4 12 2 12 3 11 6 10 3 11 3 11 4 10 3 10 3 9 3 9 2 9 2 8 2 8 1 8 1 8 1 7 2 7 1 6 1 5 0 4 1 5 -1 3 0 2 0 3 0 2 0 1 0 1 0 0 0 -1 -1 -1 0 0 0 0 -1 -1 -1 -1 -1 -1 -1 -1 -1 -1 0 0 0 0 -1 -1 -1 -1 -26 -35 -25 -35 -27 -37 -25 -38 -25 -39 -20 -36 -22 -39 -19 -37 -23 -40 -18 -42 -16 -43 -17 -42 -19 -43 -17 -42 -13 -39 -15 -38 -16 -36 -17 -38 -14 -33 -14 -36 -12 -34 -15 -34 -11 -34 -14 -35 -12 -37 -14 -32 -24 -27 -13 -31 -15 -29 -16 -28 -16 -27 -15 -27 -17 -26 -15 -26 -17 -24 -18 -24 -17 -23 -19 -23 -16 -23 -19 -21 -18 -21 -20 -17 -20 -17 -22 -18 -18 -15 -19 -14 -20 -14 -19 -14 -20 -13 -20 -15 -20 -14 -19 -14 -20 -13 -23 -5 -26 -2 -25 -3 -25 2 -1 -1 ]
CSI_DATA,STA,08:3A:F2:51:5D:9D,-51,11,1,1,1,1,1,0,0,0,0,-93,0,6,1,12603662,0,110,0,0,12.820420,384,[110 96 6 0 0 0 0 0 0 0 0 0 8 -25 8 -24 8 -26 11 -26 11 -25 11 -22 12 -23 11 -22 12 -22 12 -22 14 -22 14 -23 13 -22 14 -21 14 -19 14 -22 13 -19 13 -18 12 -18 12 -18 12 -17 12 -18 12 -15 12 -17 13 -18 10 -17 0 0 10 -17 8 -18 9 -17 7 -17 9 -15 7 -17 8 -17 5 -16 6 -17 4 -15 3 -16 5 -15 4 -16 3 -15 3 -15 2 -16 2 -17 0 -14 1 -15 0 -14 1 -15 0 -14 0 -15 -1 -14 0 -14 -1 -13 0 0 0 0 0 0 0 0 0 0 -1 -1 -1 -1 -22 8 -20 8 -20 11 -17 9 -18 6 -17 7 -16 8 -18 8 -15 9 -15 8 -15 9 -13 9 -14 10 -14 9 -15 9 -13 11 -13 12 -12 10 -12 9 -11 11 -10 12 -11 10 -9 11 -10 10 -10 10 -9 10 -10 9 -7 11 -9 10 -8 11 -7 11 -8 10 -7 10 -7 10 -7 10 -7 9 -7 9 -7 8 -6 7 -7 8 -6 7 -6 7 -6 6 -5 5 -5 5 -5 5 -5 4 -4 4 -4 3 -4 2 -3 2 -3 1 -1 0 -1 0 -1 0 -1 0 0 -1 0 0 0 0 -1 -1 -1 -1 -1 -1 -1 -1 -1 -1 0 0 0 0 -1 -1 -1 -1 11 -46 11 -45 11 -47 15 -48 15 -47 16 -42 17 -45 17 -42 19 -46 21 -42 23 -43 21 -44 21 -45 23 -43 23 -37 22 -39 20 -40 21 -38 18 -35 20 -35 20 -34 19 -36 19 -32 17 -35 21 -34 15 -34 14 -33 17 -33 13 -32 12 -33 11 -31 12 -31 10 -32 11 -31 8 -31 8 -32 6 -30 5 -31 7 -29 4 -31 4 -30 1 -29 1 -29 0 -31 -1 -26 -1 -26 -2 -26 -2 -26 -3 -26 -2 -27 -3 -26 -3 -26 -3 -26 -5 -23 -8 -25 -8 -25 -11 -23 -1 -1 ]
CSI_DATA,STA,08:3A:F2:51:5D:9D,-51,11,1,1,1,1,1,0,0,0,0,-93,0,6,1,12693690,0,110,0,0,12.860226,384,[110 96 6 0 0 0 0 0 0 0 0 0 14 -18 14 -17 15 -19 18 -18 17 -17 16 -14 17 -15 17 -14 17 -14 17 -13 19 -14 19 -14 18 -14 19 -13 18 -11 19 -14 17 -11 17 -11 16 -11 16 -11 16 -9 16 -11 15 -8 15 -11 17 -11 14 -11 0 0 14 -11 12 -12 13 -12 11 -12 11 -10 12 -11 13 -11 9 -10 10 -12 9 -11 8 -11 10 -11 8 -12 8 -11 7 -11 5 -13 6 -13 6 -11 6 -13 4 -11 4 -11 6 -11 6 -12 3 -11 4 -12 2 -12 0 0 0 0 0 0 0 0 0 0 -1 -1 -1 -1 -14 13 -15 15 -12 16 -11 16 -13 5 -12 6 -13 7 -13 7 -12 7 -11 6 -11 7 -9 7 -10 8 -11 7 -11 7 -10 8 -10 9 -9 8 -9 7 -8 8 -7 9 -7 8 -7 8 -8 8 -7 7 -7 8 -7 8 -6 9 -7 8 -6 9 -1 11 -6 8 -6 8 -5 7 -5 8 -5 7 -5 7 -5 6 -5 6 -5 6 -4 6 -4 6 -5 4 -4 4 -4 4 -3 3 -3 3 -3 2 -3 2 -2 2 -2 1 -2 1 -2 0 -1 0 -1 0 -1 0 0 0 0 0 -1 -1 -1 -1 -1 -1 -1 -1 -1 -1 -1 -1 -1 -1 0 0 0 0 -1 -1 5 -34 6 -33 6 -35 8 -35 9 -35 10 -31 10 -34 10 -31 10 -35 13 -33 15 -34 13 -33 12 -35 13 -33 15 -28 14 -29 11 -30 13 -30 12 -27 13 -28 13 -25 11 -27 12 -25 11 -27 14 -27 10 -26 -2 -32 11 -26 10 -26 7 -26 7 -24 4 -25 7 -25 7 -23 3 -21 4 -23 3 -22 3 -24 2 -22 0 -24 1 -24 -3 -22 -1 -21 -2 -24 -2 -18 -1 -20 -5 -18 -5 -18 -3 -17 -3 -21 -1 -19 -4 -19 -6 -20 -11 -20 -17 -16 -16 -16 -19 -14 -1 -1 ]
CSI_DATA,STA,08:3A:F2:51:5D:9D,-51,11,1,1,1,1,1,0,0,0,0,-93,0,6,1,12699740,0,110,0,0,12.871610,384,[110 96 6 0 0 0 0 0 0 0 0 0 17 18 17 17 19 18 17 21 17 20 14 19 15 20 13 19 14 20 13 20 13 22 14 22 13 21 12 21 10 20 14 22 11 19 10 19 10 18 10 18 10 18 10 18 8 17 10 17 11 19 11 15 0 0 11 16 11 15 12 14 12 13 10 14 13 13 13 14 11 11 13 11 12 11 12 9 12 10 14 10 12 9 12 8 13 7 13 8 11 5 10 5 12 4 12 5 13 4 13 5 12 4 12 4 9 3 0 0 0 0 0 0 0 0 0 0 -1 -1 -1 -1 -11 -21 -10 -20 -13 -20 -9 -17 -6 -18 -7 -17 -7 -17 -7 -18 -7 -16 -7 -15 -9 -15 -8 -14 -9 -15 -8 -14 -9 -15 -10 -14 -11 -14 -10 -13 -8 -13 -10 -11 -11 -10 -10 -11 -11 -9 -11 -11 -10 -11 -10 -10 -10 -10 -11 -9 -10 -11 -11 -9 -12 -6 -11 -8 -10 -8 -10 -7 -10 -7 -9 -8 -9 -8 -8 -7 -9 -7 -8 -6 -7 -6 -7 -6 -6 -7 -6 -6 -6 -6 -5 -4 -4 -4 -4 -4 -3 -3 -3 -3 -2 -2 -2 -2 -2 -2 -2 -2 -1 -1 -1 0 0 0 -1 -1 -1 -1 -1 -1 -1 -1 -1 -1 -1 -1 -1 -1 -1 -1 -1 -1 0 0 0 0 39 17 38 18 40 18 39 21 39 22 35 21 38 22 34 22 39 23 34 26 35 28 36 26 37 26 35 27 30 26 31 25 32 23 31 25 28 22 29 24 27 23 30 22 26 22 29 21 28 25 28 19 33 12 28 20 27 18 29 15 26 15 26 13 28 14 27 15 24 12 29 11 26 11 29 10 26 11 29 8 27 6 23 2 24 5 27 2 25 4 22 1 23 1 22 4 24 -1 25 2 26 -1 22 0 22 0 19 -11 26 -10 25 -12 22 -9 -1 -1 ]
CSI_DATA,STA,08:3A:F2:51:5D:9D,-50,11,1,1,1,1,1,0,0,0,0,-93,0,6,1,12701907,0,110,0,0,12.882067,384,[110 96 6 0 0 0 0 0 0 0 0 0 13 -18 13 -18 13 -19 16 -19 15 -18 15 -16 15 -16 15 -15 16 -15 16 -15 18 -15 18 -16 17 -15 17 -14 17 -12 17 -15 16 -13 15 -12 14 -12 14 -12 15 -11 15 -12 14 -9 14 -12 15 -12 13 -12 0 0 12 -11 11 -13 11 -13 9 -13 11 -12 10 -13 10 -13 8 -12 9 -14 7 -12 7 -12 9 -12 7 -12 5 -13 7 -12 5 -13 5 -15 3 -12 4 -12 2 -10 4 -12 3 -12 3 -13 2 -12 2 -13 2 -11 0 0 0 0 0 0 0 0 0 0 -1 -1 -1 -1 -16 10 -16 11 -12 13 -12 12 -14 5 -13 6 -14 7 -15 7 -13 7 -12 6 -12 8 -11 8 -12 8 -11 7 -12 8 -11 8 -10 10 -10 9 -9 8 -9 9 -7 9 -8 9 -6 9 -8 8 -8 8 -7 9 -8 8 -6 10 -7 9 -6 9 -3 11 -6 9 -5 8 -5 8 -5 9 -5 7 -5 7 -5 7 -5 6 -5 6 -5 6 -5 6 -4 5 -4 4 -4 4 -3 4 -4 3 -3 3 -3 2 -3 2 -3 2 -2 1 -2 0 -1 0 -1 -1 -1 0 0 -1 -1 -1 -1 -1 -1 -1 -1 -1 -1 -1 -1 -1 -1 -1 -1 -1 -1 -1 0 0 0 0 10 -38 11 -37 11 -39 14 -38 14 -38 14 -34 16 -37 16 -34 17 -38 20 -34 21 -35 19 -35 19 -37 19 -35 19 -30 18 -32 16 -32 17 -32 14 -28 18 -30 18 -27 16 -29 17 -26 15 -28 18 -29 13 -29 5 -31 13 -26 10 -26 10 -28 8 -25 11 -27 10 -27 7 -26 6 -27 7 -28 5 -25 5 -26 9 -26 3 -25 2 -27 1 -23 1 -23 -2 -28 -3 -22 -2 -21 -3 -19 -3 -22 -4 -22 -3 -21 -2 -22 -5 -23 -4 -23 -11 -21 -14 -16 -14 -18 -13 -15 -1 -1 ]
CSI_DATA,STA,08:3A:F2:51:5D:9D,-50,11,1,1,1,1,1,0,0,0,0,-93,0,6,1,12702275,0,110,0,0,12.892605,384,[110 96 6 0 0 0 0 0 0 0 0 0 22 -12 22 -11 23 -13 25 -11 24 -11 22 -8 23 -9 22 -7 23 -7 24 -6 25 -6 26 -6 25 -6 24 -5 22 -3 25 -6 22 -4 22 -3 21 -4 21 -3 20 -2 21 -4 19 -1 20 -3 21 -3 19 -4 0 0 19 -3 19 -5 18 -6 17 -6 16 -4 17 -6 18 -5 15 -5 16 -7 13 -7 13 -9 14 -5 14 -6 11 -6 12 -6 12 -9 12 -9 12 -10 11 -10 10 -8 12 -8 11 -8 11 -9 9 -10 10 -9 8 -9 0 0 0 0 0 0 0 0 0 0 -1 -1 -1 -1 -22 -7 -21 -5 -22 -3 -18 -4 -18 -7 -17 -6 -18 -5 -19 -6 -18 -5 -17 -4 -17 -3 -16 -2 -18 -3 -16 -3 -17 -3 -17 -2 -17 -1 -16 -1 -15 -1 -16 0 -15 1 -15 1 -14 2 -15 0 -14 0 -14 1 -14 1 -14 3 -14 0 -14 2 -12 4 -13 2 -13 2 -12 2 -12 2 -12 1 -11 1 -11 1 -10 0 -10 1 -10 1 -10 1 -8 0 -8 0 -7 -1 -7 0 -6 0 -6 0 -6 -1 -4 0 -4 0 -3 0 -2 -1 -2 -1 -1 -1 -1 0 0 0 0 0 0 0 -1 -1 -1 -1 -1 -1 -1 -1 -1 -1 0 0 0 0 -1 -1 -1 -1 34 -29 34 -29 36 -31 38 -29 38 -28 36 -24 38 -26 37 -23 41 -25 40 -21 43 -21 41 -21 42 -23 42 -21 38 -16 39 -18 38 -19 38 -17 34 -16 37 -15 35 -14 35 -15 34 -13 34 -16 37 -14 32 -17 27 -22 31 -15 28 -15 29 -16 27 -17 29 -17 27 -16 27 -17 25 -20 25 -19 22 -18 22 -18 24 -18 22 -21 22 -21 18 -21 18 -20 19 -24 14 -18 16 -21 13 -19 13 -19 13 -20 15 -21 16 -21 12 -20 13 -21 8 -26 9 -25 9 -26 4 -21 -1 -1 ]
CSI_DATA,STA,08:3A:F2:51:5D:9D,-51,11,1,1,1,1,1,0,0,0,0,-93,0,6,1,12702542,0,110,0,0,12.903222,384,[110 96 6 0 0 0 0 0 0 0 0 0 22 10 21 10 24 10 23 13 23 13 19 12 20 14 19 13 20 14 19 15 20 16 20 16 19 15 19 16 16 15 20 15 16 14 16 15 16 13 15 13 15 14 16 14 13 14 15 13 16 14 15 11 0 0 15 12 16 9 15 10 15 9 13 10 16 8 14 9 14 8 17 6 15 5 16 5 15 7 15 4 13 4 14 4 14 2 15 3 12 0 15 1 14 2 14 0 13 1 13 1 12 -1 12 0 12 0 0 0 0 0 0 0 0 0 0 0 -1 -1 -1 -1 -22 -7 -21 -7 -23 -3 -20 -1 -13 -10 -12 -9 -13 -9 -13 -11 -13 -9 -11 -8 -13 -7 -12 -6 -13 -6 -13 -7 -13 -8 -13 -6 -14 -6 -13 -5 -12 -6 -12 -4 -12 -2 -13 -3 -11 -2 -12 -3 -11 -4 -12 -2 -11 -4 -12 -2 -12 -3 -12 -1 -12 5 -11 -1 -11 -1 -10 -1 -10 -1 -10 -1 -10 -2 -9 -2 -9 -2 -8 -1 -8 -1 -8 -1 -7 -2 -7 -2 -6 -2 -5 -1 -5 -1 -5 -1 -4 -1 -3 -1 -3 -2 -3 -1 -2 -1 -1 -1 -1 -1 -1 0 -1 0 -1 -1 -1 -1 -1 -1 -1 -1 -1 -1 -1 -1 -1 -1 -1 -1 -1 -1 0 0 0 0 38 -4 37 -3 39 -4 39 -1 41 -1 36 0 40 0 36 2 41 0 39 6 41 6 39 5 41 3 40 5 34 8 35 5 34 2 36 3 31 3 33 6 30 5 33 2 29 5 32 4 33 7 31 3 33 -14 30 2 29 0 27 0 27 -2 25 0 26 -2 28 -2 26 -3 27 -4 25 -4 24 -4 24 -1 24 -8 25 -5 19 -9 20 -10 24 -10 19 -10 19 -11 18 -12 18 -10 19 -12 19 -11 18 -10 19 -10 19 -10 13 -20 8 -27 11 -25 2 -24 -1 -1 ]
CSI_DATA,STA,08:3A:F2:51:5D:9D,-51,11,1,1,1,1,1,0,0,0,0,-93,0,6,1,12775943,0,110,0,0,12.943198,384,[110 96 6 0 0 0 0 0 0 0 0 0 17 13 16 13 18 14 17 16 16 16 14 15 15 16 13 15 13 16 13 16 14 18 14 18 13 17 12 17 10 17 13 17 10 15 10 16 10 15 10 15 9 15 10 15 8 14 9 15 10 16 9 13 0 0 10 13 11 12 11 12 11 11 9 12 11 11 10 11 10 9 10 10 10 8 11 8 10 9 11 8 10 6 10 7 11 6 12 6 11 5 11 5 10 4 10 5 11 5 11 6 12 3 11 4 10 3 0 0 0 0 0 0 0 0 0 0 -1 -1 -1 -1 -12 -14 -14 -17 -13 -14 -12 -9 -6 -14 -6 -12 -7 -13 -7 -14 -7 -12 -7 -12 -8 -12 -8 -11 -8 -10 -8 -12 -8 -12 -9 -11 -11 -10 -9 -10 -8 -9 -9 -8 -8 -8 -9 -9 -9 -6 -10 -8 -9 -7 -10 -7 -10 -7 -11 -6 -9 -7 -10 -6 -10 -2 -10 -7 -10 -6 -9 -7 -8 -5 -8 -5 -9 -6 -7 -5 -7 -6 -6 -5 -7 -4 -7 -6 -5 -4 -6 -5 -4 -4 -5 -2 -4 -2 -3 -3 -3 -2 -2 -1 -3 -3 -1 -2 -1 -2 -2 -1 -3 0 -1 0 0 -1 -1 -1 0 0 0 0 -1 -1 -1 -1 -1 -1 0 0 0 0 -1 -1 -1 -1 -1 -1 35 10 33 11 36 11 34 13 36 14 31 13 34 14 31 14 35 14 33 18 33 21 32 19 34 19 31 19 27 19 29 17 28 14 30 16 25 15 26 17 24 16 27 15 24 16 26 16 27 19 25 14 30 4 23 13 24 11 23 10 23 10 23 10 24 8 23 8 23 7 23 6 22 7 23 5 21 7 22 4 21 4 21 1 20 2 24 -1 19 1 20 -1 20 -3 17 -1 20 -1 19 0 19 -1 19 0 20 -2 19 -9 19 -12 16 -11 14 -16 -1 -1 ]
CSI_DATA,STA,08:3A:F2:51:5D:9D,-51,11,1,1,1,1,1,0,0,0,0,-93,0,6,1,12776336,0,110,0,0,12.953883,384,[110 96 6 0 0 0 0 0 0 0 0 0 7 23 7 23 8 24 6 27 5 25 4 23 4 24 3 23 2 23 2 23 2 25 2 26 2 25 1 24 -1 23 1 24 -1 22 -1 21 0 21 0 20 -1 20 0 20 -2 18 0 20 0 22 1 19 0 0 0 19 2 17 2 18 3 16 1 17 3 16 2 18 3 14 4 17 5 14 6 14 4 14 5 14 6 13 4 13 7 13 5 14 7 11 6 11 7 11 7 12 8 11 8 12 8 10 6 11 7 10 0 0 0 0 0 0 0 0 0 0 -1 -1 -1 -1 4 -22 3 -23 1 -22 0 -19 7 -18 4 -17 4 -17 5 -18 4 -17 3 -15 2 -17 3 -15 1 -16 2 -16 2 -17 0 -16 -1 -16 -1 -16 1 -15 -1 -16 -2 -16 -1 -15 -3 -12 -2 -14 -2 -12 -2 -14 -1 -14 -4 -14 -1 -14 -3 -14 -5 -12 -3 -13 -4 -13 -3 -12 -3 -11 -3 -10 -3 -11 -2 -11 -3 -9 -2 -10 -2 -9 -1 -9 -2 -9 -1 -8 -2 -7 -1 -7 -1 -6 -1 -6 0 -5 0 -4 0 -4 -1 -2 -1 -3 -1 -3 -2 -2 -1 -1 -2 0 -1 -1 0 0 0 0 -1 -1 -1 -1 -1 -1 0 0 0 0 -1 -1 -1 -1 -1 -1 24 35 23 34 25 37 22 39 22 39 18 36 21 39 18 36 20 40 16 41 14 43 15 41 17 42 14 42 10 38 13 39 13 36 13 38 12 33 11 36 9 34 13 34 9 34 11 35 9 37 12 32 19 29 11 31 13 29 13 28 14 26 13 27 15 26 13 26 15 24 17 24 16 22 16 23 15 23 17 21 16 20 18 18 17 18 19 19 17 15 18 14 19 15 18 14 19 14 19 16 18 15 18 14 18 15 21 8 24 7 23 6 24 3 -1 -1 ]
CSI_DATA,STA,08:3A:F2:51:5D:9D,-51,11,1,1,1,1,1,0,0,0,0,-93,0,6,1,12776816,0,110,0,0,12.963828,384,[110 96 6 0 0 0 0 0 0 0 0 0 -12 18 -12 17 -12 19 -15 19 -14 18 -14 16 -15 16 -14 15 -15 15 -15 15 -16 15 -17 16 -17 15 -17 14 -16 12 -17 15 -15 13 -15 11 -15 12 -15 11 -15 11 -15 12 -14 10 -14 10 -16 12 -13 11 0 0 -13 12 -12 12 -11 13 -10 13 -10 10 -10 11 -12 12 -10 11 -10 11 -7 11 -7 12 -8 10 -7 12 -7 11 -7 12 -5 11 -6 12 -5 12 -4 10 -4 11 -5 11 -5 10 -4 11 -3 11 -4 11 -2 10 0 0 0 0 0 0 0 0 0 0 -1 -1 -1 -1 16 -10 16 -8 14 -10 12 -8 14 -5 12 -5 13 -7 14 -7 12 -7 12 -4 11 -8 11 -7 12 -9 11 -7 13 -7 10 -9 12 -7 11 -7 10 -7 9 -10 9 -9 9 -9 7 -8 8 -9 7 -9 9 -10 10 -8 7 -9 10 -8 6 -8 6 -10 6 -7 4 -8 6 -8 6 -8 6 -8 6 -8 5 -8 5 -6 5 -6 5 -7 2 -5 5 -4 6 -5 5 -4 3 -4 4 -4 3 -4 3 -4 2 -3 1 -2 2 -2 0 -1 0 0 0 0 -1 -1 -2 0 -1 -1 0 0 0 0 -1 -1 -1 -1 -1 -1 0 0 0 0 -1 -1 -1 -1 -1 -1 -12 37 -12 35 -13 38 -15 37 -16 38 -16 33 -16 36 -16 33 -17 37 -21 34 -23 34 -21 34 -21 35 -23 33 -21 28 -20 31 -19 30 -20 31 -18 27 -20 27 -19 26 -18 28 -19 26 -18 27 -22 27 -16 25 -10 30 -17 25 -16 25 -13 25 -13 24 -12 23 -11 24 -12 23 -11 23 -10 25 -8 23 -9 25 -10 22 -6 23 -7 22 -3 23 -3 21 -4 25 -3 21 -1 19 0 20 -2 19 -2 19 -1 22 0 20 -2 20 1 21 8 20 5 21 8 18 11 18 -1 -1 ]
CSI_DATA,STA,08:3A:F2:51:5D:9D,-51,11,1,1,1,1,1,0,0,0,0,-93,0,6,1,12782435,0,110,0,0,12.974223,384,[110 96 6 0 0 0 0 0 0 0 0 0 -14 21 -14 21 -14 22 -17 22 -16 21 -16 18 -17 19 -17 17 -17 17 -18 17 -19 18 -19 19 -19 17 -19 17 -19 14 -19 17 -18 14 -18 13 -17 14 -17 13 -18 13 -17 13 -16 11 -16 13 -18 14 -15 13 0 0 -15 13 -14 13 -14 14 -12 13 -14 12 -12 13 -13 13 -11 12 -11 13 -8 13 -9 14 -9 12 -9 13 -8 13 -8 13 -7 13 -8 14 -5 13 -6 12 -4 12 -6 13 -6 12 -5 12 -4 13 -5 12 -4 11 0 0 0 0 0 0 0 0 0 0 -1 -1 -1 -1 20 -10 19 -11 17 -13 15 -13 17 -6 16 -6 15 -7 17 -7 15 -7 14 -6 13 -8 13 -7 14 -8 13 -8 14 -8 12 -10 12 -10 12 -9 12 -8 11 -9 10 -11 11 -10 9 -10 9 -9 9 -8 9 -9 10 -9 8 -11 10 -9 8 -11 5 -13 8 -10 8 -9 7 -9 7 -9 7 -8 7 -8 7 -8 6 -7 6 -7 6 -7 5 -7 5 -5 5 -5 5 -5 4 -5 4 -4 3 -4 3 -4 2 -3 1 -3 2 -2 1 -1 0 -1 0 -1 0 -1 -1 -1 -1 -1 0 0 0 0 -1 -1 -1 -1 -1 -1 0 0 0 0 -1 -1 -1 -1 -1 -1 -10 42 -11 40 -12 43 -15 43 -16 43 -16 39 -17 41 -15 38 -18 42 -20 38 -23 40 -21 40 -21 41 -23 39 -23 34 -22 35 -21 36 -21 35 -19 31 -21 32 -21 30 -20 32 -20 30 -19 31 -22 31 -16 30 -9 33 -18 29 -15 28 -14 29 -13 28 -13 28 -12 28 -12 26 -11 28 -11 28 -8 26 -7 28 -9 26 -6 27 -6 26 -3 25 -4 25 -3 28 -2 23 -1 23 0 23 -1 23 -1 23 -1 24 0 23 -1 22 0 23 8 22 10 22 10 22 13 20 -1 -1 ]
CSI_DATA,STA,08:3A:F2:51:5D:9D,-51,11,1,1,1,1,1,0,0,0,0,-93,0,6,1,12835230,0,110,0,0,13.1637,384,[110 96 6 0 0 0 0 0 0 0 0 0 -4 24 -4 23 -4 26 -7 26 -7 26 -7 22 -8 24 -8 22 -8 23 -10 23 -11 24 -10 24 -10 23 -11 22 -11 20 -10 24 -10 20 -10 20 -9 20 -9 19 -10 18 -9 19 -10 16 -9 18 -10 19 -8 17 0 0 -7 18 -6 18 -5 18 -4 17 -6 16 -4 17 -5 17 -3 16 -3 17 -2 14 -1 16 -2 14 -2 16 2 15 -1 14 2 14 1 14 3 12 2 14 3 10 1 14 2 13 1 14 1 12 2 14 2 12 0 0 0 0 0 0 0 0 0 0 -1 -1 -1 -1 0 -23 -4 -18 -2 -17 -7 -18 8 -16 7 -9 4 -18 3 -16 2 -17 5 -12 3 -15 3 -13 2 -15 3 -15 3 -15 2 -14 0 -16 1 -15 1 -13 0 -14 -2 -13 -1 -14 -2 -12 -1 -12 -1 -12 -2 -12 0 -13 -3 -13 -1 -13 -2 -12 -8 -11 -2 -11 -3 -11 -3 -10 -3 -11 -2 -10 -2 -9 -2 -9 -3 -9 -2 -9 -2 -8 -1 -8 -1 -8 -2 -7 -1 -6 -1 -6 -1 -5 -2 -5 -1 -4 0 -3 0 -3 -1 -3 -1 -2 -1 -2 -1 -1 0 0 -1 0 0 0 -1 -1 -1 -1 -1 -1 -1 -1 -1 -1 -1 -1 -1 -1 0 0 0 0 -1 -1 14 36 12 34 14 37 11 37 11 38 8 34 10 38 8 35 11 39 5 40 3 41 4 40 7 41 5 40 1 35 5 36 5 33 6 36 5 32 4 34 2 31 5 32 2 31 4 32 1 35 5 30 19 29 5 29 6 28 7 27 7 27 8 26 9 26 8 25 9 23 10 23 9 22 12 24 10 24 12 23 14 21 16 16 14 19 15 17 11 15 15 11 14 16 13 14 16 13 16 16 12 14 15 14 16 15 19 0 23 8 22 -2 27 2 -1 -1 ]
CSI_DATA,STA,08:3A:F2:51:5D:9D,-47,11,1,1,0,1,1,0,0,0,0,-93,0,6,1,12840304,0,110,0,0,13.12436,256,[110 96 6 0 0 0 0 0 0 0 0 0 14 1 14 2 14 1 14 2 14 2 13 3 14 2 13 3 13 3 13 3 13 3 13 4 12 4 12 4 12 4 12 3 11 4 11 3 10 3 11 3 10 3 11 3 9 3 10 2 10 3 9 2 0 0 9 1 10 1 9 1 10 1 9 1 9 0 8 0 9 0 8 -1 8 0 8 -1 8 -1 8 -1 8 -1 8 -2 7 -1 8 -2 7 -2 8 -1 7 -3 7 -3 7 -2 7 -3 7 -3 6 -2 6 -3 0 0 0 0 0 0 0 0 0 0 -1 -1 -1 -1 -1 -1 0 0 17 -20 19 -17 23 -7 22 -8 22 -8 23 -7 23 -9 21 -7 25 -8 21 -5 22 -6 24 -3 24 -4 24 -4 22 -4 21 -3 21 -2 22 -5 20 -3 21 -3 19 -4 20 -3 18 -3 19 -4 17 -2 20 -3 20 -2 18 -3 -1 -1 16 -5 17 -5 15 -5 15 -4 14 -4 14 -7 14 -6 13 -6 14 -8 15 -6 14 -8 14 -6 12 -8 12 -7 12 -8 11 -8 12 -8 11 -7 9 -9 11 -9 10 -8 9 -9 11 -10 10 -9 9 -9 8 -9 7 -13 6 -13 -1 -1 -1 -1 -1 -1 ]
CSI_DATA,STA,08:3A:F2:51:5D:9D,-51,11,1,1,1,1,1,0,0,0,0,-93,0,6,1,12880009,0,110,0,0,13.46453,384,[110 96 6 0 0 0 0 0 0 0 0 0 -17 14 -17 14 -18 15 -21 14 -20 13 -18 11 -19 12 -19 10 -19 11 -19 10 -21 11 -21 11 -20 11 -20 10 -20 7 -21 10 -18 8 -18 8 -18 7 -17 7 -17 7 -17 7 -17 6 -17 8 -18 8 -16 8 0 0 -16 8 -15 9 -15 9 -12 9 -14 7 -13 9 -14 9 -11 8 -11 10 -9 10 -11 10 -10 9 -9 10 -9 9 -8 10 -8 11 -8 11 -7 10 -7 11 -6 9 -8 10 -7 10 -6 10 -4 11 -6 10 -4 9 0 0 0 0 0 0 0 0 0 0 -1 -1 -1 -1 15 -11 18 -11 12 -12 14 -13 14 -7 14 -6 14 -7 15 -4 12 -7 12 -4 12 -7 12 -8 13 -8 11 -7 11 -7 10 -8 10 -7 11 -7 8 -5 9 -8 8 -10 8 -10 5 -10 9 -8 9 -9 8 -8 6 -8 6 -10 8 -11 7 -11 5 -9 5 -8 4 -9 4 -10 3 -8 4 -7 5 -9 3 -8 4 -8 6 -8 5 -7 5 -7 3 -7 4 -4 4 -4 3 -5 3 -4 2 -3 2 -1 1 -3 0 -3 2 -2 3 -1 -1 0 -2 1 1 -2 0 1 -1 -1 -1 -1 -1 -1 -1 -1 -1 -1 -1 -1 -1 -1 -1 -1 -1 -1 0 0 0 0 -18 32 -18 31 -19 33 -21 32 -22 33 -21 28 -22 31 -21 28 -23 32 -25 28 -27 29 -25 29 -26 31 -26 29 -25 23 -25 26 -23 25 -24 26 -21 23 -23 23 -21 22 -22 24 -21 21 -21 24 -24 22 -19 23 -10 30 -19 23 -16 21 -16 23 -15 22 -15 21 -14 23 -13 21 -12 22 -11 23 -9 22 -10 24 -10 22 -7 22 -9 20 -4 21 -6 20 -5 22 -4 19 -3 19 -2 21 -2 18 -2 18 -4 19 -3 20 -3 19 -2 21 9 20 11 22 10 17 9 19 -1 -1 ]
CSI_DATA,STA,08:3A:F2:51:5D:9D,-51,11,1,1,1,1,1,0,0,0,0,-93,0,6,1,12897602,0,110,0,0,13.65109,384,[110 96 6 0 0 0 0 0 0 0 0 0 17 -18 16 -17 18 -19 19 -18 19 -18 18 -15 19 -15 18 -14 19 -15 19 -14 21 -14 21 -14 21 -13 21 -13 20 -11 21 -14 18 -11 19 -11 17 -11 17 -10 18 -10 18 -11 17 -8 17 -10 18 -11 16 -11 0 0 16 -11 14 -11 13 -11 12 -12 13 -10 13 -12 14 -12 12 -11 12 -12 10 -12 10 -11 10 -9 11 -13 8 -10 9 -14 8 -13 8 -15 6 -13 5 -12 4 -13 6 -12 6 -12 6 -12 5 -13 7 -12 3 -12 0 0 0 0 0 0 0 0 0 0 -1 -1 -1 -1 -22 5 -20 6 -18 6 -18 7 -20 2 -18 3 -17 3 -19 3 -17 3 -15 3 -16 5 -15 5 -16 5 -16 4 -16 5 -15 6 -15 7 -14 6 -13 4 -13 7 -12 7 -13 7 -10 7 -12 7 -12 6 -11 7 -12 6 -10 8 -11 7 -11 8 -8 10 -11 7 -9 7 -9 7 -9 7 -9 6 -9 6 -9 5 -8 5 -8 5 -8 5 -7 5 -7 4 -6 3 -6 3 -6 3 -5 2 -5 2 -4 2 -4 1 -3 1 -3 1 -2 0 -1 0 -1 0 -1 -1 0 0 -1 -1 -1 -1 -1 -1 -1 -1 -1 -1 -1 -1 -1 -1 -1 -1 -1 -1 0 0 0 0 21 -39 20 -37 22 -40 24 -39 25 -39 24 -34 26 -36 25 -33 28 -37 29 -32 31 -33 29 -34 29 -35 30 -33 29 -28 28 -30 26 -31 28 -30 24 -26 27 -26 26 -24 26 -27 26 -25 24 -27 28 -25 23 -27 16 -31 24 -25 19 -26 18 -25 15 -26 17 -25 16 -27 18 -26 16 -26 14 -29 12 -24 11 -25 14 -22 12 -26 9 -26 7 -26 9 -26 8 -29 5 -22 5 -21 4 -27 5 -24 2 -26 7 -23 3 -25 7 -24 2 -25 -4 -26 -4 -30 -7 -25 -11 -24 -1 -1 ]
CSI_DATA,STA,08:3A:F2:51:5D:9D,-51,11,1,1,1,1,1,0,0,0,0,-93,0,6,1,12900336,0,110,0,0,13.76698,384,[110 96 6 0 0 0 0 0 0 0 0 0 -13 -22 -12 -22 -14 -24 -12 -25 -12 -25 -9 -22 -10 -24 -9 -22 -9 -23 -7 -24 -6 -26 -7 -26 -6 -25 -5 -25 -4 -23 -7 -25 -5 -22 -5 -22 -5 -21 -5 -21 -4 -21 -5 -22 -2 -20 -4 -21 -4 -23 -5 -19 0 0 -6 -19 -8 -19 -7 -19 -8 -18 -6 -16 -7 -17 -7 -17 -8 -15 -8 -15 -9 -15 -8 -14 -7 -15 -7 -16 -8 -13 -8 -13 -9 -12 -11 -13 -9 -11 -10 -12 -10 -9 -9 -10 -10 -9 -11 -10 -9 -10 -9 -11 -9 -8 0 0 0 0 0 0 0 0 0 0 -1 -1 -1 -1 1 20 1 21 7 21 5 18 -2 16 -2 16 0 17 -2 16 0 16 0 14 1 15 2 14 2 15 1 15 0 15 2 14 3 15 3 14 2 13 4 13 4 11 4 12 5 10 4 12 3 11 5 12 3 12 6 11 4 12 5 10 9 9 4 10 5 10 5 9 5 9 4 9 4 9 4 8 3 8 3 8 3 7 2 7 2 7 2 6 2 5 1 4 1 4 1 4 0 3 0 2 0 2 0 1 0 0 0 0 0 0 -1 -1 -1 -2 -1 -1 -1 -1 -1 -1 -1 -1 -1 -1 -1 -1 -1 -1 -1 -1 -1 -1 0 0 0 0 -33 -31 -31 -30 -35 -31 -32 -34 -33 -35 -27 -32 -31 -35 -27 -33 -31 -36 -25 -38 -24 -40 -25 -38 -27 -39 -24 -39 -20 -36 -23 -36 -24 -34 -24 -36 -20 -30 -20 -34 -18 -32 -23 -31 -17 -33 -20 -32 -18 -35 -21 -30 -26 -22 -20 -29 -20 -27 -20 -25 -21 -24 -20 -24 -22 -22 -21 -22 -21 -21 -25 -19 -22 -21 -22 -21 -20 -23 -24 -18 -21 -19 -23 -13 -23 -12 -25 -14 -20 -10 -21 -13 -20 -10 -22 -10 -22 -7 -24 -10 -22 -11 -23 -11 -20 -10 -25 -1 -27 1 -22 -5 -25 6 -1 -1 ]
CSI_DATA,STA,08:3A:F2:51:5D:9D,-51,11,1,1,1,1,1,0,0,0,0,-93,0,6,1,12901291,0,110,0,0,13.87639,384,[110 96 6 0 0 0 0 0 0 0 0 0 25 -1 23 0 26 -1 26 1 27 1 23 2 25 3 23 3 24 3 24 5 25 6 25 6 24 6 23 6 21 7 25 6 20 5 21 7 20 5 20 6 19 6 20 6 18 7 19 6 21 7 18 4 0 0 18 4 19 3 18 3 18 1 16 3 18 2 17 3 16 1 17 1 15 -1 15 -1 15 0 15 0 14 -2 15 -2 14 -3 16 -3 12 -4 13 -4 12 -5 13 -3 13 -4 14 -4 13 -5 13 -3 11 -4 0 0 0 0 0 0 0 0 0 0 -1 -1 -1 -1 -22 -2 -24 -2 -22 0 -19 4 -16 -8 -14 -6 -16 -6 -15 -7 -15 -5 -12 -5 -14 -3 -13 -3 -14 -3 -15 -4 -15 -5 -14 -3 -15 -2 -14 -3 -12 -3 -13 0 -12 0 -13 0 -11 1 -13 0 -12 -1 -12 1 -13 -1 -12 1 -13 -1 -12 1 -11 7 -11 1 -11 1 -10 1 -11 1 -10 0 -10 0 -9 0 -9 0 -8 1 -9 1 -8 0 -8 -1 -7 -1 -6 -1 -6 0 -4 0 -5 0 -3 0 -3 0 -3 -1 -2 0 -2 -1 -1 -1 -1 -1 0 0 -1 0 -1 -1 -1 -1 -1 -1 -1 -1 -1 -1 -1 -1 -1 -1 -1 -1 -1 -1 0 0 0 0 34 -20 32 -17 35 -22 35 -17 38 -20 33 -14 37 -17 34 -14 38 -18 41 -11 42 -9 40 -10 40 -13 39 -11 34 -6 36 -11 32 -11 36 -12 29 -8 33 -9 31 -7 31 -11 32 -7 32 -8 35 -5 30 -9 28 -23 28 -8 28 -10 25 -10 25 -11 24 -10 25 -12 24 -11 22 -13 23 -14 22 -13 22 -14 23 -12 21 -14 20 -13 17 -17 16 -15 18 -18 14 -14 14 -16 15 -17 13 -15 13 -17 16 -17 15 -16 14 -15 14 -16 4 -24 3 -25 4 -24 -3 -25 -1 -1 ]
CSI_DATA,STA,08:3A:F2:51:5D:9D,-51,11,1,1,1,1,1,0,0,0,0,-93,0,6,1,12901646,0,110,0,0,13.97938,384,[110 96 6 0 0 0 0 0 0 0 0 0 18 12 17 12 19 13 19 15 18 14 15 14 16 15 15 14 15 15 15 15 16 17 16 17 15 16 14 16 12 16 15 16 13 15 12 14 12 14 12 13 11 14 11 14 10 13 12 13 12 15 11 12 0 0 12 11 12 10 13 11 13 8 11 10 11 9 12 10 10 8 12 8 12 5 12 6 12 7 12 6 12 5 11 5 12 4 13 5 11 3 12 3 11 2 12 3 11 2 11 2 12 1 11 2 11 1 0 0 0 0 0 0 0 0 0 0 -1 -1 -1 -1 -11 -17 -10 -21 -12 -17 -11 -16 -6 -16 -7 -15 -9 -14 -8 -15 -8 -15 -7 -12 -10 -13 -8 -12 -10 -12 -9 -12 -9 -12 -10 -11 -11 -11 -11 -9 -9 -9 -10 -10 -9 -9 -11 -8 -8 -9 -11 -8 -10 -7 -11 -8 -11 -7 -12 -6 -10 -9 -12 -7 -9 -2 -10 -6 -12 -7 -9 -5 -11 -7 -9 -6 -7 -7 -9 -5 -8 -5 -7 -6 -8 -6 -7 -4 -8 -5 -7 -5 -3 -5 -6 -5 -5 -2 -5 -2 -2 -3 -3 -3 -2 -4 -2 -1 -1 0 -4 -1 -3 -1 0 -1 -1 0 -1 -1 -1 -1 -1 -1 -1 -1 -1 -1 -1 -1 -1 -1 -1 -1 -1 -1 0 0 0 0 37 13 35 13 39 14 37 16 39 17 33 16 36 18 33 17 37 19 34 22 34 23 34 22 36 22 34 22 28 21 32 21 31 18 31 19 27 18 28 19 26 19 29 18 26 19 27 18 27 21 26 16 29 11 25 15 26 13 27 12 26 10 24 11 26 9 24 11 24 8 25 8 24 7 25 6 24 8 25 3 24 5 24 1 24 2 25 0 19 1 19 -1 21 -1 20 -3 21 -3 21 -1 22 -2 20 -1 21 -2 19 -7 21 -12 20 -10 17 -12 -1 -1 ]
CSI_DATA,STA,08:3A:F2:51:5D:9D,-51,11,1,1,1,1,1,0,0,0,0,-93,0,6,1,12901955,0,110,0,0,13.108175,384,[110 96 6 0 0 0 0 0 0 0 0 0 6 21 6 20 7 22 5 23 5 22 3 20 3 22 3 20 3 21 2 22 1 23 2 23 1 22 1 21 0 20 2 23 0 19 0 19 1 19 0 18 0 18 1 18 -1 17 1 18 1 19 2 16 0 0 2 16 2 15 3 16 5 15 2 15 4 15 3 15 3 14 4 14 4 13 5 13 4 12 5 12 7 11 5 12 6 10 6 12 7 10 7 10 7 8 6 10 7 9 7 10 9 8 7 9 7 8 0 0 0 0 0 0 0 0 0 0 -1 -1 -1 -1 4 -19 4 -21 2 -19 0 -18 4 -18 3 -15 3 -18 2 -16 2 -16 3 -13 1 -15 0 -14 0 -16 0 -15 1 -15 0 -15 -1 -15 -1 -15 0 -12 -3 -14 -4 -13 -4 -15 -4 -11 -3 -12 -3 -12 -3 -13 -3 -13 -5 -12 -3 -13 -4 -12 -6 -11 -4 -11 -5 -11 -5 -10 -5 -11 -3 -9 -5 -10 -3 -10 -3 -9 -3 -8 -4 -9 -2 -8 -2 -8 -2 -7 -2 -7 -3 -6 -2 -5 -3 -5 -1 -4 0 -4 -1 -3 -2 -3 -1 -3 -2 -2 -2 -1 -1 0 -1 1 -1 -1 -1 -1 -1 -1 -1 -1 -1 -1 -1 -1 -1 -1 -1 -1 -1 -1 0 0 0 0 19 35 17 33 20 36 17 36 19 39 14 34 16 38 13 35 17 39 11 40 10 41 11 40 12 41 10 40 7 34 10 37 11 34 11 37 9 31 9 34 7 31 10 33 7 32 9 32 6 34 9 30 12 28 9 28 10 27 11 26 13 26 11 24 13 25 12 24 13 23 15 23 13 22 14 22 12 22 16 20 16 19 17 18 15 16 19 18 15 14 17 13 17 13 16 13 18 12 17 15 18 13 16 13 16 13 19 9 22 7 20 7 22 3 -1 -1 ]
CSI_DATA,STA,08:3A:F2:51:5D:9D,-51,11,1,1,1,1,1,0,0,0,0,-93,0,6,1,12902322,0,110,0,0,13.118025,384,[110 96 6 0 0 0 0 0 0 0 0 0 -26 1 -24 0 -27 1 -28 -1 -28 -1 -24 -2 -26 -3 -24 -3 -25 -3 -25 -4 -26 -6 -27 -5 -26 -5 -25 -6 -22 -7 -26 -5 -22 -5 -22 -6 -21 -5 -21 -5 -21 -6 -22 -5 -20 -6 -20 -5 -22 -6 -20 -3 0 0 -20 -3 -20 -2 -19 -2 -19 0 -18 -3 -18 -1 -19 -1 -17 0 -18 1 -16 2 -17 2 -16 1 -16 2 -15 3 -16 2 -15 4 -17 4 -13 5 -13 5 -12 5 -14 5 -13 5 -14 5 -12 6 -13 4 -12 5 0 0 0 0 0 0 0 0 0 0 -1 -1 -1 -1 22 8 22 4 21 0 16 3 16 8 14 5 14 4 15 5 15 4 14 4 16 3 14 3 15 2 15 3 15 3 15 1 15 1 14 1 12 2 14 -1 14 -1 14 0 12 -2 14 -2 12 0 12 -1 13 0 12 -3 13 -1 12 -3 15 -2 13 -1 11 -1 12 -1 11 -4 12 -4 10 -3 11 -3 9 -2 10 -1 9 -2 8 -1 7 -2 6 -1 5 0 5 -2 4 -1 5 -2 3 0 3 1 1 -2 0 1 0 0 0 0 -2 -1 0 -2 -1 -1 -1 -1 -1 -1 -1 -1 -1 -1 -1 -1 -1 -1 -1 -1 -1 -1 -1 -1 0 0 0 0 -40 17 -38 15 -42 17 -41 14 -44 15 -38 11 -43 13 -39 11 -44 13 -44 7 -46 5 -44 7 -45 9 -44 7 -39 3 -41 7 -38 7 -40 7 -34 4 -39 4 -36 4 -36 7 -36 3 -37 6 -38 3 -34 7 -30 15 -33 5 -31 7 -29 7 -31 9 -30 7 -29 10 -29 8 -27 11 -26 12 -26 12 -26 13 -27 11 -24 14 -23 13 -22 16 -21 15 -24 18 -18 14 -16 16 -18 18 -16 17 -16 17 -18 16 -18 17 -18 16 -17 16 -11 22 -9 23 -8 23 -5 25 -1 -1 ]
CSI_DATA,STA,08:3A:F2:51:5D:9D,-51,11,1,1,1,1,1,0,0,0,0,-93,0,6,1,12902660,0,110,0,0,13.128328,384,[110 96 6 0 0 0 0 0 0 0 0 0 -24 9 -23 8 -25 10 -27 8 -26 8 -24 6 -25 6 -23 5 -24 5 -25 4 -26 3 -27 4 -26 3 -25 2 -23 1 -26 4 -22 2 -23 2 -21 2 -22 2 -21 1 -22 2 -20 0 -21 2 -23 2 -19 3 0 0 -20 4 -19 5 -19 5 -18 6 -18 3 -18 5 -18 5 -16 6 -16 6 -14 7 -15 8 -15 6 -14 7 -13 7 -13 7 -12 8 -13 9 -11 9 -11 9 -9 9 -12 9 -11 8 -11 10 -10 10 -11 9 -9 9 0 0 0 0 0 0 0 0 0 0 -1 -1 -1 -1 21 -1 22 -3 21 -5 18 -5 18 1 16 1 16 0 16 0 16 -1 15 -1 15 -1 14 -2 15 -4 15 -3 15 -2 14 -4 15 -5 14 -4 13 -3 13 -6 12 -7 13 -6 11 -6 12 -5 11 -4 12 -5 11 -6 11 -7 12 -6 11 -7 8 -10 10 -7 10 -6 10 -6 9 -7 9 -5 8 -6 9 -5 8 -5 8 -5 7 -5 7 -5 7 -3 6 -3 5 -3 5 -3 4 -3 4 -3 3 -2 2 -2 2 -2 1 -2 1 -1 1 -1 0 -1 -1 -2 -1 -1 -1 -1 -1 -1 -1 -1 -1 -1 -1 -1 -1 -1 -1 -1 -1 -1 -1 -1 0 0 0 0 -33 28 -33 26 -35 29 -37 26 -38 27 -34 22 -38 25 -35 22 -39 25 -40 20 -41 19 -40 20 -40 22 -40 20 -37 15 -37 18 -35 19 -37 19 -32 15 -35 15 -33 15 -34 17 -33 15 -32 17 -35 14 -30 17 -24 24 -30 16 -28 17 -26 18 -26 18 -26 17 -25 18 -25 18 -23 19 -22 20 -20 19 -20 20 -21 18 -18 21 -18 20 -15 21 -15 20 -15 23 -13 20 -11 20 -11 21 -12 20 -11 21 -12 22 -12 21 -11 20 -10 20 -3 23 0 25 -1 24 3 23 -1 -1 ]
CSI_DATA,STA,08:3A:F2:51:5D:9D,-50,11,1,1,1,1,1,0,0,0,0,-93,0,6,1,12983981,0,110,0,0,13.150518,384,[110 96 6 0 0 0 0 0 0 0 0 0 -8 24 -8 23 -9 25 -11 25 -10 25 -11 21 -12 23 -12 21 -12 21 -13 21 -14 22 -14 23 -14 22 -14 21 -14 18 -14 22 -13 18 -14 18 -12 17 -13 17 -13 17 -13 18 -13 15 -12 17 -13 18 -11 17 0 0 -10 17 -9 17 -9 17 -8 17 -9 15 -8 16 -8 16 -7 14 -6 16 -5 14 -4 16 -5 14 -4 15 -3 14 -3 15 -2 15 -3 16 -1 14 -1 14 0 13 -1 14 -1 13 -1 14 1 14 -1 13 0 12 0 0 0 0 0 0 0 0 0 0 -1 -1 -1 -1 8 -22 7 -22 4 -22 3 -20 10 -13 9 -13 9 -14 9 -14 8 -13 7 -12 6 -13 6 -13 6 -14 6 -14 6 -14 4 -13 4 -15 4 -14 5 -13 3 -13 2 -13 3 -14 2 -12 3 -13 3 -12 2 -13 2 -12 1 -13 3 -13 0 -12 -5 -13 1 -12 1 -12 1 -11 0 -11 1 -10 1 -10 1 -10 1 -9 1 -9 0 -8 1 -8 1 -8 1 -7 1 -7 0 -6 0 -6 0 -6 0 -5 0 -4 0 -3 0 -3 0 -2 0 -2 0 -2 -1 -1 -2 -1 0 0 0 0 -1 -1 -1 -1 -1 -1 -1 -1 -1 -1 0 0 0 0 -1 -1 -1 -1 9 37 7 36 8 39 5 39 5 40 3 36 4 39 3 36 4 40 0 39 -1 41 1 39 2 41 0 40 -4 35 -2 36 0 35 -1 36 -1 31 -4 34 -3 31 -1 34 -3 31 -1 33 -4 34 1 30 17 30 -1 30 0 29 2 29 2 27 2 28 3 27 2 26 5 26 5 26 6 23 7 24 6 24 9 23 7 23 10 20 9 21 11 23 9 18 10 18 11 19 10 17 11 18 11 19 11 19 11 17 11 18 21 10 25 10 23 10 24 7 -1 -1 ]
CSI_DATA,STA,08:3A:F2:51:5D:9D,-51,11,1,1,1,1,1,0,0,0,0,-93,0,6,1,12996901,0,110,0,0,13.163125,384,[110 96 6 0 0 0 0 0 0 0 0 0 22 -1 21 0 24 -1 24 2 24 1 21 3 22 3 20 3 22 3 21 5 22 5 23 5 22 5 21 6 19 7 22 5 19 5 18 6 18 5 18 5 17 6 18 5 16 6 17 5 19 6 17 4 0 0 16 4 17 2 17 2 16 1 15 3 16 1 16 2 14 1 15 0 13 -1 14 -1 13 0 14 -1 13 -2 13 -2 13 -3 14 -3 11 -3 12 -3 11 -4 12 -3 12 -4 12 -4 11 -5 11 -3 10 -4 0 0 0 0 0 0 0 0 0 0 -1 -1 -1 -1 -19 -7 -20 -7 -20 -4 -17 -2 -14 -9 -13 -8 -14 -8 -14 -8 -14 -7 -12 -6 -14 -5 -12 -5 -14 -5 -14 -5 -14 -6 -14 -4 -15 -4 -14 -4 -12 -4 -13 -2 -12 -1 -13 -2 -12 -1 -13 -2 -12 -3 -12 -1 -12 -2 -12 0 -13 -2 -12 -1 -11 3 -11 -1 -12 -1 -11 0 -10 0 -10 -1 -10 0 -9 -1 -9 -1 -8 -1 -8 -1 -8 -1 -7 -1 -7 -1 -6 -1 -5 -1 -5 -1 -5 -1 -3 -1 -3 -1 -3 -1 -2 -1 -2 -1 -2 -1 -1 -1 0 0 0 0 0 0 0 0 -1 -1 -1 -1 -1 -1 -1 -1 -1 -1 0 0 0 0 -1 -1 -1 -1 35 -14 34 -14 37 -16 37 -12 38 -13 34 -9 38 -11 35 -8 39 -11 38 -5 40 -4 39 -6 40 -8 39 -5 35 -2 36 -5 34 -6 35 -6 30 -5 33 -3 31 -2 32 -5 31 -2 32 -4 34 -1 30 -5 29 -14 28 -4 28 -6 27 -7 26 -7 26 -7 26 -9 25 -7 24 -9 24 -10 23 -9 23 -11 23 -9 22 -12 21 -11 18 -14 18 -13 20 -15 16 -12 16 -13 16 -14 15 -13 16 -15 17 -14 16 -14 15 -13 15 -14 9 -19 8 -22 9 -21 4 -22 -1 -1 ]
CSI_DATA,STA,08:3A:F2:51:5D:9D,-47,11,1,2,0,1,1,0,0,0,0,-93,0,6,1,13146806,0,110,0,0,13.313241,256,[110 96 6 0 0 0 0 0 0 0 0 0 13 -5 13 -5 14 -4 14 -4 13 -3 14 -3 13 -2 13 -2 14 -2 14 -2 13 -2 14 -2 13 -2 13 -1 13 0 13 -1 12 0 12 -1 12 -1 12 -1 11 0 11 -1 10 0 11 -2 11 -2 10 -2 0 0 9 -2 10 -2 10 -3 9 -2 9 -2 9 -2 8 -3 8 -2 8 -3 8 -3 8 -4 7 -4 7 -3 8 -4 7 -3 7 -4 7 -4 7 -4 6 -4 6 -4 6 -4 6 -4 6 -5 5 -5 5 -5 5 -5 0 0 0 0 0 0 0 0 0 0 -1 -1 -1 -1 0 0 0 0 18 -21 18 -20 22 -13 22 -14 23 -11 23 -12 24 -11 24 -10 24 -10 23 -8 24 -9 23 -9 24 -9 22 -8 22 -8 22 -8 22 -6 22 -7 23 -6 21 -5 20 -6 20 -6 19 -6 21 -6 18 -6 18 -6 18 -6 18 -7 -1 -1 15 -7 18 -7 16 -7 16 -8 14 -7 15 -9 13 -8 13 -8 14 -9 14 -10 13 -9 12 -10 12 -10 11 -10 11 -9 10 -10 11 -10 10 -10 10 -10 10 -10 10 -10 9 -10 8 -10 8 -10 8 -11 7 -11 5 -12 5 -13 -1 -1 -1 -1 -1 -1 ]
CSI_DATA,STA,08:3A:F2:51:5D:9D,-51,11,1,1,1,1,1,0,0,0,0,-93,0,6,1,13185084,0,110,0,0,13.351511,384,[110 96 6 0 0 0 0 0 0 0 0 0 16 -20 16 -20 16 -21 20 -21 19 -20 18 -17 19 -17 18 -15 19 -16 19 -16 21 -16 21 -17 21 -16 21 -15 20 -12 21 -15 19 -14 19 -12 19 -12 17 -11 18 -10 18 -11 17 -9 17 -11 19 -12 16 -13 0 0 16 -12 13 -13 16 -14 14 -13 15 -11 13 -13 13 -12 11 -12 11 -12 8 -13 10 -14 10 -12 9 -13 9 -12 9 -13 8 -14 8 -15 5 -12 5 -13 5 -12 6 -13 5 -14 5 -14 4 -14 6 -14 4 -13 0 0 0 0 0 0 0 0 0 0 -1 -1 -1 -1 -22 8 -21 10 -18 10 -15 13 -18 4 -16 4 -17 6 -19 6 -15 8 -16 5 -15 7 -13 7 -17 7 -14 8 -15 6 -14 8 -15 8 -11 7 -11 7 -12 8 -10 10 -11 9 -7 7 -14 7 -13 7 -12 8 -12 8 -9 10 -11 9 -9 9 -8 14 -9 10 -10 9 -9 9 -7 7 -7 6 -6 7 -9 7 -7 4 -7 5 -8 6 -7 7 -6 6 -7 4 -6 5 -3 3 -5 4 -5 4 -3 2 -4 1 -1 0 -3 2 -1 -1 0 0 -3 -1 0 3 -3 0 0 0 0 0 -1 -1 -1 -1 -1 -1 -1 -1 -1 -1 0 0 0 0 0 0 -1 -1 13 -41 15 -40 15 -42 18 -43 19 -41 19 -38 21 -40 19 -37 22 -41 23 -37 25 -38 23 -39 23 -41 25 -38 25 -33 24 -33 23 -35 23 -34 20 -32 22 -31 23 -28 21 -30 22 -28 19 -31 22 -29 17 -30 8 -35 20 -29 16 -28 15 -29 14 -29 16 -29 14 -29 14 -28 11 -29 11 -28 6 -27 7 -28 8 -26 6 -29 7 -26 4 -26 4 -25 4 -29 3 -23 2 -24 1 -24 1 -23 0 -25 1 -24 1 -24 2 -24 1 -24 -11 -22 -8 -23 -10 -27 -11 -19 -1 -1 ]
CSI_DATA,STA,08:3A:F2:51:5D:9D,-51,11,1,1,1,1,1,0,0,0,0,-93,0,6,1,13189135,0,110,0,0,13.362910,384,[110 96 6 0 0 0 0 0 0 0 0 0 -14 -22 -13 -21 -15 -23 -14 -25 -13 -24 -10 -22 -11 -24 -9 -22 -10 -23 -9 -24 -9 -25 -9 -26 -8 -25 -7 -25 -6 -23 -9 -25 -7 -22 -6 -22 -7 -21 -6 -21 -5 -21 -6 -21 -4 -20 -6 -20 -6 -22 -7 -19 0 0 -7 -19 -9 -18 -9 -18 -9 -17 -7 -17 -9 -17 -8 -17 -9 -15 -10 -15 -10 -13 -10 -13 -9 -14 -10 -13 -10 -12 -10 -12 -11 -11 -12 -13 -11 -9 -11 -10 -11 -8 -11 -10 -11 -10 -12 -10 -12 -8 -11 -9 -11 -8 0 0 0 0 0 0 0 0 0 0 -1 -1 -1 -1 8 21 8 19 12 19 10 16 1 16 2 15 3 15 2 16 3 15 2 13 4 14 4 13 5 14 4 14 4 14 5 12 7 13 6 12 4 12 6 11 8 10 7 11 7 9 6 10 6 10 7 10 6 10 8 9 7 10 7 9 11 5 7 8 7 8 7 7 6 7 6 7 6 7 5 7 5 6 5 6 4 6 4 6 4 6 4 5 3 5 3 4 2 3 2 3 1 3 1 2 1 2 0 1 0 1 0 0 0 0 0 -1 -1 -2 0 0 -1 -1 -1 -1 -1 -1 -1 -1 -1 -1 -1 -1 -1 -1 0 0 0 0 -1 -1 -35 -23 -34 -23 -36 -24 -35 -27 -34 -27 -31 -26 -33 -28 -30 -27 -34 -29 -29 -31 -30 -34 -30 -31 -32 -32 -30 -32 -25 -31 -26 -30 -27 -28 -27 -29 -25 -26 -24 -29 -23 -27 -26 -26 -22 -27 -24 -26 -23 -30 -25 -24 -33 -15 -23 -24 -24 -21 -24 -19 -24 -19 -24 -19 -25 -18 -23 -19 -24 -16 -25 -16 -24 -14 -25 -14 -23 -15 -25 -12 -24 -12 -24 -9 -24 -9 -27 -9 -22 -7 -22 -6 -23 -6 -22 -6 -23 -5 -23 -6 -23 -6 -22 -5 -23 -5 -23 5 -25 9 -25 7 -22 11 -1 -1 ]
CSI_DATA,STA,08:3A:F2:51:5D:9D,-51,11,1,1,1,1,1,0,0,0,0,-93,0,6,1,13190481,0,110,0,0,13.373803,384,[110 96 6 0 0 0 0 0 0 0 0 0 18 17 17 16 19 17 18 20 18 19 15 18 15 19 14 18 14 19 14 20 14 22 15 22 14 21 12 21 10 20 14 21 11 19 11 19 11 18 10 18 10 18 11 19 8 17 10 17 11 19 11 16 0 0 11 16 12 14 12 15 12 13 10 14 11 13 11 14 11 11 12 12 11 9 12 10 11 10 12 10 12 8 12 8 13 7 14 8 12 6 12 6 12 5 12 6 12 6 12 6 12 4 12 6 11 4 0 0 0 0 0 0 0 0 0 0 -1 -1 -1 -1 -11 -21 -12 -20 -14 -18 -13 -15 -5 -18 -6 -17 -7 -17 -7 -17 -8 -16 -6 -14 -9 -15 -7 -13 -9 -15 -8 -15 -8 -15 -9 -13 -10 -14 -10 -13 -8 -13 -10 -11 -11 -10 -10 -11 -10 -9 -10 -11 -9 -11 -10 -9 -9 -11 -11 -9 -10 -11 -11 -9 -13 -6 -10 -8 -10 -8 -10 -7 -9 -7 -9 -8 -9 -7 -8 -7 -8 -7 -7 -6 -7 -6 -7 -6 -6 -6 -6 -6 -5 -6 -5 -4 -4 -5 -5 -4 -3 -3 -3 -3 -3 -2 -2 -2 -2 -2 -2 -2 -1 -1 0 0 0 0 0 0 -1 -1 -1 -1 -1 -1 -1 -1 -1 -1 -1 -1 -1 -1 0 0 0 0 -1 -1 39 15 38 16 41 16 39 19 40 20 36 19 39 21 35 20 40 22 35 25 36 28 36 25 38 25 36 26 30 25 33 24 32 22 33 23 28 20 30 23 27 22 31 21 26 22 29 21 29 25 28 19 34 10 27 19 27 16 27 15 27 14 27 14 27 13 26 14 26 11 27 10 25 9 27 9 26 10 27 7 26 7 25 3 24 4 28 3 23 2 23 1 24 1 23 1 24 -1 24 1 23 0 23 0 23 0 21 -8 23 -12 23 -10 20 -15 -1 -1 ]
CSI_DATA,STA,08:3A:F2:51:5D:9D,-51,11,1,1,1,1,1,0,0,0,0,-93,0,6,1,13192151,0,110,0,0,13.384089,384,[110 96 6 0 0 0 0 0 0 0 0 0 2 -26 3 -25 2 -27 5 -28 5 -27 5 -24 6 -25 7 -23 7 -24 8 -24 9 -25 8 -26 9 -24 9 -24 10 -21 9 -25 8 -21 9 -21 8 -20 8 -20 9 -20 8 -20 9 -18 8 -19 8 -21 6 -19 0 0 6 -19 5 -19 4 -19 3 -18 5 -17 4 -18 4 -19 3 -17 2 -18 1 -16 0 -17 2 -16 1 -16 -1 -16 0 -16 -2 -16 -2 -17 -3 -14 -2 -14 -3 -13 -2 -15 -3 -14 -3 -15 -4 -14 -2 -14 -3 -13 0 0 0 0 0 0 0 0 0 0 -1 -1 -1 -1 -15 17 -14 17 -11 19 -10 17 -15 12 -13 12 -12 13 -13 13 -11 13 -11 11 -10 13 -9 13 -9 14 -9 13 -10 13 -9 13 -8 15 -8 13 -8 12 -6 13 -5 13 -6 13 -4 12 -6 12 -6 12 -4 12 -5 12 -3 13 -5 13 -4 13 -2 13 -4 12 -3 12 -3 11 -3 11 -3 10 -2 10 -3 9 -3 9 -3 9 -3 8 -3 8 -3 7 -2 6 -2 5 -3 5 -2 4 -2 5 -2 3 -2 3 -2 3 -2 2 -1 1 -1 0 0 0 -1 0 0 -1 0 0 -1 -1 -1 -1 -1 -1 -1 -1 -1 -1 -1 -1 -1 -1 0 0 0 0 -1 -1 -6 -45 -6 -44 -7 -47 -3 -47 -3 -48 -1 -43 -1 -47 0 -44 0 -48 5 -46 6 -48 4 -47 3 -48 5 -47 7 -41 5 -43 3 -42 5 -43 3 -38 6 -40 6 -38 4 -39 6 -37 4 -38 8 -39 2 -37 -4 -37 4 -35 1 -35 -1 -34 -1 -33 -1 -33 -2 -33 -1 -33 -3 -31 -5 -32 -5 -29 -6 -30 -4 -29 -8 -29 -7 -29 -10 -27 -9 -26 -11 -28 -10 -24 -10 -23 -11 -23 -11 -23 -12 -23 -11 -24 -12 -23 -11 -22 -11 -22 -17 -17 -19 -18 -19 -18 -21 -14 -1 -1 ]
CSI_DATA,STA,08:3A:F2:51:5D:9D,-51,11,1,2,1,1,1,0,0,0,0,-93,0,6,1,13192585,0,110,0,0,13.394644,384,[110 96 6 0 0 0 0 0 0 0 0 0 21 -14 20 -14 21 -15 24 -14 23 -13 21 -11 22 -11 21 -10 22 -10 23 -9 25 -9 25 -10 24 -9 24 -8 22 -6 24 -9 21 -7 21 -7 20 -7 20 -7 20 -6 20 -7 19 -4 19 -6 21 -6 18 -7 0 0 18 -7 17 -9 17 -8 16 -9 16 -7 16 -9 17 -8 14 -8 14 -10 12 -10 13 -10 13 -9 13 -10 11 -10 12 -10 11 -11 12 -12 9 -11 9 -11 8 -11 9 -11 9 -11 9 -11 7 -12 9 -11 7 -11 0 0 0 0 0 0 0 0 0 0 -1 -1 -1 -1 -23 0 -23 1 -22 4 -20 5 -20 -1 -19 -1 -19 0 -19 -1 -17 0 -16 0 -17 2 -15 2 -17 3 -17 2 -17 2 -16 3 -17 3 -16 3 -15 2 -14 5 -13 6 -15 4 -13 5 -13 4 -13 4 -12 5 -13 4 -12 6 -13 5 -13 6 -11 8 -12 6 -12 5 -10 5 -10 5 -10 4 -10 4 -10 4 -9 4 -9 4 -9 4 -8 4 -8 2 -7 2 -7 1 -6 2 -6 2 -5 2 -5 1 -4 1 -4 1 -3 1 -2 0 -2 0 -1 0 -1 0 0 0 0 0 -1 -1 -1 -1 -1 -1 -1 -1 -1 -1 -1 -1 -1 -1 0 0 0 0 -1 -1 29 -38 27 -34 28 -36 32 -34 31 -33 30 -30 33 -32 31 -29 34 -34 36 -28 39 -29 36 -27 39 -30 38 -28 35 -22 33 -27 31 -27 35 -24 29 -23 31 -21 32 -21 29 -23 30 -19 30 -21 34 -20 28 -23 23 -29 28 -22 25 -23 23 -22 20 -22 22 -21 22 -22 22 -22 20 -22 19 -24 17 -21 17 -24 17 -22 16 -24 15 -24 13 -24 13 -23 12 -27 10 -22 9 -22 10 -22 8 -23 8 -23 9 -23 8 -23 8 -23 8 -22 1 -24 -1 -25 -1 -25 -6 -25 -1 -1 ]
CSI_DATA,STA,08:3A:F2:51:5D:9D,-51,11,1,2,1,1,1,0,0,0,0,-93,0,6,1,13192980,0,110,0,0,13.405181,384,[110 96 6 0 0 0 0 0 0 0 0 0 24 5 23 5 26 5 26 7 26 8 22 8 24 9 21 8 23 9 22 10 23 11 24 11 22 11 22 12 19 12 23 11 19 10 19 11 18 10 18 10 18 11 19 10 16 11 18 10 19 11 17 8 0 0 17 8 18 7 18 7 17 5 15 7 17 5 17 6 15 4 16 4 15 2 16 2 15 3 15 2 15 1 15 1 15 0 16 0 13 -1 14 -1 13 -2 14 0 14 -1 14 -1 13 -2 13 -1 12 -2 0 0 0 0 0 0 0 0 0 0 -1 -1 -1 -1 -17 -16 -17 -16 -19 -14 -17 -11 -14 -16 -13 -14 -14 -13 -13 -15 -13 -13 -12 -12 -13 -12 -12 -10 -14 -10 -14 -11 -14 -11 -14 -9 -15 -10 -14 -9 -13 -10 -14 -7 -14 -6 -14 -8 -14 -6 -13 -7 -12 -7 -13 -5 -12 -7 -13 -5 -13 -7 -14 -5 -14 -2 -12 -4 -13 -5 -12 -4 -11 -4 -11 -5 -11 -4 -10 -4 -10 -4 -9 -4 -9 -3 -8 -3 -8 -4 -7 -4 -7 -4 -6 -3 -5 -2 -6 -3 -4 -2 -3 -2 -3 -2 -2 -1 -2 -2 -2 -1 -1 -2 -1 0 -1 0 0 0 -1 -1 -1 -1 -1 -1 -1 -1 -1 -1 -1 -1 -1 -1 0 0 0 0 -1 -1 48 -4 44 -3 46 -4 46 0 46 0 42 2 46 3 42 3 47 2 45 8 47 9 44 8 48 9 46 10 39 11 42 6 40 4 41 10 37 6 37 9 36 9 36 6 34 10 36 8 38 11 35 6 36 -2 34 6 34 3 32 2 30 0 31 3 31 1 30 1 30 0 30 -2 26 -1 29 -3 28 -2 28 -4 27 -5 26 -7 25 -6 27 -9 22 -7 22 -9 22 -8 22 -10 22 -10 23 -9 23 -10 22 -10 21 -9 18 -15 18 -19 19 -17 14 -20 -1 -1 ]
CSI_DATA,STA,08:3A:F2:51:5D:9D,-51,11,1,1,1,1,1,0,0,0,0,-93,0,6,1,13194132,0,110,0,0,13.415412,384,[110 96 6 0 0 0 0 0 0 0 0 0 -26 0 -25 0 -28 0 -28 -2 -28 -2 -24 -3 -26 -3 -24 -4 -25 -4 -25 -5 -26 -6 -27 -6 -25 -6 -25 -7 -22 -7 -26 -5 -22 -5 -22 -6 -21 -5 -22 -5 -21 -6 -22 -5 -19 -7 -20 -6 -22 -6 -20 -4 0 0 -20 -3 -20 -2 -20 -2 -19 0 -17 -3 -19 -1 -19 -1 -17 0 -18 1 -16 2 -17 2 -16 1 -16 2 -15 3 -16 3 -15 4 -17 4 -13 5 -14 5 -12 6 -14 5 -13 5 -14 5 -12 6 -13 4 -12 5 0 0 0 0 0 0 0 0 0 0 -1 -1 -1 -1 21 6 22 5 21 2 19 0 16 7 15 6 16 5 16 6 16 4 14 4 16 3 14 2 16 1 15 3 15 3 15 1 16 0 15 1 13 1 14 -1 13 -3 14 -2 12 -2 13 -1 13 -1 13 -2 13 -1 13 -3 13 -1 12 -4 11 -6 12 -3 12 -2 11 -3 11 -4 10 -2 10 -3 9 -3 9 -3 9 -3 8 -3 8 -2 8 -1 7 -2 6 -1 6 -2 5 -2 4 -1 4 -1 3 -2 2 -1 2 -1 1 -1 1 0 0 -1 0 -1 -1 -2 0 0 -1 -1 -1 -1 -1 -1 -1 -1 -1 -1 -1 -1 -1 -1 0 0 0 0 -1 -1 -40 16 -39 15 -43 17 -43 14 -44 14 -40 10 -43 12 -41 10 -45 12 -45 6 -46 5 -44 7 -45 9 -45 7 -40 4 -42 7 -39 8 -41 7 -35 6 -39 4 -37 4 -38 6 -36 3 -37 6 -39 3 -35 7 -31 17 -34 6 -33 8 -31 9 -30 10 -30 9 -30 10 -29 9 -28 11 -28 13 -26 13 -26 14 -26 11 -25 14 -24 14 -21 16 -21 15 -23 18 -18 15 -17 16 -18 17 -18 16 -17 17 -19 17 -17 16 -17 16 -17 16 -10 21 -9 25 -9 23 -4 24 -1 -1 ]
CSI_DATA,STA,08:3A:F2:51:5D:9D,-45,11,0,0,0,0,0,0,0,0,0,-93,0,6,1,13197597,0,110,0,0,13.425731,128,[110 96 6 0 0 0 0 0 0 0 0 0 -3 -27 -2 -27 -2 -29 -2 -29 -1 -29 1 -26 1 -27 2 -25 1 -27 3 -27 2 -28 3 -29 2 -27 2 -26 3 -24 1 -27 3 -23 3 -23 3 -22 2 -22 2 -21 2 -23 3 -20 1 -21 1 -23 0 -21 0 0 -1 -20 -2 -21 -2 -20 -2 -20 -2 -17 -3 -19 -3 -19 -3 -17 -5 -18 -3 -17 -5 -18 -4 -16 -5 -16 -5 -16 -5 -16 -6 -16 -7 -16 -6 -15 -6 -14 -6 -14 -7 -14 -7 -14 -7 -14 -8 -13 -7 -13 -7 -12 0 0 0 0 0 0 0 0 0 0 ]
CSI_DATA,STA,08:3A:F2:51:5D:9D,-51,11,1,1,1,1,1,0,0,0,0,-93,0,6,1,13205370,0,110,0,0,13.429684,384,[110 96 6 0 0 0 0 0 0 0 0 0 -14 21 -14 20 -15 23 -17 22 -17 21 -15 18 -17 19 -17 17 -17 18 -18 17 -20 18 -19 19 -19 17 -19 16 -19 14 -19 18 -17 14 -18 14 -16 14 -17 13 -17 13 -17 14 -17 11 -16 13 -18 14 -15 13 0 0 -15 13 -14 14 -13 14 -12 14 -13 12 -12 13 -13 14 -11 13 -11 14 -8 13 -8 14 -9 12 -9 13 -7 13 -8 13 -6 14 -7 15 -5 13 -5 13 -4 13 -5 13 -5 13 -5 13 -3 13 -5 12 -3 12 0 0 0 0 0 0 0 0 0 0 -1 -1 -1 -1 18 -14 18 -15 15 -17 12 -15 16 -8 14 -8 14 -10 15 -9 14 -9 12 -8 13 -10 11 -10 12 -11 12 -10 13 -10 11 -11 11 -12 11 -11 10 -9 9 -11 7 -12 9 -12 7 -10 8 -11 9 -10 8 -11 8 -10 6 -12 9 -11 6 -12 2 -13 6 -11 6 -10 6 -10 5 -11 6 -9 6 -10 5 -9 5 -8 5 -8 4 -8 5 -8 5 -6 4 -6 4 -6 3 -6 2 -5 3 -5 2 -4 1 -4 2 -3 1 -2 1 -3 0 -2 0 -1 -1 -1 -1 -1 0 0 -1 -1 -1 -1 -1 -1 -1 -1 -1 -1 -1 -1 -1 -1 0 0 0 0 -1 -1 -8 42 -8 40 -8 44 -12 42 -12 44 -13 38 -14 42 -13 38 -15 43 -19 40 -20 40 -18 40 -18 42 -19 40 -20 33 -18 37 -16 35 -18 36 -16 31 -19 33 -17 31 -17 33 -18 31 -16 32 -20 32 -14 31 -3 35 -15 29 -13 30 -11 29 -10 29 -11 28 -10 29 -10 28 -8 27 -6 29 -5 26 -5 28 -7 27 -4 27 -4 26 0 26 -1 25 0 28 0 22 2 22 2 23 2 22 2 23 1 24 2 23 2 22 2 22 11 21 15 22 13 20 17 19 -1 -1 ]
CSI_DATA,STA,08:3A:F2:51:5D:9D,-51,11,1,1,1,1,1,0,0,0,0,-93,0,6,1,13207442,0,110,0,0,13.440197,384,[110 96 6 0 0 0 0 0 0 0 0 0 1 25 1 24 2 27 -1 27 -1 26 -2 23 -2 25 -3 23 -3 24 -4 24 -5 26 -4 26 -4 25 -5 25 -6 22 -5 26 -5 22 -6 21 -5 21 -5 20 -5 20 -5 21 -6 18 -4 20 -5 21 -3 19 0 0 -3 19 -2 19 -1 19 0 18 -2 17 -1 18 -1 18 0 16 1 17 2 15 3 16 1 15 3 15 3 14 3 15 4 14 5 15 5 12 5 13 6 12 5 13 5 12 5 13 7 12 5 12 6 10 0 0 0 0 0 0 0 0 0 0 -1 -1 -1 -1 1 -23 0 -23 -3 -23 -3 -20 6 -17 4 -16 3 -17 4 -17 3 -16 3 -15 2 -16 1 -15 1 -17 1 -16 2 -16 0 -15 -1 -16 -1 -16 0 -14 -1 -15 -3 -14 -2 -14 -4 -12 -3 -14 -2 -13 -4 -13 -2 -13 -5 -13 -3 -14 -4 -13 -9 -11 -4 -12 -4 -12 -4 -11 -4 -11 -4 -10 -4 -10 -4 -10 -3 -10 -3 -9 -3 -8 -2 -9 -2 -8 -2 -8 -2 -7 -2 -6 -1 -6 -2 -5 -1 -5 -1 -4 -1 -3 -1 -3 -1 -3 -1 -2 -1 -1 -1 -1 0 0 0 0 -1 -1 -1 -1 -1 -1 -1 -1 -1 -1 -1 -1 -1 -1 0 0 0 0 -1 -1 19 37 17 36 19 38 17 39 17 40 13 37 15 39 13 36 16 41 11 41 10 43 11 41 13 42 10 42 7 37 9 39 10 37 10 37 8 33 7 35 7 33 9 35 7 33 9 33 7 36 10 31 21 28 9 31 10 29 11 28 11 27 11 27 13 26 12 26 13 24 15 24 14 22 15 23 13 24 17 21 16 21 17 18 16 18 19 19 15 15 17 14 18 14 17 14 18 13 18 15 18 15 17 14 18 13 23 6 27 4 26 3 25 -1 -1 -1 ]
CSI_DATA,STA,08:3A:F2:51:5D:9D,-51,11,1,1,1,1,1,0,0,0,0,-93,0,6,1,13209822,0,110,0,0,13.450310,384,[110 96 6 0 0 0 0 0 0 0 0 0 20 14 19 15 21 15 21 18 20 17 17 16 18 18 16 16 17 18 16 18 17 20 17 19 17 19 15 20 13 19 17 19 14 18 13 18 13 17 12 17 12 17 13 17 10 16 12 16 13 17 13 14 0 0 13 14 13 13 14 13 13 11 12 12 13 12 13 12 12 10 14 10 13 7 14 8 13 8 13 8 13 6 13 7 14 5 15 6 13 4 13 4 12 3 13 4 13 4 13 4 13 2 12 4 12 2 0 0 0 0 0 0 0 0 0 0 -1 -1 -1 -1 -18 -16 -18 -15 -20 -13 -17 -10 -9 -15 -10 -14 -11 -14 -10 -15 -10 -13 -9 -12 -11 -12 -10 -10 -11 -11 -12 -11 -11 -11 -11 -10 -13 -10 -12 -10 -10 -9 -11 -8 -12 -7 -12 -8 -12 -6 -12 -7 -10 -7 -12 -6 -11 -7 -12 -5 -12 -7 -12 -5 -14 -1 -11 -5 -11 -5 -11 -4 -10 -5 -10 -5 -10 -5 -9 -4 -9 -4 -8 -4 -8 -4 -7 -4 -7 -4 -7 -4 -6 -4 -5 -3 -5 -3 -5 -3 -3 -2 -3 -2 -3 -1 -2 -2 -2 -2 -2 -1 -1 -1 0 0 0 0 0 0 -1 -1 -1 -1 -1 -1 -1 -1 -1 -1 -1 -1 -1 -1 0 0 0 0 -1 -1 40 6 38 7 41 6 41 10 41 9 36 10 39 10 36 9 41 11 38 14 39 17 39 15 41 14 39 16 33 16 35 15 35 13 35 14 31 12 32 14 30 13 32 12 30 13 31 13 32 15 30 10 35 -2 29 11 28 9 28 7 27 7 28 6 28 5 26 6 26 2 27 3 25 1 27 2 26 3 26 0 25 0 24 -3 23 -2 26 -4 21 -4 21 -5 21 -6 20 -5 21 -6 22 -5 22 -5 20 -5 21 -6 17 -16 19 -19 18 -19 14 -21 -1 -1 ]
CSI_DATA,STA,08:3A:F2:51:5D:9D,-51,11,1,1,1,1,1,0,0,0,0,-93,0,6,1,13241235,0,110,0,0,13.460697,384,[110 96 6 0 0 0 0 0 0 0 0 0 -10 -24 -10 -23 -11 -25 -9 -27 -9 -26 -7 -24 -7 -25 -6 -24 -6 -25 -5 -24 -5 -27 -5 -27 -5 -26 -4 -25 -2 -24 -5 -26 -3 -23 -2 -23 -3 -22 -3 -22 -3 -21 -3 -22 -1 -20 -3 -21 -3 -23 -4 -20 0 0 -4 -20 -6 -19 -6 -19 -6 -18 -4 -18 -6 -18 -6 -18 -6 -16 -7 -16 -8 -14 -8 -15 -7 -15 -8 -14 -8 -13 -8 -14 -10 -13 -10 -14 -10 -11 -9 -11 -10 -9 -9 -11 -10 -11 -10 -11 -11 -10 -9 -11 -9 -9 0 0 0 0 0 0 0 0 0 0 -1 -1 -1 -1 4 21 6 21 8 21 7 18 -2 16 -1 15 0 16 -1 17 0 15 0 14 2 15 2 14 3 15 3 14 2 15 3 14 5 14 5 14 3 12 4 12 5 12 5 12 6 11 4 11 4 11 6 11 4 10 7 10 5 11 6 10 9 8 6 10 6 9 6 9 5 9 5 8 5 8 5 8 4 7 4 7 3 7 3 7 3 6 3 5 3 5 2 4 2 4 2 4 1 3 1 2 1 2 0 1 0 1 0 1 0 0 0 -1 -1 -1 -1 -1 -1 -1 -1 -1 -1 -1 -1 -1 -1 -1 -1 -1 -1 -1 -1 -1 0 0 0 0 -31 -29 -31 -29 -31 -31 -31 -33 -29 -33 -26 -32 -28 -32 -27 -31 -29 -35 -24 -35 -25 -38 -25 -35 -28 -36 -25 -36 -20 -34 -21 -35 -23 -33 -21 -33 -20 -30 -19 -32 -19 -30 -21 -31 -18 -29 -20 -30 -19 -32 -21 -26 -30 -20 -20 -27 -20 -26 -21 -24 -20 -23 -21 -23 -21 -22 -21 -21 -22 -20 -22 -20 -21 -17 -22 -18 -21 -18 -23 -16 -22 -16 -22 -13 -23 -13 -25 -14 -21 -11 -21 -10 -22 -9 -21 -9 -22 -9 -22 -9 -22 -9 -21 -9 -22 -9 -24 1 -27 4 -26 4 -24 6 -1 -1 ]
CSI_DATA,STA,08:3A:F2:51:5D:9D,-51,11,1,1,1,1,1,0,0,0,0,-93,0,6,1,13264034,0,110,0,0,13.471521,384,[110 96 6 0 0 0 0 0 0 0 0 0 -25 3 -24 3 -26 4 -27 1 -27 1 -23 0 -25 0 -24 -1 -25 -1 -25 -2 -26 -3 -26 -3 -26 -3 -25 -4 -23 -5 -26 -3 -22 -4 -23 -4 -21 -3 -21 -4 -21 -4 -22 -4 -19 -5 -20 -4 -22 -4 -20 -2 0 0 -20 -2 -20 -1 -19 -1 -19 1 -17 -2 -18 0 -19 -1 -17 0 -17 1 -16 3 -16 3 -16 1 -16 2 -15 3 -15 3 -14 5 -16 4 -13 5 -13 5 -12 5 -13 5 -13 5 -14 5 -12 6 -13 5 -11 5 0 0 0 0 0 0 0 0 0 0 -1 -1 -1 -1 20 6 21 5 20 3 19 0 16 7 14 5 16 5 15 6 15 5 13 4 15 3 14 3 15 1 15 3 15 4 14 2 15 1 15 1 13 2 14 0 13 -2 14 -1 12 -2 13 -1 12 0 12 -2 12 -1 12 -3 13 0 12 -3 11 -5 11 -3 11 -2 11 -3 11 -3 10 -2 10 -2 9 -2 9 -2 8 -2 8 -2 8 -1 8 0 7 -1 6 -1 5 -2 4 -1 5 -1 3 -1 3 -1 2 -1 1 -1 1 -1 0 -1 0 0 0 -1 -1 -1 -1 -1 -1 -1 -1 -1 -1 -1 -1 -1 -1 -1 -1 -1 -1 -1 -1 -1 0 0 0 0 -40 18 -39 16 -42 19 -42 15 -45 16 -39 12 -43 14 -39 11 -45 14 -45 7 -46 6 -45 8 -46 9 -45 7 -40 4 -42 8 -39 8 -42 8 -35 6 -39 5 -36 5 -38 7 -36 4 -36 6 -39 3 -35 7 -33 15 -34 6 -32 8 -31 9 -30 10 -30 8 -29 11 -30 9 -27 11 -28 13 -26 12 -26 12 -27 11 -25 14 -24 13 -21 16 -21 15 -23 18 -18 14 -17 16 -17 17 -17 15 -17 17 -19 16 -18 16 -18 15 -16 16 -10 21 -10 23 -9 22 -4 24 -1 -1 ]
CSI_DATA,STA,08:3A:F2:51:5D:9D,-51,11,1,1,1,1,1,0,0,0,0,-93,0,6,1,13312691,0,110,0,0,13.481872,384,[110 96 6 0 0 0 0 0 0 0 0 0 15 16 15 16 16 17 15 19 14 18 12 17 13 18 11 17 12 18 11 18 12 20 12 20 12 19 10 19 9 18 11 19 9 17 8 17 9 17 8 16 8 17 9 17 6 16 9 15 10 17 9 14 0 0 9 14 10 13 10 14 10 12 8 13 9 11 10 13 9 10 10 11 10 9 11 9 10 9 11 10 10 7 10 8 10 6 12 8 11 6 10 6 10 4 10 6 10 5 10 6 11 3 10 5 9 4 0 0 0 0 0 0 0 0 0 0 -1 -1 -1 -1 -11 -17 -10 -17 -18 -16 -10 -14 -7 -15 -7 -13 -6 -13 -6 -15 -6 -13 -7 -12 -7 -13 -6 -12 -8 -12 -8 -12 -8 -13 -9 -11 -9 -10 -7 -12 -8 -10 -8 -10 -8 -9 -8 -9 -10 -8 -10 -9 -7 -8 -9 -8 -8 -8 -11 -7 -7 -9 -9 -7 -12 -5 -8 -6 -7 -7 -8 -6 -7 -6 -8 -5 -8 -7 -6 -5 -9 -7 -6 -5 -7 -5 -5 -5 -5 -5 -6 -4 -4 -6 -3 -5 -4 -4 -4 -3 -3 -2 -2 -2 -3 -3 -1 0 -1 -1 -2 0 0 -2 -2 1 -2 0 0 0 0 0 -1 -1 -1 -1 -1 -1 -1 -1 -1 -1 0 0 0 0 -1 -1 -1 -1 33 12 33 12 34 13 34 16 33 16 30 16 33 17 30 16 33 18 31 20 32 22 31 19 33 20 31 20 26 21 28 20 28 18 27 19 25 17 25 18 23 19 26 18 23 17 26 17 25 20 24 14 30 5 25 16 23 13 23 12 22 11 24 11 23 11 21 11 22 8 23 9 20 7 23 7 22 7 23 6 23 5 21 1 21 3 23 2 20 3 19 0 21 -1 19 1 21 0 20 0 21 -1 19 -2 19 0 18 -11 19 -12 20 -12 16 -15 -1 -1 ]
CSI_DATA,STA,08:3A:F2:51:5D:9D,-51,11,1,2,1,1,1,0,0,0,0,-93,0,6,1,13313086,0,110,0,0,13.491900,384,[110 96 6 0 0 0 0 0 0 0 0 0 -1 25 -1 24 0 26 -3 27 -3 26 -4 23 -5 24 -5 23 -6 24 -6 23 -7 25 -7 25 -7 24 -8 24 -9 21 -8 25 -8 21 -8 20 -7 20 -8 19 -9 19 -8 20 -8 17 -7 19 -8 20 -6 19 0 0 -6 19 -5 18 -5 19 -3 17 -5 17 -4 17 -5 18 -3 16 -3 17 -1 15 0 16 -2 15 -1 15 0 15 0 14 1 15 1 16 2 14 2 14 2 13 1 14 2 13 2 13 4 13 1 13 3 12 0 0 0 0 0 0 0 0 0 0 -1 -1 -1 -1 12 -19 10 -19 8 -22 8 -19 12 -15 11 -14 9 -15 11 -15 9 -14 9 -13 8 -15 7 -13 7 -15 7 -14 8 -15 6 -14 7 -16 6 -15 6 -13 4 -14 3 -15 6 -14 3 -14 3 -13 4 -13 3 -12 4 -12 2 -13 4 -13 2 -14 -2 -13 2 -13 2 -13 1 -12 1 -11 2 -11 2 -11 1 -10 1 -9 2 -10 2 -9 2 -9 1 -8 2 -8 1 -7 2 -7 1 -6 1 -6 1 -4 1 -4 1 -3 1 -3 0 -2 0 -2 -1 -1 -1 -1 -1 0 0 0 0 0 -1 -1 -1 -1 -1 -1 -1 -1 -1 -1 0 0 0 0 -1 -1 -1 -1 14 44 13 41 13 42 10 45 9 43 7 40 8 44 6 40 7 45 3 43 2 47 2 44 2 48 1 46 -2 41 2 41 3 40 -2 41 1 37 -1 36 -2 37 0 36 -3 34 -1 36 -3 38 2 35 11 33 0 34 2 33 3 32 4 27 3 31 4 30 3 29 5 28 7 29 6 24 8 27 7 25 9 26 9 25 10 23 9 24 12 25 10 21 11 20 10 21 12 19 12 19 11 20 13 20 12 19 11 19 18 14 22 14 21 14 22 11 -1 -1 ]
CSI_DATA,STA,08:3A:F2:51:5D:9D,-51,11,1,2,1,1,1,0,0,0,0,-93,0,6,1,13313887,0,110,0,0,13.501702,384,[110 96 6 0 0 0 0 0 0 0 0 0 -25 -5 -24 -5 -27 -5 -27 -8 -26 -8 -23 -9 -24 -9 -23 -9 -23 -10 -23 -11 -24 -12 -24 -12 -24 -12 -23 -12 -20 -13 -24 -12 -20 -12 -19 -12 -19 -10 -18 -12 -18 -11 -19 -12 -17 -11 -18 -11 -20 -13 -18 -9 0 0 -18 -11 -19 -7 -19 -8 -17 -7 -16 -9 -16 -8 -17 -8 -17 -6 -17 -6 -15 -4 -17 -3 -15 -4 -16 -4 -16 -3 -15 -4 -16 -1 -16 -2 -14 0 -14 -1 -14 0 -15 -1 -14 -1 -14 0 -15 0 -13 -1 -14 0 0 0 0 0 0 0 0 0 0 0 -1 -1 -1 -1 18 14 18 10 20 10 17 7 12 13 10 10 12 10 13 12 11 10 11 9 12 9 12 8 11 9 11 8 12 9 12 7 13 9 13 7 12 9 12 6 13 3 11 7 11 5 10 5 11 6 10 5 10 6 12 3 11 4 12 3 12 -1 12 4 10 5 11 2 8 2 9 4 9 3 9 3 8 3 7 2 6 3 6 3 6 3 5 3 6 1 3 1 4 1 5 0 3 2 2 2 4 0 2 1 0 0 1 0 1 0 -1 0 0 0 0 0 0 0 -1 -1 -1 -1 -1 -1 -1 -1 -1 -1 0 0 0 0 -1 -1 -1 -1 -45 10 -43 9 -43 7 -47 6 -43 3 -42 3 -44 3 -41 2 -45 2 -43 -2 -46 -3 -43 -1 -48 -2 -46 -3 -40 -5 -41 -3 -40 0 -39 -7 -37 -3 -36 -5 -36 -4 -35 -3 -33 -6 -36 -3 -37 -7 -36 -2 -34 10 -35 -4 -34 -2 -33 0 -28 -1 -31 0 -30 0 -30 0 -31 1 -29 4 -25 1 -27 6 -27 3 -27 5 -27 7 -25 7 -25 7 -25 8 -21 9 -22 9 -20 8 -22 10 -20 10 -21 9 -23 10 -21 9 -22 8 -17 15 -15 21 -17 22 -11 18 -1 -1 ]
CSI_DATA,STA,08:3A:F2:51:5D:9D,-51,11,1,1,1,1,1,0,0,0,0,-93,0,6,1,13320008,0,110,0,0,13.512023,384,[110 96 6 0 0 0 0 0 0 0 0 0 1 -23 2 -22 1 -24 4 -25 4 -24 4 -21 5 -22 5 -21 6 -22 6 -21 7 -23 7 -23 7 -22 8 -21 8 -19 7 -22 7 -19 8 -18 6 -18 7 -18 7 -18 7 -18 7 -16 6 -18 7 -19 6 -17 0 0 6 -17 3 -17 4 -17 3 -17 4 -15 3 -16 4 -16 3 -16 2 -15 0 -14 0 -15 2 -14 0 -14 0 -15 1 -14 -1 -14 -1 -14 -2 -12 -2 -12 -2 -12 -1 -13 -2 -14 -3 -13 -4 -12 -2 -13 -3 -11 0 0 0 0 0 0 0 0 0 0 -1 -1 -1 -1 -13 13 -15 14 -15 15 -11 16 -14 10 -13 10 -11 10 -14 12 -10 11 -11 10 -10 11 -9 11 -10 12 -10 10 -10 11 -9 11 -9 12 -8 11 -8 10 -7 10 -5 11 -7 10 -6 11 -6 10 -7 9 -5 11 -7 10 -4 11 -6 10 -5 12 -5 12 -5 11 -4 11 -5 9 -3 9 -4 9 -3 8 -4 10 -3 7 -3 7 -4 8 -4 7 -3 7 -2 7 -3 5 -4 5 -4 5 -4 4 -3 3 -1 2 -2 3 -2 1 -1 0 -2 -2 0 1 -2 0 0 0 0 0 0 0 -1 -1 -1 -1 -1 -1 -1 -1 -1 -1 0 0 0 0 -1 -1 -1 -1 -5 -40 -5 -41 -5 -42 -2 -43 -2 -43 0 -39 0 -43 2 -40 1 -44 5 -41 6 -43 4 -42 4 -44 5 -42 8 -37 6 -39 4 -38 7 -38 5 -35 7 -36 7 -34 6 -36 7 -33 4 -35 8 -36 4 -33 -3 -33 4 -33 2 -31 0 -31 1 -30 0 -30 -1 -29 1 -30 -2 -29 -2 -29 -5 -26 -4 -28 -1 -26 -5 -26 -5 -26 -7 -24 -8 -24 -7 -26 -8 -22 -7 -21 -8 -20 -9 -20 -10 -21 -9 -21 -9 -22 -9 -21 -9 -21 -13 -14 -14 -18 -16 -16 -17 -14 -1 -1 ]
CSI_DATA,STA,08:3A:F2:51:5D:9D,-51,11,1,2,1,1,1,0,0,0,0,-93,0,6,1,13320744,0,110,0,0,13.522428,384,[110 96 6 0 0 0 0 0 0 0 0 0 22 12 21 12 22 12 23 15 21 15 18 14 19 15 18 15 18 16 18 16 19 18 19 17 18 17 17 17 15 17 18 18 15 16 14 16 14 15 13 15 13 16 14 16 11 15 14 15 14 16 14 13 0 0 13 13 14 12 14 12 14 11 12 12 13 11 14 11 13 9 14 9 13 7 14 7 13 8 13 7 13 6 13 7 14 5 15 6 13 4 13 4 12 3 13 4 13 4 13 4 13 2 12 3 12 2 0 0 0 0 0 0 0 0 0 0 -1 -1 -1 -1 -7 -22 -8 -22 -11 -20 -10 -17 -6 -20 -6 -18 -7 -18 -6 -19 -7 -17 -6 -15 -8 -16 -7 -14 -9 -15 -8 -15 -8 -16 -9 -14 -10 -16 -9 -15 -8 -14 -10 -12 -11 -11 -9 -13 -11 -11 -9 -12 -9 -12 -10 -10 -8 -11 -11 -10 -10 -12 -11 -10 -11 -8 -10 -10 -10 -10 -10 -9 -8 -8 -8 -9 -8 -9 -8 -8 -8 -8 -7 -8 -6 -7 -6 -7 -6 -7 -6 -7 -4 -6 -5 -5 -4 -5 -4 -5 -3 -4 -3 -3 -2 -3 -2 -3 -2 -2 -2 -2 -1 -2 -1 0 -1 1 0 0 0 0 -1 -1 -1 -1 -1 -1 -1 -1 -1 -1 0 0 0 0 -1 -1 -1 -1 46 13 42 13 44 14 44 18 42 18 39 17 42 20 38 19 43 20 39 23 41 26 38 24 42 26 39 26 33 25 37 21 36 20 34 25 33 20 30 22 30 23 31 20 27 22 30 21 31 25 31 18 32 13 29 19 30 16 29 15 26 12 27 15 28 14 28 13 28 12 28 10 24 9 28 8 26 9 28 7 27 6 27 4 25 5 28 4 23 2 24 1 23 2 24 0 24 0 24 1 25 0 23 0 22 0 23 -4 24 -9 24 -8 22 -11 -1 -1 ]
CSI_DATA,STA,08:3A:F2:51:5D:9D,-51,11,1,2,1,1,1,0,0,0,0,-93,0,6,1,13321159,0,110,0,0,13.532667,384,[110 96 6 0 0 0 0 0 0 0 0 0 3 24 2 24 3 26 1 28 1 26 -1 24 -1 25 -2 24 -3 24 -3 24 -4 25 -3 26 -4 25 -5 24 -6 22 -4 25 -4 22 -5 21 -4 21 -5 20 -5 20 -5 21 -6 18 -4 20 -5 21 -3 19 0 0 -3 19 -2 19 -2 19 -1 18 -3 17 -2 17 -2 18 -1 16 0 17 1 15 2 16 1 15 2 15 3 14 2 14 4 14 3 16 4 13 4 13 4 12 3 13 4 13 4 13 6 12 4 12 5 11 0 0 0 0 0 0 0 0 0 0 -1 -1 -1 -1 9 -21 8 -21 6 -22 4 -20 9 -18 8 -16 7 -17 8 -17 6 -15 6 -14 6 -16 6 -14 5 -16 5 -16 6 -16 4 -15 4 -17 3 -16 4 -15 2 -15 0 -15 3 -15 0 -14 1 -14 2 -14 0 -13 2 -13 0 -14 1 -14 0 -14 -4 -13 0 -13 -1 -13 -1 -12 -1 -11 0 -12 0 -11 0 -11 0 -10 1 -10 1 -8 0 -9 0 -8 0 -8 0 -7 0 -6 0 -6 0 -6 0 -4 0 -4 1 -3 0 -3 0 -3 -1 -2 -1 -2 -1 -1 -1 0 0 0 0 0 -1 -1 -1 -1 -1 -1 -1 -1 -1 -1 0 0 0 0 -1 -1 -1 -1 20 41 18 39 19 40 16 43 15 42 13 39 13 43 10 40 13 44 8 43 8 46 8 43 9 47 7 45 3 41 8 41 9 39 4 41 6 37 3 37 3 37 6 36 1 34 5 35 2 38 7 35 15 32 5 34 8 32 8 30 8 27 7 30 8 29 7 28 9 27 10 27 8 24 12 26 10 24 13 24 13 23 14 21 13 22 16 22 13 19 14 18 13 19 14 17 15 17 14 18 16 18 15 17 14 17 19 12 24 10 22 11 22 7 -1 -1 ]
CSI_DATA,STA,08:3A:F2:51:5D:9D,-51,11,1,2,1,1,1,0,0,0,0,-93,0,6,1,13321788,0,110,0,0,13.542456,384,[110 96 6 0 0 0 0 0 0 0 0 0 -24 9 -24 8 -25 9 -27 8 -26 7 -24 5 -25 5 -24 4 -25 4 -25 3 -27 3 -27 3 -25 2 -25 1 -24 0 -26 2 -23 1 -22 1 -22 1 -22 0 -22 0 -22 0 -20 -1 -21 1 -23 0 -20 2 0 0 -20 1 -19 3 -20 3 -18 4 -18 1 -18 3 -19 3 -17 3 -17 4 -15 5 -16 6 -15 4 -15 5 -14 6 -15 6 -14 7 -15 7 -12 7 -12 7 -11 7 -13 7 -12 7 -12 7 -11 8 -12 7 -10 7 0 0 0 0 0 0 0 0 0 0 -1 -1 -1 -1 20 7 21 5 21 3 19 2 18 6 16 5 16 4 17 6 15 4 14 4 16 3 15 3 16 2 15 2 16 3 15 1 16 2 16 1 14 2 14 -1 14 -3 14 0 13 -2 12 -1 13 0 12 -2 12 0 12 -2 14 0 13 -3 12 -5 12 -2 12 -2 11 -2 10 -3 10 -1 10 -1 10 -1 9 -1 9 -1 8 -2 8 -1 7 0 7 -1 6 0 6 -1 5 -1 4 -1 4 -1 3 -1 2 0 2 0 1 0 1 -1 0 -1 0 -1 -1 -1 0 0 0 0 -1 -1 -1 -1 -1 -1 -1 -1 -1 -1 0 0 0 0 -1 -1 -1 -1 -39 28 -37 25 -38 26 -41 24 -40 22 -38 20 -42 21 -39 18 -42 21 -43 16 -46 16 -43 16 -47 17 -45 16 -41 11 -40 15 -39 16 -41 12 -37 13 -37 10 -38 9 -36 12 -35 8 -36 10 -39 9 -35 12 -31 19 -34 11 -32 14 -30 14 -27 13 -30 12 -29 13 -28 13 -28 14 -27 16 -24 13 -25 17 -24 14 -23 17 -22 16 -21 18 -21 17 -21 20 -18 17 -16 17 -17 16 -16 18 -16 18 -17 17 -16 18 -16 18 -15 17 -10 21 -9 24 -9 23 -5 24 -1 -1 ]
CSI_DATA,STA,08:3A:F2:51:5D:9D,-51,11,1,1,1,1,1,0,0,0,0,-93,0,6,1,13323031,0,110,0,0,13.552675,384,[110 96 6 0 0 0 0 0 0 0 0 0 22 -12 21 -11 23 -13 25 -11 25 -11 22 -8 24 -8 22 -7 23 -7 24 -6 25 -6 25 -6 25 -6 24 -5 22 -3 25 -6 21 -4 22 -3 20 -4 21 -3 21 -2 21 -3 19 -1 20 -3 22 -3 19 -4 0 0 19 -4 18 -5 18 -6 17 -7 16 -4 17 -5 17 -5 15 -6 16 -6 14 -7 14 -8 14 -6 14 -7 13 -8 13 -8 12 -9 13 -9 10 -9 11 -9 10 -9 11 -9 11 -9 11 -9 10 -10 10 -8 9 -9 0 0 0 0 0 0 0 0 0 0 -1 -1 -1 -1 -23 2 -23 3 -21 5 -19 7 -18 -3 -17 -2 -17 -2 -17 -3 -16 -1 -15 -1 -16 0 -15 0 -16 1 -16 0 -17 0 -16 1 -16 2 -15 1 -14 0 -14 3 -13 4 -14 3 -12 4 -13 3 -13 2 -12 4 -13 3 -13 4 -13 2 -12 5 -10 8 -12 4 -11 3 -11 4 -11 4 -10 3 -10 3 -10 2 -9 2 -9 3 -9 2 -9 2 -8 1 -7 1 -7 1 -6 1 -6 0 -6 0 -5 1 -4 0 -4 0 -3 0 -2 0 -2 -1 -1 -1 -2 -1 0 -1 0 0 0 0 -1 -1 -1 -1 -1 -1 -1 -1 -1 -1 0 0 0 0 -1 -1 -1 -1 25 -33 25 -31 26 -34 28 -32 29 -33 28 -28 30 -31 28 -27 30 -31 34 -26 36 -26 34 -26 35 -28 34 -26 32 -21 31 -23 29 -24 32 -24 27 -21 30 -21 28 -19 28 -21 29 -18 29 -21 32 -19 26 -21 19 -31 26 -19 24 -20 22 -21 22 -20 21 -20 21 -21 21 -20 19 -21 18 -22 16 -20 18 -22 18 -20 16 -23 16 -21 12 -22 12 -22 13 -24 10 -20 9 -21 9 -21 9 -20 8 -22 11 -22 10 -22 9 -20 9 -21 -1 -24 -3 -26 -2 -25 -7 -25 -1 -1 ]
CSI_DATA,STA,08:3A:F2:51:5D:9D,-51,11,1,2,1,1,1,0,0,0,0,-93,0,6,1,13328637,0,110,0,0,13.563148,384,[110 96 6 0 0 0 0 0 0 0 0 0 18 -17 17 -16 19 -19 21 -17 21 -17 19 -14 20 -14 19 -13 21 -13 21 -13 22 -13 22 -14 22 -13 22 -12 20 -9 23 -13 19 -9 20 -10 18 -9 19 -9 19 -9 19 -9 18 -7 18 -9 19 -11 17 -10 0 0 17 -10 17 -11 16 -10 15 -12 14 -9 14 -11 15 -10 13 -10 13 -11 11 -11 11 -12 11 -10 11 -11 9 -12 10 -13 9 -12 10 -14 7 -12 7 -12 6 -11 7 -12 7 -13 7 -13 6 -13 7 -13 5 -11 0 0 0 0 0 0 0 0 0 0 -1 -1 -1 -1 -23 -3 -24 -1 -23 5 -22 8 -21 -1 -18 1 -16 1 -18 -2 -18 2 -16 2 -17 0 -16 3 -15 3 -17 3 -17 2 -17 4 -18 5 -15 6 -15 3 -13 7 -14 8 -13 6 -11 6 -11 6 -13 4 -11 8 -13 4 -11 8 -14 3 -13 7 -12 9 -10 7 -12 8 -9 8 -10 5 -11 5 -9 5 -9 4 -10 5 -9 6 -9 2 -8 3 -8 2 -7 3 -6 1 -6 1 -7 0 -6 2 -6 3 -5 2 -3 4 -1 1 -2 -4 0 0 -1 0 1 1 2 -1 0 0 0 0 -1 -1 -1 -1 -1 -1 -1 -1 -1 -1 0 0 0 0 -1 -1 -1 -1 27 -40 25 -36 27 -39 29 -36 30 -37 28 -32 31 -35 28 -31 31 -36 35 -32 36 -32 35 -30 38 -33 36 -30 33 -24 32 -30 30 -29 35 -29 28 -26 31 -23 30 -24 28 -26 29 -22 29 -23 32 -23 27 -26 23 -28 25 -23 25 -27 22 -23 21 -24 21 -22 21 -25 21 -23 18 -24 18 -27 16 -22 16 -26 16 -23 16 -25 14 -24 12 -26 11 -23 11 -29 8 -24 5 -24 8 -23 5 -23 7 -25 8 -25 7 -23 7 -24 7 -23 0 -24 1 -26 1 -21 -5 -26 -1 -1 ]
CSI_DATA,STA,08:3A:F2:51:5D:9D,-51,11,1,1,1,1,1,0,0,0,0,-93,0,6,1,13332157,0,110,0,0,13.573704,384,[110 96 6 0 0 0 0 0 0 0 0 0 10 22 10 22 11 23 9 26 9 25 7 22 7 24 6 22 6 23 5 24 4 25 5 26 4 25 3 24 2 22 4 25 2 22 2 22 2 21 2 21 2 21 2 21 0 19 2 20 2 22 3 19 0 0 3 19 4 19 4 19 5 17 3 17 5 17 4 18 5 15 5 16 6 14 7 14 5 14 6 14 7 13 7 13 8 12 8 14 8 11 8 11 8 10 7 11 8 11 8 11 9 10 7 10 8 9 0 0 0 0 0 0 0 0 0 0 -1 -1 -1 -1 -1 -23 -2 -23 -4 -22 -5 -19 3 -18 2 -17 1 -18 2 -18 1 -17 1 -15 0 -16 0 -15 -2 -16 -1 -17 0 -17 -2 -16 -3 -16 -2 -16 -1 -14 -3 -15 -4 -14 -4 -15 -5 -13 -4 -14 -3 -13 -4 -13 -3 -13 -5 -14 -3 -14 -5 -12 -7 -11 -4 -12 -5 -12 -5 -11 -4 -11 -4 -11 -4 -11 -4 -10 -4 -10 -3 -9 -3 -9 -2 -9 -2 -8 -2 -8 -2 -7 -2 -6 -2 -6 -2 -6 -1 -5 -1 -4 -1 -3 -1 -3 -1 -3 -1 -2 -1 -2 -1 0 -1 0 0 0 0 0 -1 -1 -1 -1 -1 -1 -1 -1 -1 -1 0 0 0 0 -1 -1 -1 -1 30 29 29 28 32 30 29 32 30 33 25 31 28 34 24 31 27 35 22 37 23 39 23 37 25 38 22 38 17 35 20 35 21 32 20 34 18 30 18 33 16 31 18 31 16 31 18 30 16 34 17 28 26 23 16 28 17 26 18 25 18 24 18 24 19 23 18 23 19 21 20 21 18 20 20 20 18 20 21 18 20 17 21 14 20 14 23 15 19 12 20 11 21 11 19 11 21 10 21 12 20 11 19 11 20 11 23 2 26 0 25 0 24 -4 -1 -1 ]
CSI_DATA,STA,08:3A:F2:51:5D:9D,-46,11,0,0,0,0,0,0,0,0,0,-93,0,6,1,13336396,0,110,0,0,13.583705,128,[110 96 6 0 0 0 0 0 0 0 0 0 -5 -30 -4 -29 -5 -31 -5 -32 -3 -31 -1 -28 -1 -30 0 -28 -1 -30 1 -30 0 -31 1 -31 1 -30 1 -29 3 -26 1 -30 3 -26 3 -26 3 -25 2 -25 2 -23 2 -25 3 -22 1 -23 1 -25 0 -23 0 0 0 -22 -1 -23 -1 -22 -2 -21 -2 -19 -2 -21 -3 -21 -3 -19 -4 -20 -3 -19 -4 -20 -3 -18 -4 -18 -5 -19 -4 -18 -5 -18 -6 -18 -6 -17 -5 -16 -6 -16 -6 -15 -7 -16 -6 -15 -7 -15 -6 -15 -6 -15 0 0 0 0 0 0 0 0 0 0 ]
CSI_DATA,STA,08:3A:F2:51:5D:9D,-51,11,1,1,1,1,1,0,0,0,0,-93,0,6,1,13424775,0,110,0,0,13.593336,384,[110 96 6 0 0 0 0 0 0 0 0 0 24 1 23 2 26 1 26 4 26 4 22 4 23 5 22 5 23 6 23 7 24 7 24 7 23 7 23 8 21 9 24 7 20 7 20 8 19 7 19 8 18 8 19 7 17 8 18 7 20 7 18 5 0 0 18 5 18 4 18 4 17 3 16 4 17 3 17 4 16 2 16 1 14 0 15 0 15 1 15 0 14 -1 15 -1 14 -3 15 -2 13 -3 13 -3 12 -4 13 -2 13 -3 13 -4 13 -5 12 -3 11 -4 0 0 0 0 0 0 0 0 0 0 -1 -1 -1 -1 -20 -10 -21 -9 -21 -7 -19 -5 -15 -11 -14 -10 -16 -10 -15 -10 -15 -8 -13 -8 -14 -7 -13 -6 -15 -6 -15 -7 -15 -7 -15 -6 -16 -5 -15 -6 -14 -6 -14 -4 -14 -2 -15 -3 -13 -2 -14 -3 -13 -4 -13 -2 -13 -3 -14 -1 -14 -3 -13 -1 -13 2 -13 -1 -12 -1 -12 -1 -12 0 -11 -1 -11 -1 -11 -1 -10 -1 -10 -1 -9 -1 -9 -2 -8 -3 -8 -2 -7 -2 -6 -1 -6 -1 -6 -1 -4 -1 -4 -1 -3 -1 -3 -1 -3 -1 -2 -1 -1 -1 -1 0 0 0 -1 -1 -1 -1 -1 -1 -1 -1 -1 -1 -1 -1 -1 -1 -1 -1 -1 -1 0 0 0 0 40 -12 39 -10 42 -13 42 -9 44 -9 39 -7 42 -7 39 -6 44 -7 43 -1 45 0 43 -2 45 -4 44 -2 38 1 40 -2 38 -3 40 -2 34 -2 37 0 34 1 36 -2 34 1 35 -1 37 2 33 -3 33 -12 32 -2 31 -4 30 -5 29 -6 29 -5 29 -7 29 -5 27 -8 28 -9 25 -8 26 -9 26 -7 26 -10 25 -11 22 -13 22 -12 23 -15 19 -12 18 -14 19 -14 18 -13 19 -15 20 -14 19 -14 18 -13 18 -15 12 -20 12 -23 12 -22 7 -24 -1 -1 ]
CSI_DATA,STA,08:3A:F2:51:5D:9D,-51,11,1,1,1,1,1,0,0,0,0,-93,0,6,1,13572075,0,110,0,0,13.738519,384,[110 96 6 0 0 0 0 0 0 0 0 0 5 -22 5 -22 5 -23 7 -24 7 -23 7 -20 9 -21 8 -20 9 -21 9 -20 10 -21 10 -22 10 -21 11 -20 11 -18 10 -21 10 -18 10 -17 9 -17 10 -17 10 -16 10 -17 9 -14 9 -16 10 -18 7 -16 0 0 8 -16 6 -16 6 -17 5 -16 6 -14 5 -15 6 -16 4 -14 4 -15 3 -14 2 -15 3 -14 2 -14 1 -14 2 -14 0 -14 1 -15 -1 -13 0 -13 -1 -12 0 -13 0 -13 -1 -13 -2 -12 -1 -13 -2 -12 0 0 0 0 0 0 0 0 0 0 -1 -1 -1 -1 -11 17 -10 16 -7 18 -7 16 -11 10 -11 10 -10 10 -11 11 -9 10 -9 10 -8 11 -6 10 -8 11 -8 11 -8 11 -6 11 -6 12 -6 11 -6 10 -5 11 -4 12 -5 11 -3 10 -5 10 -5 10 -4 10 -4 10 -3 11 -4 10 -2 11 2 11 -3 10 -3 9 -2 9 -2 9 -3 9 -3 8 -3 8 -3 7 -3 7 -2 7 -2 7 -3 6 -2 5 -2 5 -2 4 -2 4 -2 4 -2 3 -2 3 -2 2 -2 1 -1 0 -1 0 -1 0 -1 0 -1 -1 -1 -1 -1 -1 -1 -1 -1 -1 -1 -1 -1 -1 -1 -1 -1 -1 -1 -1 0 0 0 0 -6 -37 -6 -38 -6 -39 -4 -41 -3 -39 -2 -37 -2 -39 -1 -36 -1 -41 2 -38 3 -40 1 -39 0 -41 2 -40 4 -36 4 -36 2 -36 3 -35 2 -32 4 -33 4 -32 2 -33 3 -30 2 -32 4 -33 0 -31 -11 -31 1 -31 0 -28 -1 -29 -1 -27 -2 -28 -2 -27 -2 -27 -4 -26 -4 -27 -5 -24 -6 -25 -5 -25 -7 -24 -7 -25 -8 -22 -9 -23 -9 -23 -9 -20 -9 -19 -10 -19 -10 -19 -10 -19 -10 -19 -10 -19 -10 -18 -11 -19 -16 -12 -20 -13 -20 -13 -19 -10 -1 -1 ]
CSI_DATA,STA,08:3A:F2:51:5D:9D,-51,11,1,1,1,1,1,0,0,0,0,-93,0,6,1,13591411,0,110,0,0,13.757916,384,[110 96 6 0 0 0 0 0 0 0 0 0 -22 14 -21 13 -22 15 -25 13 -24 13 -22 10 -23 11 -22 10 -23 10 -24 9 -25 9 -25 9 -25 8 -24 7 -23 5 -25 9 -22 6 -22 6 -21 6 -21 6 -21 5 -21 6 -20 4 -20 6 -22 6 -19 7 0 0 -19 7 -18 8 -18 8 -17 8 -17 6 -16 8 -17 8 -15 8 -15 9 -13 9 -13 10 -14 8 -13 9 -12 9 -12 9 -11 11 -13 11 -9 10 -9 10 -8 10 -10 10 -10 10 -10 11 -8 11 -9 10 -8 10 0 0 0 0 0 0 0 0 0 0 -1 -1 -1 -1 22 1 22 0 22 -2 19 -4 19 1 17 1 18 0 18 0 17 0 15 -1 17 -2 15 -2 16 -3 16 -2 16 -2 15 -4 16 -4 15 -4 14 -3 14 -5 13 -7 13 -5 12 -6 13 -5 12 -4 12 -6 13 -5 12 -7 13 -5 11 -7 10 -8 11 -6 11 -6 10 -6 10 -7 10 -5 10 -6 9 -5 8 -5 9 -5 8 -5 8 -4 8 -3 8 -3 6 -2 5 -3 5 -2 5 -2 3 -2 3 -2 3 -1 2 -1 1 -1 1 -1 0 0 0 -1 -1 -1 -1 -1 -1 -1 -1 -1 -1 -1 -1 -1 -1 -1 -1 -1 -1 -1 -1 -1 0 0 0 0 -32 32 -32 31 -33 34 -35 31 -37 32 -34 26 -37 29 -34 26 -38 30 -40 24 -43 24 -41 25 -41 26 -42 24 -37 19 -38 23 -36 23 -38 22 -33 20 -36 20 -34 18 -34 21 -34 17 -33 19 -37 17 -31 19 -28 23 -30 19 -28 19 -27 21 -26 20 -26 20 -25 21 -25 20 -23 21 -23 22 -21 21 -21 22 -22 21 -20 23 -18 22 -15 23 -15 22 -16 25 -13 21 -11 22 -11 23 -11 22 -10 23 -13 23 -12 22 -12 22 -10 22 -5 23 -4 26 -4 25 1 25 -1 -1 ]
CSI_DATA,STA,08:3A:F2:51:5D:9D,-51,11,1,1,1,1,1,0,0,0,0,-93,0,6,1,13591878,0,110,0,0,13.769015,384,[110 96 6 0 0 0 0 0 0 0 0 0 -25 -6 -24 -6 -27 -6 -26 -9 -26 -9 -22 -9 -24 -9 -23 -9 -23 -10 -23 -11 -24 -13 -24 -12 -23 -12 -22 -13 -20 -13 -24 -12 -20 -11 -20 -12 -19 -11 -19 -11 -19 -11 -20 -11 -17 -12 -18 -11 -20 -12 -18 -9 0 0 -18 -9 -19 -8 -18 -7 -18 -6 -16 -8 -18 -7 -18 -7 -16 -5 -17 -5 -16 -4 -16 -3 -15 -4 -16 -4 -15 -2 -16 -3 -15 -1 -18 -1 -14 0 -14 0 -14 1 -15 0 -14 0 -15 0 -14 1 -14 0 -13 1 0 0 0 0 0 0 0 0 0 0 -1 -1 -1 -1 12 18 14 19 15 16 14 13 10 16 9 14 11 13 11 15 11 13 10 12 12 12 11 10 12 11 12 12 11 12 12 11 13 10 12 9 10 9 13 8 12 6 12 7 12 5 12 7 11 7 12 6 11 7 13 4 12 7 12 5 12 4 11 5 12 5 11 4 11 4 10 4 10 4 9 4 8 4 8 4 8 4 7 4 7 4 6 3 6 3 5 3 4 3 5 3 3 2 2 1 2 2 1 1 1 1 1 0 0 1 -1 0 -1 -1 -1 -1 -1 -1 -1 -1 -1 -1 -1 -1 -1 -1 -1 -1 -1 -1 -1 -1 0 0 0 0 -47 -4 -45 -4 -49 -4 -48 -6 -50 -7 -43 -8 -48 -8 -43 -9 -49 -10 -46 -15 -46 -17 -46 -15 -48 -14 -46 -16 -40 -16 -43 -15 -41 -13 -42 -14 -37 -12 -39 -14 -37 -14 -39 -12 -36 -14 -37 -13 -38 -17 -36 -12 -36 -8 -34 -11 -35 -9 -34 -7 -33 -6 -32 -7 -33 -5 -32 -6 -32 -4 -33 -2 -30 -2 -32 -1 -30 -3 -31 0 -29 0 -29 3 -27 3 -31 5 -25 4 -25 5 -25 6 -25 6 -25 7 -26 5 -26 6 -25 5 -24 6 -21 9 -24 13 -22 12 -20 16 -1 -1 ]
CSI_DATA,STA,08:3A:F2:51:5D:9D,-51,11,1,1,1,1,1,0,0,0,0,-93,0,6,1,13592926,0,110,0,0,13.779649,384,[110 96 6 0 0 0 0 0 0 0 0 0 18 17 17 16 20 17 18 20 18 20 15 17 16 19 14 18 15 19 14 20 14 22 14 22 13 21 12 21 10 20 14 21 11 18 10 19 11 18 10 18 10 18 10 18 8 17 10 18 10 19 10 16 0 0 11 16 12 15 11 15 12 13 9 14 11 13 11 14 11 12 11 12 11 10 12 10 10 11 12 10 12 8 12 9 12 8 14 9 11 6 12 6 11 5 12 7 12 6 13 7 12 5 11 6 11 4 0 0 0 0 0 0 0 0 0 0 -1 -1 -1 -1 -16 -17 -15 -19 -17 -15 -16 -12 -7 -16 -7 -15 -8 -15 -8 -15 -8 -15 -6 -13 -8 -13 -8 -11 -10 -12 -9 -14 -8 -14 -9 -12 -10 -12 -10 -12 -8 -11 -9 -10 -10 -9 -11 -10 -10 -8 -10 -9 -9 -9 -10 -8 -10 -9 -11 -8 -10 -10 -11 -8 -13 -4 -9 -8 -10 -8 -9 -6 -10 -7 -9 -7 -9 -7 -8 -6 -8 -6 -7 -6 -7 -5 -7 -6 -6 -7 -6 -6 -5 -6 -5 -4 -4 -4 -5 -4 -3 -3 -3 -3 -3 -3 -2 -2 -2 -3 -1 -2 -1 -2 0 -1 0 0 -1 -1 -1 -1 -1 -1 -1 -1 -1 -1 -1 -1 -1 -1 -1 -1 -1 -1 0 0 0 0 39 10 36 9 40 10 38 12 40 13 34 13 38 14 34 13 39 14 37 19 37 22 36 20 39 19 36 20 30 19 34 18 31 16 34 17 28 15 30 18 27 16 30 15 28 17 29 16 30 20 28 15 35 3 27 14 27 12 26 11 26 10 25 10 27 8 25 10 25 7 27 5 24 5 25 6 25 8 26 4 25 4 23 1 23 2 27 0 20 0 21 -2 22 -1 20 -1 22 -3 23 -1 22 -1 21 -1 21 -2 19 -13 21 -16 20 -15 17 -19 -1 -1 ]
CSI_DATA,STA,08:3A:F2:51:5D:9D,-51,11,1,1,1,1,1,0,0,0,0,-93,0,6,1,13593593,0,110,0,0,13.789937,384,[110 96 6 0 0 0 0 0 0 0 0 0 -13 21 -13 20 -13 23 -16 22 -16 22 -15 18 -17 19 -16 18 -16 19 -18 18 -19 18 -19 19 -19 18 -19 16 -18 14 -18 18 -17 14 -17 15 -16 14 -16 14 -16 13 -16 14 -17 11 -16 13 -17 14 -15 14 0 0 -14 14 -13 14 -13 14 -12 14 -12 12 -12 14 -12 14 -10 13 -10 14 -8 13 -9 14 -9 13 -8 13 -7 13 -7 13 -6 13 -6 15 -5 13 -4 13 -3 12 -5 13 -4 13 -5 13 -3 13 -5 12 -3 12 0 0 0 0 0 0 0 0 0 0 -1 -1 -1 -1 12 -18 13 -19 9 -19 7 -18 14 -10 12 -9 11 -11 12 -10 11 -11 10 -9 9 -11 8 -10 9 -12 10 -11 10 -11 9 -11 8 -12 8 -11 7 -10 6 -12 5 -12 6 -12 4 -10 5 -11 5 -10 4 -11 5 -12 4 -12 6 -11 4 -12 -1 -14 4 -11 3 -10 3 -9 3 -11 3 -9 3 -10 3 -8 2 -9 3 -9 3 -8 4 -7 4 -7 3 -6 2 -6 2 -5 2 -5 2 -5 2 -4 1 -3 2 -4 1 -3 1 -2 0 -1 0 -1 0 -1 0 0 -1 -1 -1 -1 -1 -1 -1 -1 -1 -1 -1 -1 -1 -1 -1 -1 -1 -1 0 0 0 0 -3 40 -4 37 -3 42 -6 40 -6 43 -7 37 -8 41 -7 37 -7 42 -13 40 -16 41 -14 40 -12 42 -14 39 -15 33 -12 37 -10 34 -11 37 -10 30 -13 34 -11 30 -10 33 -12 31 -12 32 -15 33 -10 31 3 35 -10 29 -8 29 -6 27 -6 28 -5 27 -4 28 -5 27 -2 26 -1 27 -2 26 -2 27 -3 26 0 26 0 25 4 23 3 22 5 25 3 20 6 20 5 21 5 19 7 20 5 22 5 21 4 20 5 20 17 17 19 17 17 15 22 12 -1 -1 ]
CSI_DATA,STA,08:3A:F2:51:5D:9D,-51,11,1,1,1,1,1,0,0,0,0,-93,0,6,1,13594016,0,110,0,0,13.800302,384,[110 96 6 0 0 0 0 0 0 0 0 0 -26 -1 -25 -1 -27 0 -28 -3 -27 -3 -25 -4 -26 -4 -24 -5 -25 -5 -24 -6 -26 -7 -26 -7 -25 -7 -25 -8 -22 -8 -26 -7 -22 -7 -21 -8 -21 -7 -21 -7 -20 -8 -21 -7 -18 -8 -20 -7 -22 -8 -20 -5 0 0 -20 -5 -20 -4 -20 -4 -19 -3 -18 -5 -18 -3 -19 -4 -17 -3 -18 -2 -16 0 -17 0 -16 -1 -16 0 -16 1 -16 1 -16 2 -17 2 -14 3 -14 3 -13 3 -14 2 -14 2 -14 3 -14 4 -13 3 -12 4 0 0 0 0 0 0 0 0 0 0 -1 -1 -1 -1 17 14 18 13 19 11 17 8 13 12 13 10 14 10 14 11 14 10 12 9 14 8 13 7 14 7 13 8 13 8 14 6 15 6 14 6 12 6 14 4 14 3 13 4 13 2 13 4 12 4 13 3 12 3 13 2 12 4 12 2 13 0 12 2 11 2 11 1 11 1 10 2 10 2 10 2 9 2 9 2 8 2 8 2 8 3 7 2 6 2 5 1 5 1 4 2 3 1 3 0 2 1 2 0 1 0 0 0 -1 0 0 -1 -1 -1 -1 -1 -1 -1 -1 -1 -1 -1 -1 -1 -1 -1 -1 -1 -1 -1 -1 -1 0 0 0 0 -44 10 -44 10 -46 10 -47 7 -48 7 -44 4 -47 5 -43 4 -48 4 -46 -1 -48 -2 -47 -1 -49 0 -47 -2 -43 -4 -44 -2 -43 0 -43 -2 -38 -1 -40 -3 -38 -3 -40 -1 -37 -4 -38 -2 -40 -5 -37 -1 -36 6 -36 -1 -34 0 -34 2 -33 3 -33 2 -33 4 -32 3 -31 5 -32 6 -29 6 -30 7 -30 5 -29 8 -28 8 -26 10 -26 10 -28 12 -23 10 -21 12 -22 12 -22 11 -22 12 -23 11 -22 12 -22 11 -21 12 -17 17 -18 20 -18 19 -13 21 -1 -1 ]
CSI_DATA,STA,08:3A:F2:51:5D:9D,-51,11,1,1,1,1,1,0,0,0,0,-93,0,6,1,13594431,0,110,0,0,13.810542,384,[110 96 6 0 0 0 0 0 0 0 0 0 -17 -19 -17 -19 -18 -20 -18 -22 -17 -22 -14 -20 -15 -21 -14 -20 -14 -21 -14 -22 -13 -24 -14 -23 -13 -23 -12 -23 -11 -21 -13 -23 -11 -21 -10 -20 -11 -19 -10 -19 -10 -19 -11 -20 -9 -19 -10 -19 -11 -20 -11 -17 0 0 -11 -17 -12 -16 -12 -16 -12 -15 -10 -15 -12 -14 -12 -15 -12 -13 -13 -13 -13 -10 -13 -11 -12 -11 -12 -11 -13 -9 -12 -10 -13 -8 -15 -10 -13 -7 -13 -7 -13 -5 -13 -7 -13 -7 -13 -7 -13 -5 -12 -7 -12 -5 0 0 0 0 0 0 0 0 0 0 -1 -1 -1 -1 10 19 10 20 13 17 12 14 4 17 5 15 6 15 5 16 6 15 5 13 7 13 7 12 8 12 7 13 7 13 8 12 9 13 9 12 7 11 9 10 9 9 9 9 9 8 9 9 8 9 9 8 9 9 10 7 10 9 9 7 11 5 9 7 9 7 9 6 8 6 8 6 9 6 7 5 7 5 7 5 6 5 6 5 5 5 5 5 4 4 4 3 3 3 4 3 2 2 2 2 1 2 1 1 1 1 0 1 0 1 -1 0 -1 -1 -1 -1 -1 -1 -1 -1 -1 -1 -1 -1 -1 -1 -1 -1 -1 -1 -1 -1 -1 -1 0 0 -39 -21 -37 -21 -40 -22 -39 -24 -40 -24 -34 -24 -38 -25 -34 -24 -38 -26 -34 -30 -34 -32 -35 -30 -37 -30 -34 -30 -29 -28 -33 -28 -31 -26 -32 -26 -28 -23 -29 -26 -27 -24 -30 -24 -27 -25 -29 -24 -28 -28 -28 -22 -34 -15 -27 -21 -27 -20 -27 -17 -27 -16 -26 -17 -28 -15 -27 -16 -27 -13 -29 -12 -27 -11 -27 -11 -26 -13 -27 -10 -26 -9 -26 -6 -25 -6 -29 -5 -23 -4 -24 -2 -25 -2 -24 -2 -24 -1 -25 -3 -25 -3 -24 -3 -24 -2 -22 8 -25 10 -24 9 -22 14 -1 -1 ]
CSI_DATA,STA,08:3A:F2:51:5D:9D,-51,11,1,1,1,1,1,0,0,0,0,-93,0,6,1,13594805,0,110,0,0,13.821439,384,[110 96 6 0 0 0 0 0 0 0 0 0 9 -24 9 -23 9 -25 12 -25 12 -25 11 -21 12 -22 12 -21 12 -21 13 -21 15 -22 15 -22 14 -21 15 -20 14 -18 15 -21 14 -18 14 -17 13 -17 13 -17 13 -16 13 -17 13 -15 12 -16 14 -18 11 -17 0 0 11 -16 9 -17 10 -17 8 -17 9 -15 9 -16 9 -16 7 -15 7 -16 5 -15 5 -16 6 -15 5 -15 4 -15 4 -15 3 -15 3 -16 1 -14 2 -14 1 -14 2 -14 2 -15 1 -15 0 -14 2 -14 0 -13 0 0 0 0 0 0 0 0 0 0 -1 -1 -1 -1 -20 11 -20 12 -17 12 -14 13 -18 8 -16 8 -16 9 -17 8 -15 9 -14 8 -14 10 -12 9 -14 10 -13 10 -14 9 -12 10 -12 11 -12 11 -11 8 -10 11 -9 11 -10 11 -8 10 -9 11 -9 9 -8 11 -10 10 -8 11 -9 10 -8 11 -6 12 -7 10 -7 10 -6 9 -7 10 -6 8 -6 9 -6 8 -6 8 -6 8 -6 7 -6 6 -5 6 -5 5 -5 4 -5 4 -5 3 -4 4 -4 2 -4 3 -3 1 -3 1 -2 0 -1 0 -1 0 -1 0 -1 -1 -1 -1 -1 -1 -1 -1 -1 -1 -1 -1 -1 -1 -1 -1 -1 -1 -1 -1 0 0 0 0 7 -46 7 -43 7 -48 10 -46 11 -48 12 -41 12 -46 12 -41 14 -47 18 -43 20 -44 18 -44 18 -45 19 -43 19 -36 17 -41 16 -39 17 -40 14 -35 17 -37 16 -34 15 -37 17 -34 15 -35 19 -35 14 -34 9 -35 14 -32 11 -32 10 -32 9 -32 9 -31 8 -32 8 -31 6 -30 5 -32 4 -29 4 -30 6 -29 2 -30 2 -29 -1 -28 -1 -27 -3 -31 -2 -25 -4 -25 -4 -25 -4 -25 -5 -26 -3 -26 -4 -26 -4 -25 -4 -24 -10 -22 -12 -23 -11 -22 -16 -20 -1 -1 ]
CSI_DATA,STA,08:3A:F2:51:5D:9D,-51,11,1,1,1,1,1,0,0,0,0,-93,0,6,1,13595188,0,110,0,0,13.832031,384,[110 96 6 0 0 0 0 0 0 0 0 0 23 8 23 8 25 7 25 10 24 10 21 10 22 11 20 11 21 12 20 12 22 14 22 13 21 13 20 14 18 14 21 14 17 13 17 13 17 12 16 12 16 13 17 13 14 12 16 12 17 13 16 10 0 0 16 11 16 9 16 9 16 7 14 9 15 8 16 9 14 7 16 6 14 4 15 4 14 5 15 4 14 3 14 4 14 2 16 3 13 1 14 1 13 0 13 2 13 1 14 1 13 0 13 1 12 0 0 0 0 0 0 0 0 0 0 0 -1 -1 -1 -1 -16 -16 -17 -16 -19 -13 -17 -11 -11 -15 -10 -14 -12 -14 -11 -15 -11 -13 -10 -12 -12 -12 -11 -10 -13 -11 -12 -11 -12 -12 -13 -10 -13 -10 -12 -10 -11 -9 -13 -8 -13 -7 -13 -7 -12 -6 -12 -7 -11 -8 -12 -6 -12 -7 -13 -5 -12 -7 -13 -6 -13 -2 -11 -6 -12 -6 -10 -5 -11 -5 -10 -5 -10 -5 -10 -5 -9 -5 -9 -4 -9 -4 -8 -5 -7 -5 -6 -5 -6 -5 -6 -3 -5 -3 -5 -3 -4 -3 -4 -3 -3 -3 -2 -2 -2 -2 -1 -2 -1 -1 -1 -1 0 -1 -1 -1 -1 -1 -1 -1 -1 -1 -1 -1 -1 -1 -1 -1 -1 -1 -1 -1 0 0 0 0 43 0 41 1 45 0 44 3 46 4 40 5 44 6 40 6 45 6 42 11 44 13 43 11 45 10 43 12 37 13 40 11 38 9 39 10 34 9 36 11 33 11 35 9 33 11 34 10 35 13 33 8 35 0 32 8 31 6 31 5 30 4 29 5 30 3 29 4 28 1 30 0 27 0 29 0 28 1 28 -2 27 -2 25 -5 24 -5 27 -6 22 -5 22 -7 22 -7 21 -7 22 -8 24 -7 23 -7 22 -7 22 -7 18 -15 19 -18 19 -17 15 -20 -1 -1 ]
CSI_DATA,STA,08:3A:F2:51:5D:9D,-51,11,1,1,1,1,1,0,0,0,0,-93,0,6,1,13595482,0,110,0,0,13.842270,384,[110 96 6 0 0 0 0 0 0 0 0 0 22 9 21 10 24 10 24 13 23 12 20 11 21 13 19 12 20 13 20 14 20 15 21 15 20 15 19 15 17 15 20 15 17 14 16 14 17 13 16 13 15 13 16 13 14 13 16 12 17 13 16 11 0 0 16 10 16 9 16 9 16 8 14 9 16 8 16 8 14 6 15 6 14 4 15 4 14 5 14 4 14 3 14 3 14 2 16 2 13 0 14 1 12 0 13 1 14 0 14 0 13 -1 13 0 12 -1 0 0 0 0 0 0 0 0 0 0 -1 -1 -1 -1 -19 -13 -20 -12 -20 -9 -19 -7 -13 -13 -12 -12 -13 -11 -13 -12 -13 -11 -11 -10 -13 -9 -12 -8 -14 -9 -14 -9 -13 -9 -13 -7 -15 -8 -14 -8 -12 -7 -13 -6 -13 -4 -14 -5 -12 -4 -13 -4 -12 -5 -13 -4 -13 -5 -13 -3 -13 -5 -13 -3 -13 1 -12 -3 -12 -3 -11 -2 -11 -2 -10 -3 -11 -2 -10 -2 -10 -3 -9 -2 -8 -2 -8 -3 -8 -3 -8 -3 -7 -3 -6 -2 -5 -2 -6 -3 -4 -1 -4 -1 -3 -2 -2 -1 -2 -2 -2 -2 -1 -1 0 -1 0 0 -1 -1 -1 -1 -1 -1 -1 -1 -1 -1 -1 -1 -1 -1 -1 -1 -1 -1 -1 -1 0 0 41 -1 39 1 43 -1 42 2 44 2 38 4 41 3 38 4 43 4 41 9 43 11 41 9 43 8 41 10 36 11 38 8 37 7 38 8 33 7 35 8 33 8 34 6 32 8 34 7 35 10 32 5 35 -6 31 6 30 3 30 2 29 1 29 1 29 0 28 1 27 -2 28 -3 25 -3 27 -3 27 -1 27 -5 26 -4 23 -8 23 -7 25 -9 20 -8 20 -9 21 -10 19 -9 20 -11 22 -10 21 -10 20 -9 20 -10 15 -18 15 -21 15 -21 11 -23 -1 -1 ]
CSI_DATA,STA,08:3A:F2:51:5D:9D,-51,11,1,1,1,1,1,0,0,0,0,-93,0,6,1,13695463,0,110,0,0,13.861942,384,[110 96 6 0 0 0 0 0 0 0 0 0 -18 -21 -17 -21 -19 -22 -18 -25 -17 -24 -14 -22 -15 -24 -13 -22 -13 -23 -13 -24 -13 -26 -14 -26 -13 -25 -11 -25 -9 -24 -12 -26 -10 -23 -9 -23 -10 -22 -9 -22 -9 -21 -9 -22 -7 -20 -9 -21 -10 -22 -10 -19 0 0 -10 -20 -11 -18 -11 -18 -12 -17 -9 -17 -11 -17 -11 -18 -11 -15 -12 -15 -12 -12 -13 -13 -11 -13 -12 -13 -12 -12 -12 -12 -13 -11 -14 -12 -13 -9 -13 -10 -13 -8 -13 -10 -13 -9 -13 -9 -14 -8 -12 -9 -12 -7 0 0 0 0 0 0 0 0 0 0 -1 -1 -1 -1 2 23 3 24 5 22 5 20 -1 20 -1 18 1 18 0 19 2 18 1 16 3 17 3 16 3 17 3 16 3 17 4 16 5 16 5 15 3 14 5 14 7 13 5 14 7 12 5 13 5 12 6 12 5 13 7 12 6 13 6 12 9 10 6 12 6 11 6 10 6 10 6 9 5 9 5 9 4 8 4 9 4 9 3 8 3 8 3 7 2 6 2 6 1 5 1 5 0 4 0 4 0 3 -1 2 -1 1 -1 1 -1 0 -2 0 -2 -1 0 0 -1 -1 -1 -1 -1 -1 -1 -1 -1 -1 -1 -1 -1 -1 0 0 0 0 -1 -1 -40 -30 -38 -29 -41 -31 -39 -33 -39 -34 -34 -32 -37 -34 -34 -32 -37 -36 -32 -38 -32 -40 -33 -39 -35 -39 -32 -39 -26 -37 -29 -37 -29 -35 -29 -36 -26 -31 -26 -35 -25 -32 -27 -33 -24 -32 -26 -32 -25 -35 -26 -29 -30 -24 -24 -29 -25 -27 -26 -25 -26 -24 -25 -24 -26 -23 -25 -23 -26 -21 -28 -21 -27 -18 -27 -19 -25 -20 -27 -17 -27 -17 -28 -14 -27 -14 -30 -14 -25 -11 -25 -10 -26 -9 -25 -9 -26 -9 -26 -10 -26 -9 -26 -9 -25 -9 -26 -2 -28 0 -27 0 -27 5 -1 -1 ]
CSI_DATA,STA,08:3A:F2:51:5D:9D,-51,11,1,1,1,1,1,0,0,0,0,-93,0,6,1,13701181,0,110,0,0,13.873990,384,[110 96 6 0 0 0 0 0 0 0 0 0 17 -17 17 -17 17 -19 20 -18 19 -17 18 -15 19 -15 18 -14 19 -14 19 -14 21 -14 21 -14 21 -14 21 -12 20 -11 20 -14 19 -11 19 -10 18 -11 18 -10 18 -9 18 -10 17 -8 17 -10 18 -12 15 -11 0 0 16 -11 13 -12 15 -12 12 -13 14 -11 13 -12 14 -11 11 -11 10 -13 9 -11 10 -13 10 -10 10 -12 8 -12 9 -12 7 -14 8 -13 4 -13 6 -14 5 -13 6 -13 6 -12 6 -12 4 -12 4 -12 4 -10 0 0 0 0 0 0 0 0 0 0 -1 -1 -1 -1 -17 13 -21 9 -16 14 -15 13 -16 4 -15 7 -13 5 -15 5 -14 4 -13 6 -13 5 -12 7 -13 8 -13 6 -14 7 -12 8 -13 8 -12 8 -10 8 -10 9 -10 8 -13 9 -9 9 -10 7 -9 6 -8 7 -10 9 -8 10 -10 8 -8 11 -5 9 -10 9 -8 10 -8 6 -6 9 -6 6 -8 9 -7 6 -7 7 -8 6 -7 6 -8 7 -5 5 -6 3 -5 5 -6 2 -6 3 -5 2 -5 2 -3 1 -5 2 -3 1 -3 -2 -1 -1 -2 -2 0 -1 -3 -1 0 0 -1 -1 -1 -1 -1 -1 -1 -1 -1 -1 -1 -1 -1 -1 0 0 0 0 -1 -1 15 -37 15 -37 16 -39 19 -39 19 -39 18 -34 19 -37 18 -34 20 -38 23 -34 25 -35 23 -35 23 -37 24 -34 24 -30 22 -31 21 -32 21 -32 20 -28 22 -29 20 -26 19 -30 20 -27 20 -27 22 -29 17 -28 9 -33 17 -27 16 -27 14 -28 13 -26 14 -28 12 -27 11 -26 9 -26 7 -27 7 -25 9 -27 9 -25 6 -27 5 -26 3 -25 2 -24 3 -26 2 -22 1 -23 0 -24 0 -22 -1 -22 0 -22 -1 -23 1 -23 -1 -22 -9 -22 -12 -22 -13 -23 -14 -21 -1 -1 ]
CSI_DATA,STA,08:3A:F2:51:5D:9D,-51,11,1,1,1,1,1,0,0,0,0,-93,0,6,1,13705648,0,110,0,0,13.884721,384,[110 96 6 0 0 0 0 0 0 0 0 0 -23 -11 -22 -11 -24 -12 -24 -15 -22 -14 -20 -14 -20 -15 -19 -14 -19 -15 -19 -15 -21 -16 -21 -16 -20 -16 -20 -16 -17 -16 -20 -16 -17 -15 -15 -15 -16 -14 -16 -14 -16 -15 -16 -14 -14 -14 -17 -13 -17 -14 -16 -12 0 0 -16 -11 -17 -10 -17 -11 -16 -9 -15 -10 -16 -9 -16 -10 -14 -8 -16 -8 -14 -5 -16 -5 -15 -6 -15 -5 -16 -4 -15 -4 -15 -3 -17 -3 -15 -1 -14 0 -13 0 -15 -3 -14 -3 -13 -1 -14 1 -13 -1 -13 -1 0 0 0 0 0 0 0 0 0 0 -1 -1 -1 -1 11 16 15 17 19 14 11 10 9 13 10 14 11 12 10 14 11 14 10 11 8 9 10 10 11 11 11 9 11 10 13 8 13 9 13 8 10 8 10 7 13 3 11 6 11 4 12 4 11 6 10 6 12 6 13 3 12 2 11 4 9 2 9 5 11 3 12 2 10 3 11 3 10 6 10 4 8 4 10 4 5 2 8 3 5 3 8 3 6 3 5 1 4 3 5 2 2 1 1 1 2 3 0 1 0 2 0 2 -1 0 -3 -1 -2 -1 -1 -1 -1 -1 -1 -1 -1 -1 -1 -1 -1 -1 -1 -1 -1 -1 -1 -1 0 0 0 0 -42 -7 -41 -7 -44 -8 -44 -11 -44 -12 -40 -12 -43 -13 -39 -13 -44 -13 -40 -16 -42 -17 -42 -15 -44 -15 -42 -16 -36 -17 -38 -17 -38 -15 -37 -16 -34 -13 -35 -16 -33 -15 -36 -14 -33 -15 -35 -13 -34 -16 -34 -11 -36 -3 -32 -12 -32 -11 -31 -8 -29 -8 -30 -7 -31 -8 -30 -6 -30 -5 -30 -4 -27 -2 -29 -2 -28 -2 -29 0 -30 0 -27 4 -26 3 -28 3 -25 4 -24 5 -26 5 -24 5 -23 6 -22 4 -24 6 -21 5 -23 5 -18 13 -20 17 -18 16 -19 20 -1 -1 ]
CSI_DATA,STA,08:3A:F2:51:5D:9D,-51,11,1,1,1,1,1,0,0,0,0,-93,0,6,1,13706139,0,110,0,0,13.895499,384,[110 96 6 0 0 0 0 0 0 0 0 0 1 -22 1 -22 1 -24 3 -25 3 -23 3 -21 4 -22 4 -21 5 -21 5 -21 6 -22 5 -23 5 -22 6 -21 7 -19 6 -22 6 -19 6 -18 5 -18 5 -18 6 -18 5 -18 6 -16 5 -17 5 -20 4 -17 0 0 3 -17 2 -16 2 -17 0 -16 3 -15 2 -16 2 -16 1 -15 0 -15 -2 -14 -2 -15 0 -14 -1 -14 -3 -14 -1 -13 -4 -14 -3 -14 -5 -12 -4 -12 -6 -11 -4 -12 -4 -12 -4 -12 -5 -11 -4 -12 -5 -10 0 0 0 0 0 0 0 0 0 0 -1 -1 -1 -1 -13 16 -9 14 -7 17 -5 16 -10 14 -10 12 -7 13 -9 13 -7 13 -6 11 -5 13 -5 11 -5 12 -5 12 -5 12 -4 13 -3 13 -4 11 -4 12 -3 11 -1 13 -3 11 -1 12 -1 11 -1 11 -1 11 -3 10 0 12 -2 12 -1 11 4 12 -1 11 0 10 0 9 -1 9 -2 9 0 8 1 9 -1 8 -2 9 -1 9 0 9 0 7 -1 6 -2 6 0 4 -1 6 -2 4 -2 4 -2 2 -1 2 0 1 -2 1 -1 1 -2 -1 -2 -2 -1 -2 -1 -1 -1 -1 -1 -1 -1 -1 -1 -1 -1 -1 -1 -1 -1 -1 -1 -1 0 0 0 0 -10 -38 -10 -38 -9 -39 -8 -42 -6 -40 -5 -38 -5 -39 -5 -37 -4 -41 -2 -39 -1 -41 -4 -40 -5 -41 -2 -40 0 -37 1 -37 -3 -38 0 -36 -2 -33 0 -35 0 -34 -2 -34 0 -32 -3 -33 0 -34 -4 -30 -11 -31 -3 -32 -3 -28 -6 -30 -6 -27 -6 -28 -6 -27 -7 -27 -8 -26 -8 -27 -10 -23 -10 -25 -9 -24 -11 -24 -12 -24 -11 -19 -12 -21 -13 -23 -13 -20 -12 -19 -13 -18 -12 -19 -13 -18 -14 -17 -15 -17 -14 -17 -15 -17 -16 -11 -20 -13 -19 -12 -20 -10 -1 -1 ]
CSI_DATA,STA,08:3A:F2:51:5D:9D,-50,11,1,1,1,1,1,0,0,0,0,-93,0,6,1,13706504,0,110,0,0,13.906110,384,[110 96 6 0 0 0 0 0 0 0 0 0 21 -12 20 -11 22 -13 24 -11 24 -11 21 -8 23 -9 22 -8 23 -8 23 -7 24 -7 25 -8 24 -7 23 -6 22 -4 24 -7 21 -5 21 -4 20 -5 20 -4 20 -3 20 -4 19 -3 19 -4 21 -4 18 -6 0 0 19 -5 17 -7 18 -6 16 -7 16 -6 16 -6 17 -6 15 -8 14 -8 12 -7 14 -10 14 -7 14 -7 13 -10 12 -9 12 -9 12 -10 8 -10 9 -11 8 -9 11 -9 11 -10 10 -11 9 -10 9 -9 6 -9 0 0 0 0 0 0 0 0 0 0 -1 -1 -1 -1 -22 5 -20 3 -19 10 -18 8 -16 -1 -17 0 -15 0 -17 0 -16 0 -15 1 -15 2 -13 3 -15 3 -14 2 -15 2 -14 4 -14 5 -14 4 -13 3 -12 4 -12 6 -12 4 -11 5 -11 4 -11 3 -11 4 -11 4 -11 6 -12 4 -10 6 -8 10 -10 5 -10 4 -9 5 -9 5 -9 4 -9 4 -9 3 -8 3 -8 3 -8 3 -8 3 -7 2 -6 1 -6 1 -6 1 -6 1 -5 1 -5 0 -4 0 -3 -1 -3 -1 -2 -1 -2 -1 -1 -1 -1 -1 0 -1 0 0 -1 -1 -1 -1 -1 -1 -1 -1 -1 -1 -1 -1 -1 -1 0 0 0 0 -1 -1 22 -33 22 -33 24 -32 26 -34 26 -31 25 -29 27 -30 25 -28 28 -31 29 -27 31 -28 29 -28 29 -30 30 -28 29 -24 29 -23 27 -26 28 -24 25 -23 27 -21 26 -20 26 -22 25 -20 23 -21 27 -21 22 -22 14 -30 22 -22 21 -21 21 -23 20 -21 19 -23 18 -20 19 -20 16 -22 15 -22 14 -16 15 -23 16 -22 16 -20 13 -24 9 -21 11 -22 9 -23 7 -20 4 -22 6 -19 6 -20 8 -23 7 -24 6 -22 6 -21 2 -21 -4 -23 -8 -27 -5 -21 -9 -23 -1 -1 ]
CSI_DATA,STA,08:3A:F2:51:5D:9D,-50,11,1,1,1,1,1,0,0,0,0,-93,0,6,1,13706793,0,110,0,0,13.916565,384,[110 96 6 0 0 0 0 0 0 0 0 0 24 4 23 4 25 4 26 7 24 6 22 7 22 8 21 8 22 9 21 9 23 10 24 9 22 9 22 10 19 11 22 10 19 10 18 10 18 9 17 10 17 11 18 10 15 10 18 8 19 9 18 7 0 0 16 7 17 6 18 6 17 4 15 6 15 6 17 8 15 4 15 4 12 1 15 1 14 2 14 1 13 0 15 1 14 -1 16 0 13 -2 12 -1 11 -2 13 -1 15 -1 14 -2 13 -3 12 0 11 -3 0 0 0 0 0 0 0 0 0 0 -1 -1 -1 -1 -17 -14 -20 -12 -22 -11 -17 -11 -12 -14 -12 -12 -13 -12 -13 -13 -12 -11 -11 -11 -13 -10 -12 -9 -14 -9 -13 -9 -13 -10 -14 -8 -15 -8 -14 -8 -12 -8 -13 -6 -14 -5 -13 -6 -12 -5 -13 -6 -12 -6 -12 -5 -12 -5 -13 -3 -13 -5 -13 -4 -13 0 -12 -4 -12 -4 -12 -3 -11 -3 -11 -4 -11 -4 -10 -4 -9 -4 -9 -4 -9 -3 -8 -4 -7 -4 -7 -4 -6 -4 -6 -3 -5 -4 -5 -4 -4 -2 -3 -2 -3 -3 -2 -2 -2 -3 -1 -2 -1 -2 0 -1 0 -1 0 0 -1 -1 -1 -1 -1 -1 -1 -1 -1 -1 -1 -1 -1 -1 0 0 0 0 -1 -1 41 -7 40 -6 43 -6 44 -3 43 -3 40 -1 42 -1 40 0 44 0 41 3 43 4 43 2 45 2 43 4 38 6 39 5 39 3 38 5 35 3 36 5 34 6 35 4 33 4 36 3 36 6 33 1 34 -9 33 3 31 2 31 -1 29 0 30 -1 30 -2 27 -1 28 -4 29 -4 25 -7 26 -6 26 -4 25 -10 27 -6 23 -8 25 -9 24 -9 22 -9 20 -8 22 -11 20 -9 19 -12 22 -9 22 -11 19 -12 20 -13 16 -19 12 -22 15 -22 9 -20 -1 -1 ]
CSI_DATA,STA,08:3A:F2:51:5D:9D,-51,11,1,1,1,1,1,0,0,0,0,-93,0,6,1,13709298,0,110,0,0,13.926749,384,[110 96 6 0 0 0 0 0 0 0 0 0 21 -12 21 -11 22 -12 25 -11 23 -10 22 -8 23 -8 22 -7 23 -7 23 -7 25 -7 25 -7 24 -6 24 -5 22 -3 24 -6 21 -4 21 -3 21 -4 20 -4 20 -3 21 -4 19 -2 20 -4 21 -4 19 -5 0 0 18 -4 17 -6 18 -6 17 -6 16 -5 17 -7 18 -5 14 -6 15 -7 13 -7 13 -8 14 -7 14 -7 13 -8 12 -9 12 -9 13 -10 10 -9 11 -9 9 -10 10 -9 10 -9 11 -9 9 -10 10 -8 8 -9 0 0 0 0 0 0 0 0 0 0 -1 -1 -1 -1 -21 -9 -23 -5 -22 -4 -22 -4 -17 -6 -17 -6 -18 -5 -18 -5 -17 -6 -16 -4 -18 -3 -14 -2 -18 -3 -16 -3 -16 -2 -16 -1 -17 1 -18 0 -14 -3 -13 0 -15 0 -15 -2 -14 0 -13 1 -14 1 -14 1 -13 0 -13 1 -15 2 -13 4 -12 2 -14 1 -13 1 -13 1 -14 2 -11 -1 -13 0 -10 1 -10 -1 -10 -1 -9 0 -10 2 -9 0 -7 -2 -8 -1 -5 -1 -7 0 -6 -3 -6 -4 -3 0 -2 -3 -3 -1 1 -3 -1 -2 -2 -2 0 -2 -2 1 0 0 -1 -1 -1 -1 -1 -1 -1 -1 -1 -1 -1 -1 -1 -1 0 0 0 0 -1 -1 33 -29 34 -29 35 -28 38 -28 37 -26 36 -23 38 -24 36 -21 40 -24 39 -20 41 -21 39 -22 41 -23 41 -21 38 -16 38 -16 38 -19 37 -16 34 -16 36 -14 35 -12 35 -16 32 -14 33 -16 35 -15 31 -17 28 -21 31 -15 27 -15 29 -17 27 -17 27 -17 27 -16 26 -17 25 -18 24 -19 22 -17 22 -21 22 -18 22 -20 21 -19 17 -20 17 -22 18 -22 15 -21 15 -20 15 -21 14 -22 13 -21 14 -20 12 -22 12 -21 14 -21 8 -18 7 -27 7 -24 5 -25 -1 -1 ]
CSI_DATA,STA,08:3A:F2:51:5D:9D,-51,11,1,1,1,1,1,0,0,0,0,-93,0,6,1,13709627,0,110,0,0,13.937436,384,[110 96 6 0 0 0 0 0 0 0 0 0 19 14 19 14 21 14 20 17 19 16 17 16 17 16 16 16 17 17 15 17 16 18 17 19 16 18 15 18 13 18 17 18 14 17 13 16 13 16 13 17 12 16 13 16 10 15 12 15 13 17 13 13 0 0 13 13 13 11 14 12 13 10 12 12 13 11 13 11 13 8 14 9 12 8 13 7 13 8 14 7 13 5 12 6 13 5 14 6 12 2 13 3 12 2 11 3 12 3 13 3 13 2 12 4 12 1 0 0 0 0 0 0 0 0 0 0 -1 -1 -1 -1 -19 -20 -16 -16 -19 -12 -14 -14 -9 -14 -9 -14 -11 -15 -11 -13 -9 -12 -9 -12 -12 -13 -11 -10 -10 -10 -11 -11 -11 -11 -11 -10 -13 -10 -13 -12 -10 -9 -10 -8 -12 -8 -11 -8 -10 -6 -13 -7 -10 -8 -11 -8 -11 -9 -11 -6 -9 -6 -13 -5 -15 -2 -9 -6 -11 -5 -11 -5 -8 -4 -11 -6 -10 -4 -10 -5 -9 -6 -10 -5 -6 -6 -8 -5 -4 -7 -5 -5 -8 -4 -6 -4 -5 -4 -5 -1 -3 -2 -2 -3 0 -2 -4 -3 -1 0 -2 -2 0 -2 0 -1 2 0 -1 -1 -1 -1 -1 -1 -1 -1 -1 -1 -1 -1 -1 -1 -1 -1 -1 -1 0 0 0 0 39 8 38 9 40 9 41 12 40 13 37 13 39 14 36 14 41 15 37 17 38 18 37 16 40 16 38 17 33 18 34 17 34 16 34 17 30 14 30 18 29 16 32 14 29 15 31 13 31 17 30 12 35 0 28 12 27 10 28 8 27 7 29 8 28 9 28 6 28 5 29 5 25 4 26 3 26 2 28 -1 26 2 23 -2 24 -2 27 -1 22 -3 22 -2 23 -4 21 -4 22 -5 23 -5 22 -6 21 -5 22 -4 17 -16 20 -19 20 -15 15 -17 -1 -1 ]
CSI_DATA,STA,08:3A:F2:51:5D:9D,-51,11,1,1,1,1,1,0,0,0,0,-93,0,6,1,13709974,0,110,0,0,13.947726,384,[110 96 6 0 0 0 0 0 0 0 0 0 5 23 5 23 6 25 4 26 4 25 2 22 2 24 1 23 1 23 1 24 0 25 0 25 0 24 -1 24 -2 22 0 25 0 21 -1 22 0 20 -2 20 -1 20 -2 21 -2 18 -1 20 -1 21 0 18 0 0 0 18 2 19 3 18 3 17 1 17 2 17 2 18 3 15 4 16 4 13 5 14 4 14 5 14 5 12 6 13 7 13 7 14 7 12 7 11 6 10 7 11 8 12 8 12 9 9 7 10 8 9 0 0 0 0 0 0 0 0 0 0 -1 -1 -1 -1 0 -25 0 -18 -5 -20 -5 -20 5 -17 3 -18 2 -17 3 -17 1 -15 3 -15 0 -17 -1 -16 -1 -16 -1 -16 0 -16 -2 -15 -2 -15 -3 -16 -1 -14 -2 -13 -5 -13 -4 -15 -4 -11 -5 -14 -2 -13 -3 -13 -3 -15 -5 -13 -4 -12 -5 -13 -7 -8 -6 -11 -5 -10 -3 -10 -4 -10 -5 -10 -3 -10 -3 -8 -3 -11 -2 -8 -4 -10 -1 -8 -2 -9 -3 -6 -3 -6 -2 -5 -1 -6 0 -6 1 -4 0 -2 2 -4 1 -3 -1 0 -2 -2 -1 -2 -1 -2 1 0 -1 -1 -1 -1 -1 -1 -1 -1 -1 -1 -1 -1 -1 -1 -1 -1 -1 -1 0 0 0 0 22 34 22 34 23 36 21 38 21 38 17 35 19 38 16 35 19 39 15 39 14 41 16 39 17 40 15 40 11 36 13 37 15 35 12 36 13 33 11 35 10 32 13 33 10 32 13 32 11 34 13 30 24 26 12 29 12 27 14 27 14 25 14 25 14 25 15 25 15 22 17 24 15 19 17 22 16 22 19 21 18 19 18 15 18 17 20 17 17 15 17 13 18 11 17 13 19 13 20 13 20 11 18 11 19 11 21 7 27 3 23 4 22 -2 -1 -1 ]
CSI_DATA,STA,08:3A:F2:51:5D:9D,-51,11,1,1,1,1,1,0,0,0,0,-93,0,6,1,13710315,0,110,0,0,13.957757,384,[110 96 6 0 0 0 0 0 0 0 0 0 -17 18 -17 17 -18 18 -21 18 -20 17 -18 15 -19 15 -19 14 -19 14 -20 14 -22 14 -21 15 -21 14 -21 13 -20 11 -21 14 -19 12 -19 11 -18 11 -18 10 -18 10 -18 10 -17 9 -17 11 -18 11 -15 10 0 0 -16 11 -15 12 -14 12 -13 12 -14 10 -13 12 -13 12 -12 11 -11 13 -9 12 -10 12 -10 12 -9 12 -8 12 -8 11 -8 13 -9 13 -5 13 -5 13 -5 13 -7 11 -6 12 -5 13 -4 12 -5 12 -4 11 0 0 0 0 0 0 0 0 0 0 -1 -1 -1 -1 19 -4 21 -7 19 -10 17 -10 17 -3 16 -5 15 -6 17 -5 15 -6 15 -5 15 -6 13 -6 15 -8 14 -7 14 -8 13 -9 14 -10 12 -9 11 -9 10 -11 10 -11 12 -9 11 -10 10 -9 9 -7 10 -8 10 -9 8 -9 12 -8 9 -12 8 -12 8 -9 8 -10 8 -9 8 -8 8 -7 8 -9 6 -9 6 -7 7 -7 7 -7 7 -6 7 -6 4 -6 6 -5 3 -4 5 -4 5 -3 4 -1 2 0 2 -2 3 -1 -1 1 1 0 0 -2 0 -2 -3 1 -1 -1 -1 -1 -1 -1 -1 -1 -1 -1 -1 -1 -1 -1 -1 -1 -1 -1 0 0 0 0 -20 38 -21 38 -22 39 -25 39 -25 37 -24 34 -26 36 -25 34 -27 37 -28 33 -30 34 -27 35 -28 37 -29 35 -29 29 -29 31 -27 32 -28 30 -26 28 -27 27 -25 26 -26 27 -24 25 -25 29 -26 27 -20 27 -16 32 -23 26 -21 26 -18 28 -18 25 -19 26 -17 26 -16 26 -15 26 -14 27 -11 24 -10 27 -11 25 -9 26 -10 25 -7 26 -6 25 -7 27 -5 24 -5 22 -5 25 -5 23 -4 23 -4 25 -3 23 -2 23 -3 24 5 22 8 25 7 22 11 21 -1 -1 ]
CSI_DATA,STA,08:3A:F2:51:5D:9D,-51,11,1,1,1,1,1,0,0,0,0,-93,0,6,1,13913204,0,110,0,0,14.79744,384,[110 96 6 0 0 0 0 0 0 0 0 0 20 -9 19 -9 21 -10 22 -8 22 -8 19 -6 20 -7 20 -6 20 -5 21 -5 22 -4 22 -5 21 -4 21 -3 20 -2 22 -5 19 -3 19 -3 18 -3 18 -3 18 -2 18 -3 17 -1 17 -2 19 -3 16 -4 0 0 16 -4 16 -5 15 -5 14 -6 14 -4 15 -5 15 -5 13 -6 14 -6 11 -7 12 -7 12 -6 12 -6 11 -7 11 -8 10 -8 11 -9 8 -8 9 -9 8 -9 9 -8 9 -8 9 -9 8 -9 9 -8 7 -8 0 0 0 0 0 0 0 0 0 0 -1 -1 -1 -1 -20 5 -19 4 -19 6 -15 8 -15 -1 -14 0 -15 1 -15 0 -14 1 -13 0 -14 2 -13 2 -13 3 -13 2 -13 1 -13 2 -13 4 -13 3 -12 2 -11 4 -10 5 -11 4 -10 4 -11 4 -11 3 -10 5 -11 4 -10 5 -11 4 -9 5 -7 9 -10 4 -9 4 -8 4 -8 5 -9 4 -9 3 -8 3 -8 3 -8 3 -7 3 -7 2 -7 1 -6 1 -7 1 -5 1 -5 0 -5 1 -4 0 -4 0 -3 -1 -3 0 -3 -1 -2 -2 -2 -2 -1 -1 -1 -2 -1 -1 -1 -1 -1 -1 -1 -1 -1 -1 -1 -1 -1 -1 -1 -1 -1 -1 -1 -1 0 0 23 -28 22 -26 24 -29 25 -27 26 -27 25 -23 26 -25 25 -23 28 -26 29 -22 30 -21 30 -21 30 -24 30 -22 28 -18 27 -20 26 -20 26 -20 23 -18 26 -19 25 -16 24 -19 24 -16 23 -18 27 -17 21 -18 16 -27 22 -17 20 -18 18 -18 18 -19 18 -18 18 -19 17 -18 15 -20 16 -20 14 -18 13 -19 15 -18 13 -20 13 -20 9 -20 10 -19 9 -22 7 -18 6 -19 7 -20 6 -18 6 -20 7 -19 6 -19 6 -19 6 -20 -3 -20 -5 -22 -4 -23 -8 -19 -1 -1 ]
CSI_DATA,STA,08:3A:F2:51:5D:9D,-51,11,1,1,1,1,1,0,0,0,0,-93,0,6,1,13922896,0,110,0,0,14.91115,384,[110 96 6 0 0 0 0 0 0 0 0 0 6 23 5 22 6 24 4 25 4 25 2 22 2 24 2 22 2 23 1 23 0 24 0 25 0 24 -1 24 -2 22 0 24 -1 20 -1 21 0 20 -1 20 -1 20 -1 20 -2 18 -1 19 -1 21 0 18 0 0 0 18 2 18 2 18 3 17 1 16 2 16 2 17 3 15 4 15 4 14 5 14 4 14 5 14 5 13 5 13 6 12 7 14 7 11 7 11 7 10 6 11 6 11 7 11 7 10 6 11 7 9 0 0 0 0 0 0 0 0 0 0 -1 -1 -1 -1 -7 -21 -7 -21 -9 -19 -10 -17 1 -16 0 -15 -1 -15 0 -16 -1 -15 0 -13 -2 -14 -2 -13 -3 -14 -2 -14 -2 -14 -3 -13 -5 -13 -4 -13 -3 -12 -4 -12 -5 -11 -5 -12 -5 -10 -5 -11 -4 -11 -5 -11 -4 -11 -6 -10 -5 -11 -6 -11 -10 -8 -5 -10 -5 -10 -6 -9 -5 -9 -5 -8 -5 -9 -4 -8 -4 -8 -3 -8 -3 -8 -3 -8 -3 -7 -2 -6 -2 -6 -2 -6 -2 -5 -2 -5 -1 -5 0 -4 0 -3 0 -3 0 -3 0 -2 0 -2 1 -1 1 -1 -1 -1 0 0 0 0 -1 -1 -1 -1 -1 -1 0 0 0 0 -1 -1 -1 -1 -1 -1 26 24 24 24 27 26 25 27 25 28 21 26 23 28 21 26 24 29 20 31 20 33 20 31 22 31 20 31 15 30 18 29 18 26 19 28 15 25 16 28 14 26 17 26 15 26 16 26 15 28 16 23 29 16 15 23 16 22 17 20 16 19 17 19 17 19 16 19 17 16 19 16 17 15 18 16 17 16 19 13 18 14 19 10 18 11 21 11 17 9 17 8 19 8 17 8 18 7 19 8 18 8 17 8 18 7 22 -4 24 -7 23 -6 22 -9 -1 -1 ]
CSI_DATA,STA,08:3A:F2:51:5D:9D,-51,11,1,1,1,1,1,0,0,0,0,-93,0,6,1,13923387,0,110,0,0,14.101207,384,[110 96 6 0 0 0 0 0 0 0 0 0 -22 11 -21 10 -22 12 -24 11 -24 10 -22 8 -23 9 -22 7 -23 8 -23 7 -25 7 -25 7 -24 6 -24 5 -22 4 -24 7 -21 5 -22 4 -21 4 -21 4 -20 4 -21 4 -19 3 -20 4 -21 4 -19 5 0 0 -18 5 -18 6 -18 6 -17 7 -16 5 -16 7 -17 6 -15 7 -15 8 -13 8 -14 9 -14 7 -13 8 -12 8 -13 8 -11 9 -13 10 -10 9 -10 10 -9 9 -10 9 -10 9 -10 10 -8 10 -10 9 -8 9 0 0 0 0 0 0 0 0 0 0 -1 -1 -1 -1 20 -6 21 -6 19 -9 17 -9 16 -1 15 -1 15 -2 16 -2 15 -3 14 -2 14 -4 13 -4 14 -5 14 -4 14 -4 13 -5 13 -6 13 -5 12 -4 12 -6 11 -7 11 -7 10 -6 10 -6 11 -5 10 -6 11 -6 10 -8 11 -6 10 -7 8 -10 9 -7 9 -6 8 -6 9 -7 8 -6 8 -6 7 -5 7 -5 7 -5 7 -5 7 -4 7 -3 6 -3 6 -3 5 -3 5 -2 4 -2 3 -2 3 -2 3 -1 3 -1 1 0 1 0 0 0 0 0 0 1 -1 -1 -1 -1 -1 -1 -1 -1 -1 -1 -1 -1 -1 -1 -1 -1 -1 -1 -1 -1 0 0 -25 31 -25 29 -26 33 -28 30 -30 31 -28 26 -29 29 -27 26 -30 30 -33 26 -35 25 -33 26 -34 28 -34 25 -31 20 -31 23 -29 23 -31 24 -27 20 -29 20 -27 19 -28 22 -28 19 -27 20 -31 19 -25 21 -19 29 -25 19 -23 20 -21 20 -21 20 -21 20 -20 21 -20 20 -18 21 -17 22 -16 21 -17 22 -17 20 -15 22 -14 21 -11 22 -11 21 -11 24 -10 20 -7 20 -8 21 -7 20 -7 21 -8 22 -8 21 -8 20 -7 20 2 23 4 25 4 23 7 23 -1 -1 ]
CSI_DATA,STA,08:3A:F2:51:5D:9D,-51,11,1,1,1,1,1,0,0,0,0,-93,0,6,1,13923781,0,110,0,0,14.111546,384,[110 96 6 0 0 0 0 0 0 0 0 0 -23 -9 -23 -9 -25 -9 -25 -12 -24 -11 -21 -11 -22 -12 -20 -11 -21 -12 -21 -13 -21 -14 -22 -14 -21 -14 -20 -14 -18 -15 -21 -14 -18 -14 -17 -14 -17 -13 -17 -13 -17 -13 -17 -13 -15 -13 -16 -12 -18 -13 -16 -11 0 0 -17 -11 -17 -9 -17 -9 -17 -8 -15 -9 -16 -8 -17 -9 -15 -7 -16 -7 -15 -4 -16 -5 -15 -6 -15 -5 -15 -4 -15 -4 -15 -2 -16 -3 -14 -1 -14 -1 -13 0 -14 -2 -14 -2 -14 -1 -14 0 -14 -2 -13 0 0 0 0 0 0 0 0 0 0 0 -1 -1 -1 -1 11 18 12 18 14 16 14 12 8 16 8 14 10 13 9 14 10 13 8 11 10 12 10 11 11 11 10 11 10 11 11 10 12 10 11 9 9 9 11 8 12 7 11 8 11 6 10 7 10 7 11 6 10 7 11 6 11 8 11 5 11 4 10 5 10 6 10 5 10 4 9 5 9 5 8 5 7 5 8 4 7 4 6 5 6 5 6 5 5 4 5 3 3 3 4 4 2 2 2 2 1 3 1 2 0 2 0 2 -1 1 -1 0 -2 0 -1 -1 0 0 0 0 -1 -1 -1 -1 -1 -1 0 0 0 0 -1 -1 -1 -1 -1 -1 -44 -7 -42 -7 -46 -7 -45 -10 -46 -10 -40 -11 -44 -12 -41 -11 -45 -13 -42 -17 -43 -18 -43 -17 -44 -17 -43 -18 -37 -18 -39 -16 -38 -15 -39 -16 -34 -14 -36 -16 -34 -15 -36 -14 -33 -16 -35 -14 -35 -18 -33 -12 -34 -7 -32 -12 -32 -10 -32 -9 -31 -8 -31 -8 -31 -7 -31 -7 -30 -5 -31 -4 -29 -3 -30 -3 -29 -5 -29 -1 -28 -1 -27 2 -26 2 -30 3 -24 3 -24 4 -24 4 -24 4 -24 5 -25 4 -24 4 -24 4 -23 4 -21 10 -23 12 -22 12 -19 15 -1 -1 ]
CSI_DATA,STA,08:3A:F2:51:5D:9D,-51,11,1,1,1,1,1,0,0,0,0,-93,0,6,1,13924271,0,110,0,0,14.122287,384,[110 96 6 0 0 0 0 0 0 0 0 0 3 -25 3 -23 3 -26 6 -26 6 -25 6 -23 7 -24 6 -22 7 -23 7 -23 9 -24 9 -25 8 -24 9 -23 10 -21 9 -24 9 -20 9 -20 8 -19 8 -19 9 -19 8 -19 9 -17 8 -19 9 -20 6 -18 0 0 6 -18 5 -18 5 -19 3 -18 5 -17 4 -18 4 -18 2 -16 2 -17 1 -16 1 -16 2 -15 1 -16 0 -15 0 -15 -1 -15 -1 -16 -2 -14 -2 -14 -3 -13 -2 -14 -2 -14 -3 -14 -4 -14 -2 -14 -3 -12 0 0 0 0 0 0 0 0 0 0 -1 -1 -1 -1 -13 18 -12 18 -9 19 -7 18 -13 12 -11 11 -11 13 -12 13 -10 13 -10 11 -9 13 -8 12 -7 14 -8 13 -9 13 -7 13 -7 14 -7 13 -6 11 -5 13 -4 12 -5 12 -3 11 -4 12 -5 11 -4 12 -5 12 -3 12 -4 12 -3 12 0 12 -3 11 -3 11 -3 10 -3 11 -3 9 -2 10 -3 9 -2 8 -3 9 -3 8 -4 8 -4 7 -3 6 -3 6 -3 5 -3 4 -3 4 -3 3 -3 3 -3 2 -3 1 -2 1 -2 0 -2 0 -2 -1 -2 -2 -1 -1 0 0 0 0 -1 -1 -1 -1 -1 -1 0 0 0 0 -1 -1 -1 -1 -1 -1 -8 -43 -7 -40 -9 -45 -5 -43 -5 -45 -3 -41 -4 -44 -3 -40 -3 -45 2 -44 4 -45 2 -44 1 -46 3 -44 5 -39 2 -42 1 -39 2 -41 2 -35 3 -38 3 -35 1 -37 4 -36 2 -36 5 -38 0 -34 -7 -34 1 -33 -1 -33 -2 -31 -3 -31 -2 -30 -4 -31 -3 -30 -6 -29 -6 -29 -7 -28 -7 -28 -5 -28 -8 -27 -8 -26 -11 -25 -10 -24 -12 -26 -10 -21 -11 -21 -13 -21 -12 -21 -13 -21 -12 -22 -12 -22 -11 -21 -12 -21 -18 -15 -21 -16 -19 -15 -23 -12 -1 -1 ]
CSI_DATA,STA,08:3A:F2:51:5D:9D,-51,11,1,1,1,1,1,0,0,0,0,-93,0,6,1,13924638,0,110,0,0,14.132825,384,[110 96 6 0 0 0 0 0 0 0 0 0 23 -14 23 -13 24 -15 26 -12 26 -12 23 -10 25 -10 23 -9 24 -9 25 -8 27 -8 27 -8 26 -8 26 -6 24 -5 27 -8 22 -6 24 -5 22 -5 22 -5 22 -4 22 -5 21 -3 21 -5 23 -5 20 -6 0 0 20 -6 19 -8 19 -8 18 -9 17 -6 17 -8 18 -8 16 -7 16 -9 14 -9 14 -10 14 -8 14 -9 13 -10 13 -10 12 -11 13 -12 10 -11 11 -11 9 -11 11 -11 10 -11 11 -11 9 -12 10 -11 8 -11 0 0 0 0 0 0 0 0 0 0 -1 -1 -1 -1 -20 14 -20 15 -16 15 -13 17 -17 3 -15 3 -16 4 -16 3 -14 5 -13 3 -13 6 -12 5 -12 6 -14 6 -15 5 -13 6 -13 7 -13 6 -12 4 -10 7 -9 8 -11 9 -9 7 -10 7 -9 5 -9 7 -10 7 -10 8 -11 7 -9 8 -5 14 -9 7 -8 7 -8 6 -8 7 -8 5 -7 6 -7 5 -7 4 -7 5 -7 5 -8 4 -7 3 -6 3 -6 2 -5 3 -5 2 -5 2 -4 1 -3 1 -3 1 -3 0 -2 -1 -3 -1 -2 -2 -2 -2 0 -2 -1 -1 0 0 0 0 -1 -1 -1 -1 -1 -1 0 0 0 0 -1 -1 -1 -1 -1 -1 15 -36 15 -33 15 -37 18 -34 19 -37 18 -30 19 -34 17 -31 18 -36 24 -33 27 -32 25 -32 24 -35 25 -32 23 -26 22 -30 19 -28 21 -31 18 -24 21 -27 19 -24 18 -27 21 -25 21 -25 24 -26 18 -26 5 -39 17 -24 16 -25 14 -24 14 -25 13 -24 12 -25 12 -23 9 -24 9 -26 9 -24 10 -25 11 -24 8 -24 8 -23 3 -24 4 -22 3 -26 3 -21 1 -21 1 -22 1 -20 0 -21 2 -23 2 -23 2 -21 1 -22 -14 -23 -15 -23 -14 -22 -20 -19 -1 -1 ]
CSI_DATA,STA,08:3A:F2:51:5D:9D,-51,11,1,1,1,1,1,0,0,0,0,-93,0,6,1,13924943,0,110,0,0,14.143243,384,[110 96 6 0 0 0 0 0 0 0 0 0 24 -1 22 0 25 -1 25 2 25 1 22 2 24 2 22 3 23 3 23 4 24 5 24 5 23 5 23 6 20 7 24 5 20 5 20 6 19 5 19 6 19 6 19 5 17 6 18 5 20 6 18 3 0 0 18 3 18 2 18 2 17 1 16 3 17 1 17 2 15 1 16 0 14 -2 15 -2 15 0 15 -2 14 -2 14 -2 13 -4 15 -3 12 -4 13 -4 11 -5 13 -4 13 -4 13 -4 12 -5 12 -4 11 -5 0 0 0 0 0 0 0 0 0 0 -1 -1 -1 -1 -23 -4 -23 -4 -21 -2 -20 1 -15 -8 -14 -7 -16 -7 -15 -7 -15 -6 -13 -6 -14 -4 -13 -4 -15 -3 -15 -4 -15 -5 -14 -3 -15 -3 -14 -3 -13 -3 -14 -1 -13 0 -14 -1 -12 0 -13 -1 -12 -1 -13 0 -13 -1 -13 0 -14 -1 -13 0 -13 5 -12 0 -12 0 -11 0 -11 0 -10 -1 -11 0 -10 0 -9 0 -9 0 -9 -1 -9 -2 -8 -2 -8 -2 -7 -2 -7 -1 -6 -2 -6 -2 -4 -2 -4 -2 -3 -2 -3 -2 -2 -2 -2 -3 -1 -2 0 -1 0 -2 -1 -1 0 0 0 0 -1 -1 -1 -1 -1 -1 0 0 0 0 -1 -1 -1 -1 -1 -1 35 -18 33 -16 36 -18 36 -15 38 -16 34 -12 37 -15 33 -13 38 -15 39 -9 41 -7 39 -9 41 -11 40 -8 35 -5 37 -9 34 -9 36 -10 30 -7 34 -7 31 -7 32 -9 31 -6 32 -6 35 -5 31 -8 29 -20 29 -8 28 -9 26 -10 26 -10 25 -10 25 -12 25 -11 23 -12 23 -13 21 -13 23 -12 24 -11 22 -14 21 -13 18 -16 18 -15 19 -18 15 -14 15 -16 15 -16 14 -15 14 -17 16 -16 16 -16 15 -15 15 -16 6 -22 7 -25 6 -24 1 -25 -1 -1 ]
CSI_DATA,STA,08:3A:F2:51:5D:9D,-51,11,1,1,1,1,1,0,0,0,0,-93,0,6,1,13925377,0,110,0,0,14.153588,384,[110 96 6 0 0 0 0 0 0 0 0 0 21 10 20 10 23 10 22 13 22 13 19 12 20 13 18 13 19 14 18 14 19 15 20 15 19 15 18 15 16 15 19 15 16 14 15 14 15 13 15 14 14 14 15 14 12 14 14 13 15 14 14 12 0 0 14 11 15 10 15 10 15 9 13 10 14 9 14 10 13 8 15 7 13 5 14 6 13 6 14 5 14 4 13 5 14 3 15 4 13 2 13 2 12 1 13 3 13 2 13 2 13 0 12 2 12 1 0 0 0 0 0 0 0 0 0 0 -1 -1 -1 -1 -19 -13 -19 -13 -19 -10 -18 -7 -11 -14 -10 -13 -12 -12 -11 -13 -11 -11 -9 -11 -12 -10 -11 -9 -12 -9 -12 -10 -11 -11 -12 -9 -13 -8 -12 -8 -10 -8 -12 -7 -12 -6 -12 -6 -11 -5 -12 -6 -11 -6 -12 -5 -11 -7 -12 -5 -12 -7 -12 -5 -13 -1 -11 -5 -11 -4 -10 -4 -10 -5 -10 -4 -10 -4 -9 -5 -9 -4 -8 -4 -8 -5 -8 -5 -7 -5 -7 -4 -6 -4 -5 -4 -5 -4 -5 -4 -3 -4 -3 -3 -3 -3 -2 -3 -1 -2 -1 -2 -1 -2 0 -2 0 -2 -1 -1 0 0 0 0 -1 -1 -1 -1 -1 -1 0 0 0 0 -1 -1 -1 -1 -1 -1 38 -2 36 -1 40 -2 38 1 40 1 35 3 39 2 35 3 40 2 39 7 40 9 39 8 41 6 39 8 33 10 36 8 33 6 36 6 30 6 33 8 30 7 32 5 31 8 32 7 33 10 30 6 33 -7 29 5 29 4 27 2 28 2 27 2 27 0 26 1 26 -1 26 -2 24 -2 26 -2 26 -1 25 -4 24 -3 23 -7 22 -5 25 -8 20 -6 19 -8 20 -8 19 -7 19 -9 21 -8 21 -8 20 -8 19 -8 15 -18 15 -21 14 -19 10 -22 -1 -1 ]
CSI_DATA,STA,08:3A:F2:51:5D:9D,-51,11,1,1,1,1,1,0,0,0,0,-93,0,6,1,13925841,0,110,0,0,14.163747,384,[110 96 6 0 0 0 0 0 0 0 0 0 -5 23 -5 23 -5 25 -8 25 -7 24 -8 21 -8 22 -8 21 -9 22 -9 22 -11 23 -11 23 -11 22 -11 21 -11 19 -11 22 -11 19 -11 18 -10 18 -10 18 -10 17 -10 18 -11 16 -10 17 -11 18 -8 17 0 0 -8 17 -7 17 -7 17 -5 17 -7 15 -6 16 -6 16 -5 15 -4 16 -2 15 -2 15 -3 14 -2 15 -2 14 -2 14 -1 15 -1 15 0 13 1 13 1 12 0 13 0 13 1 13 2 13 0 13 2 12 0 0 0 0 0 0 0 0 0 0 -1 -1 -1 -1 14 -16 14 -16 12 -18 9 -17 13 -12 12 -12 11 -13 12 -13 11 -13 10 -12 9 -13 9 -12 9 -14 9 -13 10 -13 8 -13 8 -14 8 -13 7 -12 6 -14 5 -14 5 -14 4 -13 5 -13 5 -12 4 -12 5 -12 4 -13 5 -13 4 -13 1 -13 3 -12 4 -12 3 -11 3 -12 3 -10 3 -11 3 -10 3 -9 3 -10 3 -9 4 -8 4 -7 4 -7 4 -6 2 -6 3 -5 2 -5 2 -5 2 -4 2 -3 2 -3 2 -1 2 -1 1 0 1 0 0 0 -1 -1 0 0 0 0 -1 -1 -1 -1 -1 -1 0 0 0 0 -1 -1 -1 -1 -1 -1 3 42 2 41 3 44 0 44 0 45 -3 40 -1 43 -3 40 -3 45 -8 43 -10 44 -8 44 -8 45 -9 44 -10 39 -8 40 -6 39 -7 40 -7 35 -8 37 -8 34 -6 36 -9 34 -7 35 -11 36 -6 34 0 34 -6 33 -4 32 -3 31 -2 31 -3 30 -1 30 -1 29 0 29 2 30 2 27 2 29 0 28 4 27 4 26 7 25 6 24 8 27 7 22 9 21 9 22 8 21 9 21 8 23 8 22 8 21 9 21 15 18 17 18 15 17 19 15 -1 -1 ]
CSI_DATA,STA,08:3A:F2:51:5D:9D,-51,11,1,1,1,1,1,0,0,0,0,-93,0,6,1,13926284,0,110,0,0,14.173730,384,[110 96 6 0 0 0 0 0 0 0 0 0 -23 -7 -23 -7 -25 -7 -26 -10 -24 -10 -22 -10 -23 -10 -21 -10 -22 -11 -21 -11 -22 -13 -23 -13 -22 -13 -21 -13 -19 -14 -22 -13 -19 -13 -18 -13 -18 -12 -18 -12 -17 -12 -18 -12 -15 -12 -17 -11 -19 -12 -17 -10 0 0 -17 -10 -17 -8 -18 -9 -17 -7 -16 -9 -17 -8 -17 -8 -16 -6 -17 -6 -15 -3 -16 -4 -15 -5 -15 -4 -15 -3 -15 -3 -16 -2 -16 -2 -14 0 -14 -1 -13 0 -14 -1 -14 -1 -14 -1 -14 1 -14 -1 -13 1 0 0 0 0 0 0 0 0 0 0 -1 -1 -1 -1 16 14 17 13 18 11 16 9 10 13 10 12 11 11 11 13 11 11 9 10 11 10 11 8 12 9 11 9 11 10 11 8 13 8 12 8 10 7 12 7 12 5 12 6 11 4 11 6 10 6 11 5 11 5 12 4 12 6 12 4 12 1 10 4 10 4 10 3 10 3 10 4 9 4 9 4 8 3 8 3 7 3 7 4 6 4 6 4 5 3 5 3 3 3 4 3 2 2 2 2 1 2 1 1 0 1 0 1 -1 1 -1 0 -2 0 -1 -1 0 0 0 0 -1 -1 -1 -1 -1 -1 0 0 0 0 -1 -1 -1 -1 -1 -1 -42 1 -41 1 -44 1 -44 -1 -44 -2 -41 -4 -43 -3 -40 -3 -45 -4 -43 -8 -44 -10 -43 -9 -45 -8 -43 -10 -38 -11 -40 -9 -39 -8 -39 -8 -35 -7 -37 -9 -34 -8 -36 -7 -34 -9 -35 -9 -37 -12 -33 -6 -35 2 -32 -7 -32 -5 -31 -3 -30 -3 -31 -3 -31 -2 -30 -2 -30 0 -30 1 -28 1 -29 2 -28 0 -28 3 -27 3 -25 6 -25 5 -28 7 -22 6 -21 7 -22 8 -22 7 -22 8 -24 7 -23 7 -22 7 -22 8 -18 15 -19 18 -17 17 -15 20 -1 -1 ]
CSI_DATA,STA,08:3A:F2:51:5D:9D,-51,11,1,1,1,1,1,0,0,0,0,-93,0,6,1,14019561,0,110,0,0,14.188410,384,[110 96 6 0 0 0 0 0 0 0 0 0 19 -15 19 -14 19 -15 22 -14 21 -13 20 -11 20 -12 20 -11 21 -11 20 -11 22 -10 22 -11 22 -10 22 -9 21 -8 22 -10 20 -8 19 -7 19 -8 18 -7 18 -7 18 -7 17 -6 18 -8 19 -8 16 -9 0 0 16 -8 15 -9 16 -9 14 -10 15 -8 14 -9 14 -9 12 -10 13 -10 10 -10 11 -11 11 -9 11 -10 10 -11 10 -10 9 -12 10 -12 7 -11 8 -11 6 -11 8 -11 8 -11 7 -12 6 -12 7 -11 5 -11 0 0 0 0 0 0 0 0 0 0 -1 0 -1 0 -21 -7 -22 -5 -20 -3 -19 -1 -19 -4 -18 -3 -19 -2 -19 -3 -18 -2 -16 -1 -17 0 -16 0 -17 1 -17 0 -17 0 -16 1 -17 2 -16 1 -15 0 -15 3 -14 4 -15 3 -13 4 -14 3 -13 2 -13 3 -13 3 -13 4 -14 2 -13 5 -12 4 -12 4 -12 4 -11 4 -11 4 -11 3 -11 3 -11 3 -10 2 -10 2 -9 2 -9 2 -9 0 -8 0 -7 0 -7 1 -6 0 -6 0 -5 0 -5 -1 -4 -1 -3 -1 -3 -2 -2 -2 -2 -2 -1 -2 0 -2 0 -1 0 -1 -1 -1 -1 -1 -1 0 -1 -1 -1 -1 -1 -1 -1 -1 0 0 0 0 33 -29 32 -28 35 -30 36 -28 37 -28 34 -24 36 -26 34 -24 39 -26 39 -21 41 -21 40 -22 40 -23 40 -21 36 -17 37 -20 36 -20 36 -19 32 -17 34 -17 33 -17 33 -18 33 -16 32 -18 35 -15 30 -18 29 -17 29 -17 27 -18 27 -19 25 -20 25 -18 24 -20 24 -19 22 -20 22 -21 21 -19 20 -21 21 -19 19 -22 18 -21 16 -23 15 -22 16 -25 12 -21 12 -21 11 -22 12 -22 11 -23 13 -22 11 -22 11 -22 10 -21 8 -20 8 -24 7 -23 4 -23 -1 -1 ]
CSI_DATA,STA,08:3A:F2:51:5D:9D,-51,11,1,1,1,1,1,0,0,0,0,-93,0,6,1,14019965,0,110,0,0,14.199640,384,[110 96 6 0 0 0 0 0 0 0 0 0 15 17 15 17 16 18 15 20 15 20 12 19 13 19 12 18 12 19 11 20 11 21 12 22 11 21 10 21 9 20 11 21 9 19 8 19 9 18 8 18 8 18 8 18 6 17 8 17 9 18 9 16 0 0 9 16 10 14 10 15 10 13 8 14 10 13 10 14 10 11 10 12 10 10 11 10 10 10 11 10 11 9 10 9 11 8 12 9 11 6 11 6 11 5 11 7 11 6 12 6 12 5 11 6 10 5 0 0 0 0 0 0 0 0 0 0 -1 -1 -1 -1 -6 -21 -7 -22 -9 -20 -9 -17 -2 -18 -3 -16 -4 -18 -4 -18 -5 -17 -4 -15 -6 -16 -5 -14 -7 -15 -6 -15 -5 -16 -6 -15 -8 -15 -7 -14 -5 -13 -8 -13 -8 -12 -8 -12 -8 -11 -8 -12 -7 -12 -8 -11 -7 -12 -9 -11 -8 -12 -8 -10 -10 -9 -8 -10 -8 -10 -8 -9 -7 -9 -7 -9 -7 -9 -7 -8 -7 -8 -6 -8 -5 -8 -4 -8 -4 -8 -4 -7 -3 -7 -3 -6 -2 -6 -3 -6 -2 -4 -1 -4 -1 -4 -1 -3 0 -3 0 -2 0 -2 1 -1 1 -1 -1 -1 -1 -1 -1 -1 -1 -1 -1 -1 -1 -1 -1 -1 -1 -1 -1 -1 0 0 0 0 35 22 33 22 37 23 34 25 36 26 30 24 33 26 30 24 34 27 30 30 29 32 30 30 31 30 29 31 24 28 28 29 27 26 28 28 23 24 25 27 23 25 25 25 23 26 24 25 23 28 23 22 29 18 22 22 23 20 23 18 23 17 22 17 25 16 23 16 23 14 25 14 24 13 24 13 22 14 24 11 23 11 24 7 22 8 26 7 21 6 22 4 22 5 22 4 23 3 23 4 23 4 21 4 22 4 23 -3 25 -5 22 -5 22 -10 -1 -1 ]
CSI_DATA,STA,08:3A:F2:51:5D:9D,-51,11,1,1,1,1,1,0,0,0,0,-93,0,6,1,14020414,0,110,0,0,14.209789,384,[110 96 6 0 0 0 0 0 0 0 0 0 -10 21 -10 21 -10 23 -13 23 -12 22 -12 19 -13 20 -13 19 -13 19 -14 19 -15 20 -15 20 -15 19 -15 18 -15 16 -15 19 -14 16 -14 16 -13 15 -13 15 -14 15 -14 16 -14 13 -13 15 -14 16 -11 15 0 0 -11 15 -10 15 -10 15 -9 15 -10 13 -8 14 -9 15 -7 13 -7 15 -5 14 -6 14 -6 13 -5 14 -4 13 -5 14 -3 14 -4 15 -2 12 -2 13 -1 12 -3 13 -2 13 -2 13 0 13 -2 12 -1 11 0 0 0 0 0 0 0 0 0 0 -1 -1 -1 -1 18 -10 18 -11 16 -14 15 -13 16 -8 15 -9 14 -10 15 -9 14 -10 12 -9 12 -11 11 -10 12 -12 11 -10 12 -10 11 -11 11 -12 10 -11 10 -10 9 -12 8 -12 9 -12 6 -11 8 -11 8 -10 7 -11 8 -11 6 -12 8 -11 6 -12 5 -12 6 -11 6 -10 6 -11 6 -11 6 -9 5 -9 5 -9 5 -9 5 -8 5 -8 6 -7 5 -6 4 -6 4 -5 4 -5 4 -4 3 -4 3 -3 3 -3 3 -2 2 -2 2 -1 1 -1 1 0 1 1 1 0 -1 -1 -1 -1 -1 -1 -1 -1 -1 -1 -1 -1 -1 -1 -1 -1 -1 -1 0 0 0 0 -10 42 -10 41 -11 43 -13 43 -14 43 -14 39 -14 41 -14 39 -16 43 -19 39 -22 40 -20 40 -19 41 -21 39 -20 34 -19 37 -18 37 -19 36 -17 32 -18 33 -18 32 -17 33 -18 30 -16 32 -20 32 -15 31 -10 32 -15 30 -13 29 -11 30 -10 28 -10 29 -9 29 -9 28 -7 28 -6 29 -5 27 -5 28 -6 27 -3 28 -3 27 -1 26 -1 26 0 28 1 23 2 23 3 24 3 23 3 23 2 24 3 23 2 23 3 23 8 21 10 23 10 22 12 20 -1 -1 ]
CSI_DATA,STA,08:3A:F2:51:5D:9D,-51,11,1,1,1,1,1,0,0,0,0,-93,0,6,1,14020702,0,110,0,0,14.220274,384,[110 96 6 0 0 0 0 0 0 0 0 0 -25 2 -24 1 -26 2 -26 0 -26 0 -23 -1 -24 -1 -23 -2 -24 -2 -24 -3 -25 -4 -26 -4 -25 -4 -24 -5 -22 -5 -25 -4 -21 -4 -22 -5 -21 -4 -20 -5 -20 -5 -21 -4 -19 -5 -20 -4 -21 -5 -19 -3 0 0 -19 -3 -19 -1 -19 -1 -18 0 -17 -2 -18 0 -18 -1 -16 0 -17 1 -15 2 -16 3 -15 1 -15 2 -14 3 -15 3 -14 4 -16 4 -13 5 -13 5 -12 5 -13 4 -13 4 -13 5 -12 6 -12 4 -11 5 0 0 0 0 0 0 0 0 0 0 -1 -1 -1 -1 19 6 21 5 20 3 18 1 15 8 14 6 15 6 14 7 14 5 13 5 14 3 13 3 14 2 14 4 14 4 14 2 15 2 14 3 12 3 13 0 13 -1 13 0 12 -1 12 0 11 1 12 0 12 0 12 -1 13 1 12 -1 11 -4 11 -1 11 0 10 -1 10 -2 9 0 10 -1 9 -1 8 -1 9 0 8 0 8 0 8 1 7 1 6 0 6 0 5 0 5 1 3 0 3 1 3 0 2 1 1 1 0 1 0 1 -1 0 -1 1 -1 -1 -1 -1 -1 -1 -1 -1 -1 -1 -1 -1 -1 -1 -1 -1 -1 -1 0 0 0 0 -39 16 -37 14 -40 17 -40 13 -42 15 -37 11 -41 13 -37 10 -42 13 -43 7 -44 6 -43 7 -44 9 -43 6 -38 3 -40 7 -37 7 -40 7 -34 6 -36 5 -34 4 -36 7 -35 4 -36 5 -37 2 -33 6 -31 14 -32 6 -31 7 -29 8 -29 9 -29 8 -28 10 -28 9 -26 10 -26 12 -24 12 -26 12 -26 10 -24 13 -23 12 -21 15 -21 13 -22 17 -18 14 -17 15 -17 15 -16 15 -16 16 -19 15 -18 15 -17 14 -16 15 -11 21 -10 22 -9 21 -6 23 -1 -1 ]
CSI_DATA,STA,08:3A:F2:51:5D:9D,-51,11,1,1,1,1,1,0,0,0,0,-93,0,6,1,14021160,0,110,0,0,14.230449,384,[110 96 6 0 0 0 0 0 0 0 0 0 -19 -16 -18 -16 -20 -17 -19 -19 -18 -19 -16 -18 -16 -19 -15 -18 -15 -19 -15 -19 -15 -21 -16 -21 -15 -20 -14 -20 -12 -20 -15 -20 -12 -19 -11 -18 -12 -18 -11 -18 -11 -18 -12 -18 -9 -17 -11 -17 -12 -18 -11 -16 0 0 -12 -16 -13 -14 -13 -14 -13 -13 -11 -14 -12 -13 -12 -14 -12 -12 -12 -12 -12 -9 -13 -10 -12 -10 -13 -10 -13 -9 -12 -9 -13 -8 -14 -8 -13 -6 -12 -6 -12 -5 -12 -6 -13 -6 -13 -6 -13 -5 -12 -6 -12 -5 0 0 0 0 0 0 0 0 0 0 -1 -1 -1 -1 14 16 14 16 15 15 15 10 5 14 5 13 7 13 6 14 7 13 5 11 8 11 7 10 9 10 8 11 7 12 8 10 9 10 8 10 7 9 9 8 9 7 9 8 8 6 8 8 7 7 9 6 8 8 9 6 9 8 9 6 11 3 8 6 8 5 8 5 8 5 7 5 8 5 6 5 6 4 6 5 5 5 5 5 5 5 4 4 4 4 3 3 3 3 3 3 1 3 1 2 1 2 0 1 0 1 -1 1 -1 1 -2 1 -2 0 -1 -1 -1 -1 -1 -1 -1 -1 -1 -1 -1 -1 -1 -1 -1 -1 -1 -1 0 0 0 0 -38 -13 -36 -13 -40 -13 -38 -16 -41 -16 -34 -16 -38 -17 -34 -16 -39 -17 -36 -22 -36 -25 -36 -23 -37 -22 -36 -23 -30 -22 -33 -20 -31 -18 -34 -19 -28 -18 -30 -20 -27 -18 -31 -17 -28 -20 -29 -19 -29 -22 -28 -17 -34 -7 -27 -16 -28 -14 -27 -12 -27 -11 -26 -12 -27 -10 -26 -10 -26 -9 -26 -7 -24 -7 -27 -8 -26 -9 -26 -6 -25 -6 -24 -2 -23 -3 -27 -1 -22 -2 -21 1 -23 1 -21 0 -22 2 -23 0 -24 0 -22 0 -22 1 -21 12 -20 14 -20 13 -17 18 -1 -1 ]
CSI_DATA,STA,08:3A:F2:51:5D:9D,-51,11,1,1,1,1,1,0,0,0,0,-93,0,6,1,14022175,0,110,0,0,14.241203,384,[110 96 6 0 0 0 0 0 0 0 0 0 20 12 19 12 21 12 21 15 20 15 17 14 18 15 17 14 18 15 17 16 17 17 18 17 17 17 16 17 14 16 17 17 14 15 14 16 14 15 13 15 13 15 14 15 11 14 13 15 14 16 13 13 0 0 13 12 14 11 14 12 14 10 12 11 14 10 13 10 13 8 13 9 13 7 13 7 12 7 13 7 13 5 13 6 13 4 14 5 12 3 13 3 12 2 13 3 13 3 13 3 13 2 12 3 11 2 0 0 0 0 0 0 0 0 0 0 -1 -1 -1 -1 -15 -16 -16 -17 -17 -14 -16 -12 -8 -15 -8 -14 -10 -14 -10 -15 -10 -14 -8 -12 -10 -12 -9 -11 -11 -12 -10 -12 -10 -13 -11 -11 -12 -11 -11 -11 -9 -10 -11 -10 -12 -8 -12 -9 -11 -8 -11 -8 -10 -8 -11 -8 -10 -8 -11 -7 -11 -9 -11 -7 -13 -5 -11 -7 -10 -7 -10 -6 -10 -5 -8 -6 -11 -5 -10 -8 -4 -5 -12 -3 -14 0 -5 -6 -6 -6 -5 -6 -5 -6 -5 -4 -4 -4 -5 -5 -3 -4 -3 -4 -2 -4 -2 -3 -1 -4 -1 -3 0 -2 0 -2 0 -1 -1 -1 -1 -1 -1 -1 -1 -1 -1 -1 -1 -1 -1 -1 -1 -1 -1 -1 0 0 0 0 39 5 37 6 41 5 40 8 41 9 36 9 39 10 36 9 41 10 38 15 39 17 39 14 40 14 37 16 32 16 36 14 34 13 35 14 31 12 32 14 30 13 32 12 30 14 31 13 31 16 30 11 34 1 28 11 28 9 28 8 27 7 27 7 28 5 27 6 27 3 27 3 24 2 26 2 26 4 26 1 25 1 24 -3 23 -2 27 -3 21 -3 21 -4 22 -5 21 -4 21 -6 23 -4 22 -4 21 -4 21 -5 18 -13 20 -16 18 -15 16 -19 -1 -1 ]
CSI_DATA,STA,08:3A:F2:51:5D:9D,-51,11,1,1,1,1,1,0,0,0,0,-93,0,6,1,14023237,0,110,0,0,14.251532,384,[110 96 6 0 0 0 0 0 0 0 0 0 -23 9 -22 8 -24 10 -25 8 -25 8 -22 6 -24 6 -23 5 -23 5 -24 4 -26 4 -26 4 -25 3 -24 2 -23 1 -25 4 -22 2 -22 1 -21 2 -21 2 -21 1 -21 2 -20 0 -20 2 -22 2 -19 3 0 0 -19 3 -19 4 -19 4 -18 5 -17 3 -18 4 -18 4 -16 5 -16 5 -14 7 -15 7 -15 5 -14 6 -13 7 -14 6 -12 8 -14 8 -11 8 -11 8 -10 8 -11 8 -11 8 -12 8 -10 9 -11 7 -9 8 0 0 0 0 0 0 0 0 0 0 -1 -1 -1 -1 21 1 22 0 21 -3 19 -4 17 3 15 2 16 1 16 3 16 1 14 1 15 0 14 -1 15 -2 15 -1 15 0 14 -1 16 -2 15 -2 13 -1 14 -3 12 -4 13 -4 11 -4 12 -3 12 -3 12 -4 12 -3 12 -5 13 -3 11 -5 10 -7 11 -4 11 -4 10 -4 10 -4 9 -4 10 -4 9 -3 8 -3 8 -3 8 -3 8 -2 8 -1 7 -2 7 -1 6 -2 4 -1 5 -1 4 -1 3 -1 3 0 2 0 2 1 1 1 1 1 -1 0 -1 0 -1 -1 -1 -1 -1 -1 -1 -1 -1 -1 -1 -1 -1 -1 -1 -1 -1 -1 0 0 0 0 -32 27 -31 26 -33 29 -34 26 -36 26 -33 22 -35 25 -33 22 -37 25 -38 20 -40 19 -38 20 -40 22 -39 19 -36 15 -37 18 -34 18 -36 18 -31 16 -34 15 -31 14 -33 17 -32 14 -32 16 -35 14 -30 16 -25 23 -29 15 -28 16 -26 17 -25 17 -25 16 -24 18 -24 17 -23 18 -22 19 -19 18 -21 18 -22 17 -20 20 -19 19 -16 20 -16 19 -17 22 -13 18 -12 19 -12 20 -12 19 -12 20 -13 20 -13 20 -12 19 -12 19 -5 23 -3 26 -3 24 2 24 -1 -1 ]
CSI_DATA,STA,08:3A:F2:51:5D:9D,-51,11,1,1,1,1,1,0,0,0,0,-93,0,6,1,14023922,0,110,0,0,14.261840,384,[110 96 6 0 0 0 0 0 0 0 0 0 3 -24 3 -24 3 -26 5 -27 5 -26 5 -23 6 -24 6 -22 7 -23 8 -23 9 -24 9 -25 9 -23 9 -23 10 -20 9 -24 9 -20 9 -20 8 -19 8 -19 9 -18 8 -19 9 -17 8 -18 9 -20 6 -18 0 0 7 -18 5 -18 5 -18 4 -18 5 -16 4 -17 5 -18 3 -16 2 -17 1 -15 1 -16 2 -15 1 -15 0 -15 0 -15 -1 -15 -1 -17 -2 -14 -2 -14 -3 -13 -2 -14 -2 -14 -2 -14 -3 -13 -2 -14 -3 -13 0 0 0 0 0 0 0 0 0 0 -1 -1 -1 -1 -11 19 -10 19 -7 20 -5 18 -13 12 -11 12 -10 12 -11 13 -9 12 -9 11 -8 13 -7 12 -7 13 -8 13 -9 12 -7 12 -7 14 -7 13 -7 11 -5 12 -4 13 -5 13 -3 11 -4 12 -4 11 -3 12 -5 11 -3 12 -4 12 -4 12 1 12 -3 11 -3 11 -3 10 -3 10 -3 9 -3 9 -3 9 -3 8 -3 8 -4 8 -3 8 -4 7 -3 6 -3 5 -3 5 -3 4 -3 5 -3 3 -3 3 -3 2 -3 1 -2 1 -2 0 -2 0 -2 -1 -2 -1 -1 -1 -1 -1 -1 -1 -1 -1 -1 -1 -1 -1 -1 -1 -1 -1 -1 -1 0 0 0 0 -10 -40 -10 -39 -11 -42 -8 -43 -8 -43 -5 -39 -7 -42 -5 -39 -6 -44 -1 -43 1 -45 0 -43 -2 -45 0 -43 2 -38 0 -40 -1 -39 -1 -39 0 -35 1 -37 1 -34 -1 -36 2 -35 1 -35 3 -37 -1 -34 -11 -34 -1 -32 -2 -32 -4 -30 -4 -30 -4 -29 -5 -30 -5 -29 -7 -28 -8 -28 -7 -27 -8 -28 -6 -27 -9 -26 -9 -25 -11 -23 -11 -23 -13 -25 -11 -20 -12 -20 -12 -20 -12 -20 -13 -20 -12 -21 -13 -21 -11 -20 -13 -20 -19 -14 -22 -14 -21 -13 -23 -9 -1 -1 ]
CSI_DATA,STA,08:3A:F2:51:5D:9D,-51,11,1,1,1,1,1,0,0,0,0,-93,0,6,1,14024397,0,110,0,0,14.272497,384,[110 96 6 0 0 0 0 0 0 0 0 0 14 -23 14 -23 15 -24 18 -24 17 -22 17 -20 17 -21 17 -19 18 -19 18 -19 19 -20 19 -21 19 -20 20 -19 19 -16 20 -19 19 -16 18 -15 18 -15 17 -15 17 -14 18 -14 16 -13 16 -15 18 -16 15 -15 0 0 15 -15 13 -16 14 -16 12 -16 13 -14 13 -15 13 -15 11 -14 11 -15 7 -15 8 -16 9 -14 8 -15 7 -15 8 -15 6 -16 7 -17 4 -15 5 -15 4 -14 5 -15 5 -15 4 -15 3 -15 4 -14 3 -14 0 0 0 0 0 0 0 0 0 0 -1 -1 -1 -1 -21 13 -21 14 -18 15 -14 15 -19 6 -17 6 -17 7 -18 7 -17 8 -15 7 -14 8 -13 8 -14 9 -15 9 -15 8 -13 9 -14 11 -14 10 -13 8 -11 10 -10 11 -11 10 -10 10 -11 10 -10 8 -10 10 -10 10 -10 11 -11 10 -9 10 -5 13 -9 9 -9 9 -8 9 -8 9 -9 8 -8 8 -8 8 -8 7 -8 7 -7 7 -8 6 -8 5 -7 4 -6 4 -6 4 -5 3 -6 3 -4 2 -4 1 -4 1 -3 0 -3 0 -3 -1 -3 -1 -2 -1 -1 -1 -1 -1 -1 -1 -1 -1 -1 -1 -1 -1 -1 -1 -1 -1 -1 -1 -1 -1 0 0 0 0 9 -45 10 -43 10 -47 13 -45 14 -47 15 -41 15 -44 14 -41 16 -46 20 -43 23 -43 20 -43 20 -45 21 -43 21 -36 20 -39 18 -38 19 -39 17 -34 19 -35 18 -33 17 -35 18 -33 18 -35 21 -35 15 -34 6 -38 15 -32 14 -32 12 -32 11 -31 11 -30 10 -32 10 -30 7 -31 7 -31 5 -30 5 -31 7 -30 4 -30 4 -29 0 -29 1 -27 0 -31 -1 -25 -2 -25 -2 -26 -2 -25 -4 -26 -2 -27 -2 -27 -2 -25 -3 -26 -12 -24 -14 -25 -14 -24 -18 -21 -1 -1 ]
CSI_DATA,STA,08:3A:F2:51:5D:9D,-50,11,1,0,1,1,1,0,0,0,0,-93,0,6,1,14250051,0,110,0,0,14.417073,384,[110 96 6 0 0 0 0 0 0 0 0 0 14 -18 13 -17 15 -20 18 -19 16 -18 16 -14 17 -16 16 -15 16 -15 18 -14 20 -15 19 -16 19 -15 20 -13 17 -10 20 -15 18 -12 18 -10 17 -11 16 -11 16 -10 17 -11 16 -8 17 -10 18 -11 15 -11 0 0 15 -11 13 -12 15 -12 12 -12 14 -10 13 -12 13 -12 11 -11 12 -12 8 -12 9 -13 10 -10 10 -11 8 -12 8 -12 7 -13 9 -14 6 -12 6 -13 4 -12 7 -12 6 -12 6 -12 5 -13 6 -11 5 -11 0 0 0 0 0 0 0 0 0 0 -1 -1 -1 -1 -21 7 -22 8 -19 10 -15 11 -18 2 -16 2 -17 3 -18 1 -16 3 -13 2 -15 4 -12 4 -15 6 -15 5 -15 4 -14 5 -15 6 -14 5 -12 4 -12 7 -11 8 -13 6 -10 7 -11 5 -11 4 -10 7 -11 5 -11 7 -12 6 -11 7 -8 10 -10 6 -11 6 -9 6 -9 6 -10 4 -9 6 -8 5 -8 4 -8 4 -8 4 -8 2 -8 2 -8 2 -7 1 -6 2 -5 1 -6 1 -5 0 -4 0 -4 -1 -3 0 -3 -1 -2 -1 -2 -2 -1 -2 0 -2 0 0 0 0 -1 -1 -1 -1 -1 -1 -1 -1 -1 -1 0 0 0 0 -1 -1 -1 -1 15 -37 13 -36 16 -41 19 -38 18 -38 16 -31 21 -36 16 -32 20 -41 24 -34 26 -37 24 -35 26 -37 26 -35 22 -28 23 -33 21 -33 25 -31 18 -27 22 -28 21 -25 19 -30 22 -25 22 -27 26 -28 19 -27 12 -32 19 -26 17 -27 15 -26 13 -25 17 -25 13 -27 13 -25 12 -27 10 -27 10 -23 9 -26 11 -24 9 -26 8 -25 3 -25 5 -22 5 -26 4 -22 2 -23 3 -22 1 -23 1 -23 4 -24 3 -22 2 -21 3 -21 -6 -22 -8 -25 -8 -23 -14 -22 -1 -1 ]
CSI_DATA,STA,08:3A:F2:51:5D:9D,-50,11,1,0,1,1,1,0,0,0,0,-93,0,6,1,14250883,0,110,0,0,14.428828,384,[110 96 6 0 0 0 0 0 0 0 0 0 1 22 1 21 1 25 -2 26 -2 24 -3 21 -2 23 -3 21 -3 22 -4 22 -6 25 -5 25 -5 24 -6 23 -7 19 -5 24 -6 20 -7 19 -6 19 -6 18 -6 18 -6 19 -8 16 -7 18 -7 20 -5 18 0 0 -5 18 -3 18 -4 18 -3 17 -5 16 -3 17 -3 17 -2 15 -1 17 1 14 0 16 -1 14 -1 14 1 14 1 14 2 14 1 16 3 13 3 13 4 12 2 13 3 13 2 13 4 13 2 12 3 11 0 0 0 0 0 0 0 0 0 0 -1 -1 -1 -1 5 -22 5 -22 2 -22 -1 -19 9 -14 8 -14 7 -15 9 -14 6 -13 6 -11 6 -14 4 -12 4 -15 5 -14 5 -14 4 -14 5 -15 4 -14 4 -11 2 -13 0 -14 3 -14 0 -11 1 -12 3 -11 0 -12 3 -12 0 -13 2 -13 1 -13 -5 -13 1 -12 1 -12 0 -10 0 -11 1 -10 0 -10 0 -9 0 -9 1 -9 1 -9 2 -9 2 -8 2 -7 2 -6 1 -6 1 -5 1 -5 1 -4 1 -4 1 -3 1 -3 1 -2 1 -2 1 -1 1 0 1 0 0 0 0 0 -1 -1 -1 -1 -1 -1 -1 -1 -1 -1 0 0 0 0 -1 -1 -1 -1 15 35 15 32 17 37 13 37 15 37 10 31 12 38 11 31 15 39 8 39 8 41 8 40 8 43 7 40 5 33 8 38 9 35 5 37 6 29 5 32 3 29 7 32 2 32 3 32 1 36 5 30 16 28 4 30 6 29 7 26 8 25 5 27 10 26 8 25 10 24 12 24 10 21 11 23 9 24 11 22 11 21 15 17 11 17 14 20 11 17 14 15 12 16 15 15 14 14 13 18 13 16 12 15 12 15 20 9 24 7 23 7 25 2 -1 -1 ]
CSI_DATA,STA,08:3A:F2:51:5D:9D,-50,11,1,0,1,1,1,0,0,0,0,-93,0,6,1,14251357,0,110,0,0,14.438642,384,[110 96 6 0 0 0 0 0 0 0 0 0 -23 -1 -22 -1 -26 -1 -27 -4 -25 -4 -21 -5 -24 -5 -22 -5 -23 -5 -23 -7 -25 -8 -25 -7 -24 -8 -23 -9 -19 -9 -24 -8 -21 -8 -19 -9 -19 -8 -18 -8 -19 -9 -20 -8 -16 -9 -19 -9 -20 -9 -19 -7 0 0 -18 -7 -19 -5 -19 -6 -18 -4 -16 -7 -18 -5 -18 -5 -16 -4 -17 -4 -15 0 -17 -1 -15 -3 -15 -2 -15 -1 -15 -1 -15 1 -18 -1 -14 1 -14 1 -13 3 -14 1 -14 1 -14 1 -14 2 -13 1 -12 2 0 0 0 0 0 0 0 0 0 0 -1 -1 -1 -1 19 9 21 10 20 6 18 3 12 11 11 10 13 10 11 11 12 9 9 7 12 7 10 6 13 6 12 8 13 8 12 6 13 7 12 7 10 6 12 4 13 2 12 5 10 2 11 4 10 4 11 2 11 4 11 3 11 5 11 3 12 -1 10 3 11 3 9 2 9 2 9 3 10 2 8 2 8 2 7 2 7 2 6 3 7 4 6 3 5 3 5 2 3 2 4 2 2 2 2 2 1 2 1 2 1 1 0 1 -1 1 -1 0 -2 0 0 0 0 0 -1 -1 -1 -1 -1 -1 -1 -1 -1 -1 0 0 0 0 -1 -1 -1 -1 -39 10 -36 11 -42 12 -41 8 -41 10 -35 5 -42 6 -34 6 -43 9 -42 2 -46 1 -44 1 -46 1 -44 0 -36 -1 -40 2 -38 3 -40 0 -33 2 -35 -1 -32 -2 -35 3 -34 -4 -35 -2 -39 -5 -34 0 -32 9 -32 0 -32 2 -29 3 -28 4 -30 1 -29 6 -28 4 -28 6 -28 8 -25 8 -27 8 -27 5 -26 7 -25 7 -21 12 -21 9 -25 12 -20 9 -19 11 -19 10 -19 13 -18 12 -22 10 -20 10 -19 10 -18 9 -14 18 -14 21 -13 20 -8 25 -1 -1 ]
CSI_DATA,STA,08:3A:F2:51:5D:9D,-50,11,1,0,1,1,1,0,0,0,0,-93,0,6,1,14251774,0,110,0,0,14.448762,384,[110 96 6 0 0 0 0 0 0 0 0 0 -16 -18 -15 -16 -18 -19 -16 -22 -16 -20 -12 -18 -14 -20 -13 -18 -14 -19 -12 -21 -13 -23 -14 -22 -12 -22 -11 -22 -8 -19 -13 -22 -10 -20 -9 -20 -9 -19 -9 -18 -9 -18 -10 -19 -6 -18 -9 -19 -9 -20 -10 -17 0 0 -10 -17 -12 -16 -11 -16 -11 -15 -9 -15 -11 -14 -11 -15 -11 -13 -12 -13 -12 -10 -12 -11 -10 -12 -11 -11 -12 -10 -12 -10 -13 -9 -14 -11 -12 -7 -12 -8 -12 -5 -12 -8 -12 -7 -12 -8 -13 -7 -11 -8 -11 -6 0 0 0 0 0 0 0 0 0 0 -1 -1 -1 -1 14 14 16 15 17 12 16 9 5 14 5 12 6 13 5 14 6 12 4 10 6 11 6 8 8 10 8 11 7 11 7 10 8 11 8 10 6 8 9 8 9 6 8 9 8 5 7 7 6 7 8 6 7 7 8 6 8 8 8 6 12 2 8 6 7 6 7 5 7 5 6 6 7 4 6 4 5 4 5 4 5 5 4 6 4 5 4 4 3 4 4 3 2 3 2 3 1 3 1 2 0 3 1 2 0 1 0 1 -1 0 -2 0 -2 0 0 0 0 0 -1 -1 -1 -1 -1 -1 -1 -1 -1 -1 0 0 0 0 -1 -1 -1 -1 -35 -11 -33 -10 -37 -12 -35 -14 -35 -13 -29 -13 -34 -15 -29 -11 -38 -13 -34 -18 -36 -20 -34 -20 -36 -20 -34 -20 -28 -16 -32 -18 -31 -15 -31 -19 -26 -13 -27 -16 -24 -16 -29 -13 -25 -17 -26 -17 -29 -21 -27 -14 -34 -2 -26 -14 -27 -13 -24 -10 -24 -10 -25 -12 -26 -8 -24 -9 -25 -7 -25 -5 -22 -5 -24 -5 -23 -8 -24 -5 -23 -4 -22 1 -21 -2 -24 -1 -20 -2 -20 0 -20 0 -20 2 -19 3 -22 0 -21 0 -19 0 -19 0 -19 13 -20 16 -19 16 -15 21 -1 -1 ]
CSI_DATA,STA,08:3A:F2:51:5D:9D,-50,11,1,0,1,1,1,0,0,0,0,-93,0,6,1,14254243,0,110,0,0,14.459416,384,[110 96 6 0 0 0 0 0 0 0 0 0 15 -17 14 -17 16 -20 20 -18 18 -17 16 -14 18 -16 17 -14 17 -15 19 -13 21 -15 21 -15 21 -14 20 -13 18 -10 20 -15 18 -12 19 -10 17 -11 16 -10 17 -10 18 -11 16 -7 18 -10 19 -11 16 -11 0 0 16 -11 14 -12 15 -12 13 -12 14 -10 13 -12 14 -12 11 -11 12 -12 8 -12 10 -13 10 -11 10 -11 8 -12 8 -12 8 -13 9 -14 6 -13 6 -13 4 -12 7 -12 6 -13 6 -13 5 -13 6 -11 4 -11 0 0 0 0 0 0 0 0 0 0 -1 -1 -1 -1 -18 13 -18 13 -15 16 -12 15 -17 4 -15 4 -15 6 -17 4 -14 5 -12 4 -13 6 -11 7 -12 8 -13 7 -14 7 -12 7 -13 8 -12 7 -10 6 -10 8 -9 9 -11 7 -8 8 -9 7 -9 6 -8 8 -10 7 -8 8 -10 8 -9 8 -5 12 -8 8 -9 7 -7 7 -8 7 -8 6 -7 7 -6 6 -7 5 -7 5 -7 5 -7 4 -7 4 -6 3 -6 2 -5 3 -5 2 -5 2 -5 1 -4 1 -4 0 -3 0 -2 -1 -2 -1 -2 -1 -2 -2 -1 -2 0 0 0 0 -1 -1 -1 -1 -1 -1 -1 -1 -1 -1 0 0 0 0 -1 -1 -1 -1 10 -36 9 -35 11 -39 14 -38 12 -37 12 -31 16 -36 11 -31 14 -40 18 -35 20 -37 19 -36 20 -39 20 -36 17 -30 18 -33 15 -34 19 -33 14 -28 16 -28 16 -25 14 -30 17 -26 16 -28 21 -30 14 -28 3 -35 15 -27 13 -27 10 -26 9 -25 12 -26 8 -27 9 -25 7 -27 6 -27 5 -23 5 -25 7 -25 5 -26 4 -25 -1 -24 1 -22 1 -26 1 -22 -1 -21 0 -22 -3 -22 -3 -22 0 -23 -1 -22 -1 -21 -1 -21 -12 -20 -15 -21 -15 -21 -19 -17 -1 -1 ]
CSI_DATA,STA,08:3A:F2:51:5D:9D,-50,11,1,0,1,1,1,0,0,0,0,-93,0,6,1,14254758,0,110,0,0,14.469962,384,[110 96 6 0 0 0 0 0 0 0 0 0 11 -21 10 -19 12 -23 15 -22 13 -21 13 -17 15 -20 14 -17 14 -18 15 -17 17 -19 17 -20 17 -19 17 -17 15 -14 17 -19 15 -15 16 -14 15 -14 14 -13 15 -13 15 -14 14 -11 15 -14 16 -15 13 -14 0 0 13 -14 11 -15 12 -15 10 -15 12 -12 10 -14 11 -14 9 -13 9 -15 6 -14 6 -15 8 -13 7 -14 5 -14 6 -14 4 -15 6 -16 3 -14 4 -14 2 -13 4 -14 4 -14 4 -14 2 -14 3 -13 2 -12 0 0 0 0 0 0 0 0 0 0 -1 -1 -1 -1 -16 15 -16 16 -13 18 -10 16 -15 7 -14 7 -15 8 -16 7 -13 8 -11 6 -12 8 -9 8 -11 10 -12 9 -12 9 -11 9 -11 11 -11 9 -10 8 -8 10 -7 11 -9 9 -7 9 -8 8 -8 8 -7 10 -8 8 -7 10 -9 9 -7 10 -3 12 -7 9 -8 8 -6 8 -6 8 -7 7 -6 8 -6 7 -6 6 -5 6 -5 6 -6 5 -6 5 -6 4 -5 4 -4 4 -4 3 -5 3 -4 2 -4 1 -3 1 -3 1 -3 0 -3 -1 -2 -2 -2 -1 -1 -2 0 0 0 0 -1 -1 -1 -1 -1 -1 -1 -1 -1 -1 0 0 0 0 -1 -1 -1 -1 3 -39 2 -37 4 -41 6 -41 5 -40 6 -33 9 -39 6 -33 7 -43 11 -38 12 -41 12 -40 12 -42 13 -40 12 -33 12 -37 9 -37 14 -36 9 -31 12 -31 12 -29 9 -33 12 -29 11 -31 15 -33 9 -31 -2 -34 10 -30 9 -30 6 -28 5 -26 8 -28 4 -28 4 -27 3 -28 2 -28 1 -25 0 -27 2 -26 0 -27 -1 -26 -5 -24 -3 -23 -4 -26 -3 -22 -5 -22 -4 -21 -6 -22 -6 -21 -4 -23 -5 -22 -5 -20 -4 -21 -14 -18 -18 -19 -19 -19 -22 -16 -1 -1 ]
CSI_DATA,STA,08:3A:F2:51:5D:9D,-50,11,1,0,1,1,1,0,0,0,0,-93,0,6,1,14255260,0,110,0,0,14.480433,384,[110 96 6 0 0 0 0 0 0 0 0 0 7 21 8 20 9 23 6 26 6 23 4 20 5 23 4 21 5 22 2 22 2 25 3 25 2 24 1 23 0 20 3 25 1 21 -1 20 1 20 1 19 0 19 1 20 -2 18 0 20 0 22 1 19 0 0 2 19 3 18 3 19 4 16 1 16 3 17 3 17 4 15 4 16 6 13 6 14 4 14 5 14 6 13 6 12 7 12 7 15 7 11 8 11 8 9 7 11 7 11 7 11 8 10 6 10 7 9 0 0 0 0 0 0 0 0 0 0 -1 -1 -1 -1 -7 -21 -8 -22 -11 -20 -10 -17 1 -16 0 -15 0 -16 1 -16 0 -15 0 -12 -1 -14 -2 -12 -3 -14 -2 -14 -2 -15 -3 -14 -3 -15 -3 -13 -3 -12 -4 -13 -5 -12 -4 -13 -5 -10 -4 -11 -3 -11 -5 -11 -3 -11 -6 -11 -4 -12 -5 -11 -10 -9 -5 -11 -5 -10 -5 -9 -5 -9 -4 -10 -4 -9 -4 -9 -4 -9 -3 -8 -3 -8 -2 -8 -2 -8 -2 -7 -1 -6 -2 -6 -1 -5 -2 -6 0 -4 0 -4 0 -4 0 -3 0 -3 0 -2 0 -2 1 -1 1 -1 0 0 0 0 -1 -1 -1 -1 -1 -1 -1 -1 -1 -1 0 0 0 0 -1 -1 -1 -1 27 22 26 21 29 24 26 25 27 24 21 21 25 27 22 21 28 26 23 29 24 31 23 30 25 31 23 30 18 26 21 28 22 25 20 29 17 22 17 25 15 23 20 23 15 25 17 24 17 29 17 22 30 15 16 23 17 22 17 19 16 17 17 20 19 17 17 17 19 15 20 15 18 14 19 14 17 15 20 13 19 12 20 7 17 9 20 10 17 9 18 6 17 8 18 6 18 5 19 8 18 7 17 7 16 7 22 -4 26 -7 24 -7 23 -12 -1 -1 ]
CSI_DATA,STA,08:3A:F2:51:5D:9D,-50,11,1,0,1,1,1,0,0,0,0,-93,0,6,1,14255670,0,110,0,0,14.490321,384,[110 96 6 0 0 0 0 0 0 0 0 0 -23 2 -22 3 -26 3 -27 0 -25 0 -22 -1 -24 -1 -22 -2 -23 -1 -24 -3 -26 -4 -26 -3 -25 -4 -24 -5 -20 -5 -26 -3 -22 -4 -21 -5 -20 -4 -19 -4 -20 -5 -21 -4 -18 -6 -20 -5 -22 -5 -20 -3 0 0 -20 -3 -19 -1 -20 -2 -18 0 -17 -3 -18 -1 -19 -1 -16 0 -18 0 -15 3 -16 3 -15 0 -15 1 -15 3 -15 3 -15 4 -17 3 -13 4 -14 5 -12 6 -14 4 -13 4 -13 4 -13 5 -13 3 -11 4 0 0 0 0 0 0 0 0 0 0 -1 -1 -1 -1 21 0 22 1 21 -4 18 -5 14 5 13 5 15 4 14 6 13 3 11 3 13 3 11 1 14 1 13 2 14 2 13 1 14 1 13 1 11 1 13 -1 12 -2 12 0 10 -2 11 -1 10 0 11 -2 11 0 10 -2 12 0 11 -2 10 -7 11 -2 10 -1 9 -2 9 -2 9 0 9 -2 8 -2 7 -1 8 -1 7 -1 7 0 6 0 6 1 5 0 5 -1 4 0 4 0 3 0 3 0 2 1 2 0 1 1 0 1 0 1 -1 0 -1 0 0 0 0 0 -1 -1 -1 -1 -1 -1 -1 -1 -1 -1 0 0 0 0 -1 -1 -1 -1 -31 20 -29 20 -34 22 -35 19 -34 19 -29 15 -35 16 -28 15 -36 21 -37 14 -39 14 -38 14 -40 15 -38 13 -32 10 -35 13 -33 14 -36 11 -28 11 -31 9 -29 7 -30 12 -30 8 -31 9 -35 8 -29 11 -25 23 -29 9 -28 11 -25 12 -23 11 -26 10 -24 14 -23 12 -23 14 -22 16 -20 14 -21 15 -21 12 -20 15 -19 14 -15 17 -16 14 -18 17 -15 14 -13 16 -14 15 -12 17 -12 16 -15 16 -14 15 -13 14 -13 14 -4 22 -3 26 -2 25 3 25 -1 -1 ]
CSI_DATA,STA,08:3A:F2:51:5D:9D,-50,11,1,0,1,1,1,0,0,0,0,-93,0,6,1,14256144,0,110,0,0,14.500583,384,[110 96 6 0 0 0 0 0 0 0 0 0 -22 -9 -21 -8 -24 -10 -25 -13 -22 -12 -19 -12 -21 -13 -19 -12 -20 -12 -19 -14 -21 -16 -22 -15 -21 -15 -19 -16 -16 -14 -21 -15 -18 -14 -16 -15 -16 -14 -15 -13 -15 -14 -16 -14 -13 -14 -15 -14 -16 -15 -16 -12 0 0 -16 -12 -16 -10 -17 -11 -16 -9 -14 -11 -16 -10 -16 -10 -14 -8 -16 -8 -14 -5 -16 -6 -13 -7 -14 -7 -14 -5 -14 -5 -15 -3 -17 -5 -14 -3 -14 -3 -13 -1 -14 -3 -14 -3 -14 -3 -14 -2 -13 -3 -12 -2 0 0 0 0 0 0 0 0 0 0 -1 -1 -1 -1 15 15 16 15 18 12 16 9 8 14 7 12 9 13 8 14 9 12 7 10 9 11 9 8 11 10 10 10 10 11 10 9 11 10 10 9 8 8 11 7 11 6 10 8 9 5 9 7 8 7 10 6 9 7 11 5 10 7 10 6 11 2 9 5 9 6 8 5 8 4 8 6 9 4 7 4 7 4 6 4 6 4 6 5 5 5 5 5 4 4 4 3 3 3 3 3 1 3 1 2 1 2 1 2 0 2 0 2 -1 1 -2 0 -2 -1 0 0 0 0 -1 -1 -1 -1 -1 -1 -1 -1 -1 -1 0 0 0 0 -1 -1 -1 -1 -40 -2 -38 0 -44 -2 -43 -4 -41 -4 -35 -6 -41 -7 -35 -5 -43 -5 -40 -10 -43 -11 -42 -10 -44 -11 -41 -12 -35 -10 -39 -11 -39 -9 -38 -13 -32 -8 -34 -11 -30 -11 -35 -8 -31 -12 -33 -11 -35 -15 -32 -8 -34 1 -32 -9 -31 -8 -29 -5 -28 -5 -30 -8 -29 -3 -28 -4 -29 -2 -29 -1 -25 0 -28 0 -27 -2 -27 0 -26 0 -24 5 -23 2 -27 4 -22 3 -21 5 -22 4 -21 7 -21 6 -24 4 -22 5 -21 5 -20 4 -18 14 -20 18 -19 17 -16 21 -1 -1 ]
CSI_DATA,STA,08:3A:F2:51:5D:9D,-50,11,1,0,1,1,1,0,0,0,0,-93,0,6,1,14352566,0,110,0,0,14.519179,384,[110 96 6 0 0 0 0 0 0 0 0 0 8 21 8 20 10 23 7 25 7 23 5 20 5 23 4 21 5 21 4 22 4 25 4 24 4 24 3 23 1 20 4 24 2 21 1 20 2 20 2 18 1 19 2 20 -1 18 1 20 2 21 3 18 0 0 3 18 5 17 4 18 5 16 3 16 5 16 4 17 5 14 6 15 7 12 7 14 5 13 6 13 8 11 7 12 9 11 9 13 9 10 9 10 9 8 8 10 9 10 9 10 10 9 8 9 8 8 0 0 0 0 0 0 0 0 0 0 -1 -1 -1 -1 -15 -16 -16 -18 -18 -14 -16 -11 -4 -14 -4 -13 -5 -14 -3 -14 -5 -12 -3 -11 -5 -11 -5 -9 -7 -11 -6 -12 -6 -12 -6 -11 -8 -12 -7 -11 -6 -9 -7 -9 -8 -8 -7 -10 -7 -7 -7 -8 -6 -8 -8 -7 -7 -9 -8 -7 -7 -9 -8 -8 -12 -4 -7 -7 -7 -7 -6 -6 -7 -6 -6 -7 -7 -6 -6 -5 -6 -6 -5 -6 -5 -5 -4 -6 -5 -6 -4 -6 -4 -5 -3 -4 -2 -4 -4 -4 -2 -3 -2 -3 -1 -3 -1 -3 -2 -3 0 -2 0 -2 0 -1 0 -1 -1 -1 -1 -1 -1 -1 -1 -1 -1 -1 -1 -1 -1 -1 -1 -1 -1 -1 -1 -1 0 0 27 15 25 14 29 17 26 18 27 17 22 16 24 19 22 14 29 17 25 21 26 24 25 22 28 23 26 23 20 18 23 21 24 17 23 21 18 15 19 17 16 17 21 15 18 18 19 17 20 22 19 16 33 5 18 16 19 16 17 12 18 11 19 13 20 10 18 11 20 9 20 8 18 8 20 8 19 10 20 7 19 6 18 1 16 4 19 3 16 4 17 1 17 2 16 0 16 -1 18 2 18 2 16 2 16 2 18 -12 21 -16 19 -16 15 -20 -1 -1 ]
CSI_DATA,STA,08:3A:F2:51:5D:9D,-50,11,1,0,1,1,1,0,0,0,0,-93,0,6,1,14356617,0,110,0,0,14.530102,384,[110 96 6 0 0 0 0 0 0 0 0 0 8 -22 7 -21 8 -24 12 -24 11 -23 10 -19 12 -22 11 -19 11 -21 13 -20 15 -22 14 -22 14 -21 15 -19 13 -16 14 -21 13 -18 14 -16 12 -16 11 -16 12 -16 12 -17 13 -13 13 -16 14 -17 11 -16 0 0 11 -16 9 -17 9 -17 8 -16 9 -14 8 -16 8 -16 7 -15 7 -16 4 -15 4 -16 5 -14 5 -15 3 -15 3 -15 2 -15 3 -17 1 -14 1 -14 -1 -13 2 -14 1 -14 1 -14 0 -14 1 -13 0 -12 0 0 0 0 0 0 0 0 0 0 -1 -1 -1 -1 -14 18 -13 18 -10 20 -8 17 -14 9 -13 9 -13 11 -14 10 -12 10 -10 8 -11 10 -8 10 -10 12 -10 11 -11 11 -9 11 -9 12 -9 11 -8 10 -7 11 -5 12 -8 11 -4 10 -6 10 -7 9 -5 10 -7 10 -4 11 -7 11 -5 11 0 13 -5 11 -5 10 -4 9 -4 9 -5 8 -4 9 -4 8 -4 7 -4 7 -4 7 -5 7 -5 6 -5 5 -4 5 -4 5 -4 3 -4 4 -4 2 -3 2 -3 1 -3 1 -2 0 -2 0 -2 -1 -2 -1 -2 -1 0 0 -1 -1 -1 -1 -1 -1 -1 -1 -1 -1 -1 -1 -1 -1 0 0 0 0 -1 -1 -1 -40 -3 -38 -1 -43 2 -43 1 -41 3 -35 4 -40 2 -35 2 -44 7 -40 7 -43 7 -42 7 -44 8 -42 7 -35 8 -39 5 -39 10 -38 5 -32 8 -33 8 -31 5 -34 9 -31 7 -32 10 -36 5 -32 -6 -34 5 -32 5 -31 2 -29 2 -28 4 -30 0 -29 0 -28 -1 -29 -3 -29 -3 -24 -4 -27 -1 -26 -4 -27 -5 -26 -8 -23 -6 -23 -8 -26 -6 -22 -8 -21 -7 -21 -10 -21 -10 -21 -8 -22 -8 -21 -8 -20 -8 -20 -16 -16 -21 -17 -21 -16 -23 -12 -1 -1 ]
CSI_DATA,STA,08:3A:F2:51:5D:9D,-50,11,1,0,1,1,1,0,0,0,0,-93,0,6,1,14365640,0,110,0,0,14.541623,384,[110 96 6 0 0 0 0 0 0 0 0 0 -23 -2 -23 -2 -26 -2 -28 -5 -25 -4 -22 -6 -24 -6 -22 -6 -22 -6 -22 -8 -25 -9 -25 -8 -24 -8 -23 -9 -20 -10 -24 -9 -21 -9 -19 -10 -20 -9 -18 -8 -18 -10 -19 -9 -15 -10 -19 -9 -20 -10 -19 -7 0 0 -19 -8 -18 -5 -19 -6 -17 -4 -17 -7 -17 -6 -18 -6 -16 -5 -17 -4 -15 -1 -17 -1 -15 -3 -15 -3 -15 -1 -15 -1 -16 0 -17 -1 -14 1 -14 1 -13 2 -14 0 -14 0 -14 1 -14 2 -13 0 -13 1 0 0 0 0 0 0 0 0 0 0 -1 -1 -1 -1 15 15 16 14 19 12 15 10 10 13 10 12 11 12 10 14 10 11 9 9 11 10 10 8 12 9 11 9 11 10 12 8 13 9 12 8 10 8 12 6 13 5 10 8 11 5 10 6 10 7 11 6 9 6 11 4 11 6 11 4 12 1 11 5 10 5 10 5 9 4 9 5 9 5 8 4 8 4 7 4 6 4 6 4 6 5 6 5 5 4 4 3 3 3 3 4 2 3 2 2 1 3 1 2 0 2 0 2 -1 1 -1 0 -2 0 -1 -1 0 0 0 0 -1 -1 -1 -1 -1 -1 0 0 0 0 -1 -1 -1 -1 -1 -1 -41 7 -40 8 -44 7 -47 4 -43 4 -38 2 -44 1 -38 2 -47 2 -42 -2 -46 -1 -44 -1 -47 -2 -46 -3 -39 -4 -41 -4 -43 -2 -40 -7 -36 -3 -36 -6 -34 -7 -37 -4 -33 -7 -36 -4 -39 -7 -35 -2 -34 7 -35 -4 -33 -3 -33 -1 -29 0 -33 -3 -32 0 -30 0 -31 1 -30 3 -26 3 -28 5 -27 3 -28 6 -28 5 -24 9 -24 7 -27 7 -23 8 -22 8 -22 7 -22 10 -22 9 -23 7 -22 9 -21 8 -21 8 -17 14 -19 19 -19 20 -16 20 -1 -1 ]
CSI_DATA,STA,08:3A:F2:51:5D:9D,-50,11,1,0,1,1,1,0,0,0,0,-93,0,6,1,14366121,0,110,0,0,14.552000,384,[110 96 6 0 0 0 0 0 0 0 0 0 -1 -24 -2 -23 -2 -26 1 -28 0 -25 2 -22 3 -25 3 -22 2 -23 4 -23 4 -26 4 -26 4 -25 5 -24 6 -20 4 -25 5 -22 6 -20 5 -20 5 -19 6 -19 5 -20 7 -17 5 -20 6 -21 3 -20 0 0 4 -20 1 -19 2 -20 0 -18 3 -17 1 -18 2 -18 1 -17 0 -18 -3 -15 -3 -16 -1 -15 -1 -16 -3 -15 -3 -15 -4 -15 -4 -17 -5 -13 -5 -14 -6 -12 -4 -14 -5 -13 -4 -14 -6 -13 -4 -13 -5 -12 0 0 0 0 0 0 0 0 0 0 -1 -1 -1 -1 -8 21 -7 20 -3 23 -3 19 -10 14 -9 14 -8 14 -10 15 -7 13 -7 11 -6 13 -5 12 -5 14 -6 13 -6 14 -4 14 -4 15 -4 14 -4 12 -2 13 -1 14 -4 13 0 12 -3 12 -3 11 -2 12 -3 11 0 12 -2 12 -1 12 3 12 -1 12 -2 11 -1 10 -1 10 -2 10 -1 10 -1 9 -2 9 -2 8 -2 8 -2 8 -2 8 -2 7 -2 6 -2 6 -2 5 -2 5 -3 4 -2 3 -3 2 -2 2 -2 1 -2 0 -2 0 -2 -1 -2 -1 0 0 0 0 -1 -1 -1 -1 -1 -1 -1 -1 -1 -1 0 0 0 0 -1 -1 -1 -1 -17 -36 -17 -35 -17 -38 -16 -41 -14 -37 -12 -35 -12 -40 -11 -34 -14 -42 -8 -39 -10 -43 -10 -41 -11 -44 -9 -42 -7 -37 -7 -38 -10 -40 -5 -38 -8 -33 -5 -34 -3 -32 -7 -35 -3 -32 -7 -34 -4 -38 -8 -32 -19 -29 -6 -33 -7 -30 -10 -29 -9 -26 -8 -31 -11 -28 -9 -27 -11 -27 -12 -27 -11 -23 -14 -24 -11 -24 -14 -24 -14 -24 -16 -19 -14 -20 -16 -22 -15 -19 -15 -18 -14 -18 -16 -17 -16 -17 -15 -19 -16 -17 -15 -16 -15 -17 -20 -10 -25 -9 -26 -9 -25 -5 -1 -1 ]
CSI_DATA,STA,08:3A:F2:51:5D:9D,-50,11,1,0,1,1,1,0,0,0,0,-93,0,6,1,14366600,0,110,0,0,14.562810,384,[110 96 6 0 0 0 0 0 0 0 0 0 22 -8 21 -7 24 -9 26 -6 24 -6 21 -4 23 -4 22 -3 22 -4 23 -3 26 -3 25 -3 24 -3 24 -1 20 0 25 -3 21 -1 20 0 20 0 19 -1 19 0 20 0 17 2 20 0 21 0 19 -2 0 0 19 -2 18 -4 19 -3 17 -4 17 -1 17 -4 17 -3 15 -4 16 -5 13 -7 14 -7 14 -4 14 -5 13 -7 13 -7 12 -8 15 -8 11 -8 11 -8 9 -9 11 -7 11 -8 11 -8 11 -9 10 -7 9 -8 0 0 0 0 0 0 0 0 0 0 -1 -1 -1 -1 -23 -3 -22 -2 -24 1 -20 2 -17 -6 -17 -5 -17 -5 -18 -6 -16 -4 -14 -4 -16 -3 -14 -1 -16 -2 -15 -2 -16 -2 -16 -1 -17 -1 -15 -1 -14 -1 -15 1 -14 2 -14 -1 -13 2 -13 0 -13 0 -13 1 -13 0 -13 2 -14 0 -13 2 -11 6 -13 2 -13 1 -12 2 -11 2 -11 0 -11 1 -10 1 -10 0 -10 1 -9 1 -9 0 -9 -1 -8 -1 -7 -1 -7 0 -6 -1 -6 -2 -5 -1 -5 -1 -4 -2 -3 -2 -3 -2 -2 -2 -2 -2 -1 -2 0 -2 0 0 0 0 -1 -1 -1 -1 -1 -1 -1 -1 -1 -1 0 0 0 0 -1 -1 -1 -1 30 -26 29 -26 32 -26 34 -25 32 -23 29 -20 35 -22 30 -20 36 -25 35 -18 38 -21 36 -21 39 -22 38 -20 33 -17 35 -17 35 -21 35 -14 29 -16 31 -13 30 -11 31 -16 29 -11 30 -14 34 -13 28 -16 23 -26 30 -15 27 -14 25 -16 22 -15 26 -15 24 -17 23 -15 23 -18 22 -19 18 -17 19 -19 20 -17 19 -20 18 -20 13 -21 15 -19 16 -21 13 -19 13 -19 13 -18 12 -21 11 -20 14 -19 12 -19 11 -19 12 -19 4 -21 3 -26 1 -27 -2 -25 -1 -1 ]
CSI_DATA,STA,08:3A:F2:51:5D:9D,-50,11,1,0,1,1,1,0,0,0,0,-93,0,6,1,14367029,0,110,0,0,14.573369,384,[110 96 6 0 0 0 0 0 0 0 0 0 17 14 16 14 20 16 18 19 17 17 13 16 15 18 13 16 15 17 13 19 15 21 15 20 14 20 13 20 9 17 15 20 11 17 10 18 10 17 10 16 10 17 11 17 7 16 10 17 11 19 11 15 0 0 10 15 12 14 12 14 12 12 9 14 11 13 11 14 11 11 12 11 12 8 13 9 10 10 11 9 12 8 11 7 13 6 14 9 12 5 12 6 12 4 12 6 12 5 12 6 12 4 11 6 11 4 0 0 0 0 0 0 0 0 0 0 -1 -1 -1 -1 -12 -19 -13 -18 -17 -17 -13 -14 -5 -16 -6 -15 -7 -16 -6 -17 -6 -15 -5 -13 -7 -14 -7 -11 -8 -14 -8 -13 -8 -14 -8 -12 -10 -13 -9 -12 -8 -11 -9 -11 -11 -10 -9 -12 -10 -8 -8 -10 -8 -10 -9 -9 -7 -10 -10 -8 -9 -10 -9 -9 -12 -5 -9 -9 -9 -9 -8 -8 -8 -8 -8 -9 -8 -8 -7 -7 -7 -8 -6 -7 -6 -7 -6 -7 -5 -7 -5 -7 -4 -6 -4 -5 -3 -5 -3 -6 -2 -5 -2 -4 -1 -4 -1 -4 -1 -3 -1 -3 0 -3 0 -1 1 -1 0 0 0 0 -1 -1 -1 -1 -1 -1 -1 -1 -1 -1 0 0 0 0 -1 -1 -1 -1 36 9 35 8 38 11 38 13 35 13 31 11 36 16 31 12 39 15 34 18 37 18 35 17 38 18 36 18 30 17 32 18 34 15 31 20 28 14 27 18 25 17 29 16 24 17 28 15 29 20 27 13 33 2 27 15 26 14 26 11 24 10 26 13 26 9 24 10 26 8 26 7 22 5 25 5 23 6 25 3 25 4 23 -1 22 1 25 1 21 1 21 -1 21 0 22 -2 21 -2 22 0 21 -1 19 -1 20 -1 19 -10 22 -15 21 -15 19 -18 -1 -1 ]
CSI_DATA,STA,08:3A:F2:51:5D:9D,-50,11,1,0,1,1,1,0,0,0,0,-93,0,6,1,14367493,0,110,0,0,14.583538,384,[110 96 6 0 0 0 0 0 0 0 0 0 -11 20 -10 19 -12 22 -15 23 -13 20 -13 17 -15 19 -14 17 -14 18 -15 17 -18 19 -17 20 -17 18 -17 17 -16 14 -17 19 -15 15 -16 14 -15 14 -14 13 -15 13 -15 14 -15 11 -15 14 -16 15 -13 14 0 0 -13 14 -11 15 -12 16 -10 14 -12 12 -11 14 -11 14 -9 13 -9 14 -6 13 -7 15 -8 12 -7 13 -5 13 -6 13 -5 14 -6 15 -3 13 -3 13 -2 12 -4 13 -3 13 -4 13 -2 13 -4 12 -2 12 0 0 0 0 0 0 0 0 0 0 -1 -1 -1 -1 18 -12 18 -13 16 -16 13 -14 16 -8 14 -8 14 -9 16 -8 13 -8 12 -7 13 -9 10 -9 13 -10 12 -9 12 -10 11 -11 12 -12 10 -11 10 -9 9 -11 8 -13 10 -10 7 -11 9 -10 9 -9 8 -10 9 -9 6 -11 9 -10 7 -11 4 -12 7 -11 7 -10 6 -9 6 -10 7 -9 6 -9 5 -8 5 -8 6 -7 5 -7 6 -7 5 -5 5 -5 5 -5 4 -5 4 -4 4 -4 4 -3 3 -2 3 -2 3 -1 2 -1 2 -1 1 0 0 0 0 1 0 0 0 0 -1 -1 -1 -1 -1 -1 -1 -1 -1 -1 0 0 0 0 -1 -1 -1 -1 -7 39 -5 38 -8 42 -10 42 -10 40 -10 35 -13 40 -10 34 -12 43 -16 38 -16 41 -15 40 -17 42 -17 40 -15 34 -16 36 -14 38 -18 35 -13 31 -16 31 -16 29 -14 33 -17 28 -15 31 -19 33 -12 31 -3 34 -14 31 -12 29 -9 29 -8 26 -12 29 -8 28 -8 27 -7 28 -5 28 -4 24 -3 27 -5 26 -2 27 -2 26 2 24 0 23 0 27 0 23 2 22 1 22 4 23 3 22 1 23 3 22 3 21 2 21 9 20 14 21 14 21 16 18 -1 -1 ]
CSI_DATA,STA,08:3A:F2:51:5D:9D,-46,11,1,0,0,1,1,0,0,0,0,-93,0,6,1,14374845,0,110,0,0,14.593890,256,[110 96 6 0 0 0 0 0 0 0 0 0 0 15 -1 15 -1 16 0 17 -1 17 -2 14 -2 15 -2 14 -2 15 -3 14 -3 16 -4 16 -3 15 -3 15 -3 13 -3 15 -3 14 -4 12 -4 13 -3 13 -3 11 -4 12 -3 11 -2 11 -3 12 -3 12 0 0 -2 11 -1 11 -2 11 -1 11 -1 9 -1 10 0 11 0 10 0 10 -1 9 0 9 -1 9 0 9 0 10 0 9 1 9 1 10 1 8 1 9 1 8 2 8 2 8 2 8 2 8 1 7 2 8 0 0 0 0 0 0 0 0 0 0 -1 -1 -1 -1 0 0 0 0 4 14 4 13 2 13 2 13 2 13 2 14 1 14 1 13 1 14 0 14 0 15 0 14 0 14 0 15 -1 13 0 14 -1 13 0 14 -1 12 -2 12 -1 12 -2 13 -1 12 -1 12 -1 11 -1 11 0 11 -1 10 -1 -1 0 10 1 9 0 10 1 10 0 8 1 10 1 9 1 9 2 8 2 9 2 9 2 8 2 8 2 8 2 8 2 7 2 8 3 7 3 7 3 7 3 7 3 7 3 7 3 7 3 6 3 6 4 5 4 5 -1 -1 -1 -1 -1 -1 ]
CSI_DATA,STA,08:3A:F2:51:5D:9D,-45,11,1,0,0,1,1,0,0,0,0,-93,0,6,1,14375223,0,110,0,0,14.600147,256,[110 96 6 0 0 0 0 0 0 0 0 0 -16 3 -16 2 -17 2 -17 3 -17 2 -15 1 -16 1 -15 0 -15 1 -16 0 -17 0 -17 -1 -16 0 -16 -1 -14 -1 -17 0 -14 -1 -14 -1 -14 -1 -14 0 -12 0 -14 -1 -13 -1 -13 0 -14 0 -13 0 0 0 -12 1 -13 1 -12 2 -12 2 -10 2 -11 2 -11 3 -10 2 -11 3 -10 2 -10 3 -9 2 -9 3 -10 3 -9 3 -9 3 -9 4 -9 3 -8 4 -8 4 -8 4 -8 4 -8 4 -8 5 -7 4 -7 4 0 0 0 0 0 0 0 0 0 0 -1 -1 -1 -1 0 0 0 0 -27 17 -25 15 -27 10 -26 11 -28 11 -29 11 -28 10 -28 8 -28 10 -26 7 -30 8 -28 6 -30 6 -28 6 -27 5 -27 6 -27 4 -27 7 -24 4 -25 3 -24 5 -25 4 -23 5 -24 5 -25 4 -23 4 -24 5 -22 5 -1 -1 -20 7 -21 7 -18 8 -20 8 -17 7 -18 9 -18 9 -18 8 -16 9 -18 9 -16 11 -15 9 -14 9 -15 8 -14 10 -13 11 -15 11 -14 10 -13 10 -12 11 -14 11 -13 9 -11 12 -11 11 -10 10 -11 10 -6 13 -5 15 -1 -1 -1 -1 -1 -1 ]
CSI_DATA,STA,08:3A:F2:51:5D:9D,-46,11,1,0,0,1,1,0,0,0,0,-93,0,6,1,14375682,0,110,0,0,14.607219,256,[110 96 6 0 0 0 0 0 0 0 0 0 -12 -12 -11 -11 -13 -12 -13 -12 -11 -13 -10 -12 -11 -13 -9 -12 -9 -13 -9 -14 -10 -14 -9 -14 -9 -14 -9 -13 -8 -12 -10 -14 -7 -13 -7 -13 -6 -12 -7 -12 -6 -11 -7 -12 -7 -11 -7 -10 -7 -12 -7 -11 0 0 -8 -10 -8 -10 -8 -9 -8 -10 -7 -8 -8 -9 -8 -8 -7 -9 -9 -8 -8 -8 -8 -8 -7 -7 -7 -7 -7 -7 -8 -6 -8 -7 -9 -6 -7 -6 -8 -6 -8 -6 -8 -5 -8 -5 -8 -5 -8 -5 -8 -5 -7 -4 0 0 0 0 0 0 0 0 0 0 -1 -1 -1 -1 0 0 0 0 -31 -3 -27 -6 -26 -13 -25 -11 -27 -12 -26 -13 -27 -13 -23 -14 -25 -13 -21 -15 -25 -15 -23 -17 -24 -17 -24 -18 -21 -18 -22 -18 -19 -16 -24 -16 -18 -15 -20 -17 -18 -14 -20 -16 -19 -15 -19 -14 -19 -16 -17 -15 -18 -14 -17 -14 -1 -1 -17 -10 -18 -11 -16 -10 -19 -10 -15 -9 -18 -9 -17 -9 -16 -9 -17 -7 -19 -8 -17 -7 -17 -7 -16 -6 -15 -7 -18 -4 -16 -5 -18 -5 -16 -4 -17 -3 -15 -3 -17 -3 -16 -3 -15 -3 -16 -3 -15 -3 -15 -2 -15 5 -12 4 -1 -1 -1 -1 -1 -1 ]
CSI_DATA,STA,08:3A:F2:51:5D:9D,-46,11,1,0,0,1,1,0,0,0,0,-93,0,6,1,14376078,0,110,0,0,14.614962,256,[110 96 6 0 0 0 0 0 0 0 0 0 11 -12 10 -11 11 -13 11 -12 12 -12 11 -10 11 -10 11 -10 12 -11 12 -10 13 -10 12 -10 12 -9 11 -9 11 -8 12 -10 11 -8 11 -8 10 -8 10 -8 9 -7 10 -8 10 -7 9 -7 10 -9 9 -8 0 0 8 -9 8 -8 8 -8 8 -9 6 -8 7 -9 6 -8 6 -8 6 -9 6 -8 6 -8 5 -8 5 -9 4 -9 5 -8 4 -8 4 -10 3 -8 3 -8 3 -8 3 -8 3 -9 3 -9 3 -9 3 -8 3 -8 0 0 0 0 0 0 0 0 0 0 -1 -1 -1 -1 0 0 0 0 -4 -15 -2 -15 4 -13 3 -13 3 -13 4 -13 3 -13 4 -12 4 -13 5 -12 4 -13 5 -13 5 -13 6 -12 5 -11 5 -11 6 -11 4 -12 4 -9 5 -11 4 -10 5 -11 5 -10 5 -10 5 -10 4 -10 5 -10 4 -10 -1 -1 3 -9 3 -10 2 -9 3 -10 3 -8 2 -9 1 -9 2 -9 1 -8 2 -10 1 -10 1 -9 1 -8 1 -9 0 -9 0 -8 0 -9 0 -8 0 -8 -1 -8 -1 -8 0 -8 -1 -9 -1 -8 -1 -7 -1 -7 -4 -7 -4 -6 -1 -1 -1 -1 -1 -1 ]
CSI_DATA,STA,08:3A:F2:51:5D:9D,-50,11,1,0,1,1,1,0,0,0,0,-93,0,6,1,14572063,0,110,0,0,14.738635,384,[110 96 6 0 0 0 0 0 0 0 0 0 -23 -14 -21 -12 -26 -14 -24 -17 -24 -16 -19 -15 -22 -16 -19 -15 -21 -15 -20 -18 -21 -21 -22 -20 -20 -19 -19 -20 -15 -17 -22 -20 -17 -17 -16 -19 -16 -17 -16 -16 -15 -16 -17 -17 -13 -17 -15 -18 -16 -19 -16 -15 0 0 -16 -15 -18 -13 -17 -14 -17 -12 -14 -13 -16 -12 -17 -13 -16 -10 -17 -11 -16 -7 -17 -8 -14 -9 -15 -9 -15 -6 -16 -7 -16 -5 -19 -7 -15 -4 -15 -4 -14 -2 -15 -5 -15 -4 -16 -4 -16 -3 -14 -5 -13 -3 0 0 0 0 0 0 0 0 0 0 -1 -1 -1 -1 17 16 20 17 21 13 19 10 9 16 8 13 10 15 9 16 10 13 8 11 9 12 9 9 12 11 10 12 10 12 10 11 13 11 11 11 9 9 12 8 12 6 11 9 11 5 10 7 9 8 11 7 9 8 11 5 11 8 11 6 13 2 10 6 10 6 9 5 9 5 9 6 9 4 8 4 8 5 7 5 6 4 6 5 6 5 5 5 4 4 4 4 2 3 3 3 1 3 1 3 0 3 0 2 0 2 -1 2 -1 1 -2 1 -3 0 0 0 -1 -1 -1 -1 -1 -1 -1 -1 -1 -1 -1 -1 -1 -1 0 0 0 0 -1 -1 -43 -5 -40 -4 -47 -5 -44 -8 -45 -7 -37 -8 -44 -10 -37 -8 -47 -8 -43 -15 -46 -16 -44 -15 -47 -16 -44 -16 -36 -14 -42 -14 -41 -11 -40 -16 -34 -10 -36 -14 -32 -14 -37 -11 -33 -16 -35 -14 -38 -19 -34 -11 -39 1 -34 -12 -34 -10 -31 -6 -30 -6 -31 -9 -33 -5 -30 -6 -32 -4 -32 -2 -28 -3 -30 -1 -29 -4 -30 -1 -28 0 -27 5 -25 3 -29 4 -24 3 -24 5 -24 4 -24 7 -24 7 -27 4 -24 5 -23 4 -22 4 -20 16 -20 21 -20 20 -15 24 -1 -1 ]
CSI_DATA,STA,08:3A:F2:51:5D:9D,-46,11,1,0,0,1,1,0,0,0,0,-93,0,6,1,14581480,0,110,0,0,14.750371,256,[110 96 6 0 0 0 0 0 0 0 0 0 11 -11 10 -10 11 -12 11 -11 12 -11 11 -9 12 -10 11 -8 12 -9 13 -8 13 -9 12 -9 12 -8 12 -8 11 -7 12 -9 10 -8 11 -7 11 -7 10 -7 10 -7 10 -7 9 -6 9 -7 10 -8 9 -8 0 0 8 -8 8 -8 8 -8 8 -8 7 -7 7 -8 6 -8 6 -8 6 -8 6 -7 6 -8 5 -7 5 -8 5 -8 5 -8 5 -8 4 -9 4 -8 4 -8 4 -8 4 -8 4 -8 3 -8 3 -8 3 -8 3 -8 0 0 0 0 0 0 0 0 0 0 -1 -1 -1 -1 -1 -1 0 0 -4 -28 -3 -26 9 -24 7 -24 8 -25 9 -25 9 -23 10 -22 8 -24 11 -22 10 -24 12 -23 13 -24 12 -24 11 -21 13 -22 12 -19 10 -24 10 -18 12 -19 11 -20 12 -19 11 -18 10 -19 11 -18 11 -17 10 -19 8 -18 -1 -1 6 -18 6 -18 7 -18 6 -19 6 -16 6 -18 4 -17 5 -16 3 -16 3 -19 2 -17 1 -16 1 -15 3 -15 1 -16 1 -15 2 -18 1 -15 1 -15 0 -14 0 -17 1 -16 -1 -16 -1 -15 -1 -14 -2 -13 -8 -13 -9 -13 -1 -1 -1 -1 -1 -1 ]
CSI_DATA,STA,08:3A:F2:51:5D:9D,-50,11,1,0,1,1,1,0,0,0,0,-93,0,6,1,14581957,0,110,0,0,14.757464,384,[110 96 6 0 0 0 0 0 0 0 0 0 11 18 11 17 13 20 11 23 11 21 8 18 9 21 8 19 9 19 7 21 7 23 8 23 7 23 6 22 4 19 8 23 5 20 4 19 5 19 4 17 4 18 5 19 2 17 4 19 4 20 5 17 0 0 5 17 7 16 7 17 7 15 5 15 7 15 7 16 7 13 8 14 8 11 9 12 6 12 7 12 9 10 8 11 10 10 10 12 9 8 10 9 10 7 9 9 9 8 9 9 10 8 8 8 9 7 0 0 0 0 0 0 0 0 0 0 -1 -1 -1 -1 -6 -21 -7 -22 -9 -20 -9 -17 0 -17 -1 -16 -2 -17 -1 -17 -2 -15 -1 -13 -2 -14 -3 -12 -4 -15 -4 -14 -3 -15 -4 -14 -5 -15 -5 -14 -4 -12 -5 -13 -7 -12 -5 -13 -7 -10 -6 -11 -4 -11 -6 -11 -5 -11 -7 -10 -5 -12 -6 -11 -9 -8 -6 -10 -6 -10 -6 -9 -5 -9 -4 -10 -6 -9 -5 -8 -5 -8 -4 -8 -4 -8 -3 -8 -3 -8 -2 -7 -2 -7 -2 -6 -1 -5 -2 -5 0 -4 0 -4 0 -3 0 -3 0 -3 1 -2 1 -1 1 -1 2 0 0 0 -1 -1 -1 -1 -1 -1 -1 -1 -1 -1 -1 -1 -1 -1 0 0 0 0 -1 -1 29 23 29 21 32 25 30 27 30 26 24 23 27 28 25 23 31 28 26 29 27 32 26 31 28 33 25 32 21 27 24 30 26 27 22 30 20 23 19 26 17 25 22 25 17 26 19 25 19 30 20 23 27 17 19 24 19 22 20 20 19 18 19 20 22 17 20 17 21 16 22 15 19 13 21 14 20 15 22 13 21 12 21 8 19 9 23 10 19 8 20 6 19 7 21 5 21 4 21 7 20 6 18 6 18 6 21 -2 24 -5 24 -6 23 -10 -1 -1 ]
CSI_DATA,STA,08:3A:F2:51:5D:9D,-50,11,1,0,1,1,1,0,0,0,0,-93,0,6,1,14582420,0,110,0,0,14.767369,384,[110 96 6 0 0 0 0 0 0 0 0 0 -15 16 -14 16 -16 18 -20 18 -17 16 -17 13 -18 15 -17 13 -17 14 -18 13 -21 14 -20 15 -20 14 -20 12 -18 9 -20 14 -18 11 -18 9 -18 10 -16 9 -17 9 -18 10 -16 6 -17 9 -19 10 -16 10 0 0 -16 10 -14 11 -15 11 -13 11 -14 9 -13 11 -14 11 -12 10 -12 11 -9 11 -10 12 -10 10 -10 11 -8 11 -9 11 -8 13 -10 13 -6 12 -6 12 -5 11 -7 11 -6 11 -7 11 -5 12 -6 10 -5 10 0 0 0 0 0 0 0 0 0 0 -1 -1 -1 -1 19 -6 20 -6 19 -10 16 -9 17 -3 15 -3 16 -4 17 -3 14 -4 12 -3 14 -5 12 -6 14 -7 13 -6 14 -6 13 -7 14 -7 12 -6 11 -5 11 -8 11 -9 12 -7 8 -8 10 -6 10 -6 9 -7 10 -7 9 -9 11 -7 9 -8 8 -10 9 -8 9 -7 8 -7 8 -7 9 -6 7 -6 7 -6 6 -6 7 -5 6 -5 7 -4 6 -3 6 -3 5 -3 5 -3 4 -2 4 -2 4 -1 4 -1 3 0 2 0 2 0 1 1 0 1 0 1 0 1 0 0 -1 -1 -1 -1 -1 -1 -1 -1 -1 -1 -1 -1 -1 -1 0 0 0 0 -1 -1 -19 35 -16 34 -20 38 -23 36 -21 35 -19 29 -23 34 -19 30 -23 37 -26 32 -28 34 -27 33 -29 35 -29 32 -24 26 -26 31 -25 31 -28 28 -21 25 -24 25 -23 23 -23 27 -24 23 -23 25 -28 25 -21 25 -15 29 -22 24 -20 24 -18 24 -15 23 -19 24 -15 25 -15 24 -14 25 -14 25 -11 23 -11 25 -13 23 -10 25 -10 24 -5 24 -7 22 -7 25 -6 21 -4 22 -5 21 -2 23 -2 22 -6 22 -4 22 -4 21 -4 20 3 22 6 25 6 23 10 22 -1 -1 ]
CSI_DATA,STA,08:3A:F2:51:5D:9D,-50,11,1,0,1,1,1,0,0,0,0,-93,0,6,1,14582730,0,110,0,0,14.777761,384,[110 96 6 0 0 0 0 0 0 0 0 0 -22 6 -21 6 -24 7 -26 4 -24 4 -21 2 -24 3 -22 2 -22 3 -23 1 -26 0 -25 1 -25 0 -24 -1 -20 -2 -25 1 -21 -1 -21 -2 -20 -1 -19 -1 -19 -2 -21 -1 -18 -3 -20 -2 -22 -2 -19 0 0 0 -19 0 -18 2 -19 1 -17 3 -17 0 -17 2 -18 1 -16 2 -17 3 -14 5 -15 5 -14 3 -14 3 -14 4 -14 5 -13 6 -16 6 -12 6 -12 6 -10 7 -12 6 -12 6 -12 6 -12 7 -12 5 -10 6 0 0 0 0 0 0 0 0 0 0 -1 -1 -1 -1 20 -2 20 -2 20 -6 17 -6 14 4 13 2 15 2 14 4 13 2 11 1 13 1 11 -1 13 -1 13 0 13 0 12 -1 14 -1 12 -1 10 0 12 -3 11 -4 11 -1 10 -3 10 -2 10 -1 10 -3 10 -1 10 -3 11 -2 10 -4 9 -7 10 -3 10 -2 8 -2 8 -3 9 -2 9 -3 7 -3 7 -2 7 -2 7 -1 7 -1 7 0 6 0 6 0 4 -1 4 0 4 0 3 1 3 0 2 1 1 1 1 1 0 1 -1 1 -1 1 -2 1 0 0 0 0 -1 -1 -1 -1 -1 -1 -1 -1 -1 -1 0 0 0 0 -1 -1 -1 -1 -28 23 -25 22 -30 25 -31 22 -30 23 -26 18 -31 20 -26 18 -32 24 -33 17 -36 19 -34 18 -37 20 -35 18 -29 14 -32 17 -30 18 -33 15 -26 14 -29 13 -27 11 -28 16 -28 11 -29 13 -33 12 -26 14 -20 25 -26 13 -25 14 -22 14 -21 14 -24 13 -21 16 -21 14 -21 16 -19 17 -18 15 -18 17 -19 15 -17 17 -17 16 -12 18 -13 16 -15 19 -12 15 -11 16 -11 16 -10 17 -10 17 -13 17 -11 16 -10 15 -11 15 -1 22 1 24 1 23 5 23 -1 -1 ]
CSI_DATA,STA,08:3A:F2:51:5D:9D,-50,11,1,0,1,1,1,0,0,0,0,-93,0,6,1,14583060,0,110,0,0,14.788030,384,[110 96 6 0 0 0 0 0 0 0 0 0 -1 -25 -2 -24 -3 -28 1 -29 1 -27 2 -24 2 -27 2 -24 1 -25 4 -25 5 -28 5 -28 5 -27 6 -26 6 -21 5 -27 6 -23 7 -22 5 -22 5 -21 5 -21 5 -22 7 -19 6 -21 7 -23 4 -21 0 0 4 -21 2 -21 2 -21 1 -19 4 -18 1 -20 2 -20 0 -18 0 -19 -3 -16 -2 -18 0 -16 -1 -17 -3 -16 -3 -16 -4 -16 -4 -19 -5 -14 -5 -15 -6 -13 -4 -15 -5 -15 -5 -15 -5 -15 -3 -14 -5 -13 0 0 0 0 0 0 0 0 0 0 -1 -1 -1 -1 -1 24 1 25 4 23 5 20 -7 15 -6 14 -6 15 -8 15 -5 14 -4 11 -4 13 -2 11 -2 14 -3 14 -4 13 -3 13 -2 15 -2 13 -2 11 0 12 1 12 -1 12 1 10 0 11 -1 11 1 11 -1 11 2 11 -1 12 1 10 7 11 0 11 0 10 1 9 1 9 0 9 1 9 0 8 0 8 -1 7 -1 7 -1 7 -1 7 -1 6 -2 5 -1 4 -2 4 -2 4 -2 3 -2 2 -3 2 -2 1 -2 1 -3 1 -2 0 -3 -1 -2 -2 0 0 -1 -1 -1 -1 -1 -1 -1 -1 -1 -1 -1 -1 -1 -1 0 0 0 0 -1 -1 -21 -34 -21 -32 -23 -37 -19 -37 -20 -37 -15 -32 -17 -38 -16 -31 -21 -39 -14 -39 -15 -42 -15 -40 -16 -42 -14 -41 -11 -34 -12 -38 -15 -36 -12 -38 -11 -30 -10 -33 -8 -31 -14 -32 -8 -32 -10 -32 -8 -37 -11 -30 -27 -27 -11 -31 -11 -30 -12 -26 -12 -25 -11 -27 -14 -26 -13 -25 -16 -24 -17 -24 -15 -21 -16 -22 -14 -23 -17 -22 -16 -21 -19 -16 -16 -17 -19 -18 -16 -16 -16 -14 -16 -15 -18 -13 -18 -13 -18 -16 -17 -15 -16 -14 -16 -14 -25 -3 -29 -1 -29 -1 -28 5 -1 -1 ]
CSI_DATA,STA,08:3A:F2:51:5D:9D,-50,11,1,0,1,1,1,0,0,0,0,-93,0,6,1,14583647,0,110,0,0,14.798776,384,[110 96 6 0 0 0 0 0 0 0 0 0 17 -19 16 -18 18 -21 22 -20 20 -18 19 -15 20 -16 19 -15 20 -15 21 -14 23 -16 23 -17 22 -15 23 -14 20 -10 23 -16 21 -12 20 -10 20 -11 18 -10 19 -10 20 -11 18 -7 19 -10 21 -11 18 -11 0 0 18 -11 16 -13 17 -13 14 -13 16 -10 15 -12 16 -12 13 -11 14 -13 9 -13 11 -14 11 -11 11 -12 10 -13 9 -13 9 -14 11 -15 7 -14 8 -14 5 -13 8 -13 8 -13 7 -13 6 -14 7 -12 6 -13 0 0 0 0 0 0 0 0 0 0 -1 -1 -1 -1 -20 12 -21 13 -19 16 -15 15 -18 4 -16 4 -17 5 -18 3 -16 5 -13 4 -14 5 -12 6 -14 7 -14 6 -15 6 -14 7 -15 8 -14 7 -12 6 -12 8 -10 9 -12 8 -9 7 -10 7 -10 6 -10 8 -11 7 -9 8 -11 7 -10 8 -5 12 -10 8 -10 7 -8 6 -8 7 -9 5 -8 6 -7 5 -8 5 -7 5 -7 5 -7 4 -7 3 -7 2 -6 2 -6 3 -5 1 -5 1 -5 0 -4 0 -4 0 -3 -1 -3 -2 -2 -2 -2 -3 -2 -2 -1 -2 0 0 -1 -1 -1 -1 -1 -1 -1 -1 -1 -1 -1 -1 -1 -1 0 0 0 0 -1 -1 15 -39 13 -38 16 -43 18 -41 18 -40 16 -34 19 -38 15 -34 19 -42 23 -37 25 -40 24 -38 25 -41 25 -38 21 -31 23 -36 21 -36 24 -34 18 -29 20 -29 20 -27 18 -32 21 -27 20 -29 25 -31 18 -30 8 -37 18 -29 17 -29 14 -27 12 -27 15 -27 11 -29 11 -27 10 -28 9 -29 6 -25 7 -27 9 -26 7 -28 6 -27 0 -27 3 -25 3 -28 2 -24 1 -24 2 -23 -1 -24 -1 -23 1 -25 1 -24 1 -23 1 -22 -11 -23 -14 -25 -15 -24 -19 -21 -1 -1 ]
CSI_DATA,STA,08:3A:F2:51:5D:9D,-50,11,1,0,1,1,1,0,0,0,0,-93,0,6,1,14583950,0,110,0,0,14.809412,384,[110 96 6 0 0 0 0 0 0 0 0 0 20 -8 20 -8 22 -9 25 -7 22 -6 20 -4 22 -5 20 -4 21 -5 22 -3 24 -3 24 -4 23 -3 23 -2 20 0 24 -3 21 -2 20 0 19 -1 18 -1 19 0 19 -1 17 1 19 0 21 -1 18 -2 0 0 18 -2 17 -4 18 -3 16 -4 16 -2 16 -3 17 -3 15 -4 16 -4 12 -6 14 -7 13 -4 13 -5 13 -6 12 -6 12 -8 14 -7 11 -8 11 -8 9 -8 11 -7 11 -8 11 -8 10 -8 10 -7 9 -8 0 0 0 0 0 0 0 0 0 0 -1 -1 -1 -1 -20 -9 -21 -8 -22 -5 -18 -4 -16 -9 -15 -8 -17 -8 -17 -9 -15 -6 -13 -6 -15 -5 -14 -3 -16 -4 -15 -4 -16 -5 -16 -3 -17 -4 -15 -4 -14 -4 -15 -1 -15 0 -15 -3 -13 -1 -13 -2 -13 -2 -13 -1 -13 -2 -13 0 -14 -1 -13 0 -12 2 -13 0 -13 -1 -12 -1 -12 0 -11 -2 -11 -1 -10 -1 -10 -2 -10 -2 -9 -1 -9 -2 -9 -2 -8 -3 -7 -3 -7 -2 -5 -2 -6 -3 -5 -2 -4 -2 -3 -2 -3 -3 -2 -3 -1 -3 -1 -3 0 -2 0 -2 0 0 0 0 -1 -1 -1 -1 -1 -1 -1 -1 -1 -1 0 0 0 0 -1 -1 -1 -1 34 -21 32 -21 37 -23 39 -20 37 -20 33 -15 37 -18 32 -17 40 -20 39 -14 41 -16 40 -15 43 -15 42 -13 35 -11 39 -13 38 -14 39 -10 31 -11 33 -9 32 -8 34 -11 32 -8 33 -10 37 -8 31 -12 29 -16 31 -10 30 -11 28 -12 26 -12 29 -10 27 -14 26 -13 25 -14 25 -16 20 -15 22 -16 23 -14 22 -17 22 -16 17 -19 18 -16 20 -19 16 -16 15 -17 15 -16 15 -19 14 -19 17 -17 15 -17 15 -17 14 -16 10 -19 10 -24 9 -24 6 -25 -1 -1 ]
CSI_DATA,STA,08:3A:F2:51:5D:9D,-50,11,1,0,1,1,1,0,0,0,0,-93,0,6,1,14584869,0,110,0,0,14.820090,384,[110 96 6 0 0 0 0 0 0 0 0 0 -15 20 -14 19 -16 22 -20 22 -18 20 -17 16 -18 18 -17 16 -17 17 -19 16 -21 18 -21 19 -20 18 -21 17 -19 13 -20 18 -19 15 -19 13 -18 13 -17 12 -18 12 -18 13 -17 10 -17 13 -19 14 -16 14 0 0 -16 13 -14 15 -15 15 -12 14 -14 12 -13 14 -14 14 -11 13 -12 14 -7 14 -8 15 -9 13 -9 14 -7 14 -7 14 -6 15 -8 16 -5 14 -4 14 -3 13 -5 14 -5 13 -5 14 -3 14 -5 13 -3 12 0 0 0 0 0 0 0 0 0 0 -1 -1 -1 -1 17 -15 18 -17 15 -19 12 -17 16 -9 14 -9 15 -10 16 -9 13 -10 11 -8 12 -10 10 -10 12 -13 11 -11 12 -11 11 -12 11 -13 11 -11 9 -10 9 -12 7 -14 9 -12 6 -11 7 -11 8 -10 7 -12 8 -11 6 -12 8 -11 6 -13 3 -13 6 -12 6 -11 5 -10 5 -10 6 -9 5 -10 4 -9 4 -9 5 -8 4 -8 5 -7 6 -6 5 -6 5 -5 4 -5 4 -4 3 -4 3 -3 3 -3 3 -2 2 -2 2 -1 2 0 1 1 1 1 1 1 -1 -1 -1 -1 -1 -1 -1 -1 -1 -1 -1 -1 -1 -1 -1 -1 -1 -1 0 0 0 0 -12 40 -10 38 -12 43 -16 42 -14 41 -14 35 -17 40 -12 34 -15 44 -20 39 -22 41 -21 41 -22 43 -22 40 -19 33 -20 38 -17 38 -22 36 -15 31 -18 31 -17 28 -16 34 -18 30 -18 31 -22 34 -15 32 -5 36 -15 31 -14 30 -12 29 -10 28 -13 29 -8 30 -9 28 -7 29 -6 30 -5 27 -5 28 -7 27 -3 29 -3 27 2 26 0 24 1 28 0 23 4 23 2 23 5 23 5 22 2 25 3 23 2 22 2 21 12 20 16 23 17 21 21 17 -1 -1 ]
CSI_DATA,STA,08:3A:F2:51:5D:9D,-50,11,1,0,1,1,1,0,0,0,0,-93,0,6,1,14591165,0,110,0,0,14.830579,384,[110 96 6 0 0 0 0 0 0 0 0 0 22 0 21 0 24 0 26 3 24 2 20 4 23 4 21 4 21 4 21 5 24 6 24 5 23 6 22 7 18 7 24 6 20 6 18 7 18 6 17 6 18 7 18 7 15 7 18 6 20 7 18 5 0 0 18 5 18 3 18 3 17 2 15 4 16 3 17 3 15 2 16 1 14 -2 15 -1 14 1 14 0 14 -2 14 -1 14 -3 16 -2 12 -3 13 -3 11 -4 13 -3 13 -3 13 -3 13 -5 12 -3 11 -4 0 0 0 0 0 0 0 0 0 0 -1 -1 -1 -1 -21 -9 -20 -8 -24 -5 -19 -4 -13 -11 -13 -10 -14 -10 -14 -11 -13 -9 -12 -8 -13 -8 -12 -5 -14 -7 -13 -7 -14 -7 -14 -5 -15 -6 -14 -5 -12 -5 -13 -4 -14 -3 -12 -5 -12 -2 -12 -4 -12 -4 -12 -3 -11 -4 -12 -2 -12 -3 -12 -2 -12 3 -12 -2 -11 -3 -11 -3 -10 -2 -10 -3 -10 -3 -9 -2 -10 -3 -8 -3 -7 -2 -8 -3 -7 -4 -7 -4 -6 -4 -6 -3 -5 -3 -5 -3 -4 -3 -3 -3 -2 -3 -2 -3 -1 -3 -1 -3 0 -3 0 -2 1 -2 -1 -1 -1 -1 -1 -1 -1 -1 -1 -1 -1 -1 -1 -1 -1 -1 -1 -1 0 0 0 0 35 -13 34 -14 38 -13 40 -12 37 -10 33 -8 38 -8 33 -8 41 -10 37 -5 41 -7 39 -7 42 -7 41 -6 35 -4 37 -3 38 -7 37 -1 32 -5 33 -2 31 -1 33 -4 30 -1 32 -3 35 -1 30 -5 29 -17 31 -4 29 -4 28 -6 25 -6 29 -5 27 -8 26 -7 26 -9 26 -10 21 -9 23 -11 23 -9 24 -12 23 -12 18 -14 19 -12 21 -14 18 -12 17 -13 17 -12 16 -15 17 -14 18 -13 17 -14 16 -13 16 -13 10 -19 10 -25 9 -26 6 -24 -1 -1 ]
CSI_DATA,STA,08:3A:F2:51:5D:9D,-50,11,1,0,1,1,1,0,0,0,0,-93,0,6,1,14591519,0,110,0,0,14.840963,384,[110 96 6 0 0 0 0 0 0 0 0 0 19 11 18 11 20 11 21 16 18 13 16 14 17 15 15 14 16 14 15 15 18 17 18 16 17 16 16 16 13 16 17 17 14 16 11 15 13 15 11 14 12 15 12 15 9 14 13 14 13 15 13 13 0 0 13 13 13 11 14 12 13 10 11 12 13 11 13 11 12 9 13 9 12 6 14 6 12 7 12 7 13 6 12 6 14 5 14 6 13 4 13 4 12 2 12 5 12 4 12 3 13 2 11 4 11 2 0 0 0 0 0 0 0 0 0 0 -1 -1 -1 -1 -13 -18 -14 -17 -18 -16 -14 -13 -7 -16 -7 -15 -8 -15 -7 -17 -7 -14 -6 -12 -8 -13 -8 -11 -10 -13 -9 -12 -9 -13 -9 -12 -11 -13 -10 -11 -9 -11 -10 -10 -11 -10 -9 -11 -10 -7 -9 -9 -8 -9 -10 -8 -8 -9 -10 -7 -9 -9 -10 -8 -12 -5 -9 -9 -9 -8 -9 -7 -8 -7 -8 -8 -8 -7 -7 -7 -7 -7 -6 -7 -6 -6 -5 -7 -5 -6 -5 -6 -4 -6 -3 -6 -3 -5 -3 -5 -2 -5 -1 -4 0 -4 0 -3 0 -3 0 -2 0 -2 1 -1 2 -1 0 0 0 0 -1 -1 -1 -1 -1 -1 -1 -1 -1 -1 0 0 0 0 -1 -1 -1 -1 36 4 36 3 39 6 40 9 36 7 32 8 36 10 32 7 40 10 35 12 39 13 38 12 40 13 38 14 32 13 34 14 36 12 32 16 29 11 28 13 27 14 30 12 27 14 30 12 31 16 29 9 32 -1 28 11 27 10 27 8 24 6 27 10 27 6 26 6 27 5 26 4 23 3 25 1 24 3 26 1 25 1 23 -3 22 -1 24 -2 21 -1 21 -3 20 -2 21 -5 21 -4 22 -3 21 -4 19 -3 20 -3 18 -11 21 -16 21 -17 17 -18 -1 -1 ]
CSI_DATA,STA,08:3A:F2:51:5D:9D,-51,11,1,0,1,1,1,0,0,0,0,-93,0,6,1,14687327,0,110,0,0,14.856260,384,[110 96 6 0 0 0 0 0 0 0 0 0 11 17 11 17 13 19 11 22 11 20 8 18 9 20 8 18 8 19 7 20 8 22 9 22 8 21 7 21 4 18 8 21 6 19 5 18 5 18 5 17 5 18 5 18 3 16 5 18 6 19 6 17 0 0 6 17 8 15 8 16 8 14 6 14 7 14 7 15 7 13 8 13 9 10 10 11 7 11 9 11 9 9 9 9 10 9 11 11 10 7 10 8 10 6 9 8 10 7 10 7 11 6 9 7 9 5 0 0 0 0 0 0 0 0 0 0 -1 -1 -1 -1 -9 -19 -10 -18 -13 -18 -11 -16 -3 -16 -3 -15 -4 -16 -3 -16 -4 -14 -3 -12 -5 -14 -5 -11 -6 -13 -5 -13 -6 -13 -6 -12 -7 -13 -7 -12 -6 -11 -7 -11 -9 -11 -6 -11 -8 -9 -7 -10 -6 -10 -7 -9 -6 -9 -9 -8 -8 -10 -8 -9 -11 -5 -8 -9 -7 -9 -7 -7 -6 -8 -6 -8 -7 -8 -6 -7 -6 -7 -5 -7 -5 -6 -5 -7 -4 -7 -5 -6 -3 -6 -3 -5 -2 -5 -2 -5 -2 -4 -1 -4 -1 -3 0 -3 0 -3 0 -2 0 -2 1 -1 1 -1 0 0 -1 -1 -1 -1 -1 -1 -1 -1 -1 -1 -1 -1 -1 -1 0 0 0 0 -1 -1 29 18 29 17 31 20 31 23 28 21 25 20 27 24 25 19 30 24 25 24 28 25 27 25 30 26 28 25 23 22 24 24 27 23 22 25 22 20 20 22 18 21 22 21 18 21 21 20 21 24 22 18 29 9 21 19 20 18 21 16 19 14 21 17 22 14 20 14 22 12 22 11 19 10 22 9 20 10 22 8 22 8 21 4 20 5 21 6 19 5 19 3 19 4 20 2 19 2 20 4 20 2 18 2 18 3 19 -6 22 -11 23 -12 19 -13 -1 -1 ]
CSI_DATA,STA,08:3A:F2:51:5D:9D,-50,11,1,0,1,1,1,0,0,0,0,-93,0,6,1,14698774,0,110,0,0,14.867377,384,[110 96 6 0 0 0 0 0 0 0 0 0 6 -25 5 -23 5 -28 9 -28 8 -27 8 -22 9 -25 9 -22 8 -24 11 -23 13 -26 12 -26 12 -25 13 -23 12 -19 11 -26 11 -21 12 -20 10 -20 10 -19 11 -19 10 -21 12 -16 11 -19 12 -21 9 -19 0 0 9 -19 6 -20 7 -20 5 -19 7 -17 6 -19 6 -19 5 -17 4 -19 1 -17 2 -18 3 -16 3 -17 0 -16 1 -17 -1 -17 0 -19 -2 -15 -2 -16 -3 -14 -1 -16 -2 -16 -2 -16 -3 -15 -1 -15 -2 -14 0 0 0 0 0 0 0 0 0 0 -1 -1 -1 -1 -8 22 -8 22 -5 23 -2 20 -12 14 -11 13 -11 14 -12 13 -9 13 -8 11 -8 13 -6 12 -6 14 -8 14 -8 14 -8 13 -6 15 -7 14 -6 11 -4 13 -2 13 -5 14 -1 11 -4 12 -4 11 -2 12 -4 12 -2 12 -4 13 -2 13 3 13 -3 12 -3 11 -1 10 -2 10 -3 10 -1 10 -2 9 -2 8 -3 9 -3 8 -3 8 -3 7 -4 6 -3 5 -3 5 -3 4 -3 4 -4 3 -3 2 -3 2 -3 1 -2 0 -2 -1 -2 -1 -2 -2 -2 -2 0 0 -1 -1 -1 -1 -1 -1 -1 -1 -1 -1 -1 -1 -1 -1 0 0 0 0 -1 -1 -7 -41 -8 -39 -9 -44 -6 -43 -7 -43 -4 -36 -3 -44 -4 -36 -7 -46 1 -44 1 -47 1 -45 0 -48 1 -46 1 -38 -1 -42 -3 -40 1 -43 -2 -34 1 -37 3 -33 -3 -37 4 -35 1 -36 5 -40 -1 -35 -15 -36 0 -35 -2 -34 -4 -30 -5 -30 -3 -32 -7 -31 -5 -30 -7 -29 -9 -29 -7 -26 -9 -27 -7 -28 -10 -28 -10 -26 -15 -22 -11 -22 -14 -25 -11 -21 -13 -20 -12 -20 -15 -20 -15 -19 -13 -22 -13 -20 -13 -20 -13 -20 -22 -12 -26 -11 -26 -12 -28 -5 -1 -1 ]
CSI_DATA,STA,08:3A:F2:51:5D:9D,-50,11,1,0,1,1,1,0,0,0,0,-93,0,6,1,14701879,0,110,0,0,14.878668,384,[110 96 6 0 0 0 0 0 0 0 0 0 22 12 21 11 24 12 24 16 22 14 18 14 21 15 18 14 20 14 19 17 20 19 21 18 19 18 18 19 14 17 21 18 16 16 15 17 15 16 15 14 14 15 16 16 11 16 14 16 16 17 15 14 0 0 15 14 16 12 16 13 16 10 13 12 16 10 15 11 14 9 16 10 15 6 16 7 13 8 14 8 15 5 14 5 15 4 17 6 14 3 15 3 13 1 14 4 15 3 15 3 15 2 13 4 13 2 0 0 0 0 0 0 0 0 0 0 -1 -1 -1 -1 -16 -19 -15 -20 -19 -18 -17 -13 -9 -18 -9 -16 -10 -17 -9 -18 -10 -16 -8 -13 -10 -14 -10 -12 -12 -14 -11 -14 -11 -15 -11 -13 -13 -14 -12 -13 -10 -12 -12 -11 -13 -9 -12 -12 -12 -8 -11 -10 -10 -10 -12 -8 -10 -10 -13 -8 -12 -11 -12 -8 -14 -5 -12 -8 -11 -8 -11 -7 -10 -7 -10 -8 -11 -7 -9 -6 -9 -7 -8 -7 -7 -6 -7 -7 -6 -7 -6 -7 -5 -7 -5 -5 -4 -5 -4 -5 -2 -4 -2 -4 -2 -4 -1 -4 -1 -4 -1 -3 1 -2 1 -2 2 -1 0 0 -1 -1 -1 -1 -1 -1 -1 -1 -1 -1 -1 -1 -1 -1 0 0 0 0 -1 -1 42 8 41 6 45 8 45 11 43 10 37 10 43 13 37 10 47 12 41 18 44 19 42 18 46 18 44 19 36 16 40 16 41 14 39 19 34 13 34 15 31 16 36 13 31 18 33 16 36 21 33 13 37 4 33 14 32 12 31 9 29 8 31 11 32 6 29 7 31 5 32 4 28 3 29 3 29 5 30 2 29 1 26 -5 25 -2 29 -3 24 -2 24 -5 23 -3 24 -6 24 -7 25 -3 24 -4 23 -4 23 -4 20 -13 23 -18 23 -18 19 -22 -1 -1 ]
CSI_DATA,STA,08:3A:F2:51:5D:9D,-50,11,1,0,1,1,1,0,0,0,0,-93,0,6,1,14708525,0,110,0,0,14.889184,384,[110 96 6 0 0 0 0 0 0 0 0 0 11 -20 10 -19 11 -23 15 -22 13 -21 12 -17 14 -19 13 -17 13 -18 15 -17 17 -19 16 -20 16 -19 16 -17 14 -14 16 -19 15 -16 15 -14 14 -14 13 -14 14 -14 14 -15 14 -11 14 -14 15 -15 12 -15 0 0 12 -15 10 -16 11 -16 9 -15 11 -13 9 -15 10 -15 8 -14 8 -15 5 -14 5 -15 7 -13 6 -14 4 -14 5 -14 3 -15 5 -16 2 -13 2 -14 0 -13 3 -14 2 -14 2 -14 1 -14 2 -13 1 -12 0 0 0 0 0 0 0 0 0 0 -1 -1 -1 -1 -15 16 -15 17 -12 18 -9 17 -15 8 -13 8 -14 9 -15 8 -12 9 -11 7 -11 9 -9 9 -10 11 -11 10 -11 10 -10 10 -11 11 -10 10 -8 8 -8 11 -6 11 -9 10 -5 9 -7 9 -7 8 -6 10 -8 9 -5 10 -7 10 -6 10 -2 12 -6 10 -6 9 -5 8 -5 9 -6 8 -5 8 -4 7 -5 7 -5 7 -5 6 -6 6 -5 5 -5 4 -5 4 -4 4 -4 3 -4 3 -4 2 -4 2 -4 1 -3 1 -3 -1 -2 -1 -2 -1 -2 -2 -2 -2 0 0 -1 -1 -1 -1 -1 -1 -1 -1 -1 -1 -1 -1 -1 -1 0 0 0 0 -1 -1 5 -38 3 -37 5 -41 7 -40 6 -39 7 -33 9 -39 6 -33 7 -42 12 -38 14 -41 12 -39 13 -42 13 -40 11 -33 12 -37 10 -37 13 -36 8 -30 11 -31 11 -29 9 -33 13 -29 11 -31 15 -34 9 -31 -1 -35 9 -30 8 -30 5 -28 4 -27 7 -28 3 -29 4 -27 2 -28 1 -29 0 -26 -1 -26 2 -26 -1 -27 -1 -26 -6 -24 -4 -23 -5 -26 -4 -22 -6 -21 -5 -21 -8 -21 -8 -21 -5 -23 -6 -22 -6 -21 -6 -21 -15 -17 -19 -18 -18 -18 -22 -14 -1 -1 ]
CSI_DATA,STA,08:3A:F2:51:5D:9D,-51,11,1,0,1,1,1,0,0,0,0,-93,0,6,1,14713494,0,110,0,0,14.899775,384,[110 96 6 0 0 0 0 0 0 0 0 0 21 -5 20 -5 23 -6 25 -3 23 -3 20 -1 23 -2 21 -2 22 -2 22 0 24 1 25 0 24 0 23 2 19 2 24 0 20 1 20 2 19 1 18 2 19 2 20 1 16 3 19 2 20 2 19 1 0 0 18 1 17 -1 19 -1 17 -2 16 1 16 -2 17 -1 15 -2 16 -3 13 -5 14 -4 14 -3 14 -4 13 -6 13 -4 14 -6 15 -6 12 -5 11 -7 9 -7 12 -5 11 -6 12 -6 12 -7 11 -6 10 -7 0 0 0 0 0 0 0 0 0 0 -1 -1 -1 -1 -21 -5 -22 -2 -23 0 -16 0 -14 -8 -14 -5 -18 -8 -17 -6 -14 -7 -12 -4 -16 -5 -12 -2 -14 -3 -15 -4 -15 -4 -14 -3 -16 -2 -14 -1 -14 -1 -14 1 -13 1 -13 -1 -12 1 -12 0 -10 -2 -14 1 -11 -2 -11 2 -15 -1 -11 1 -9 3 -11 0 -12 1 -12 -1 -12 0 -12 -1 -10 -1 -9 -1 -9 1 -8 -2 -9 0 -8 -2 -7 -4 -10 -2 -7 -3 -4 -2 -5 -1 -6 -2 -5 -1 -5 -2 -5 -3 -1 -3 -2 -2 -3 -1 0 -1 2 -3 1 -2 0 0 -1 -1 -1 -1 -1 -1 -1 -1 -1 -1 -1 -1 -1 -1 0 0 0 0 -1 -1 30 -21 29 -21 33 -23 35 -21 33 -20 29 -16 34 -18 28 -17 36 -21 35 -15 38 -15 37 -15 39 -16 37 -14 31 -12 35 -13 35 -16 35 -12 28 -13 30 -10 29 -9 31 -13 29 -8 29 -11 35 -9 28 -12 25 -20 29 -11 28 -11 26 -12 23 -11 26 -11 24 -15 22 -14 22 -16 22 -16 18 -14 19 -16 21 -13 20 -16 19 -17 15 -19 16 -15 17 -19 13 -14 12 -18 13 -15 12 -19 11 -18 15 -16 13 -17 12 -17 14 -17 5 -19 4 -23 1 -24 -3 -25 -1 -1 ]
CSI_DATA,STA,08:3A:F2:51:5D:9D,-50,11,1,0,1,1,1,0,0,0,0,-93,0,6,1,14714257,0,110,0,0,14.910299,384,[110 96 6 0 0 0 0 0 0 0 0 0 -23 0 -22 0 -25 1 -27 -3 -24 -2 -21 -3 -24 -3 -22 -4 -22 -3 -22 -5 -25 -6 -25 -5 -24 -5 -23 -6 -20 -7 -24 -5 -21 -6 -19 -7 -20 -5 -19 -5 -19 -6 -20 -5 -16 -7 -19 -6 -21 -6 -19 -4 0 0 -19 -4 -19 -2 -19 -2 -17 -1 -17 -4 -17 -2 -18 -2 -16 -1 -17 0 -15 2 -16 2 -15 0 -15 1 -14 3 -14 3 -14 4 -16 3 -13 5 -13 4 -11 5 -13 4 -13 4 -13 4 -13 5 -12 3 -11 4 0 0 0 0 0 0 0 0 0 0 -1 -1 -1 -1 20 -4 21 -5 20 -8 16 -8 13 2 12 2 14 2 13 3 12 1 10 1 11 0 10 -1 12 -2 12 -1 12 -1 12 -1 13 -2 11 -1 10 -1 11 -3 10 -5 10 -2 8 -4 9 -3 9 -2 9 -4 9 -3 9 -4 10 -3 9 -4 7 -9 9 -4 9 -3 7 -3 7 -4 8 -3 8 -4 6 -3 6 -3 6 -3 6 -2 6 -2 6 -1 6 -1 5 -1 4 -2 3 -1 4 -1 2 0 2 0 2 0 1 0 1 0 1 1 0 1 -1 1 -1 0 0 0 -1 -1 -1 -1 -1 -1 -1 -1 -1 -1 -1 -1 -1 -1 0 0 0 0 -1 -1 -29 17 -27 17 -30 19 -32 16 -30 17 -26 13 -31 14 -26 14 -32 18 -32 13 -34 13 -33 13 -35 15 -34 13 -28 10 -31 11 -30 14 -32 10 -25 11 -27 9 -25 7 -26 12 -26 9 -27 10 -31 9 -25 11 -20 26 -25 10 -25 11 -22 11 -20 11 -23 11 -21 14 -20 12 -19 14 -18 15 -17 13 -17 15 -18 13 -17 15 -16 15 -11 17 -13 14 -14 16 -12 14 -10 15 -11 14 -9 16 -9 15 -12 15 -11 15 -10 14 -10 14 1 22 3 25 3 24 7 23 -1 -1 ]
CSI_DATA,STA,08:3A:F2:51:5D:9D,-50,11,1,0,1,1,1,0,0,0,0,-93,0,6,1,14715031,0,110,0,0,14.920660,384,[110 96 6 0 0 0 0 0 0 0 0 0 8 -21 8 -20 9 -23 12 -24 11 -22 11 -18 12 -20 11 -18 11 -19 13 -19 14 -21 13 -21 13 -20 14 -19 13 -16 13 -20 13 -17 13 -15 12 -16 11 -15 12 -15 12 -16 12 -13 12 -16 13 -17 10 -16 0 0 11 -16 8 -16 9 -17 7 -16 9 -14 8 -16 8 -16 6 -14 6 -16 3 -14 4 -15 5 -14 4 -14 3 -15 3 -14 1 -15 3 -17 0 -14 1 -14 -1 -13 1 -14 1 -14 0 -14 -1 -14 1 -13 -1 -13 0 0 0 0 0 0 0 0 0 0 -1 -1 -1 -1 -6 20 -6 20 -3 20 -1 18 -10 11 -9 10 -9 11 -11 10 -8 10 -7 8 -7 10 -4 9 -6 11 -6 11 -7 11 -6 11 -5 12 -5 11 -5 9 -4 10 -2 11 -4 10 -2 9 -3 9 -4 9 -2 10 -3 9 -1 10 -4 10 -2 10 4 11 -2 9 -3 9 -2 8 -2 8 -2 7 -1 8 -2 6 -2 6 -2 7 -2 6 -3 6 -3 6 -3 5 -3 4 -3 4 -3 3 -3 3 -3 3 -2 2 -2 1 -2 1 -2 0 -2 -1 -2 -1 -2 -2 -2 -2 0 0 -1 -1 -1 -1 -1 -1 -1 -1 -1 -1 -1 -1 -1 -1 0 0 0 0 -1 -1 -5 -35 -6 -33 -5 -37 -3 -37 -4 -36 -1 -30 -1 -34 -3 -29 -4 -38 1 -35 2 -38 1 -37 1 -40 2 -38 2 -31 2 -34 0 -34 3 -34 1 -28 2 -29 3 -27 -1 -30 3 -28 2 -29 5 -33 0 -28 -15 -31 1 -28 0 -28 -2 -25 -2 -24 -1 -26 -4 -25 -3 -24 -6 -24 -7 -24 -7 -21 -7 -23 -5 -23 -8 -23 -7 -22 -11 -19 -8 -19 -11 -21 -9 -18 -10 -16 -9 -17 -12 -16 -12 -15 -10 -18 -10 -17 -10 -16 -10 -17 -20 -9 -24 -10 -24 -8 -25 -4 -1 -1 ]
CSI_DATA,STA,08:3A:F2:51:5D:9D,-50,11,1,0,1,1,1,0,0,0,0,-93,0,6,1,14715472,0,110,0,0,14.931174,384,[110 96 6 0 0 0 0 0 0 0 0 0 21 5 20 4 23 4 25 8 22 7 19 8 21 8 19 8 20 8 20 9 22 11 22 10 21 10 20 11 16 10 21 10 18 10 16 10 17 10 16 9 16 10 17 10 14 10 17 10 18 10 17 8 0 0 16 8 17 6 17 6 16 4 14 7 16 5 16 6 14 4 16 3 13 1 15 1 13 3 14 2 14 0 14 1 14 -1 16 0 12 -2 13 -2 12 -3 13 -1 13 -2 13 -1 13 -3 12 -1 11 -3 0 0 0 0 0 0 0 0 0 0 -1 -1 -1 -1 -19 -12 -19 -12 -21 -8 -18 -6 -12 -12 -12 -11 -14 -11 -13 -12 -12 -10 -10 -9 -13 -9 -11 -6 -14 -8 -13 -8 -13 -8 -13 -7 -15 -7 -13 -7 -12 -7 -13 -5 -14 -4 -13 -6 -12 -3 -12 -4 -11 -5 -12 -4 -11 -4 -12 -2 -13 -5 -12 -3 -12 1 -12 -3 -12 -4 -10 -3 -11 -3 -10 -4 -10 -3 -10 -2 -9 -3 -8 -3 -8 -2 -8 -3 -8 -4 -7 -4 -6 -4 -6 -3 -5 -3 -5 -3 -4 -3 -3 -3 -2 -3 -2 -3 -2 -3 -1 -3 0 -3 0 -2 0 -2 0 0 -1 -1 -1 -1 -1 -1 -1 -1 -1 -1 -1 -1 -1 -1 0 0 0 0 -1 -1 38 -4 36 -5 41 -4 41 -1 40 -2 34 0 39 1 33 -1 42 -1 39 4 42 4 40 3 43 3 41 5 34 4 38 4 38 2 37 6 31 2 32 4 30 5 33 2 30 6 32 4 35 7 31 1 32 -8 31 2 30 1 28 -1 26 -1 29 1 28 -3 27 -2 27 -4 27 -6 23 -6 25 -7 25 -4 26 -7 24 -8 21 -11 21 -9 23 -10 19 -9 19 -11 19 -10 18 -13 18 -12 20 -10 19 -11 18 -11 18 -10 14 -17 14 -22 14 -22 9 -23 -1 -1 ]
CSI_DATA,STA,08:3A:F2:51:5D:9D,-50,11,1,0,1,1,1,0,0,0,0,-93,0,6,1,14721724,0,110,0,0,14.941395,384,[110 96 6 0 0 0 0 0 0 0 0 0 -23 -3 -22 -3 -26 -3 -27 -6 -24 -6 -21 -7 -23 -7 -21 -7 -22 -7 -22 -8 -25 -10 -25 -9 -24 -9 -23 -10 -18 -10 -24 -9 -20 -9 -19 -10 -19 -9 -18 -9 -18 -10 -19 -9 -16 -10 -18 -10 -20 -10 -18 -7 0 0 -18 -8 -19 -6 -19 -6 -17 -5 -16 -7 -17 -5 -18 -6 -16 -5 -17 -4 -15 -1 -16 -1 -15 -3 -15 -2 -15 -1 -15 -1 -15 1 -18 -1 -14 2 -14 1 -13 2 -14 0 -14 1 -14 1 -14 3 -13 1 -12 2 0 0 0 0 0 0 0 0 0 0 -1 -1 -1 -1 20 7 21 6 22 2 19 2 12 9 11 8 13 8 12 10 11 7 9 6 11 6 11 4 13 5 12 5 12 6 12 4 13 5 12 4 11 4 12 3 13 1 11 4 10 1 10 3 10 3 11 1 10 3 11 0 11 2 11 1 11 -4 11 1 10 2 9 1 9 1 9 2 9 1 8 1 8 1 7 1 7 1 7 2 6 3 6 2 5 2 4 1 4 1 4 2 2 2 2 1 2 2 1 1 1 1 0 1 -1 1 -1 1 -1 0 0 0 -1 -1 -1 -1 -1 -1 -1 -1 -1 -1 -1 -1 -1 -1 0 0 0 0 -1 -1 -36 10 -34 11 -39 11 -40 8 -38 8 -33 6 -38 5 -32 6 -40 9 -38 3 -41 3 -40 4 -42 5 -41 3 -34 2 -37 1 -37 5 -37 0 -31 3 -32 0 -30 -1 -33 3 -30 -1 -32 1 -35 -2 -30 3 -30 16 -31 2 -30 2 -28 4 -25 4 -29 3 -27 6 -25 5 -26 7 -26 8 -22 8 -24 9 -24 7 -24 10 -23 9 -19 12 -20 10 -21 11 -18 10 -17 11 -18 10 -16 12 -16 12 -19 11 -18 11 -16 11 -17 11 -10 19 -10 24 -9 25 -5 24 -1 -1 ]
CSI_DATA,STA,08:3A:F2:51:5D:9D,-50,11,1,0,1,1,1,0,0,0,0,-93,0,6,1,14723718,0,110,0,0,14.951551,384,[110 96 6 0 0 0 0 0 0 0 0 0 -11 22 -10 22 -12 25 -16 25 -14 23 -14 19 -15 22 -14 19 -15 20 -16 19 -18 21 -18 22 -18 21 -18 19 -17 15 -18 21 -17 17 -17 15 -16 16 -15 15 -16 15 -16 16 -16 12 -17 15 -17 16 -14 16 0 0 -15 15 -12 16 -13 17 -11 16 -13 14 -11 15 -12 15 -10 14 -11 15 -6 15 -7 16 -8 14 -8 14 -6 14 -6 15 -5 15 -7 17 -4 14 -4 15 -2 14 -5 14 -4 14 -4 14 -2 14 -4 13 -2 12 0 0 0 0 0 0 0 0 0 0 -1 -1 -1 -1 16 -17 16 -18 13 -22 11 -18 15 -9 14 -10 14 -11 16 -10 13 -10 12 -9 12 -10 10 -10 12 -12 11 -11 12 -12 11 -12 11 -13 10 -12 10 -11 9 -12 7 -14 10 -11 6 -12 7 -10 8 -10 7 -11 8 -10 6 -12 8 -11 6 -12 2 -15 7 -12 7 -10 6 -10 6 -11 6 -10 5 -10 5 -9 5 -8 6 -8 5 -7 6 -7 5 -6 5 -6 5 -6 5 -5 4 -4 3 -4 4 -3 3 -3 3 -2 2 -2 2 0 2 0 1 1 1 1 0 1 -1 -1 -1 -1 -1 -1 -1 -1 -1 -1 -1 -1 -1 -1 -1 -1 -1 -1 0 0 0 0 -3 42 -1 41 -4 43 -6 45 -6 42 -6 38 -9 43 -6 37 -7 46 -13 40 -12 44 -11 43 -12 46 -13 44 -12 37 -13 39 -10 41 -16 38 -10 34 -13 34 -13 31 -11 36 -14 31 -12 33 -15 36 -9 34 3 38 -11 33 -10 31 -7 30 -6 28 -9 31 -5 30 -5 29 -4 30 -3 30 -3 25 -1 28 -2 27 1 29 1 28 5 25 3 25 3 27 3 23 5 23 4 23 7 23 7 22 3 24 5 22 5 21 5 22 13 19 20 20 20 20 21 16 -1 -1 ]
CSI_DATA,STA,08:3A:F2:51:5D:9D,-50,11,1,0,1,1,1,0,0,0,0,-93,0,6,1,14724383,0,110,0,0,14.961957,384,[110 96 6 0 0 0 0 0 0 0 0 0 -18 -15 -17 -14 -20 -16 -19 -20 -18 -17 -14 -17 -16 -18 -14 -17 -15 -17 -14 -18 -16 -21 -16 -20 -16 -20 -14 -20 -11 -18 -16 -20 -13 -18 -11 -18 -12 -17 -11 -16 -11 -17 -12 -18 -8 -16 -12 -17 -12 -19 -12 -15 0 0 -12 -16 -13 -14 -14 -14 -13 -12 -11 -14 -12 -13 -13 -14 -12 -12 -13 -12 -13 -8 -14 -9 -12 -10 -13 -9 -13 -8 -13 -8 -14 -7 -15 -8 -13 -5 -13 -5 -13 -4 -13 -6 -13 -5 -13 -5 -14 -4 -12 -5 -12 -4 0 0 0 0 0 0 0 0 0 0 -1 -1 -1 -1 9 19 10 18 14 18 11 15 4 16 5 14 6 15 5 17 5 14 5 12 6 13 7 10 8 13 7 12 7 13 8 11 9 12 8 11 7 10 9 10 10 9 7 10 9 7 7 9 7 9 8 8 7 8 10 7 8 9 9 7 11 5 9 7 8 8 8 6 7 6 7 7 7 6 7 6 6 6 5 6 5 5 5 6 5 6 4 5 4 5 3 4 2 4 2 4 1 3 1 3 0 3 0 2 0 2 -1 2 -2 1 -2 0 -3 0 -1 -1 -1 -1 -1 -1 -1 -1 -1 -1 -1 -1 -1 -1 -1 -1 -1 -1 0 0 0 0 -37 -15 -37 -14 -39 -17 -40 -20 -37 -18 -33 -17 -36 -21 -32 -17 -39 -21 -33 -23 -37 -23 -36 -22 -39 -24 -37 -24 -31 -21 -32 -23 -36 -21 -31 -25 -29 -18 -28 -21 -26 -21 -30 -20 -25 -21 -29 -19 -30 -24 -29 -17 -33 -8 -28 -19 -27 -17 -28 -14 -25 -12 -27 -16 -28 -12 -26 -13 -28 -11 -28 -10 -24 -7 -26 -7 -25 -8 -27 -6 -27 -6 -25 -2 -24 -4 -27 -4 -23 -3 -23 -1 -22 -2 -24 0 -23 0 -24 -2 -23 0 -22 0 -22 -1 -20 7 -24 11 -24 12 -21 14 -1 -1 ]
CSI_DATA,STA,08:3A:F2:51:5D:9D,-51,11,1,0,1,1,1,0,0,0,0,-93,0,6,1,14734956,0,110,0,0,14.972785,384,[110 96 6 0 0 0 0 0 0 0 0 0 3 21 3 20 4 23 1 25 2 23 0 20 1 23 0 21 1 22 -2 22 -3 24 -2 24 -3 23 -3 22 -4 19 -1 24 -2 20 -4 20 -3 19 -2 18 -3 18 -2 20 -5 17 -3 19 -4 20 -2 18 0 0 -2 18 0 18 0 18 1 16 -1 15 1 16 1 17 1 15 2 16 4 13 4 15 2 14 2 14 4 13 4 13 6 12 5 15 5 11 6 11 7 9 5 12 6 11 6 12 6 11 4 11 6 9 0 0 0 0 0 0 0 0 0 0 -1 -1 -1 -1 -4 -21 -4 -21 -7 -21 -8 -17 3 -16 2 -14 1 -16 3 -15 1 -14 1 -12 0 -14 -1 -12 -2 -14 -1 -14 0 -15 -1 -14 -2 -15 -1 -14 -2 -12 -3 -12 -4 -12 -3 -13 -4 -10 -4 -11 -2 -11 -5 -11 -2 -12 -5 -11 -3 -12 -4 -12 -8 -9 -3 -11 -4 -10 -4 -9 -4 -10 -3 -10 -4 -9 -3 -8 -3 -8 -2 -8 -2 -8 -1 -8 -1 -8 -1 -7 -1 -7 -1 -6 -1 -5 -1 -5 0 -4 0 -4 0 -3 0 -3 0 -2 1 -2 0 -1 1 -1 1 0 -1 -1 -1 -1 -1 -1 -1 -1 -1 -1 -1 -1 -1 -1 -1 -1 -1 -1 0 0 0 0 20 28 20 25 22 29 19 29 21 29 16 26 18 31 16 25 22 31 15 33 16 35 15 34 17 36 15 34 12 28 16 31 17 28 15 31 13 24 12 27 9 25 15 26 9 27 11 27 10 32 12 26 25 21 12 25 13 24 13 20 14 19 12 22 16 19 14 20 16 18 17 18 14 17 16 17 15 18 17 16 16 15 18 10 15 11 19 12 15 11 17 9 16 10 18 8 17 7 17 11 16 10 15 9 16 9 22 0 24 -3 24 -3 23 -9 -1 -1 ]
CSI_DATA,STA,08:3A:F2:51:5D:9D,-50,11,1,0,1,1,1,0,0,0,0,-93,0,6,1,14956822,0,110,0,0,15.123399,384,[110 96 6 0 0 0 0 0 0 0 0 0 -18 14 -17 13 -20 15 -23 14 -21 13 -19 10 -21 11 -19 9 -20 10 -21 9 -23 10 -23 11 -22 10 -22 8 -20 6 -23 10 -20 7 -20 5 -19 6 -18 6 -19 5 -20 6 -18 3 -19 6 -20 6 -18 7 0 0 -18 6 -17 9 -17 8 -15 8 -16 6 -15 8 -17 8 -14 7 -15 8 -11 9 -12 10 -12 7 -12 8 -11 9 -11 9 -10 11 -13 11 -9 10 -9 10 -7 10 -10 9 -9 9 -9 10 -8 11 -9 9 -7 9 0 0 0 0 0 0 0 0 0 0 -1 -1 -1 -1 18 -11 18 -12 16 -15 13 -13 15 -3 13 -4 14 -4 14 -3 13 -4 10 -3 12 -4 10 -5 12 -6 12 -5 12 -5 11 -6 12 -7 11 -6 10 -5 9 -7 9 -8 10 -6 7 -7 8 -6 9 -5 8 -7 9 -6 8 -8 9 -6 8 -7 4 -12 8 -7 8 -6 7 -6 6 -6 8 -6 7 -6 6 -5 6 -5 6 -4 5 -4 6 -4 6 -3 6 -3 5 -3 4 -3 4 -2 4 -2 3 -1 3 -1 3 0 2 0 2 0 1 0 1 1 0 1 -1 1 0 0 0 0 -1 -1 -1 -1 -1 -1 -1 -1 -1 -1 0 0 0 0 -1 -1 -1 -1 -14 32 -13 31 -16 33 -18 32 -17 32 -15 27 -20 30 -16 26 -19 34 -22 28 -23 31 -22 30 -23 33 -23 31 -20 25 -21 27 -19 29 -22 26 -17 23 -20 23 -20 20 -18 25 -20 20 -19 22 -24 24 -17 23 -6 32 -18 22 -17 22 -13 22 -13 20 -15 21 -12 22 -13 21 -12 22 -10 23 -9 20 -8 22 -10 21 -8 23 -8 22 -2 21 -5 20 -5 22 -5 19 -3 18 -4 19 -2 19 -1 19 -4 20 -3 19 -3 18 -3 18 8 19 13 22 13 21 15 19 -1 -1 ]
CSI_DATA,STA,08:3A:F2:51:5D:9D,-50,11,1,0,1,1,1,0,0,0,0,-93,0,6,1,14958181,0,110,0,0,15.134349,384,[110 96 6 0 0 0 0 0 0 0 0 0 21 6 20 6 23 6 24 10 21 9 18 9 20 10 19 9 20 10 19 11 21 13 22 12 20 12 19 13 16 12 21 12 17 12 15 12 16 12 15 10 15 11 16 12 12 12 15 12 16 13 15 10 0 0 15 10 16 8 17 9 15 7 13 9 15 7 15 8 14 6 15 6 13 3 15 4 13 5 14 5 14 3 13 3 14 2 16 3 13 1 13 1 12 -1 13 2 13 1 13 1 13 0 12 1 11 0 0 0 0 0 0 0 0 0 0 0 -1 -1 -1 -1 -14 -18 -14 -17 -18 -15 -15 -12 -8 -16 -9 -15 -10 -15 -9 -16 -9 -13 -8 -12 -10 -13 -9 -11 -11 -12 -10 -12 -10 -13 -11 -11 -12 -12 -11 -11 -9 -10 -11 -9 -12 -9 -10 -10 -11 -7 -10 -9 -9 -9 -11 -8 -9 -9 -11 -7 -11 -9 -11 -7 -12 -4 -10 -8 -10 -8 -10 -7 -9 -7 -9 -8 -9 -7 -8 -7 -8 -7 -7 -7 -7 -6 -6 -7 -6 -7 -6 -7 -5 -6 -4 -5 -3 -5 -4 -5 -2 -4 -2 -4 -1 -3 -1 -3 -1 -4 0 -3 0 -3 1 -2 2 -1 0 0 0 0 -1 -1 -1 -1 -1 -1 -1 -1 -1 -1 0 0 0 0 -1 -1 -1 -1 38 1 38 0 41 1 42 4 40 3 35 5 40 7 34 5 43 5 39 10 42 10 40 9 43 11 41 11 34 10 38 10 39 8 35 12 32 8 32 11 29 11 34 8 29 12 32 10 34 14 31 8 32 0 31 9 30 7 29 5 26 4 29 7 29 3 28 4 28 3 28 0 25 1 26 0 26 2 27 -1 26 -2 23 -6 23 -4 26 -4 21 -4 22 -6 21 -4 22 -7 21 -7 22 -4 21 -6 20 -5 20 -5 17 -12 20 -17 20 -17 17 -19 -1 -1 ]
CSI_DATA,STA,08:3A:F2:51:5D:9D,-50,11,1,0,1,1,1,0,0,0,0,-93,0,6,1,14958491,0,110,0,0,15.144445,384,[110 96 6 0 0 0 0 0 0 0 0 0 14 17 13 16 16 18 14 21 13 19 10 18 11 20 10 18 11 19 10 20 11 22 12 21 10 21 9 21 7 19 11 22 8 19 6 19 7 18 7 16 7 18 7 18 4 17 7 18 8 19 8 16 0 0 8 16 10 15 10 16 10 13 7 14 9 14 9 14 9 12 10 13 10 9 11 10 9 11 10 10 11 9 10 9 12 8 12 10 11 7 11 7 11 5 10 7 11 7 11 7 12 5 10 6 10 5 0 0 0 0 0 0 0 0 0 0 -1 -1 -1 -1 -9 -20 -10 -19 -14 -19 -10 -16 -3 -17 -4 -16 -5 -16 -4 -18 -4 -15 -4 -13 -5 -14 -6 -12 -7 -15 -6 -14 -6 -15 -7 -13 -8 -14 -7 -13 -6 -12 -7 -12 -10 -12 -7 -12 -8 -9 -7 -10 -6 -11 -7 -10 -6 -11 -9 -9 -8 -11 -9 -10 -11 -7 -8 -10 -7 -9 -8 -9 -7 -9 -6 -9 -7 -9 -6 -7 -6 -8 -5 -8 -5 -7 -4 -8 -4 -8 -4 -7 -4 -7 -3 -6 -2 -5 -2 -5 -1 -5 -1 -4 0 -4 0 -4 0 -4 0 -2 1 -2 1 -1 2 -1 -1 -1 -1 -1 -1 -1 -1 -1 -1 -1 -1 -1 -1 -1 -1 -1 -1 -1 0 0 0 0 32 17 32 15 34 19 35 21 32 20 28 18 30 22 28 18 34 23 29 24 32 25 31 24 33 25 31 25 26 22 28 24 30 22 25 25 24 19 23 21 21 21 25 20 21 21 24 20 25 24 25 18 31 9 24 19 22 18 23 15 21 13 23 17 24 13 22 13 24 12 23 11 20 9 23 9 22 10 24 8 24 7 22 3 22 5 24 5 21 4 21 2 20 4 21 1 21 1 22 3 21 2 20 1 20 2 20 -6 23 -10 24 -12 19 -13 -1 -1 ]
CSI_DATA,STA,08:3A:F2:51:5D:9D,-50,11,1,0,1,1,1,0,0,0,0,-93,0,6,1,14958990,0,110,0,0,15.154507,384,[110 96 6 0 0 0 0 0 0 0 0 0 -23 2 -22 2 -25 3 -27 -1 -25 0 -21 -2 -24 -2 -22 -2 -23 -2 -23 -4 -25 -5 -25 -4 -24 -5 -24 -6 -20 -6 -25 -4 -21 -5 -20 -6 -20 -5 -19 -5 -19 -5 -21 -5 -17 -7 -19 -6 -21 -7 -19 -4 0 0 -19 -4 -19 -2 -19 -3 -18 -1 -17 -4 -18 -2 -18 -3 -16 -1 -17 -1 -15 1 -16 1 -15 -1 -15 0 -15 1 -15 1 -15 3 -17 2 -13 4 -14 4 -12 4 -14 3 -13 3 -14 3 -13 4 -13 2 -12 4 0 0 0 0 0 0 0 0 0 0 -1 -1 -1 -1 20 6 21 5 22 2 18 1 13 8 12 7 13 7 13 9 12 7 10 5 12 6 11 4 14 4 12 5 13 5 12 4 14 4 12 4 11 3 12 2 13 1 12 3 11 0 10 2 11 3 11 1 10 2 11 0 11 2 11 0 12 -4 11 1 10 2 10 1 9 0 9 2 9 1 8 1 8 2 7 1 6 1 7 2 6 3 6 3 5 2 5 1 3 2 4 2 3 1 2 2 1 2 1 2 0 2 0 2 -1 1 -1 1 -2 1 0 0 0 0 -1 -1 -1 -1 -1 -1 -1 -1 -1 -1 0 0 0 0 -1 -1 -1 -1 -34 17 -32 17 -36 17 -38 16 -36 15 -33 12 -37 12 -32 12 -40 15 -38 9 -40 10 -39 10 -42 11 -40 9 -34 7 -37 8 -37 11 -37 5 -31 7 -33 5 -31 3 -33 8 -31 3 -32 6 -36 3 -30 7 -28 19 -31 6 -29 7 -27 9 -25 8 -29 7 -27 10 -26 8 -26 10 -26 11 -22 10 -23 12 -23 10 -23 12 -22 12 -18 15 -19 13 -21 14 -18 12 -17 14 -17 12 -16 15 -16 14 -18 13 -16 13 -15 13 -16 13 -9 19 -8 25 -8 25 -4 24 -1 -1 ]
CSI_DATA,STA,08:3A:F2:51:5D:9D,-50,11,1,0,1,1,1,0,0,0,0,-93,0,6,1,14959477,0,110,0,0,15.164600,384,[110 96 6 0 0 0 0 0 0 0 0 0 -10 -21 -10 -20 -12 -22 -10 -25 -9 -23 -7 -20 -8 -23 -7 -21 -7 -22 -5 -23 -5 -25 -6 -25 -6 -24 -4 -24 -3 -20 -6 -25 -4 -21 -3 -21 -4 -20 -4 -19 -3 -20 -4 -20 -1 -18 -3 -20 -3 -22 -5 -19 0 0 -5 -19 -7 -18 -7 -18 -7 -16 -4 -17 -6 -17 -6 -17 -6 -15 -7 -16 -9 -12 -9 -14 -6 -14 -7 -14 -9 -12 -9 -12 -10 -12 -11 -14 -10 -10 -10 -10 -10 -8 -9 -11 -10 -10 -10 -10 -10 -10 -9 -10 -9 -8 0 0 0 0 0 0 0 0 0 0 -1 -1 -1 -1 5 20 6 20 10 19 9 16 -1 15 0 14 0 15 -1 16 1 14 0 12 1 14 3 11 3 13 2 13 2 13 3 13 4 13 3 12 2 11 4 11 6 10 3 11 5 9 3 10 3 10 5 10 3 10 6 9 4 11 5 10 9 8 5 9 4 9 5 8 4 8 3 8 4 8 3 7 3 7 2 7 2 7 1 7 2 7 1 6 1 5 1 5 0 4 0 4 -1 4 -1 3 -1 3 -2 2 -1 1 -2 1 -2 0 -2 0 -3 -1 0 0 0 0 -1 -1 -1 -1 -1 -1 -1 -1 -1 -1 0 0 0 0 -1 -1 -1 -1 -29 -22 -28 -21 -31 -24 -29 -26 -29 -24 -24 -23 -27 -28 -24 -23 -30 -28 -25 -30 -27 -31 -26 -30 -28 -31 -26 -31 -21 -26 -24 -29 -25 -27 -22 -29 -21 -23 -20 -26 -17 -25 -22 -24 -17 -26 -20 -25 -20 -30 -21 -23 -31 -14 -19 -24 -20 -22 -21 -19 -19 -18 -20 -21 -22 -18 -20 -18 -22 -17 -23 -16 -20 -14 -22 -13 -20 -15 -22 -13 -21 -13 -22 -8 -20 -9 -23 -10 -20 -9 -20 -8 -20 -8 -21 -6 -20 -6 -21 -9 -20 -7 -19 -7 -19 -7 -22 3 -25 7 -24 6 -23 11 -1 -1 ]
CSI_DATA,STA,08:3A:F2:51:5D:9D,-50,11,1,0,1,1,1,0,0,0,0,-93,0,6,1,14959971,0,110,0,0,15.175364,384,[110 96 6 0 0 0 0 0 0 0 0 0 24 -3 23 -3 27 -4 29 0 27 0 23 1 26 1 23 2 24 1 25 4 27 4 27 4 26 4 25 6 21 6 27 4 23 5 21 6 21 5 20 5 20 6 22 5 18 7 21 6 22 7 20 4 0 0 20 4 20 2 20 2 19 1 17 4 18 2 19 2 17 1 18 0 16 -2 17 -2 16 0 16 -1 15 -3 16 -3 16 -4 18 -3 14 -5 14 -4 13 -5 15 -4 14 -4 14 -4 14 -5 13 -3 12 -5 0 0 0 0 0 0 0 0 0 0 -1 -1 -1 -1 -22 -11 -23 -11 -25 -7 -21 -5 -16 -13 -15 -11 -16 -11 -16 -13 -15 -10 -13 -8 -16 -9 -14 -7 -16 -8 -15 -9 -16 -9 -16 -7 -17 -7 -15 -7 -13 -7 -15 -5 -16 -3 -15 -6 -13 -2 -14 -5 -13 -6 -14 -4 -13 -5 -14 -3 -14 -6 -14 -3 -15 1 -14 -4 -13 -5 -12 -3 -12 -3 -11 -5 -12 -4 -11 -4 -10 -4 -10 -4 -9 -4 -9 -4 -8 -5 -7 -5 -7 -5 -7 -4 -5 -4 -5 -4 -4 -4 -4 -4 -3 -3 -2 -4 -1 -3 0 -3 0 -3 1 -2 1 -2 0 0 0 0 -1 -1 -1 -1 -1 -1 -1 -1 -1 -1 0 0 0 0 -1 -1 -1 -1 39 -18 37 -18 42 -20 43 -16 42 -16 37 -13 44 -13 37 -12 46 -16 44 -8 47 -10 45 -9 48 -10 46 -8 39 -6 42 -8 42 -11 42 -5 35 -8 38 -4 35 -3 38 -8 35 -2 37 -5 41 -2 35 -7 32 -18 35 -6 33 -6 31 -9 29 -9 32 -7 31 -11 30 -9 29 -11 28 -13 25 -10 27 -13 27 -10 26 -14 25 -14 20 -18 22 -14 24 -17 20 -14 19 -16 20 -14 19 -17 18 -17 21 -14 19 -15 18 -15 19 -14 12 -21 12 -26 12 -26 7 -28 -1 -1 ]
CSI_DATA,STA,08:3A:F2:51:5D:9D,-50,11,1,0,1,1,1,0,0,0,0,-93,0,6,1,14961477,0,110,0,0,15.185811,384,[110 96 6 0 0 0 0 0 0 0 0 0 -23 -1 -21 0 -26 0 -26 -3 -25 -3 -21 -4 -24 -4 -22 -4 -23 -4 -23 -6 -25 -7 -25 -6 -24 -6 -23 -7 -19 -7 -25 -6 -20 -6 -20 -8 -19 -7 -19 -6 -19 -7 -20 -7 -17 -8 -19 -7 -21 -8 -19 -5 0 0 -19 -5 -19 -3 -19 -3 -18 -2 -16 -5 -18 -3 -18 -3 -16 -2 -17 -1 -16 1 -16 1 -15 -1 -15 0 -15 1 -15 1 -14 3 -17 2 -13 3 -13 4 -12 4 -14 3 -13 3 -14 3 -13 4 -13 2 -11 4 0 0 0 0 0 0 0 0 0 0 -1 -1 -1 -1 19 7 20 6 22 2 18 2 13 9 13 7 14 7 13 9 13 7 11 5 13 5 11 4 14 4 13 5 13 4 13 4 14 4 13 4 11 3 13 1 13 0 12 3 11 0 11 2 11 2 12 1 11 2 11 -1 12 2 11 0 11 -4 11 0 11 1 10 0 10 0 10 2 10 0 9 0 8 1 8 1 7 1 7 2 7 2 6 2 5 2 5 1 4 1 4 2 3 2 2 2 2 2 1 1 1 2 0 2 -1 2 -1 1 -2 1 -1 -1 -1 -1 -1 -1 -1 -1 -1 -1 -1 -1 -1 -1 -1 -1 -1 -1 0 0 0 0 -35 14 -34 15 -38 15 -39 13 -37 12 -32 9 -38 9 -33 9 -40 12 -39 6 -41 9 -40 8 -42 6 -41 6 -35 4 -39 5 -37 8 -38 3 -32 5 -34 1 -31 3 -33 6 -30 2 -32 5 -38 2 -30 6 -28 17 -31 4 -30 5 -28 8 -26 6 -29 6 -26 10 -28 7 -27 9 -27 10 -23 10 -23 12 -25 9 -24 12 -24 13 -20 15 -19 12 -21 14 -18 12 -17 13 -18 12 -16 15 -16 14 -19 13 -17 14 -16 13 -16 13 -9 19 -8 24 -8 24 -5 24 -1 -1 ]
CSI_DATA,STA,08:3A:F2:51:5D:9D,-50,11,1,0,1,1,1,0,0,0,0,-93,0,6,1,14966873,0,110,0,0,15.195896,384,[110 96 6 0 0 0 0 0 0 0 0 0 2 -23 1 -22 1 -26 4 -26 4 -25 5 -21 5 -23 5 -21 4 -22 7 -22 9 -24 7 -25 8 -23 9 -22 8 -18 8 -24 8 -20 9 -19 8 -19 7 -18 7 -18 7 -19 9 -16 9 -18 9 -20 6 -18 0 0 6 -18 4 -19 5 -19 4 -17 6 -16 4 -17 4 -18 3 -16 3 -17 0 -15 1 -16 2 -15 2 -15 0 -15 0 -15 -2 -15 -1 -17 -2 -13 -2 -14 -3 -13 -2 -14 -2 -14 -2 -14 -3 -14 -1 -13 -2 -12 0 0 0 0 0 0 0 0 0 0 -1 -1 -1 -1 -11 18 -11 19 -7 19 -4 18 -12 12 -10 11 -11 12 -12 11 -9 11 -9 8 -8 11 -7 10 -7 13 -8 12 -9 12 -8 12 -8 13 -7 12 -6 9 -5 12 -4 11 -6 12 -3 10 -5 10 -5 9 -3 11 -5 10 -3 11 -5 11 -4 11 1 12 -4 10 -4 10 -3 9 -3 9 -4 9 -2 8 -3 8 -3 8 -3 7 -4 7 -4 7 -4 6 -4 5 -4 4 -3 5 -3 3 -3 3 -4 2 -4 2 -3 1 -4 1 -3 0 -2 -1 -2 -1 -2 -2 -2 -2 0 0 0 0 -1 -1 -1 -1 -1 -1 -1 -1 -1 -1 0 0 0 0 -1 -1 -1 -1 -7 -40 -8 -37 -9 -43 -5 -41 -7 -42 -3 -35 -3 -42 -4 -35 -6 -45 2 -43 2 -45 1 -43 2 -46 3 -44 3 -35 0 -41 -1 -38 2 -41 -1 -32 2 -35 3 -32 -2 -35 5 -34 3 -34 6 -38 0 -33 -8 -33 1 -32 -1 -32 -3 -29 -4 -29 -1 -29 -5 -29 -4 -28 -6 -28 -8 -28 -6 -25 -7 -26 -5 -27 -8 -26 -8 -25 -13 -22 -9 -21 -12 -24 -9 -20 -11 -19 -10 -20 -13 -19 -13 -18 -11 -22 -11 -20 -10 -19 -10 -18 -19 -14 -21 -14 -20 -13 -24 -8 -1 -1 ]
CSI_DATA,STA,08:3A:F2:51:5D:9D,-50,11,1,0,1,1,1,0,0,0,0,-93,0,6,1,14971360,0,110,0,0,15.206369,384,[110 96 6 0 0 0 0 0 0 0 0 0 -19 -13 -18 -12 -22 -14 -21 -17 -20 -15 -16 -14 -19 -16 -16 -15 -17 -15 -16 -17 -18 -20 -18 -19 -17 -19 -16 -19 -12 -17 -18 -18 -14 -17 -13 -17 -13 -16 -13 -15 -13 -16 -14 -16 -10 -16 -13 -16 -14 -18 -13 -14 0 0 -13 -15 -15 -13 -15 -13 -14 -11 -12 -13 -14 -12 -14 -12 -13 -10 -14 -10 -13 -7 -14 -8 -12 -9 -13 -9 -14 -7 -13 -7 -14 -6 -16 -8 -13 -4 -13 -4 -13 -3 -13 -5 -13 -4 -13 -5 -14 -4 -12 -5 -12 -3 0 0 0 0 0 0 0 0 0 0 -1 -1 -1 -1 12 17 14 18 16 14 15 11 6 15 6 13 7 14 5 15 7 13 5 10 7 12 7 9 9 11 8 11 7 12 8 11 9 11 8 10 7 8 10 9 10 7 9 9 9 5 8 7 7 7 9 6 8 8 9 6 9 8 9 6 11 3 8 6 8 7 7 5 8 5 7 6 8 5 7 5 6 5 6 5 5 5 5 5 5 6 4 5 3 4 3 4 2 4 2 4 1 4 0 3 0 3 0 2 -1 2 -1 1 -2 1 -3 1 -3 0 0 0 0 0 -1 -1 -1 -1 -1 -1 -1 -1 -1 -1 0 0 0 0 0 0 -1 -1 -39 -12 -36 -10 -42 -12 -40 -14 -40 -14 -33 -13 -39 -15 -33 -12 -42 -15 -38 -20 -40 -22 -38 -20 -40 -21 -38 -22 -31 -18 -37 -19 -36 -16 -35 -20 -30 -14 -31 -17 -27 -17 -33 -14 -28 -19 -30 -18 -32 -22 -30 -15 -33 -7 -29 -15 -30 -13 -28 -10 -27 -9 -28 -12 -29 -8 -27 -9 -28 -7 -29 -5 -25 -5 -27 -5 -26 -7 -27 -4 -26 -4 -25 1 -23 -1 -28 0 -22 0 -22 2 -22 1 -22 4 -22 4 -24 1 -23 1 -22 1 -21 1 -20 11 -22 14 -21 14 -18 19 -1 -1 ]
CSI_DATA,STA,08:3A:F2:51:5D:9D,-50,11,1,0,1,1,1,0,0,0,0,-93,0,6,1,14971706,0,110,0,0,15.217025,384,[110 96 6 0 0 0 0 0 0 0 0 0 12 -22 11 -21 13 -25 17 -24 15 -23 14 -18 16 -21 14 -19 15 -20 17 -19 20 -21 19 -21 18 -20 19 -19 16 -15 19 -21 16 -17 18 -16 16 -16 15 -15 16 -15 16 -16 16 -12 16 -15 18 -16 14 -16 0 0 14 -16 12 -17 13 -17 11 -16 13 -13 11 -16 12 -16 9 -15 10 -16 6 -16 7 -16 8 -14 8 -15 5 -15 6 -16 4 -16 6 -18 3 -15 3 -16 2 -14 4 -15 3 -15 4 -15 2 -16 4 -14 2 -14 0 0 0 0 0 0 0 0 0 0 -1 -1 -1 -1 -18 17 -18 17 -14 20 -11 18 -17 8 -15 8 -16 9 -17 8 -15 9 -12 7 -13 10 -10 9 -12 11 -13 10 -14 10 -12 10 -13 12 -12 10 -10 8 -9 11 -8 12 -11 11 -7 10 -9 9 -9 9 -7 10 -9 10 -7 11 -10 10 -8 11 -3 13 -8 10 -8 9 -6 9 -7 9 -8 8 -6 8 -6 8 -6 7 -6 7 -6 7 -7 6 -7 5 -6 4 -6 3 -5 4 -5 2 -5 2 -5 2 -5 1 -4 1 -4 0 -3 -1 -3 -2 -2 -2 -2 -3 -2 -3 0 0 0 0 -1 -1 -1 -1 -1 -1 -1 -1 -1 -1 0 0 0 0 0 0 -1 -1 5 -43 3 -40 5 -46 7 -45 7 -44 7 -37 10 -43 6 -37 8 -47 14 -43 15 -45 14 -43 15 -46 15 -44 13 -36 14 -41 10 -41 15 -40 9 -34 13 -35 13 -32 10 -37 15 -33 13 -34 17 -38 10 -34 -1 -38 11 -34 9 -33 6 -31 5 -30 8 -32 4 -32 5 -30 3 -31 2 -31 1 -27 1 -30 3 -29 0 -30 -1 -28 -6 -26 -3 -25 -5 -28 -4 -24 -6 -24 -4 -24 -8 -24 -8 -23 -4 -26 -6 -24 -5 -23 -5 -23 -17 -20 -21 -21 -20 -21 -24 -16 -1 -1 ]
CSI_DATA,STA,08:3A:F2:51:5D:9D,-51,11,1,0,1,1,1,0,0,0,0,-93,0,6,1,15063050,0,110,0,0,15.232319,384,[110 96 6 0 0 0 0 0 0 0 0 0 -15 16 -14 15 -16 18 -19 16 -17 16 -16 12 -17 14 -16 13 -17 13 -18 12 -20 13 -20 13 -20 13 -20 12 -17 9 -20 14 -18 10 -18 9 -17 9 -16 9 -16 9 -17 10 -16 7 -17 9 -18 10 -15 10 0 0 -15 10 -14 11 -14 11 -12 11 -13 9 -12 11 -13 11 -11 10 -12 11 -8 11 -9 12 -10 9 -9 10 -8 11 -8 11 -7 12 -8 13 -6 11 -5 11 -4 11 -6 11 -5 11 -6 11 -5 12 -6 10 -4 10 0 0 0 0 0 0 0 0 0 0 -1 -1 -1 -1 17 -11 18 -11 16 -13 13 -13 15 -6 13 -6 14 -7 14 -5 13 -6 11 -5 12 -7 10 -7 12 -9 11 -8 12 -7 11 -8 12 -9 11 -8 10 -7 9 -9 8 -10 9 -9 6 -9 8 -8 8 -7 6 -9 9 -8 7 -9 9 -9 7 -9 5 -10 7 -9 7 -8 6 -8 6 -9 7 -7 7 -8 5 -7 5 -7 6 -6 5 -6 6 -5 6 -4 5 -4 5 -4 4 -4 4 -3 3 -2 3 -2 3 -2 2 -1 2 -1 2 0 1 1 1 2 1 1 0 2 -1 -1 -1 -1 -1 -1 -1 -1 -1 -1 -1 -1 -1 -1 -1 -1 -1 -1 -1 -1 0 0 -16 34 -14 33 -17 36 -19 35 -18 34 -16 28 -20 32 -16 29 -20 36 -23 31 -24 33 -23 31 -26 34 -26 32 -21 26 -23 30 -20 30 -23 29 -17 25 -20 25 -20 22 -18 27 -22 23 -20 25 -24 26 -17 25 -10 30 -18 24 -16 24 -13 23 -13 23 -15 23 -12 25 -12 22 -10 24 -10 25 -8 22 -8 23 -10 23 -7 24 -6 23 -2 22 -4 20 -3 24 -3 20 -1 21 -2 20 1 21 1 20 -3 21 -2 20 -2 19 -1 19 7 19 9 21 9 21 14 17 -1 -1 ]
CSI_DATA,STA,08:3A:F2:51:5D:9D,-51,11,1,0,1,1,1,0,0,0,0,-93,0,6,1,15063721,0,110,0,0,15.243187,384,[110 96 6 0 0 0 0 0 0 0 0 0 -11 -20 -10 -19 -12 -22 -9 -24 -10 -22 -6 -19 -8 -22 -7 -20 -8 -20 -6 -22 -6 -24 -6 -24 -5 -23 -4 -23 -3 -20 -6 -24 -4 -20 -3 -20 -4 -19 -4 -18 -3 -19 -5 -19 -1 -18 -3 -20 -3 -21 -4 -18 0 0 -4 -18 -7 -17 -6 -17 -7 -16 -4 -16 -7 -16 -6 -16 -7 -14 -7 -15 -9 -12 -9 -13 -6 -13 -7 -13 -8 -11 -9 -12 -9 -11 -11 -13 -10 -9 -10 -10 -10 -8 -9 -10 -10 -9 -9 -10 -10 -9 -8 -10 -9 -8 0 0 0 0 0 0 0 0 0 0 -1 -1 -1 -1 6 18 6 20 10 18 10 15 -1 15 0 14 1 15 0 14 1 13 1 11 2 13 3 11 4 13 3 13 2 13 2 13 4 14 3 12 3 10 5 11 6 10 4 11 5 8 4 9 3 9 6 9 3 10 5 9 4 11 5 9 9 7 4 9 5 9 4 7 4 7 3 8 5 7 3 7 3 6 3 7 2 6 1 7 2 6 1 6 1 5 1 4 0 4 0 4 -1 3 -1 3 -2 2 -2 2 -1 2 -2 1 -2 0 -3 0 -3 -1 -1 -1 -1 -1 -1 -1 -1 -1 -1 -1 -1 -1 -1 -1 -1 -1 -1 -1 -1 -1 0 0 -28 -24 -26 -22 -31 -24 -27 -26 -29 -25 -24 -22 -27 -28 -23 -21 -31 -27 -23 -30 -25 -33 -24 -31 -27 -33 -25 -31 -20 -26 -24 -29 -24 -26 -22 -29 -20 -23 -20 -25 -17 -24 -22 -24 -17 -26 -18 -25 -18 -30 -19 -24 -29 -17 -19 -24 -20 -22 -20 -18 -19 -17 -19 -20 -22 -17 -19 -17 -21 -16 -23 -15 -19 -14 -21 -14 -20 -15 -22 -13 -21 -12 -22 -8 -19 -9 -22 -9 -19 -9 -19 -6 -19 -7 -20 -5 -20 -4 -20 -9 -20 -7 -19 -7 -19 -6 -21 2 -24 6 -24 6 -22 11 -1 -1 ]
CSI_DATA,STA,08:3A:F2:51:5D:9D,-51,11,1,0,1,1,1,0,0,0,0,-93,0,6,1,15066678,0,110,0,0,15.253887,384,[110 96 6 0 0 0 0 0 0 0 0 0 3 -22 3 -21 3 -25 6 -25 5 -24 6 -20 7 -22 6 -20 6 -21 8 -21 9 -23 8 -24 9 -22 9 -22 9 -17 9 -23 8 -19 9 -18 8 -18 8 -17 8 -17 8 -18 9 -15 8 -18 9 -19 7 -18 0 0 7 -17 4 -17 5 -18 4 -17 6 -15 4 -16 5 -17 3 -15 3 -16 0 -14 0 -16 2 -14 2 -15 0 -15 0 -15 -1 -15 -1 -17 -2 -13 -2 -14 -3 -13 -1 -14 -2 -14 -2 -14 -3 -13 -1 -13 -2 -12 0 0 0 0 0 0 0 0 0 0 -1 -1 -1 -1 -11 18 -10 18 -6 20 -5 17 -11 12 -10 10 -11 12 -12 11 -9 11 -8 9 -8 11 -6 11 -7 12 -8 11 -8 12 -7 12 -7 13 -6 12 -6 10 -5 12 -3 12 -6 11 -3 10 -5 10 -5 9 -4 11 -5 10 -2 10 -5 11 -3 11 2 12 -3 10 -4 10 -3 9 -3 9 -4 8 -3 9 -3 8 -3 7 -4 7 -3 7 -4 7 -4 6 -4 5 -4 4 -4 5 -4 3 -4 4 -4 3 -3 2 -3 2 -3 1 -3 0 -3 -1 -3 -1 -2 -1 -2 -2 0 0 -1 -1 -1 -1 -1 -1 -1 -1 -1 -1 -1 -1 -1 -1 0 0 0 0 -1 -1 -9 -37 -9 -35 -8 -40 -6 -40 -7 -39 -4 -34 -3 -39 -4 -34 -5 -42 0 -39 -1 -42 -1 -40 -2 -43 -1 -41 0 -34 0 -38 -2 -37 2 -38 -1 -31 1 -33 3 -31 -1 -34 3 -31 0 -32 3 -36 -1 -32 -12 -32 0 -31 -2 -30 -4 -28 -4 -27 -2 -29 -5 -28 -4 -27 -6 -27 -8 -27 -7 -23 -8 -24 -6 -25 -9 -25 -8 -24 -12 -21 -9 -20 -12 -23 -10 -19 -11 -19 -10 -19 -12 -18 -13 -18 -11 -21 -11 -19 -11 -18 -10 -18 -18 -12 -23 -13 -22 -12 -23 -8 -1 -1 ]
CSI_DATA,STA,08:3A:F2:51:5D:9D,-50,11,1,0,1,1,1,0,0,0,0,-93,0,6,1,15067134,0,110,0,0,15.264446,384,[110 96 6 0 0 0 0 0 0 0 0 0 21 -1 20 -1 24 -2 25 1 23 0 19 2 22 2 20 2 21 2 21 4 23 5 24 4 22 4 22 6 18 5 23 4 19 4 19 5 18 5 17 4 18 5 19 5 15 6 18 5 19 6 17 3 0 0 17 3 17 2 18 2 16 0 15 3 16 1 17 2 14 0 16 0 14 -2 15 -2 13 0 14 -1 13 -3 13 -3 13 -4 15 -3 12 -4 13 -4 11 -5 12 -4 12 -5 12 -4 12 -5 11 -4 10 -5 0 0 0 0 0 0 0 0 0 0 -1 -1 -1 -1 -19 -10 -20 -11 -21 -7 -18 -4 -14 -11 -13 -10 -15 -10 -14 -11 -14 -9 -11 -7 -14 -8 -12 -5 -14 -6 -14 -7 -14 -7 -14 -6 -15 -6 -14 -6 -12 -6 -14 -4 -14 -3 -14 -5 -12 -2 -12 -4 -12 -5 -13 -3 -12 -4 -13 -2 -13 -5 -13 -2 -12 1 -12 -3 -12 -3 -11 -2 -11 -2 -10 -4 -11 -2 -10 -2 -10 -3 -9 -3 -9 -3 -8 -3 -8 -4 -7 -4 -7 -4 -6 -3 -5 -3 -6 -4 -4 -3 -4 -3 -3 -3 -2 -3 -1 -3 -1 -3 0 -3 0 -2 1 -2 -1 -1 0 0 0 0 -1 -1 -1 -1 -1 -1 0 0 0 0 -1 -1 -1 -1 -1 -1 36 -12 34 -12 40 -14 40 -10 39 -11 33 -8 40 -8 34 -7 42 -11 40 -4 43 -5 41 -4 44 -4 41 -3 34 -2 39 -4 37 -6 39 -2 31 -5 33 -2 31 -1 34 -4 32 1 33 -2 37 1 31 -4 30 -10 31 -3 30 -4 28 -6 26 -7 29 -4 28 -8 26 -7 26 -9 26 -10 23 -8 24 -10 25 -8 24 -11 23 -11 20 -14 19 -11 22 -15 18 -11 18 -14 18 -12 17 -15 16 -15 19 -13 18 -14 16 -12 16 -12 12 -19 12 -22 11 -21 8 -24 -1 -1 ]
CSI_DATA,STA,08:3A:F2:51:5D:9D,-51,11,1,0,1,1,1,0,0,0,0,-93,0,6,1,15067589,0,110,0,0,15.274828,384,[110 96 6 0 0 0 0 0 0 0 0 0 17 16 16 15 20 18 18 21 17 19 13 18 16 20 14 18 15 18 13 20 14 23 15 22 13 22 12 22 9 19 15 22 11 19 10 20 10 18 10 18 10 18 11 19 7 18 9 19 10 20 10 17 0 0 10 17 12 15 12 16 12 14 9 15 11 14 11 15 11 12 12 13 12 9 13 11 10 11 11 11 12 8 12 9 13 8 15 10 12 6 13 7 12 5 12 7 12 6 12 7 13 6 11 7 11 5 0 0 0 0 0 0 0 0 0 0 -1 -1 -1 -1 -14 -21 -14 -21 -17 -18 -16 -14 -5 -18 -5 -16 -7 -18 -5 -18 -7 -15 -5 -13 -7 -15 -7 -12 -9 -14 -8 -15 -7 -16 -8 -14 -9 -15 -8 -13 -7 -12 -10 -12 -10 -11 -9 -13 -9 -9 -9 -10 -8 -10 -10 -9 -8 -11 -10 -10 -9 -12 -9 -10 -13 -7 -9 -10 -9 -10 -8 -8 -8 -9 -7 -9 -8 -8 -8 -8 -7 -8 -6 -8 -6 -8 -5 -8 -5 -8 -4 -7 -4 -7 -3 -7 -3 -6 -3 -6 -1 -5 -1 -5 -1 -4 -1 -4 0 -3 1 -3 0 -2 1 -2 2 -1 -1 -1 0 0 0 0 -1 -1 -1 -1 -1 -1 0 0 0 0 -1 -1 -1 -1 -1 -1 38 14 36 12 41 14 39 17 39 16 32 15 38 18 32 14 41 17 36 22 38 24 36 23 39 24 36 24 30 20 35 21 35 18 33 23 28 16 29 19 25 19 31 17 27 21 28 20 30 24 28 17 35 7 27 17 28 16 27 12 26 11 26 15 28 10 26 11 27 9 28 8 25 8 27 7 26 9 27 6 25 5 25 0 23 3 27 2 22 2 23 -1 22 1 23 -2 22 -3 24 1 23 0 22 0 22 1 22 -10 24 -15 23 -14 20 -19 -1 -1 ]
CSI_DATA,STA,08:3A:F2:51:5D:9D,-51,11,1,0,1,1,1,0,0,0,0,-93,0,6,1,15068063,0,110,0,0,15.285025,384,[110 96 6 0 0 0 0 0 0 0 0 0 -21 7 -19 7 -23 9 -25 6 -23 6 -20 4 -23 5 -21 4 -22 4 -23 3 -25 2 -25 3 -24 2 -23 1 -20 0 -24 3 -21 1 -21 0 -20 1 -19 1 -19 0 -20 1 -18 -2 -20 0 -21 0 -19 1 0 0 -19 2 -18 3 -18 3 -17 4 -16 1 -17 3 -17 3 -15 3 -16 5 -13 6 -15 6 -14 4 -14 4 -13 6 -13 6 -13 7 -15 7 -11 7 -11 7 -9 8 -12 7 -11 7 -12 7 -11 8 -11 6 -10 7 0 0 0 0 0 0 0 0 0 0 -1 -1 -1 -1 20 -3 22 -4 19 -7 18 -7 15 2 13 1 15 1 15 2 14 1 11 1 13 0 12 -2 14 -2 13 -1 14 -1 13 -2 14 -2 13 -2 11 -1 12 -4 11 -5 12 -3 9 -4 10 -3 10 -2 10 -4 10 -3 10 -5 11 -3 10 -4 8 -8 10 -4 10 -3 8 -3 9 -4 8 -2 8 -3 7 -3 7 -3 7 -2 7 -2 7 -1 7 -1 6 -1 5 -1 5 -1 4 0 4 0 3 0 3 0 2 1 2 1 1 1 1 1 0 1 -1 1 -1 1 -1 -1 -1 -1 -1 -1 -1 -1 -1 -1 -1 -1 -1 -1 -1 -1 -1 -1 -1 -1 0 0 -26 25 -24 25 -28 27 -29 25 -28 25 -25 20 -30 22 -24 21 -30 26 -32 20 -34 21 -33 20 -35 22 -34 21 -28 16 -32 19 -29 20 -32 17 -25 16 -27 15 -26 13 -27 17 -27 13 -27 15 -32 14 -25 16 -19 26 -26 15 -25 16 -21 16 -20 16 -22 15 -20 18 -20 16 -19 18 -19 19 -16 17 -17 18 -18 17 -16 19 -15 18 -11 20 -12 17 -13 20 -12 16 -9 17 -11 17 -8 19 -8 17 -12 18 -10 17 -10 16 -10 17 0 22 2 25 2 23 7 23 -1 -1 ]
CSI_DATA,STA,08:3A:F2:51:5D:9D,-51,11,1,0,1,1,1,0,0,0,0,-93,0,6,1,15068571,0,110,0,0,15.295264,384,[110 96 6 0 0 0 0 0 0 0 0 0 -19 -17 -18 -16 -22 -18 -20 -22 -19 -20 -15 -18 -17 -20 -15 -18 -17 -19 -15 -21 -16 -24 -17 -23 -15 -23 -14 -23 -11 -20 -16 -23 -13 -20 -11 -21 -12 -19 -12 -18 -11 -19 -12 -19 -8 -19 -11 -20 -12 -21 -12 -18 0 0 -12 -18 -14 -16 -13 -17 -13 -15 -10 -16 -13 -15 -13 -15 -12 -13 -13 -13 -13 -10 -14 -11 -11 -12 -12 -12 -13 -10 -13 -10 -14 -8 -16 -11 -14 -7 -14 -7 -13 -5 -13 -8 -14 -7 -14 -8 -14 -7 -12 -8 -12 -6 0 0 0 0 0 0 0 0 0 0 -1 -1 -1 -1 14 18 15 19 16 16 16 12 5 16 5 14 6 16 4 16 6 14 4 11 6 13 7 10 8 12 8 13 7 13 7 12 9 12 8 12 6 10 9 10 10 8 8 10 8 7 8 9 7 9 9 8 7 9 9 8 8 10 8 8 12 4 8 8 8 9 7 7 7 7 6 8 7 6 6 6 6 6 5 6 4 6 4 6 3 7 3 6 3 5 2 4 1 4 2 4 0 3 0 3 -1 3 -1 3 -1 2 -2 2 -2 1 -3 0 -3 -1 -1 -1 0 0 0 0 -1 -1 -1 -1 -1 -1 0 0 0 0 -1 -1 -1 -1 -1 -1 -39 -12 -37 -10 -43 -12 -39 -15 -40 -13 -33 -14 -38 -17 -33 -12 -43 -15 -38 -20 -39 -21 -38 -21 -41 -22 -38 -22 -31 -18 -36 -20 -35 -16 -35 -20 -29 -15 -31 -18 -27 -18 -33 -15 -28 -20 -30 -19 -32 -23 -29 -16 -37 -4 -29 -16 -30 -15 -27 -11 -27 -11 -27 -14 -29 -10 -27 -10 -28 -9 -29 -7 -26 -6 -27 -6 -26 -9 -27 -6 -26 -5 -25 1 -23 -2 -28 -1 -23 -3 -23 0 -22 -1 -23 2 -23 2 -25 -1 -23 0 -22 0 -22 -1 -21 12 -23 16 -22 15 -19 21 -1 -1 ]
CSI_DATA,STA,08:3A:F2:51:5D:9D,-51,11,1,0,1,1,1,0,0,0,0,-93,0,6,1,15069018,0,110,0,0,15.306068,384,[110 96 6 0 0 0 0 0 0 0 0 0 12 -22 10 -21 12 -25 16 -24 14 -23 14 -18 15 -21 13 -20 14 -20 16 -19 18 -21 17 -21 17 -20 18 -19 16 -15 18 -21 16 -17 17 -15 15 -16 14 -15 15 -15 15 -16 15 -12 16 -15 17 -16 14 -16 0 0 14 -15 12 -17 13 -17 11 -16 12 -13 11 -16 11 -16 9 -15 9 -16 6 -15 7 -16 8 -14 8 -15 5 -15 6 -15 4 -16 6 -17 3 -14 3 -15 1 -14 3 -15 3 -14 3 -15 2 -15 4 -14 2 -13 0 0 0 0 0 0 0 0 0 0 -1 -1 -1 -1 -20 13 -20 13 -18 15 -14 15 -19 6 -17 6 -18 8 -18 6 -16 7 -13 6 -15 8 -12 8 -14 10 -14 8 -15 9 -14 9 -14 10 -13 9 -12 7 -11 10 -10 11 -12 10 -8 10 -10 9 -10 8 -9 10 -11 8 -8 10 -11 9 -10 10 -6 13 -10 9 -10 8 -8 8 -8 8 -9 7 -8 8 -8 7 -7 6 -8 6 -8 5 -8 5 -8 4 -7 3 -7 3 -7 3 -6 1 -6 1 -5 1 -4 1 -5 0 -4 -1 -3 -1 -3 -2 -2 -3 -2 -3 -1 -3 -1 -1 0 0 0 0 -1 -1 -1 -1 -1 -1 0 0 0 0 -1 -1 -1 -1 -1 -1 8 -43 6 -40 8 -46 11 -44 10 -44 11 -37 13 -43 10 -38 12 -47 17 -42 18 -45 17 -43 19 -46 20 -43 16 -35 17 -41 15 -40 19 -39 13 -34 16 -34 16 -31 14 -36 18 -32 16 -34 21 -36 13 -34 4 -36 14 -33 12 -33 10 -31 9 -30 12 -31 7 -32 8 -30 6 -31 5 -32 4 -28 3 -30 6 -29 3 -30 2 -29 -4 -28 -1 -26 -2 -30 -1 -25 -3 -25 -2 -24 -5 -26 -6 -25 -2 -26 -3 -25 -3 -24 -2 -24 -12 -22 -15 -23 -15 -23 -19 -20 -1 -1 ]
CSI_DATA,STA,08:3A:F2:51:5D:9D,-51,11,1,0,1,1,1,0,0,0,0,-93,0,6,1,15069471,0,110,0,0,15.316721,384,[110 96 6 0 0 0 0 0 0 0 0 0 21 2 20 1 24 1 24 4 23 4 19 5 22 5 19 5 21 5 20 7 22 8 23 7 22 7 21 8 17 8 22 8 18 7 17 8 17 7 16 7 16 8 17 8 14 8 17 8 18 8 16 6 0 0 17 6 17 4 17 5 16 3 14 5 16 4 16 4 14 3 16 2 14 0 15 0 13 2 14 1 13 -1 13 0 14 -2 16 -1 12 -2 13 -2 11 -3 13 -1 13 -2 13 -2 13 -3 12 -2 11 -3 0 0 0 0 0 0 0 0 0 0 -1 -1 -1 -1 -21 -7 -21 -7 -22 -4 -19 -1 -13 -10 -12 -9 -14 -9 -13 -10 -12 -8 -10 -7 -12 -7 -11 -4 -14 -6 -13 -6 -13 -7 -13 -5 -14 -6 -13 -6 -11 -5 -12 -4 -13 -2 -12 -4 -11 -2 -11 -3 -11 -4 -11 -2 -11 -4 -12 -2 -12 -4 -11 -2 -12 3 -11 -3 -11 -3 -9 -2 -10 -2 -10 -3 -10 -2 -9 -2 -9 -2 -8 -3 -7 -2 -7 -3 -7 -4 -7 -4 -6 -4 -5 -3 -4 -3 -5 -3 -3 -3 -3 -3 -2 -3 -2 -3 -2 -3 0 -3 0 -3 0 -2 1 -2 -1 -1 -1 -1 -1 -1 -1 -1 -1 -1 -1 -1 -1 -1 -1 -1 -1 -1 -1 -1 0 0 34 -11 32 -12 37 -13 37 -10 36 -10 31 -8 36 -7 30 -8 39 -10 37 -4 40 -5 38 -5 41 -5 39 -4 32 -3 36 -4 35 -6 36 -2 29 -4 31 -3 28 -1 31 -4 29 0 30 -3 34 0 29 -4 28 -14 29 -3 28 -4 25 -6 24 -6 26 -4 25 -8 24 -6 24 -9 23 -10 21 -9 22 -10 23 -8 22 -11 21 -11 17 -13 17 -10 19 -13 17 -11 16 -13 16 -12 15 -14 15 -14 18 -12 17 -13 15 -12 15 -12 9 -19 9 -24 8 -24 3 -25 -1 -1 ]
CSI_DATA,STA,08:3A:F2:51:5D:9D,-42,11,1,0,0,1,1,0,0,0,0,-93,0,6,1,15298297,0,110,0,0,15.464920,256,[110 96 6 0 0 0 0 0 0 0 0 0 5 14 4 14 6 15 5 15 4 15 4 13 3 15 2 13 3 15 2 15 3 16 2 16 2 15 2 14 1 13 2 15 1 13 1 13 1 12 0 12 1 12 1 13 1 11 1 11 2 12 2 11 0 0 2 11 2 11 2 10 3 10 2 8 3 10 3 10 2 8 4 9 3 9 3 9 3 8 4 8 3 8 3 8 4 8 5 8 4 7 4 7 4 7 4 7 5 7 4 7 5 7 5 7 5 6 0 0 0 0 0 0 0 0 0 0 -1 -1 -1 -1 -1 -1 0 0 23 19 18 20 16 23 15 21 17 23 16 24 15 23 12 23 14 23 11 23 13 25 11 25 12 25 10 27 10 24 9 24 8 23 12 24 7 21 8 22 8 20 8 22 8 21 9 21 8 21 8 19 8 20 7 19 -1 -1 9 18 10 17 9 15 11 18 9 14 10 16 10 14 9 14 10 14 12 15 11 14 10 13 10 12 9 13 11 12 9 12 13 11 10 10 12 11 10 10 12 9 12 11 11 9 11 9 10 9 11 9 12 4 9 4 -1 -1 -1 -1 -1 -1 ]
CSI_DATA,STA,08:3A:F2:51:5D:9D,-50,11,1,0,1,1,1,0,0,0,0,-93,0,6,1,15299516,0,110,0,0,15.471883,384,[110 96 6 0 0 0 0 0 0 0 0 0 1 -23 1 -22 1 -26 4 -27 3 -24 4 -21 4 -24 4 -22 4 -22 6 -22 8 -25 6 -25 7 -24 8 -23 8 -19 7 -24 7 -21 8 -19 7 -19 6 -18 7 -19 7 -19 8 -16 7 -19 8 -20 6 -19 0 0 6 -19 3 -18 4 -19 2 -18 5 -16 3 -17 3 -18 2 -16 2 -17 -1 -15 -1 -16 1 -15 1 -15 -1 -15 -1 -15 -3 -15 -2 -17 -3 -14 -3 -14 -4 -12 -3 -14 -3 -14 -3 -14 -4 -14 -2 -13 -4 -12 0 0 0 0 0 0 0 0 0 0 -1 -1 -1 -1 -6 21 -6 21 -2 22 0 19 -9 13 -8 12 -8 13 -10 12 -7 12 -6 10 -6 12 -4 11 -4 13 -5 13 -6 13 -5 12 -5 14 -4 12 -5 10 -2 12 -1 12 -3 12 -1 10 -2 10 -3 10 -1 10 -3 10 -1 10 -3 11 -1 11 4 11 -1 10 -1 10 -1 8 -1 9 -2 9 -1 9 -1 8 -1 7 -1 8 -1 7 -3 7 -3 6 -3 6 -3 5 -2 5 -2 4 -2 4 -3 3 -2 2 -3 2 -2 1 -3 0 -3 0 -3 -1 -2 -1 -2 -2 0 0 -1 -1 -1 -1 -1 -1 -1 -1 -1 -1 -1 -1 -1 -1 0 0 0 0 -1 -1 -13 -36 -13 -34 -15 -39 -11 -39 -12 -39 -9 -33 -9 -39 -9 -32 -13 -40 -6 -40 -6 -43 -6 -40 -6 -43 -5 -42 -3 -34 -6 -38 -7 -36 -4 -38 -6 -30 -4 -33 -2 -30 -7 -33 -2 -32 -3 -32 0 -37 -5 -31 -17 -30 -4 -31 -6 -30 -7 -27 -7 -26 -6 -28 -10 -27 -8 -26 -10 -25 -12 -25 -10 -22 -11 -24 -9 -24 -11 -24 -11 -22 -16 -18 -12 -19 -15 -21 -12 -18 -15 -17 -13 -17 -16 -16 -15 -15 -14 -18 -13 -17 -13 -16 -13 -16 -21 -9 -25 -8 -24 -8 -26 -1 -1 -1 ]
CSI_DATA,STA,08:3A:F2:51:5D:9D,-51,11,1,0,1,1,1,0,0,0,0,-93,0,6,1,15302822,0,110,0,0,15.482625,384,[110 96 6 0 0 0 0 0 0 0 0 0 -4 -22 -4 -21 -5 -24 -2 -26 -2 -24 0 -21 -1 -24 0 -21 -1 -22 1 -23 2 -25 1 -25 2 -24 2 -23 3 -20 1 -24 2 -21 3 -20 2 -20 2 -19 2 -19 2 -20 4 -17 2 -20 3 -21 1 -19 0 0 1 -19 -1 -18 -1 -19 -2 -17 1 -17 -2 -17 -1 -18 -2 -16 -3 -17 -5 -14 -4 -15 -2 -14 -3 -14 -5 -14 -4 -13 -6 -14 -6 -16 -6 -12 -6 -12 -7 -10 -6 -12 -6 -12 -7 -12 -7 -12 -6 -11 -6 -10 0 0 0 0 0 0 0 0 0 0 -1 -1 -1 -1 3 20 3 21 7 20 6 16 -4 14 -3 13 -3 14 -4 14 -2 13 -3 11 -2 12 0 11 1 13 0 12 -1 13 0 12 1 13 1 12 0 11 2 11 3 11 1 11 3 9 2 10 1 10 3 10 1 10 4 9 2 11 3 10 8 8 3 10 2 9 3 8 2 8 2 9 3 8 2 7 2 7 1 7 1 7 0 7 1 7 0 6 0 5 0 4 -1 4 0 4 -1 3 -1 3 -2 3 -2 2 -2 1 -2 1 -2 1 -3 0 -3 -1 -1 -1 -1 -1 -1 -1 -1 -1 -1 -1 -1 -1 -1 -1 -1 -1 -1 -1 0 0 0 0 -21 -29 -21 -27 -23 -31 -21 -32 -21 -31 -17 -27 -18 -32 -17 -26 -22 -33 -16 -33 -17 -36 -17 -34 -18 -36 -17 -35 -14 -30 -15 -32 -17 -31 -13 -33 -14 -26 -12 -29 -11 -27 -15 -28 -11 -28 -12 -28 -12 -32 -14 -26 -26 -21 -13 -27 -13 -25 -14 -22 -14 -21 -14 -24 -16 -21 -15 -20 -16 -20 -18 -20 -15 -17 -17 -17 -15 -19 -18 -17 -17 -16 -19 -12 -17 -13 -19 -14 -16 -12 -17 -10 -16 -11 -18 -9 -18 -9 -18 -12 -18 -11 -17 -10 -17 -11 -21 -1 -25 2 -25 3 -24 7 -1 -1 ]
CSI_DATA,STA,08:3A:F2:51:5D:9D,-50,11,1,0,1,1,1,0,0,0,0,-93,0,6,1,15304619,0,110,0,0,15.493328,384,[110 96 6 0 0 0 0 0 0 0 0 0 -4 22 -3 21 -4 24 -7 26 -6 23 -7 20 -7 22 -7 20 -7 21 -8 21 -10 23 -9 23 -9 23 -10 22 -10 18 -9 23 -9 19 -10 17 -9 18 -8 17 -9 17 -9 18 -10 15 -9 18 -10 19 -7 18 0 0 -7 18 -5 17 -6 18 -4 16 -7 15 -5 16 -5 17 -4 15 -3 16 -1 14 -1 16 -3 14 -2 14 0 14 -1 14 1 14 0 16 2 13 2 13 3 12 1 13 2 13 2 13 3 13 1 12 3 11 0 0 0 0 0 0 0 0 0 0 -1 -1 -1 -1 5 -21 6 -22 2 -22 2 -19 9 -14 8 -13 7 -15 9 -14 7 -13 5 -11 6 -13 4 -12 5 -14 4 -13 6 -14 4 -14 4 -15 3 -14 3 -12 2 -13 1 -14 3 -13 0 -11 1 -12 2 -11 0 -12 2 -12 -1 -12 2 -13 0 -12 -4 -12 1 -12 1 -11 0 -10 0 -11 1 -10 0 -10 0 -10 0 -9 1 -9 1 -8 2 -9 2 -8 2 -8 2 -7 2 -7 1 -5 1 -5 2 -4 2 -4 2 -3 2 -3 2 -2 2 -2 1 -1 1 0 1 0 -1 -1 -1 -1 -1 -1 -1 -1 -1 -1 -1 -1 -1 -1 -1 -1 -1 -1 0 0 0 0 10 36 10 34 10 38 8 39 8 37 5 32 5 38 6 32 8 40 3 38 3 41 3 39 3 42 2 40 1 33 2 37 5 36 0 36 3 30 0 32 -1 29 3 32 -1 30 1 32 -2 35 2 30 15 29 1 30 3 29 4 27 5 25 3 28 7 26 6 25 8 25 8 25 8 22 9 24 7 23 10 23 10 22 13 18 10 18 12 21 10 17 12 16 11 17 14 15 13 15 12 18 12 16 12 16 11 16 19 10 24 9 24 8 24 3 -1 -1 ]
CSI_DATA,STA,08:3A:F2:51:5D:9D,-50,11,1,0,1,1,1,0,0,0,0,-93,0,6,1,15304899,0,110,0,0,15.503110,384,[110 96 6 0 0 0 0 0 0 0 0 0 -16 20 -15 19 -17 22 -21 21 -19 20 -18 15 -19 18 -19 16 -19 17 -21 15 -23 17 -22 18 -22 16 -23 15 -20 11 -22 17 -20 13 -21 11 -19 12 -19 11 -19 11 -20 12 -19 8 -20 11 -21 12 -18 12 0 0 -19 12 -16 13 -17 13 -15 13 -16 10 -15 12 -16 12 -14 11 -14 13 -10 13 -11 14 -12 11 -12 12 -10 13 -10 12 -9 14 -11 15 -8 13 -7 13 -6 13 -8 12 -8 13 -8 13 -7 13 -8 12 -6 12 0 0 0 0 0 0 0 0 0 0 -1 -1 -1 -1 23 -7 24 -8 22 -12 19 -11 19 -3 17 -3 18 -5 19 -2 17 -4 14 -4 16 -5 14 -6 17 -7 15 -6 17 -6 16 -7 16 -7 15 -7 13 -6 13 -8 13 -10 14 -7 10 -9 12 -7 12 -6 11 -8 12 -7 11 -9 13 -7 12 -9 9 -11 12 -8 11 -7 9 -7 10 -8 11 -6 10 -7 9 -6 9 -6 9 -5 8 -5 9 -4 8 -3 7 -3 7 -2 6 -4 6 -2 5 -2 5 -1 4 0 3 0 3 0 2 1 2 1 1 2 0 1 0 1 0 0 0 0 -1 -1 -1 -1 -1 -1 -1 -1 -1 -1 0 0 0 0 -1 -1 -1 -1 -17 41 -15 40 -18 45 -22 43 -20 42 -19 35 -22 40 -19 35 -23 44 -27 38 -28 41 -28 40 -29 41 -30 40 -26 32 -27 37 -25 37 -29 34 -21 30 -25 30 -24 27 -23 33 -26 27 -25 29 -30 31 -22 30 -15 35 -23 29 -21 29 -18 28 -16 27 -21 27 -16 29 -16 27 -15 29 -14 30 -12 27 -12 28 -13 26 -11 28 -10 27 -5 27 -7 25 -8 29 -6 24 -3 25 -5 24 -2 26 -2 25 -6 26 -4 24 -4 23 -4 23 4 24 7 28 8 27 13 25 -1 -1 ]
CSI_DATA,STA,08:3A:F2:51:5D:9D,-50,11,1,0,1,1,1,0,0,0,0,-93,0,6,1,15305344,0,110,0,0,15.513631,384,[110 96 6 0 0 0 0 0 0 0 0 0 -20 -11 -20 -11 -22 -12 -23 -16 -20 -14 -17 -14 -19 -15 -17 -14 -18 -14 -17 -16 -19 -18 -20 -17 -18 -17 -18 -18 -14 -16 -19 -17 -16 -16 -14 -16 -15 -15 -14 -14 -14 -15 -15 -15 -11 -15 -14 -15 -15 -16 -15 -13 0 0 -15 -14 -16 -11 -16 -13 -15 -10 -13 -12 -15 -11 -15 -11 -14 -10 -15 -9 -14 -6 -15 -7 -13 -8 -13 -7 -14 -6 -14 -6 -15 -4 -16 -6 -14 -3 -14 -3 -13 -2 -14 -4 -13 -4 -14 -4 -14 -2 -13 -4 -12 -2 0 0 0 0 0 0 0 0 0 0 -1 -1 -1 -1 16 14 17 14 19 10 16 9 8 13 8 12 9 12 8 14 8 11 7 9 8 10 9 7 10 9 9 9 9 10 10 9 11 9 10 8 9 7 10 7 11 5 9 7 10 4 9 6 9 7 10 5 9 6 10 4 10 7 10 4 11 0 10 5 9 5 9 4 8 3 8 5 8 4 7 4 7 4 6 4 6 4 6 5 6 5 5 4 5 4 4 3 3 3 3 3 1 3 1 2 1 3 1 2 0 2 -1 2 -1 2 -2 1 -2 0 -1 -1 -1 -1 -1 -1 -1 -1 -1 -1 -1 -1 -1 -1 -1 -1 -1 -1 0 0 0 0 -38 -4 -37 -3 -41 -6 -41 -8 -39 -7 -34 -8 -38 -9 -34 -6 -41 -8 -37 -12 -41 -13 -39 -12 -42 -13 -40 -13 -34 -12 -36 -13 -37 -11 -35 -14 -30 -10 -31 -12 -29 -12 -32 -10 -29 -13 -31 -11 -34 -15 -30 -9 -34 2 -30 -10 -30 -9 -28 -7 -26 -6 -29 -8 -28 -4 -27 -5 -28 -3 -28 -2 -24 0 -26 0 -26 -3 -27 0 -25 1 -23 5 -23 2 -26 3 -22 3 -21 5 -20 4 -21 6 -20 6 -22 4 -21 4 -20 5 -20 4 -17 14 -19 19 -17 19 -15 21 -1 -1 ]
CSI_DATA,STA,08:3A:F2:51:5D:9D,-50,11,1,0,1,1,1,0,0,0,0,-93,0,6,1,15305899,0,110,0,0,15.524220,384,[110 96 6 0 0 0 0 0 0 0 0 0 -5 -26 -6 -24 -6 -28 -4 -31 -3 -28 -1 -24 -2 -27 -1 -25 -2 -26 0 -26 0 -29 -1 -29 0 -28 2 -27 3 -23 1 -29 2 -25 3 -23 2 -23 1 -22 2 -22 2 -23 4 -20 2 -23 2 -24 0 -22 0 0 1 -22 -2 -21 -1 -22 -3 -20 0 -19 -2 -20 -1 -20 -2 -18 -3 -19 -6 -16 -6 -17 -3 -16 -4 -17 -6 -16 -6 -16 -7 -16 -7 -18 -8 -14 -8 -15 -9 -12 -7 -14 -7 -14 -8 -14 -9 -13 -7 -13 -8 -12 0 0 0 0 0 0 0 0 0 0 -1 -1 -1 -1 -5 23 -4 23 1 25 0 20 -8 17 -7 16 -6 17 -9 17 -6 16 -5 13 -4 16 -2 14 -2 17 -3 15 -4 16 -2 16 -2 17 -2 15 -2 13 -1 15 1 15 -2 15 1 12 -1 13 -1 13 1 13 0 13 2 12 0 14 1 13 5 12 1 13 0 12 1 11 1 11 -1 11 1 11 1 10 0 9 0 10 0 9 -1 9 -1 9 -2 8 -2 7 -2 7 -2 6 -2 5 -2 5 -2 4 -3 3 -3 3 -2 1 -2 1 -3 0 -2 -1 -3 -1 -1 -1 -1 -1 -1 -1 -1 -1 -1 -1 -1 -1 -1 -1 -1 -1 -1 -1 0 0 0 0 -22 -39 -24 -37 -24 -42 -22 -44 -21 -41 -17 -37 -18 -42 -17 -36 -21 -45 -15 -43 -17 -46 -18 -45 -17 -48 -15 -46 -13 -40 -13 -43 -16 -43 -10 -43 -12 -36 -10 -37 -9 -36 -13 -38 -9 -36 -11 -37 -9 -41 -13 -35 -23 -30 -12 -35 -12 -33 -14 -31 -13 -28 -13 -32 -15 -29 -15 -28 -17 -28 -18 -27 -16 -22 -19 -24 -16 -25 -18 -25 -19 -24 -21 -19 -18 -20 -21 -22 -19 -18 -20 -17 -19 -17 -22 -16 -21 -16 -20 -18 -20 -16 -19 -16 -18 -16 -24 -8 -29 -7 -30 -6 -28 -2 -1 -1 ]
CSI_DATA,STA,08:3A:F2:51:5D:9D,-46,11,1,0,0,1,1,0,0,0,0,-93,0,6,1,15306686,0,110,0,0,15.535109,256,[110 96 6 0 0 0 0 0 0 0 0 0 15 3 14 4 14 4 15 4 15 4 14 4 14 5 13 5 14 5 13 6 14 6 14 6 13 6 13 6 12 5 14 5 11 6 12 6 11 5 11 5 10 5 11 5 10 5 10 4 11 4 11 4 0 0 10 3 11 3 11 3 10 2 9 2 9 2 10 1 9 2 10 1 9 1 10 1 9 0 9 0 9 0 8 0 9 -1 10 -1 8 0 8 -1 8 -1 8 -1 8 -2 8 -2 8 -3 7 -2 7 -2 0 0 0 0 0 0 0 0 0 0 -1 -1 -1 -1 -1 -1 -1 -1 20 -25 17 -20 23 -7 22 -6 23 -7 24 -6 25 -5 23 -5 23 -4 21 -3 26 -4 24 -2 25 -3 26 -3 24 -4 23 -4 21 -3 24 -4 20 -1 21 0 20 -2 19 -1 21 -4 19 -1 18 -4 17 -2 19 -2 18 -2 -1 -1 17 -5 16 -4 16 -3 16 -6 13 -5 16 -6 15 -5 14 -5 15 -7 14 -7 15 -8 14 -7 13 -8 12 -8 12 -7 13 -7 12 -8 11 -7 11 -9 11 -8 10 -9 11 -10 11 -9 11 -9 10 -10 9 -10 6 -10 7 -14 -1 -1 -1 -1 -1 -1 ]
CSI_DATA,STA,08:3A:F2:51:5D:9D,-50,11,1,0,1,1,1,0,0,0,0,-93,0,6,1,15307195,0,110,0,0,15.541727,384,[110 96 6 0 0 0 0 0 0 0 0 0 -16 16 -15 16 -17 18 -20 17 -18 16 -17 13 -19 15 -18 13 -18 14 -19 12 -22 14 -21 15 -21 13 -21 12 -19 9 -21 14 -19 10 -19 9 -18 10 -17 9 -18 9 -18 10 -17 6 -18 9 -20 10 -16 10 0 0 -16 10 -15 11 -16 11 -13 11 -15 9 -14 11 -15 11 -12 10 -13 11 -9 11 -10 12 -11 10 -10 11 -9 11 -9 11 -8 12 -10 13 -7 12 -7 12 -5 11 -7 11 -6 11 -7 11 -6 12 -7 11 -5 11 0 0 0 0 0 0 0 0 0 0 -1 -1 -1 -1 12 -18 12 -18 9 -20 7 -17 12 -7 11 -7 11 -8 12 -7 10 -7 9 -6 10 -7 7 -8 9 -10 8 -9 9 -9 8 -9 9 -11 8 -9 7 -8 7 -9 6 -11 7 -9 4 -9 5 -8 6 -8 5 -9 6 -9 4 -9 6 -9 5 -10 0 -13 5 -10 5 -8 4 -8 4 -8 5 -8 4 -8 3 -7 4 -7 4 -7 4 -7 5 -6 4 -5 5 -5 4 -5 3 -5 3 -3 3 -3 3 -3 3 -3 3 -2 2 -2 2 -1 1 0 1 0 1 0 0 1 -1 -1 -1 -1 -1 -1 -1 -1 -1 -1 -1 -1 -1 -1 -1 -1 -1 -1 0 0 0 0 -6 32 -4 31 -6 34 -8 34 -8 32 -8 28 -10 31 -6 27 -8 35 -12 31 -13 34 -12 32 -12 35 -13 33 -11 28 -13 30 -9 31 -14 29 -9 25 -12 25 -12 23 -10 27 -12 23 -11 25 -15 28 -9 25 6 33 -10 24 -10 24 -7 23 -7 21 -8 23 -5 23 -5 22 -3 23 -2 23 -2 20 -2 22 -3 21 -1 22 -1 21 3 19 1 19 1 21 1 18 3 17 2 18 4 17 4 16 2 18 3 18 3 16 3 17 15 15 20 16 20 15 21 12 -1 -1 ]
CSI_DATA,STA,08:3A:F2:51:5D:9D,-51,11,1,0,1,1,1,0,0,0,0,-93,0,6,1,15318837,0,110,0,0,15.551914,384,[110 96 6 0 0 0 0 0 0 0 0 0 -22 -3 -22 -2 -25 -3 -26 -6 -23 -5 -20 -6 -22 -6 -21 -7 -21 -6 -21 -8 -24 -9 -24 -8 -23 -8 -22 -10 -18 -10 -23 -9 -20 -9 -18 -10 -18 -9 -17 -8 -18 -9 -18 -9 -15 -10 -18 -9 -19 -10 -18 -7 0 0 -18 -8 -18 -6 -18 -6 -17 -5 -16 -7 -16 -6 -17 -6 -15 -5 -16 -4 -15 -1 -16 -1 -14 -3 -15 -2 -14 -1 -14 -1 -15 0 -17 -1 -14 1 -13 1 -12 2 -14 0 -13 0 -14 1 -14 2 -13 1 -12 2 0 0 0 0 0 0 0 0 0 0 -1 -1 -1 -1 17 9 19 10 20 6 17 5 11 11 10 9 12 10 11 11 11 9 9 7 11 7 10 5 12 7 11 7 11 7 11 6 13 7 12 6 10 6 11 4 12 3 11 5 10 2 10 4 10 5 11 3 10 4 11 2 11 4 11 2 11 -1 10 2 10 3 9 2 9 2 9 3 9 2 8 2 7 3 7 3 7 3 7 3 6 4 6 3 5 3 4 2 3 2 3 3 2 2 2 2 1 2 1 2 0 2 0 2 -1 2 -2 1 -2 0 -1 -1 -1 -1 -1 -1 -1 -1 -1 -1 -1 -1 -1 -1 -1 -1 -1 -1 0 0 0 0 -37 9 -35 9 -39 9 -40 6 -38 7 -34 4 -39 4 -34 4 -41 6 -39 0 -42 1 -40 1 -43 2 -41 0 -35 -1 -37 0 -38 2 -37 -2 -32 1 -33 -2 -31 -4 -33 1 -31 -3 -33 -1 -36 -5 -31 1 -31 11 -31 -1 -30 0 -29 3 -26 3 -29 1 -28 4 -27 3 -27 4 -26 6 -23 5 -25 7 -25 5 -25 8 -24 7 -20 11 -21 8 -23 10 -20 9 -18 10 -19 9 -18 11 -18 11 -20 9 -19 10 -18 9 -18 9 -12 17 -13 21 -13 21 -8 22 -1 -1 ]
CSI_DATA,STA,08:3A:F2:51:5D:9D,-51,11,1,0,1,1,1,0,0,0,0,-93,0,6,1,15387038,0,110,0,0,15.562391,384,[110 96 6 0 0 0 0 0 0 0 0 0 12 -22 11 -21 13 -24 16 -24 15 -22 14 -18 16 -20 15 -18 15 -19 17 -19 19 -21 18 -21 18 -19 18 -18 16 -14 18 -20 16 -16 17 -15 16 -15 15 -14 16 -14 16 -15 16 -12 16 -14 17 -16 14 -15 0 0 14 -15 12 -16 13 -16 11 -16 12 -13 11 -15 12 -15 10 -14 10 -16 7 -15 7 -16 8 -14 8 -14 6 -15 6 -15 5 -16 7 -17 3 -14 4 -15 2 -14 4 -15 4 -15 4 -15 2 -15 4 -14 2 -13 0 0 0 0 0 0 0 0 0 0 -1 -1 -1 -1 -24 7 -22 8 -21 11 -18 11 -20 4 -18 4 -19 5 -20 4 -17 6 -15 5 -16 7 -14 7 -17 8 -16 6 -17 7 -16 8 -16 8 -15 8 -13 6 -13 9 -12 10 -14 8 -10 9 -12 8 -12 7 -11 9 -12 7 -10 9 -13 8 -11 9 -9 11 -11 9 -11 8 -9 8 -9 8 -10 6 -9 7 -9 6 -9 6 -9 6 -9 5 -9 5 -9 4 -8 3 -8 2 -7 3 -6 2 -7 2 -6 1 -5 0 -4 0 -4 -1 -3 -2 -3 -2 -2 -3 -2 -3 -1 -3 0 0 0 0 -1 -1 -1 -1 -1 -1 -1 -1 -1 -1 0 0 0 0 -1 -1 -1 -1 16 -43 14 -41 16 -46 19 -44 18 -43 17 -37 21 -42 18 -36 22 -46 26 -39 26 -42 25 -41 28 -43 27 -41 24 -34 24 -38 23 -40 26 -37 20 -33 23 -32 22 -29 22 -35 24 -29 22 -32 27 -33 19 -32 14 -35 20 -32 17 -31 15 -31 13 -29 17 -30 13 -31 14 -29 12 -31 11 -32 9 -28 8 -30 10 -29 8 -31 6 -30 2 -29 3 -27 3 -31 2 -26 1 -27 2 -25 -1 -28 -1 -27 3 -27 0 -26 1 -25 1 -25 -5 -23 -9 -26 -8 -27 -13 -24 -1 -1 ]
CSI_DATA,STA,08:3A:F2:51:5D:9D,-51,11,1,0,1,1,1,0,0,0,0,-93,0,6,1,15397592,0,110,0,0,15.577919,384,[110 96 6 0 0 0 0 0 0 0 0 0 7 23 7 22 9 25 6 28 6 26 3 22 4 25 3 23 4 23 2 24 1 27 2 27 1 26 0 25 -2 22 2 27 0 22 -2 22 -1 22 0 21 -1 21 0 22 -3 19 -1 21 -1 23 1 20 0 0 1 20 3 20 3 20 3 18 0 18 3 18 3 19 3 16 4 17 6 14 6 16 4 15 5 15 6 14 6 14 7 14 7 16 7 12 8 12 8 10 7 12 8 12 8 12 8 12 6 11 7 10 0 0 0 0 0 0 0 0 0 0 -1 -1 -1 -1 1 -24 0 -25 -3 -24 -5 -21 5 -19 4 -17 4 -19 5 -18 3 -17 3 -14 2 -16 0 -14 0 -18 1 -17 1 -17 1 -16 0 -18 0 -16 0 -14 -2 -15 -3 -15 -1 -16 -4 -12 -2 -14 -1 -13 -3 -13 -2 -14 -4 -13 -1 -15 -3 -14 -8 -12 -3 -13 -3 -13 -3 -11 -3 -12 -2 -11 -3 -11 -3 -11 -3 -10 -1 -10 -1 -10 0 -9 0 -9 -1 -8 0 -7 -1 -7 1 -6 0 -7 1 -5 1 -5 1 -4 1 -3 1 -3 1 -2 1 -1 1 0 2 0 0 0 0 0 -1 -1 -1 -1 -1 -1 -1 -1 -1 -1 0 0 0 0 -1 -1 -1 -1 24 35 24 32 27 37 23 38 24 37 19 32 21 39 20 32 25 40 17 41 18 44 17 42 18 45 17 43 13 35 17 39 18 37 15 40 14 31 13 34 11 32 16 34 10 34 12 34 11 39 14 32 22 28 13 31 15 30 15 26 15 26 13 28 18 26 16 25 17 24 19 24 16 21 18 22 16 24 19 22 18 20 21 15 17 16 22 18 17 15 20 13 18 14 21 12 21 11 20 16 19 14 18 13 18 13 23 5 28 3 26 2 27 -4 -1 -1 ]
CSI_DATA,STA,08:3A:F2:51:5D:9D,-51,11,1,0,1,1,1,0,0,0,0,-93,0,6,1,15398026,0,110,0,0,15.588255,384,[110 96 6 0 0 0 0 0 0 0 0 0 -18 13 -17 13 -19 15 -23 13 -20 12 -19 9 -20 11 -19 10 -19 10 -21 9 -23 10 -23 10 -22 9 -22 8 -19 6 -22 9 -20 7 -19 5 -19 6 -18 6 -19 6 -19 6 -17 3 -19 5 -20 6 -18 7 0 0 -17 7 -16 8 -17 8 -15 8 -16 6 -15 8 -16 8 -14 7 -14 9 -11 9 -12 10 -12 7 -12 8 -11 9 -11 9 -10 11 -12 11 -9 10 -9 10 -7 10 -9 10 -9 9 -9 10 -8 10 -9 9 -7 9 0 0 0 0 0 0 0 0 0 0 -1 -1 -1 -1 20 -3 21 -4 20 -7 17 -7 16 0 14 0 16 -1 16 1 15 -1 12 -1 14 -3 12 -3 14 -4 14 -3 14 -3 14 -4 15 -4 13 -4 11 -3 12 -6 12 -7 12 -5 9 -6 11 -4 10 -4 10 -6 10 -4 9 -6 12 -4 10 -6 8 -9 10 -6 10 -5 8 -5 8 -5 9 -4 9 -4 8 -4 7 -4 8 -4 7 -4 7 -2 7 -2 7 -2 6 -1 5 -2 5 -1 4 0 3 0 3 -1 3 0 2 0 2 1 1 2 0 1 0 1 -1 1 0 0 0 0 -1 -1 -1 -1 -1 -1 -1 -1 -1 -1 0 0 0 0 -1 -1 -1 -1 -24 31 -22 30 -25 34 -28 31 -26 31 -24 25 -28 29 -23 26 -28 32 -31 26 -33 28 -31 28 -34 28 -33 27 -28 21 -30 25 -28 26 -31 23 -24 21 -27 21 -26 18 -26 23 -27 18 -27 20 -31 20 -24 21 -18 26 -25 20 -23 21 -21 20 -19 20 -22 19 -18 22 -19 20 -18 21 -17 22 -15 20 -15 22 -16 20 -15 22 -13 21 -9 22 -11 20 -11 24 -10 19 -7 20 -8 19 -6 21 -6 20 -9 21 -8 20 -8 19 -7 19 0 21 2 25 2 23 7 23 -1 -1 ]
CSI_DATA,STA,08:3A:F2:51:5D:9D,-50,11,1,0,1,1,1,0,0,0,0,-93,0,6,1,15398343,0,110,0,0,15.598503,384,[110 96 6 0 0 0 0 0 0 0 0 0 -22 -2 -21 -2 -25 -2 -26 -5 -24 -4 -20 -6 -23 -6 -21 -5 -22 -5 -22 -7 -24 -9 -24 -8 -23 -9 -22 -9 -18 -9 -23 -8 -19 -8 -19 -9 -19 -8 -18 -8 -18 -8 -19 -8 -16 -9 -18 -9 -20 -9 -18 -7 0 0 -18 -7 -18 -5 -18 -5 -17 -4 -16 -6 -17 -4 -17 -5 -16 -4 -17 -3 -15 -1 -16 -1 -14 -3 -15 -2 -15 -1 -14 -1 -15 1 -17 0 -14 2 -13 2 -12 3 -13 1 -14 1 -14 1 -14 2 -13 1 -12 2 0 0 0 0 0 0 0 0 0 0 -1 -1 -1 -1 17 11 18 11 18 7 17 4 12 11 10 9 12 10 11 11 11 9 9 7 11 8 10 6 13 6 12 7 11 7 11 7 13 7 11 6 10 5 12 4 12 2 11 5 10 2 10 4 10 4 11 2 10 4 11 2 11 4 11 2 10 -1 10 3 10 3 9 2 9 2 9 3 9 2 8 2 8 2 7 2 7 2 6 3 6 4 5 3 5 3 4 2 3 2 4 3 2 2 2 2 1 2 1 2 0 2 -1 2 -1 2 -2 1 -2 0 -1 -1 -1 -1 -1 -1 -1 -1 -1 -1 -1 -1 -1 -1 -1 -1 -1 -1 0 0 0 0 -39 6 -36 7 -42 8 -41 4 -41 5 -35 2 -42 2 -35 3 -44 5 -42 -2 -44 -2 -42 -2 -45 -3 -43 -3 -35 -3 -40 -1 -38 0 -40 -4 -32 -1 -35 -3 -32 -4 -35 0 -33 -5 -34 -3 -37 -7 -33 -1 -31 7 -32 -2 -32 0 -29 1 -28 2 -29 -1 -29 4 -28 2 -29 4 -28 6 -26 5 -26 6 -26 3 -26 7 -25 7 -22 11 -21 8 -24 10 -20 8 -19 10 -20 9 -19 12 -19 12 -22 9 -20 10 -19 9 -18 9 -14 16 -15 20 -14 19 -10 22 -1 -1 ]
CSI_DATA,STA,08:3A:F2:51:5D:9D,-46,11,1,0,0,1,1,0,0,0,0,-93,0,6,1,15399244,0,110,0,0,15.608662,256,[110 96 6 0 0 0 0 0 0 0 0 0 5 -15 5 -14 6 -15 6 -15 6 -15 7 -13 7 -14 7 -12 7 -13 8 -13 8 -14 8 -14 7 -13 7 -12 8 -11 8 -13 8 -11 8 -11 7 -10 7 -10 6 -9 7 -10 7 -9 7 -10 6 -11 6 -10 0 0 6 -10 6 -10 6 -10 5 -10 4 -9 4 -10 4 -10 4 -9 3 -10 4 -9 4 -10 3 -9 3 -9 2 -10 2 -9 2 -9 2 -9 2 -9 2 -9 1 -9 2 -9 1 -9 1 -9 1 -9 1 -8 1 -8 0 0 0 0 0 0 0 0 0 0 -1 -1 -1 -1 0 0 0 0 -15 -27 -9 -21 0 -26 -1 -26 -1 -26 0 -28 -2 -26 2 -24 0 -26 3 -24 2 -27 3 -26 4 -27 3 -27 4 -26 3 -24 5 -22 3 -27 4 -21 6 -22 5 -22 6 -22 3 -21 5 -21 4 -20 5 -19 5 -21 5 -20 -1 -1 1 -19 2 -19 2 -18 1 -19 2 -15 0 -18 1 -18 0 -16 -2 -18 -1 -19 -1 -19 -2 -17 -2 -16 -2 -16 -2 -16 -2 -16 -2 -16 -2 -15 -3 -14 -4 -15 -3 -15 -4 -15 -3 -15 -4 -15 -4 -14 -5 -13 -8 -13 -10 -13 -1 -1 -1 -1 -1 -1 ]
CSI_DATA,STA,08:3A:F2:51:5D:9D,-46,11,1,0,0,1,1,0,0,0,0,-93,0,6,1,15399676,0,110,0,0,15.615678,256,[110 96 6 0 0 0 0 0 0 0 0 0 15 0 15 0 14 -1 16 0 15 0 14 1 15 0 14 1 14 1 14 3 15 1 15 2 14 1 13 1 12 2 15 2 12 2 13 3 12 2 12 2 12 2 12 2 10 2 11 1 12 1 12 1 0 0 11 0 11 1 11 0 10 0 9 0 10 -1 10 -1 9 -1 9 -2 9 -1 10 -2 8 -2 8 -2 8 -2 9 -2 9 -2 9 -3 8 -2 7 -3 8 -3 7 -2 7 -3 8 -3 8 -4 7 -4 6 -4 0 0 0 0 0 0 0 0 0 0 -1 -1 -1 -1 0 0 0 0 20 -22 19 -18 23 -10 22 -11 23 -12 24 -11 24 -11 23 -9 24 -11 23 -6 25 -9 25 -7 25 -7 26 -7 23 -6 23 -6 22 -5 26 -8 20 -5 22 -5 21 -5 21 -5 20 -5 20 -5 20 -5 19 -4 20 -5 19 -5 -1 -1 17 -7 17 -7 16 -6 17 -9 14 -6 15 -8 15 -8 14 -8 13 -9 15 -9 14 -9 13 -9 13 -10 13 -8 12 -9 12 -9 12 -10 10 -9 10 -10 11 -10 10 -11 11 -11 10 -10 10 -10 9 -10 9 -10 4 -14 5 -13 -1 -1 -1 -1 -1 -1 ]
CSI_DATA,STA,08:3A:F2:51:5D:9D,-46,11,1,0,0,1,1,0,0,0,0,-93,0,6,1,15400081,0,110,0,0,15.622412,256,[110 96 6 0 0 0 0 0 0 0 0 0 4 13 3 14 3 15 4 16 2 15 2 13 2 14 1 13 1 14 2 14 1 15 1 14 1 14 1 14 1 13 1 15 0 13 0 11 0 11 1 12 1 11 0 11 1 10 2 10 3 11 2 10 0 0 2 10 3 10 3 10 3 10 3 8 3 9 3 9 3 8 3 9 4 8 4 8 3 7 4 7 4 8 4 7 4 7 5 7 4 6 5 7 4 6 5 6 5 6 5 6 5 5 4 6 5 5 0 0 0 0 0 0 0 0 0 0 -1 -1 -1 -1 0 0 0 0 23 18 17 18 14 22 14 21 14 22 14 24 13 22 13 22 13 23 9 22 12 23 11 24 10 24 11 25 9 22 11 23 8 21 12 24 8 20 7 21 9 20 8 20 9 19 9 19 8 19 8 18 10 19 8 18 -1 -1 9 15 9 15 9 15 11 16 9 13 10 13 11 12 10 13 12 13 13 12 12 13 11 11 11 11 11 11 11 9 11 10 13 10 11 8 12 7 12 7 13 7 12 8 13 7 12 7 11 6 11 5 13 3 12 3 -1 -1 -1 -1 -1 -1 ]
CSI_DATA,STA,08:3A:F2:51:5D:9D,-46,11,1,0,0,1,1,0,0,0,0,-93,0,6,1,15400468,0,110,0,0,15.628677,256,[110 96 6 0 0 0 0 0 0 0 0 0 -7 13 -7 12 -8 13 -8 14 -9 13 -9 11 -8 12 -9 11 -9 11 -10 12 -9 12 -10 12 -10 11 -10 11 -9 9 -9 11 -9 10 -10 9 -9 9 -9 9 -8 9 -8 10 -8 8 -8 9 -8 10 -7 9 0 0 -7 9 -7 9 -6 8 -6 9 -6 8 -5 8 -5 9 -5 8 -4 9 -4 8 -4 9 -4 8 -3 8 -4 8 -4 8 -3 8 -4 9 -3 8 -2 8 -2 8 -3 8 -2 8 -2 8 -1 8 -2 7 -2 7 0 0 0 0 0 0 0 0 0 0 -1 -1 -1 -1 0 0 0 0 -4 27 -5 26 -10 25 -8 24 -10 25 -10 27 -10 25 -11 22 -9 25 -13 23 -12 24 -14 25 -12 25 -14 24 -13 22 -14 22 -13 20 -11 24 -11 18 -14 20 -11 20 -15 19 -12 19 -12 20 -12 18 -12 18 -11 19 -10 18 -1 -1 -7 17 -8 18 -7 17 -8 19 -8 16 -6 17 -5 17 -6 16 -4 16 -5 18 -4 19 -3 16 -3 15 -4 15 -3 16 -2 14 -3 17 -3 15 -2 14 0 15 -2 16 0 14 0 15 1 15 0 13 0 13 4 13 4 12 -1 -1 -1 -1 -1 -1 ]
CSI_DATA,STA,08:3A:F2:51:5D:9D,-50,11,1,0,1,1,1,0,0,0,0,-93,0,6,1,15842503,0,110,0,0,16.9079,384,[110 96 6 0 0 0 0 0 0 0 0 0 -25 7 -24 6 -28 8 -30 5 -27 5 -24 2 -27 3 -25 2 -25 3 -26 1 -29 0 -29 2 -28 1 -28 -1 -23 -2 -28 1 -25 -1 -24 -3 -23 -2 -22 -1 -22 -2 -23 -2 -20 -4 -23 -2 -25 -2 -22 0 0 0 -22 0 -21 2 -22 2 -20 3 -19 -1 -20 2 -21 1 -18 2 -19 3 -16 5 -17 6 -16 3 -16 4 -16 6 -15 6 -15 8 -18 7 -14 8 -14 7 -12 8 -14 7 -14 7 -14 7 -13 8 -13 6 -12 7 0 0 0 0 0 0 0 0 0 0 -1 -1 -1 -1 24 5 24 3 24 -1 21 -1 17 7 16 5 17 5 17 8 16 5 14 4 16 3 14 2 17 1 16 3 16 3 16 1 17 1 16 1 14 2 15 -1 15 -3 15 1 13 -2 13 0 13 1 13 -2 13 0 13 -3 14 0 13 -3 12 -6 13 -3 12 -2 11 -2 11 -2 11 0 11 -2 10 -2 10 0 9 -1 8 -1 8 0 8 1 8 1 6 1 6 0 5 0 5 1 3 1 3 1 2 1 2 1 1 1 0 1 -1 1 -1 0 -2 1 0 0 0 0 -1 -1 -1 -1 -1 -1 -1 -1 -1 -1 0 0 0 0 -1 -1 -1 -1 -38 23 -36 24 -40 25 -43 23 -40 22 -36 18 -43 19 -36 17 -44 23 -44 15 -46 17 -45 16 -48 18 -46 16 -40 12 -42 14 -41 17 -42 12 -35 13 -38 11 -35 8 -38 14 -36 7 -37 11 -42 9 -35 13 -30 23 -35 11 -33 13 -31 14 -28 14 -32 12 -29 15 -29 14 -29 16 -27 17 -24 15 -25 18 -26 15 -25 19 -24 18 -18 21 -19 18 -21 21 -18 18 -17 19 -17 18 -16 20 -15 20 -19 19 -16 18 -16 18 -16 18 -8 23 -6 28 -6 28 -1 27 -1 -1 ]
CSI_DATA,STA,08:3A:F2:51:5D:9D,-50,11,1,0,1,1,1,0,0,0,0,-93,0,6,1,15847454,0,110,0,0,16.20398,384,[110 96 6 0 0 0 0 0 0 0 0 0 -11 19 -10 19 -11 22 -15 22 -13 21 -13 16 -14 19 -14 17 -13 18 -16 17 -18 18 -17 19 -17 17 -18 16 -16 13 -17 18 -15 15 -16 13 -15 13 -14 13 -15 12 -15 14 -15 10 -16 12 -17 13 -14 13 0 0 -14 13 -12 14 -13 14 -11 14 -12 11 -11 13 -12 13 -10 12 -10 14 -7 13 -8 14 -9 11 -8 12 -6 13 -7 13 -5 14 -7 15 -5 12 -4 13 -3 12 -5 12 -4 12 -5 12 -3 13 -5 11 -3 11 0 0 0 0 0 0 0 0 0 0 -1 -1 -1 -1 16 -13 17 -15 14 -17 11 -15 15 -7 14 -7 14 -8 15 -7 13 -8 10 -6 12 -8 10 -8 11 -10 11 -9 12 -8 11 -9 12 -10 10 -9 9 -8 9 -10 8 -11 10 -9 6 -10 8 -9 8 -8 7 -9 9 -8 6 -10 9 -9 7 -10 4 -12 7 -10 7 -8 6 -8 6 -9 7 -7 6 -8 5 -7 5 -7 6 -6 6 -6 6 -5 6 -5 5 -4 5 -4 4 -4 4 -3 4 -3 3 -2 3 -2 2 -1 2 -1 2 0 1 0 0 0 0 1 0 1 0 0 0 0 -1 -1 -1 -1 -1 -1 -1 -1 -1 -1 0 0 0 0 -1 -1 -1 -1 -5 37 -3 36 -5 41 -8 40 -7 39 -8 33 -10 38 -8 33 -9 41 -14 37 -15 40 -14 38 -15 40 -16 38 -14 32 -14 36 -11 36 -16 34 -11 29 -14 30 -14 27 -12 32 -16 28 -14 29 -18 32 -12 29 -1 33 -13 29 -11 28 -8 27 -7 26 -10 27 -6 27 -7 26 -6 27 -5 27 -4 24 -3 26 -5 25 -2 26 -3 25 2 23 0 22 0 25 0 21 2 21 1 21 4 21 4 20 0 22 2 21 1 20 1 20 11 19 15 21 15 20 18 16 -1 -1 ]
CSI_DATA,STA,08:3A:F2:51:5D:9D,-50,11,1,0,1,1,1,0,0,0,0,-93,0,6,1,15892896,0,110,0,0,16.59302,384,[110 96 6 0 0 0 0 0 0 0 0 0 -13 18 -13 17 -14 21 -18 20 -16 18 -15 15 -17 17 -15 15 -15 16 -18 15 -20 17 -19 17 -19 16 -19 15 -17 11 -19 17 -17 13 -18 12 -16 12 -16 11 -16 11 -17 12 -16 9 -17 11 -18 12 -15 12 0 0 -15 12 -13 13 -14 13 -12 13 -13 10 -12 12 -13 12 -11 11 -11 13 -8 12 -9 13 -10 11 -9 12 -7 12 -8 12 -7 13 -8 15 -5 12 -5 13 -3 12 -6 12 -5 12 -5 12 -4 13 -6 11 -4 11 0 0 0 0 0 0 0 0 0 0 -1 -1 -1 -1 10 -19 11 -20 8 -21 5 -19 12 -9 11 -8 11 -9 11 -8 10 -9 8 -7 9 -9 6 -9 8 -11 8 -10 9 -10 9 -10 9 -11 8 -10 6 -9 6 -10 4 -11 6 -11 3 -9 5 -9 5 -8 4 -10 5 -9 4 -10 6 -10 4 -10 -1 -13 4 -10 4 -9 3 -8 3 -9 4 -8 3 -8 3 -7 3 -7 3 -7 3 -7 4 -6 4 -5 4 -5 3 -5 2 -5 2 -3 2 -3 2 -2 2 -2 2 -2 1 -2 1 -1 1 0 0 0 0 0 0 1 0 0 -1 -1 -1 -1 -1 -1 -1 -1 -1 -1 -1 -1 -1 -1 0 0 0 0 -1 -1 -4 34 -3 32 -4 37 -7 35 -5 36 -6 29 -8 35 -4 28 -5 38 -11 34 -13 37 -12 36 -12 38 -13 36 -10 29 -11 33 -8 32 -12 33 -7 26 -10 28 -10 24 -7 29 -12 26 -11 27 -15 31 -9 27 5 33 -9 26 -8 26 -5 24 -4 23 -7 24 -2 25 -4 23 -1 23 0 24 -1 22 -1 23 -3 23 0 23 0 22 6 20 2 19 4 21 2 18 5 17 4 18 6 17 6 16 4 19 4 19 4 17 4 17 17 15 20 15 20 13 23 8 -1 -1 ]
CSI_DATA,STA,08:3A:F2:51:5D:9D,-50,11,1,0,1,1,1,0,0,0,0,-93,0,6,1,15893979,0,110,0,0,16.69927,384,[110 96 6 0 0 0 0 0 0 0 0 0 -3 -23 -3 -22 -4 -25 -1 -27 -1 -25 1 -22 1 -24 1 -22 1 -23 2 -23 3 -26 2 -26 3 -25 4 -24 5 -20 3 -25 4 -22 5 -20 4 -20 4 -19 4 -20 4 -21 5 -17 4 -20 4 -22 2 -20 0 0 3 -20 0 -19 1 -20 0 -18 2 -17 1 -18 1 -18 0 -16 -1 -18 -4 -15 -3 -16 -1 -15 -2 -15 -3 -15 -3 -15 -5 -15 -4 -17 -5 -13 -5 -13 -6 -12 -4 -14 -5 -13 -5 -13 -6 -13 -4 -13 -5 -11 0 0 0 0 0 0 0 0 0 0 -1 -1 -1 -1 -3 22 -3 22 1 21 3 18 -8 14 -7 13 -7 14 -8 14 -5 13 -5 10 -4 13 -3 11 -2 13 -3 13 -4 13 -3 13 -3 15 -3 13 -3 11 -1 12 1 12 -2 12 1 10 -1 10 -1 10 1 11 -2 11 1 11 -1 12 0 11 5 11 0 11 0 10 1 9 0 9 -1 9 1 8 1 8 0 8 -1 7 -1 7 -2 8 -1 7 -1 6 -2 5 -1 5 -2 4 -2 4 -2 3 -2 3 -2 2 -2 1 -2 0 -2 0 -2 0 -2 -1 -2 -2 0 0 -1 -1 -1 -1 -1 -1 -1 -1 -1 -1 -1 -1 -1 -1 0 0 0 0 -1 -1 -18 -34 -18 -32 -20 -37 -17 -38 -18 -36 -13 -31 -15 -37 -14 -30 -19 -39 -12 -38 -12 -42 -12 -41 -13 -43 -11 -41 -9 -34 -11 -37 -12 -36 -9 -37 -10 -30 -9 -32 -7 -30 -12 -32 -6 -31 -7 -33 -6 -37 -9 -31 -21 -28 -9 -30 -10 -29 -11 -26 -11 -25 -9 -28 -13 -25 -12 -24 -14 -24 -15 -24 -13 -21 -14 -23 -12 -23 -15 -22 -14 -21 -18 -16 -14 -18 -18 -19 -14 -16 -16 -14 -15 -15 -17 -13 -17 -13 -16 -17 -16 -16 -15 -15 -15 -14 -22 -6 -25 -6 -25 -4 -26 1 -1 -1 ]
CSI_DATA,STA,08:3A:F2:51:5D:9D,-46,11,1,0,0,1,1,0,0,0,0,-93,0,6,1,15897350,0,110,0,0,16.80682,256,[110 96 6 0 0 0 0 0 0 0 0 0 17 -23 18 -22 19 -24 19 -25 19 -22 19 -20 20 -20 20 -18 20 -19 21 -19 21 -21 22 -21 20 -19 20 -19 20 -16 22 -19 20 -15 20 -14 19 -15 18 -15 18 -14 18 -15 16 -12 16 -15 17 -17 16 -16 0 0 15 -15 15 -16 14 -16 14 -16 12 -14 12 -16 12 -16 11 -14 11 -16 11 -15 10 -16 9 -14 9 -16 9 -16 9 -15 9 -15 8 -17 8 -15 8 -15 7 -15 7 -15 6 -15 6 -15 5 -16 5 -15 5 -14 0 0 0 0 0 0 0 0 0 0 -1 -1 -1 -1 -1 -1 0 0 4 -57 7 -49 20 -47 19 -48 22 -48 24 -51 24 -46 25 -43 24 -45 27 -42 28 -46 28 -44 28 -45 29 -46 26 -41 27 -42 28 -39 27 -45 27 -35 29 -33 27 -35 28 -34 26 -36 27 -33 25 -33 23 -32 24 -35 21 -34 -1 -1 19 -34 19 -33 18 -32 17 -34 15 -30 15 -33 14 -32 13 -31 12 -32 12 -35 10 -35 10 -31 9 -31 10 -31 9 -30 9 -31 8 -32 6 -30 6 -30 5 -29 5 -31 6 -30 3 -29 3 -30 2 -28 2 -28 -3 -25 -4 -27 -1 -1 -1 -1 -1 -1 ]
CSI_DATA,STA,08:3A:F2:51:5D:9D,-50,11,1,0,1,1,1,0,0,0,0,-93,0,6,1,15900416,0,110,0,0,16.88150,384,[110 96 6 0 0 0 0 0 0 0 0 0 7 21 7 20 9 22 6 25 6 23 4 20 4 23 3 21 4 21 2 22 2 25 4 25 3 24 1 23 0 20 3 24 1 21 -1 20 1 20 1 19 0 19 1 20 -2 17 0 19 1 21 2 19 0 0 2 19 4 18 3 19 4 16 2 16 4 16 3 17 4 15 5 16 6 12 6 14 4 13 5 13 6 12 6 12 8 12 8 14 7 10 8 11 8 9 7 11 8 10 7 10 9 10 7 10 7 9 0 0 0 0 0 0 0 0 0 0 -1 -1 -1 -1 -9 -20 -11 -20 -14 -19 -11 -16 0 -15 -1 -15 -2 -15 -1 -16 -2 -13 -2 -12 -2 -13 -3 -11 -4 -14 -4 -13 -3 -13 -4 -12 -6 -13 -5 -12 -4 -11 -5 -11 -7 -11 -4 -12 -6 -9 -5 -10 -4 -10 -6 -9 -5 -10 -7 -9 -5 -10 -6 -9 -11 -5 -6 -10 -5 -9 -6 -8 -4 -9 -5 -9 -5 -8 -5 -7 -5 -7 -4 -8 -3 -6 -3 -7 -3 -7 -3 -7 -2 -6 -2 -5 -2 -5 -2 -5 -1 -4 -1 -4 0 -3 0 -3 0 -2 0 -2 0 -1 1 -1 1 0 0 0 -1 -1 -1 -1 -1 -1 -1 -1 -1 -1 -1 -1 -1 -1 0 0 0 0 -1 -1 26 19 27 18 27 21 27 23 25 22 22 20 23 24 22 19 28 24 22 25 25 26 24 25 26 27 24 26 20 23 20 26 24 23 19 26 19 20 17 22 15 21 19 21 15 21 18 21 18 25 18 19 32 9 18 20 17 20 18 16 16 15 18 18 19 15 17 15 19 13 20 13 17 10 19 11 18 12 20 10 20 10 19 5 18 7 20 7 17 7 17 6 17 6 18 4 18 3 18 6 17 4 16 4 17 5 20 -7 24 -11 25 -12 21 -14 -1 -1 ]
CSI_DATA,STA,08:3A:F2:51:5D:9D,-50,11,1,0,1,1,1,0,0,0,0,-93,0,6,1,15943504,0,110,0,0,16.110853,384,[110 96 6 0 0 0 0 0 0 0 0 0 -5 -23 -5 -21 -5 -25 -3 -26 -3 -25 -1 -21 -1 -24 -1 -22 -1 -23 1 -23 1 -26 1 -26 1 -25 2 -24 3 -20 1 -25 2 -22 3 -21 2 -20 2 -19 3 -20 2 -20 5 -18 2 -20 3 -21 1 -19 0 0 2 -19 -1 -19 -1 -19 -2 -18 1 -17 -1 -18 0 -18 -2 -16 -2 -17 -4 -15 -4 -15 -2 -15 -3 -15 -5 -14 -4 -15 -6 -14 -6 -16 -6 -12 -6 -13 -7 -11 -5 -13 -6 -13 -6 -13 -7 -12 -5 -12 -6 -11 0 0 0 0 0 0 0 0 0 0 -1 -1 -1 -1 1 21 1 21 4 21 6 18 -5 14 -4 13 -4 14 -6 14 -3 13 -4 11 -3 13 -1 11 -1 13 -2 13 -2 13 -2 13 -1 14 -1 13 -1 11 1 12 2 11 0 12 2 9 0 11 -1 10 2 10 0 11 2 10 0 11 2 11 7 10 1 10 1 10 2 8 1 9 1 9 1 8 1 7 1 8 0 8 0 7 -1 7 0 6 -1 6 -1 5 -1 5 -2 4 -1 5 -2 3 -2 3 -2 2 -2 2 -2 1 -2 0 -2 0 -2 -1 -2 -1 -1 -1 -1 -1 -1 -1 -1 -1 -1 -1 -1 -1 -1 -1 -1 -1 -1 -1 0 0 0 0 -22 -29 -22 -27 -23 -31 -22 -31 -21 -31 -18 -27 -20 -33 -18 -27 -23 -33 -16 -34 -19 -36 -17 -35 -19 -37 -18 -36 -14 -30 -15 -32 -18 -30 -14 -34 -14 -27 -13 -30 -10 -28 -15 -28 -9 -29 -13 -29 -12 -33 -14 -27 -27 -21 -13 -27 -13 -26 -15 -23 -14 -22 -14 -24 -16 -23 -14 -22 -16 -22 -17 -21 -15 -18 -17 -18 -15 -20 -17 -18 -17 -17 -19 -13 -17 -14 -19 -15 -16 -13 -17 -12 -16 -13 -18 -11 -17 -11 -17 -13 -18 -12 -17 -11 -16 -12 -22 -3 -25 1 -25 1 -25 6 -1 -1 ]
CSI_DATA,STA,08:3A:F2:51:5D:9D,-50,11,1,0,1,1,1,0,0,0,0,-93,0,6,1,15946978,0,110,0,0,16.122240,384,[110 96 6 0 0 0 0 0 0 0 0 0 21 7 20 6 24 7 23 10 22 9 18 9 21 10 19 10 20 9 20 12 21 14 21 13 20 13 19 14 15 12 22 12 17 11 16 12 16 11 15 10 15 11 17 11 13 12 16 12 17 12 16 10 0 0 16 9 17 7 17 8 16 6 14 8 16 6 16 7 15 5 16 5 14 2 15 3 13 5 14 4 14 2 14 2 14 0 16 1 12 -1 14 -1 12 -2 13 0 13 -1 14 0 13 -1 12 0 11 -2 0 0 0 0 0 0 0 0 0 0 -1 -1 -1 -1 -20 -10 -21 -9 -22 -6 -19 -4 -13 -12 -12 -10 -13 -11 -13 -12 -12 -9 -10 -8 -12 -8 -11 -6 -14 -7 -13 -8 -13 -8 -13 -7 -14 -7 -13 -7 -11 -6 -13 -5 -13 -3 -13 -5 -12 -2 -12 -4 -11 -5 -12 -3 -11 -5 -12 -3 -13 -5 -12 -2 -12 3 -12 -3 -11 -3 -10 -2 -11 -1 -10 -3 -11 -2 -10 -2 -10 -3 -8 -3 -8 -2 -8 -3 -7 -4 -7 -4 -7 -3 -6 -2 -5 -3 -5 -3 -4 -3 -4 -3 -2 -3 -3 -2 -2 -3 -1 -3 -1 -2 0 -1 0 -1 -1 -1 -1 -1 -1 -1 -1 -1 -1 -1 -1 -1 -1 -1 -1 -1 -1 -1 0 0 0 0 37 -4 35 -5 39 -5 38 -3 38 -3 32 -2 38 0 32 -2 42 -3 38 4 41 3 39 4 42 3 40 3 33 3 37 3 36 0 36 4 30 1 32 3 29 4 32 0 30 5 31 3 35 7 30 1 32 -11 30 1 29 0 27 -2 25 -2 27 -1 27 -4 26 -3 26 -5 26 -7 22 -5 24 -6 25 -4 24 -7 23 -8 19 -12 19 -9 22 -11 18 -9 18 -11 19 -9 17 -12 17 -13 20 -10 18 -10 17 -10 17 -10 11 -19 12 -23 11 -23 5 -25 -1 -1 ]
CSI_DATA,STA,08:3A:F2:51:5D:9D,-50,11,1,0,1,1,1,0,0,0,0,-93,0,6,1,15958115,0,110,0,0,16.133276,384,[110 96 6 0 0 0 0 0 0 0 0 0 10 20 9 19 12 22 10 24 9 23 6 20 7 22 6 20 7 21 5 22 6 25 7 24 6 23 5 23 2 19 6 24 4 20 2 20 3 19 3 19 2 19 3 20 1 18 3 20 3 21 5 18 0 0 4 18 6 17 6 18 7 16 4 16 6 16 6 17 6 14 7 15 8 12 9 13 6 13 7 12 8 11 8 11 10 11 10 13 9 9 10 10 9 7 9 10 9 9 9 9 10 8 8 9 9 7 0 0 0 0 0 0 0 0 0 0 -1 -1 -1 -1 -9 -21 -9 -22 -13 -19 -11 -16 -1 -17 -2 -16 -3 -17 -1 -17 -3 -15 -2 -13 -4 -14 -4 -12 -5 -15 -5 -14 -4 -15 -5 -14 -6 -15 -5 -14 -5 -12 -7 -13 -8 -11 -6 -13 -7 -9 -6 -11 -5 -11 -7 -10 -6 -11 -8 -10 -6 -12 -7 -10 -10 -7 -7 -10 -7 -10 -6 -8 -7 -9 -6 -9 -7 -9 -6 -7 -6 -8 -4 -8 -5 -7 -3 -8 -4 -7 -3 -8 -3 -7 -3 -6 -2 -5 -3 -5 -1 -4 -1 -4 0 -3 0 -3 -1 -3 0 -2 0 -2 1 -1 1 0 -1 -1 -1 -1 -1 -1 -1 -1 -1 -1 -1 -1 -1 -1 -1 -1 -1 -1 -1 -1 0 0 29 22 28 20 32 24 29 25 29 25 23 22 27 26 24 21 31 27 26 29 27 31 26 30 28 32 26 31 21 25 25 29 26 25 23 29 20 22 20 24 17 23 22 23 18 25 19 24 20 29 20 22 30 15 20 22 20 21 20 18 19 16 19 19 22 16 19 16 22 14 23 14 20 12 21 13 21 14 22 12 21 11 22 6 19 8 23 8 19 7 20 5 19 6 20 4 20 3 21 6 20 5 19 5 19 5 22 -5 25 -8 24 -9 22 -13 -1 -1 ]
CSI_DATA,STA,08:3A:F2:51:5D:9D,-50,11,1,0,1,1,1,0,0,0,0,-93,0,6,1,15972713,0,110,0,0,16.143872,384,[110 96 6 0 0 0 0 0 0 0 0 0 -19 12 -18 12 -21 15 -24 12 -22 12 -19 9 -22 10 -20 8 -21 10 -22 8 -25 9 -24 10 -24 8 -23 7 -20 4 -24 9 -20 6 -21 5 -20 6 -19 5 -19 5 -20 6 -19 2 -20 5 -21 5 -18 6 0 0 -19 6 -18 8 -18 8 -16 8 -16 5 -16 7 -17 7 -15 7 -15 8 -12 9 -13 9 -13 7 -13 8 -11 9 -11 9 -10 10 -13 11 -9 10 -9 10 -8 10 -10 9 -9 10 -10 10 -9 11 -9 9 -7 9 0 0 0 0 0 0 0 0 0 0 -1 -1 -1 -1 14 -16 14 -17 12 -20 10 -16 12 -5 12 -5 12 -6 13 -5 11 -5 9 -5 10 -6 8 -6 10 -7 10 -7 10 -7 9 -7 10 -9 9 -8 8 -7 8 -7 7 -9 8 -7 6 -8 6 -7 7 -6 6 -8 7 -7 5 -9 7 -7 5 -8 1 -12 6 -8 6 -7 5 -7 5 -6 6 -7 5 -7 4 -6 5 -6 5 -5 4 -4 5 -4 5 -4 4 -4 4 -4 3 -4 3 -2 3 -2 2 -2 2 -1 2 -1 1 -1 2 -1 1 -1 0 0 0 0 -1 0 0 0 -1 -1 -1 -1 -1 -1 -1 -1 -1 -1 -1 -1 -1 -1 0 0 0 0 -1 -1 -10 29 -9 30 -12 31 -13 31 -14 29 -12 26 -16 28 -11 25 -14 32 -17 27 -17 30 -17 29 -17 32 -17 30 -15 25 -18 26 -14 29 -19 25 -13 23 -16 22 -16 20 -14 24 -16 20 -14 22 -19 24 -12 22 3 33 -14 22 -14 21 -10 21 -10 19 -11 22 -8 22 -9 20 -8 22 -6 21 -6 18 -5 20 -7 20 -4 21 -4 20 0 18 -2 18 -2 20 -2 18 -1 16 -2 17 0 17 1 16 -2 18 0 17 0 16 0 17 13 17 18 18 19 18 20 14 -1 -1 ]
CSI_DATA,STA,08:3A:F2:51:5D:9D,-50,11,1,0,1,1,1,0,0,0,0,-93,0,6,1,15988323,0,110,0,0,16.154740,384,[110 96 6 0 0 0 0 0 0 0 0 0 2 25 2 24 3 28 -1 30 0 28 -2 24 -2 26 -2 24 -2 25 -4 25 -4 28 -4 28 -4 27 -6 27 -7 21 -4 28 -5 23 -7 22 -6 22 -6 21 -6 21 -6 22 -8 19 -6 22 -7 23 -4 21 0 0 -5 20 -2 21 -3 21 -2 20 -5 18 -3 19 -3 20 -1 17 -1 18 2 16 2 17 -1 16 1 16 2 15 2 16 4 16 3 18 4 14 4 15 5 13 3 15 4 14 4 14 5 14 3 13 4 12 0 0 0 0 0 0 0 0 0 0 -1 -1 -1 -1 9 -22 10 -24 6 -24 2 -22 11 -17 9 -16 9 -17 11 -17 8 -16 7 -13 7 -16 5 -14 5 -17 6 -16 7 -17 6 -16 5 -17 4 -16 5 -14 3 -16 1 -16 4 -16 0 -13 2 -14 3 -13 1 -14 3 -14 1 -14 3 -15 1 -15 -3 -14 1 -14 2 -14 1 -11 0 -12 2 -12 1 -12 1 -10 1 -10 1 -10 1 -10 2 -9 3 -8 3 -8 2 -7 1 -7 2 -5 2 -6 2 -5 2 -4 2 -3 2 -3 1 -1 1 0 1 0 1 0 0 1 -1 -1 0 0 0 0 -1 -1 -1 -1 -1 -1 0 0 0 0 -1 -1 -1 -1 -1 -1 16 42 17 38 19 46 14 45 16 45 11 38 12 45 11 37 16 47 7 47 8 49 7 48 7 51 5 49 4 40 7 45 9 42 5 45 6 36 4 39 2 35 7 39 0 38 3 39 0 43 5 37 14 35 4 36 6 35 8 32 8 31 5 33 10 31 8 30 11 29 12 31 11 27 12 28 9 28 13 27 12 25 17 22 13 21 16 25 13 20 16 19 14 19 17 19 17 18 15 22 15 20 14 19 14 18 22 13 26 13 24 11 29 6 -1 -1 ]
CSI_DATA,STA,08:3A:F2:51:5D:9D,-50,11,1,0,1,1,1,0,0,0,0,-93,0,6,1,16001696,0,110,0,0,16.167938,384,[110 96 6 0 0 0 0 0 0 0 0 0 -15 17 -14 17 -16 19 -20 18 -18 17 -17 13 -18 15 -17 13 -17 14 -19 13 -21 14 -21 15 -20 14 -21 13 -18 9 -21 14 -19 11 -19 9 -18 10 -17 9 -18 8 -18 10 -17 6 -18 9 -19 10 -17 10 0 0 -17 10 -15 11 -16 11 -14 11 -15 8 -14 10 -15 10 -13 9 -13 11 -10 11 -11 12 -11 9 -11 10 -9 11 -10 11 -9 12 -11 13 -7 11 -8 11 -6 11 -8 10 -7 11 -8 11 -7 12 -7 10 -6 10 0 0 0 0 0 0 0 0 0 0 -1 -1 -1 -1 19 -9 18 -10 19 -15 16 -11 15 -3 15 -4 15 -4 16 -3 13 -4 12 -4 13 -4 11 -5 14 -6 12 -5 13 -6 12 -7 13 -8 11 -7 10 -5 11 -7 10 -9 11 -6 8 -7 10 -6 10 -5 9 -6 9 -5 8 -8 10 -6 8 -8 5 -11 9 -7 9 -6 7 -6 7 -6 8 -5 8 -5 7 -5 7 -5 7 -4 6 -4 6 -4 6 -3 6 -3 5 -2 5 -3 4 -2 3 -2 3 -1 3 -1 2 0 2 0 1 0 1 1 0 0 0 0 -1 0 0 0 0 0 -1 -1 -1 -1 -1 -1 -1 -1 -1 -1 0 0 0 0 -1 -1 -1 -1 -11 35 -10 35 -13 37 -16 39 -15 34 -14 31 -18 35 -15 31 -18 37 -20 32 -20 36 -19 35 -20 37 -21 35 -19 29 -21 30 -19 34 -22 28 -17 27 -20 26 -20 24 -19 28 -19 23 -18 26 -22 27 -15 26 -4 32 -18 26 -17 24 -14 25 -13 22 -16 25 -13 24 -13 23 -12 25 -11 25 -8 21 -7 24 -8 22 -7 24 -7 24 -3 22 -4 22 -5 24 -4 21 -3 21 -4 20 -2 21 -2 20 -4 21 -2 20 -2 19 -3 20 7 20 12 23 12 24 13 20 -1 -1 ]
CSI_DATA,STA,08:3A:F2:51:5D:9D,-50,11,1,0,1,1,1,0,0,0,0,-93,0,6,1,16018918,0,110,0,0,16.185139,384,[110 96 6 0 0 0 0 0 0 0 0 0 14 -18 13 -17 15 -20 18 -18 17 -18 15 -14 18 -16 16 -14 16 -15 18 -14 21 -15 20 -16 20 -14 20 -13 17 -10 21 -15 17 -12 17 -10 17 -11 16 -11 17 -10 17 -11 17 -7 18 -10 19 -11 15 -11 0 0 15 -11 14 -12 15 -12 12 -12 14 -9 13 -12 14 -12 12 -10 12 -13 9 -11 10 -13 11 -10 11 -11 8 -12 9 -13 7 -13 10 -14 5 -12 7 -13 5 -12 7 -12 6 -12 8 -12 5 -12 7 -11 5 -12 0 0 0 0 0 0 0 0 0 0 -1 -1 -1 -1 -16 13 -20 15 -11 14 -9 15 -16 4 -15 5 -15 5 -15 4 -13 6 -10 3 -11 4 -9 6 -12 7 -12 6 -13 6 -12 6 -12 7 -11 6 -10 5 -9 8 -8 8 -10 7 -7 7 -9 6 -8 5 -7 8 -9 6 -8 7 -10 7 -8 8 -4 11 -8 7 -8 7 -6 6 -7 6 -7 5 -7 6 -6 5 -6 4 -6 4 -6 5 -7 4 -7 3 -6 3 -5 2 -5 3 -4 1 -5 1 -4 1 -4 0 -3 0 -3 0 -2 -1 -2 -2 -2 -2 -1 -2 0 -2 0 0 0 0 -1 -1 -1 -1 -1 -1 -1 -1 -1 -1 0 0 0 0 -1 -1 -1 -1 9 -37 7 -34 9 -39 11 -36 10 -37 10 -30 13 -35 9 -30 10 -40 16 -35 18 -37 18 -35 18 -38 19 -36 15 -28 17 -34 13 -33 16 -33 11 -26 13 -28 15 -25 11 -30 17 -27 17 -27 20 -30 13 -28 3 -34 13 -27 12 -27 9 -24 7 -24 10 -24 7 -26 8 -25 6 -24 4 -27 5 -22 4 -24 8 -24 4 -25 4 -24 -3 -24 1 -20 -1 -24 -1 -20 0 -20 0 -20 -3 -21 -5 -19 0 -22 0 -20 -1 -19 0 -19 -12 -19 -15 -21 -16 -17 -24 -15 -1 -1 ]
CSI_DATA,STA,08:3A:F2:51:5D:9D,-50,11,1,0,1,1,1,0,0,0,0,-93,0,6,1,16036963,0,110,0,0,16.203181,384,[110 96 6 0 0 0 0 0 0 0 0 0 -22 7 -21 7 -24 8 -27 6 -24 6 -21 3 -24 4 -22 3 -23 4 -23 2 -26 3 -26 3 -25 3 -25 1 -21 0 -25 3 -22 1 -21 0 -21 1 -20 1 -20 0 -21 1 -18 -2 -21 1 -22 0 -19 2 0 0 -20 2 -19 4 -20 4 -17 5 -17 1 -17 4 -18 4 -16 4 -17 5 -13 7 -15 7 -14 5 -14 6 -13 7 -13 7 -13 9 -15 9 -11 8 -11 8 -9 8 -11 8 -11 8 -11 8 -10 9 -11 7 -9 8 0 0 0 0 0 0 0 0 0 0 -1 -1 -1 -1 21 -2 21 -2 22 -7 18 -5 16 2 15 1 16 1 17 2 15 1 12 0 14 0 12 -2 15 -2 14 -1 14 -2 13 -3 15 -3 14 -3 12 -3 12 -4 13 -6 12 -3 10 -6 11 -4 11 -3 11 -5 10 -3 10 -6 12 -5 10 -6 8 -8 10 -6 10 -4 9 -5 8 -5 9 -4 9 -5 8 -4 8 -4 8 -3 6 -3 7 -2 7 -2 7 -2 6 -2 5 -2 4 -1 4 -1 3 0 3 0 2 0 2 0 2 1 1 0 0 1 -1 1 -2 1 0 0 -1 -1 -1 -1 -1 -1 -1 -1 -1 -1 -1 -1 -1 -1 0 0 0 0 -1 -1 -29 25 -29 26 -32 25 -34 26 -32 23 -29 20 -34 21 -29 20 -36 24 -35 18 -37 22 -35 21 -38 23 -37 20 -32 17 -34 17 -34 21 -35 15 -29 17 -31 14 -30 12 -31 17 -29 12 -30 16 -34 15 -27 17 -21 26 -29 16 -27 15 -25 18 -22 15 -26 16 -23 18 -22 16 -22 18 -21 19 -17 16 -18 20 -19 18 -18 20 -17 20 -12 20 -13 19 -15 21 -12 19 -11 18 -12 18 -10 20 -10 19 -12 19 -10 19 -10 18 -10 18 -2 21 1 26 1 27 4 25 -1 -1 ]
CSI_DATA,STA,08:3A:F2:51:5D:9D,-50,11,1,0,1,1,1,0,0,0,0,-93,0,6,1,16045228,0,110,0,0,16.214064,384,[110 96 6 0 0 0 0 0 0 0 0 0 20 9 18 8 22 9 22 12 21 11 16 11 19 12 17 11 18 11 18 14 19 15 19 15 18 15 17 15 14 13 19 14 15 13 14 14 14 13 13 12 13 13 15 13 11 13 13 13 15 15 14 11 0 0 14 11 15 10 15 10 14 8 12 10 14 8 14 9 13 7 14 7 13 5 14 6 12 7 13 6 13 4 13 4 13 3 15 5 12 2 13 2 12 0 12 2 13 2 13 2 13 1 11 3 11 1 0 0 0 0 0 0 0 0 0 0 -1 -1 -1 -1 -16 -15 -16 -15 -18 -12 -16 -9 -9 -15 -9 -13 -10 -14 -8 -14 -9 -13 -7 -10 -10 -11 -9 -9 -11 -10 -10 -12 -10 -12 -10 -10 -11 -11 -10 -10 -9 -9 -11 -8 -11 -7 -11 -9 -10 -5 -10 -7 -9 -8 -11 -6 -10 -8 -11 -6 -11 -8 -11 -6 -13 -2 -10 -6 -10 -6 -9 -5 -10 -5 -8 -6 -9 -5 -8 -5 -8 -5 -7 -5 -7 -5 -7 -6 -6 -6 -5 -6 -5 -5 -5 -4 -4 -4 -4 -5 -3 -3 -2 -3 -2 -3 -1 -3 -1 -3 0 -3 0 -2 0 -1 1 -1 0 0 -1 -1 -1 -1 -1 -1 -1 -1 -1 -1 -1 -1 -1 -1 0 0 0 0 -1 -1 37 3 35 2 41 2 38 6 39 4 32 5 39 8 33 6 42 6 38 13 40 12 38 12 41 13 39 13 31 11 37 10 35 8 36 12 29 7 30 11 28 11 32 8 29 13 30 11 33 15 30 8 32 -1 28 9 29 7 26 5 26 4 27 7 28 2 26 4 26 2 27 0 23 1 25 0 25 2 26 -1 24 -1 22 -6 20 -4 25 -5 20 -4 20 -6 20 -4 20 -7 19 -8 22 -5 20 -5 19 -5 19 -5 16 -14 18 -18 17 -17 13 -21 -1 -1 ]
CSI_DATA,STA,08:3A:F2:51:5D:9D,-50,11,1,0,1,1,1,0,0,0,0,-93,0,6,1,16046578,0,110,0,0,16.224327,384,[110 96 6 0 0 0 0 0 0 0 0 0 -22 7 -20 7 -24 9 -26 6 -24 6 -21 3 -24 5 -22 3 -23 4 -23 2 -26 2 -26 3 -25 2 -24 1 -20 0 -25 3 -21 1 -21 0 -20 1 -19 1 -20 0 -21 1 -18 -2 -20 0 -22 0 -19 2 0 0 -19 2 -19 4 -19 4 -17 5 -17 2 -17 4 -18 4 -15 4 -16 5 -14 7 -15 7 -14 4 -14 5 -13 7 -13 7 -12 8 -15 8 -11 8 -11 9 -9 9 -11 8 -11 8 -11 8 -10 9 -11 7 -9 8 0 0 0 0 0 0 0 0 0 0 -1 -1 -1 -1 21 -4 21 -4 21 -8 17 -8 15 1 14 1 16 0 15 1 14 0 12 -1 14 -1 12 -2 14 -3 13 -2 14 -2 13 -3 14 -4 13 -3 11 -3 12 -5 11 -7 12 -4 9 -5 10 -4 10 -3 10 -5 10 -4 9 -6 11 -5 10 -6 7 -9 10 -6 10 -5 8 -5 8 -5 9 -4 8 -5 7 -5 7 -4 7 -4 7 -4 7 -3 7 -2 6 -2 6 -2 5 -2 4 -1 4 -1 3 0 3 -1 2 0 2 0 1 0 0 1 0 1 -1 1 -1 1 -1 -1 -1 -1 -1 -1 -1 -1 -1 -1 -1 -1 -1 -1 -1 -1 -1 -1 -1 -1 0 0 -27 25 -25 25 -29 26 -31 25 -29 24 -26 20 -32 22 -27 20 -33 26 -33 19 -35 22 -34 21 -36 23 -35 21 -30 17 -32 19 -30 21 -33 17 -26 17 -28 15 -28 13 -28 18 -28 13 -28 16 -32 15 -26 17 -19 27 -27 16 -25 16 -22 17 -20 16 -24 16 -21 19 -21 17 -20 18 -19 20 -17 17 -17 19 -18 18 -16 20 -15 19 -11 20 -12 18 -13 21 -11 18 -9 19 -10 18 -8 19 -8 19 -11 19 -10 19 -8 17 -9 18 0 22 3 25 4 24 7 23 -1 -1 ]
CSI_DATA,STA,08:3A:F2:51:5D:9D,-50,11,1,0,1,1,1,0,0,0,0,-93,0,6,1,16047051,0,110,0,0,16.234569,384,[110 96 6 0 0 0 0 0 0 0 0 0 -9 -21 -9 -19 -12 -23 -9 -25 -9 -24 -6 -20 -7 -23 -6 -21 -7 -22 -5 -23 -5 -26 -6 -25 -5 -24 -3 -24 -2 -20 -6 -25 -4 -21 -3 -21 -3 -20 -4 -19 -3 -20 -4 -21 -1 -19 -2 -20 -3 -22 -4 -19 0 0 -4 -19 -7 -18 -6 -18 -7 -17 -4 -16 -7 -17 -6 -17 -7 -15 -8 -16 -9 -13 -8 -14 -6 -14 -7 -14 -8 -12 -9 -12 -10 -11 -11 -14 -9 -10 -10 -10 -10 -8 -9 -10 -10 -10 -10 -11 -10 -10 -8 -10 -9 -8 0 0 0 0 0 0 0 0 0 0 -1 -1 -1 -1 10 18 11 19 13 17 13 12 1 15 1 13 2 14 0 14 2 12 1 10 3 12 4 9 5 11 4 12 3 12 4 11 5 12 4 11 3 9 6 9 7 8 5 10 6 6 5 9 4 8 6 8 4 9 6 8 6 10 6 8 11 4 6 7 6 7 5 6 5 6 5 7 5 6 5 5 4 5 3 6 3 6 3 6 3 6 2 5 2 4 2 4 1 3 1 4 0 3 0 2 0 2 -1 2 -1 1 -1 1 -2 0 -2 0 -2 -1 0 0 -1 -1 -1 -1 -1 -1 -1 -1 -1 -1 -1 -1 -1 -1 0 0 0 0 -1 -1 -28 -21 -27 -19 -31 -22 -28 -24 -30 -23 -23 -20 -27 -25 -23 -20 -32 -24 -25 -28 -27 -30 -25 -29 -28 -30 -26 -29 -21 -24 -24 -26 -25 -23 -24 -27 -20 -20 -21 -23 -17 -22 -24 -21 -18 -24 -20 -24 -21 -29 -20 -21 -31 -12 -20 -22 -21 -20 -20 -16 -20 -16 -20 -18 -23 -15 -20 -15 -22 -14 -23 -13 -21 -13 -21 -12 -21 -14 -22 -11 -21 -11 -21 -5 -19 -7 -23 -7 -19 -7 -19 -5 -19 -6 -20 -4 -19 -3 -21 -7 -20 -5 -19 -5 -18 -5 -21 7 -22 10 -22 10 -20 16 -1 -1 ]
CSI_DATA,STA,08:3A:F2:51:5D:9D,-50,11,1,0,1,1,1,0,0,0,0,-93,0,6,1,16047505,0,110,0,0,16.245286,384,[110 96 6 0 0 0 0 0 0 0 0 0 10 -21 9 -20 10 -23 13 -23 12 -21 11 -18 13 -20 12 -18 11 -20 14 -18 16 -20 15 -20 16 -19 16 -18 14 -15 15 -20 14 -17 14 -15 13 -15 12 -15 13 -14 12 -16 13 -12 14 -14 15 -16 12 -15 0 0 11 -15 9 -16 10 -16 8 -16 10 -13 8 -15 9 -15 7 -14 7 -16 4 -14 5 -15 6 -13 6 -14 3 -14 3 -14 2 -15 4 -17 1 -14 1 -14 0 -13 2 -14 1 -14 1 -14 0 -14 2 -13 0 -12 0 0 0 0 0 0 0 0 0 0 -1 -1 -1 -1 -16 14 -16 15 -14 17 -10 15 -16 8 -14 8 -14 9 -16 8 -12 8 -11 7 -12 9 -9 9 -11 11 -11 9 -12 10 -11 10 -11 11 -10 10 -9 8 -8 11 -7 11 -9 10 -5 10 -7 9 -7 9 -6 10 -8 9 -6 10 -8 10 -6 11 -3 12 -6 10 -6 9 -5 9 -5 9 -6 8 -5 8 -4 8 -5 7 -5 7 -5 6 -6 6 -5 5 -5 5 -5 4 -5 4 -4 3 -4 3 -4 2 -4 2 -4 1 -3 1 -3 0 -2 -1 -2 -1 -2 -2 -1 -2 0 0 -1 -1 -1 -1 -1 -1 -1 -1 -1 -1 -1 -1 -1 -1 0 0 0 0 -1 -1 4 -39 3 -37 4 -42 7 -41 6 -40 7 -35 9 -41 6 -35 8 -44 13 -39 14 -42 12 -40 14 -43 14 -41 12 -33 12 -38 10 -39 14 -37 9 -32 11 -32 12 -30 9 -34 13 -30 11 -32 15 -35 9 -31 0 -34 10 -31 8 -31 5 -29 4 -28 7 -29 3 -30 4 -28 2 -29 1 -30 1 -26 0 -27 2 -27 -1 -28 -1 -26 -6 -25 -4 -24 -5 -27 -4 -23 -6 -23 -5 -22 -8 -23 -8 -22 -5 -24 -6 -22 -5 -21 -6 -21 -13 -18 -17 -20 -17 -19 -20 -16 -1 -1 ]
CSI_DATA,STA,08:3A:F2:51:5D:9D,-50,11,1,0,1,1,1,0,0,0,0,-93,0,6,1,16048438,0,110,0,0,16.255768,384,[110 96 6 0 0 0 0 0 0 0 0 0 16 15 15 14 18 16 17 19 16 18 12 16 15 18 13 16 14 16 12 19 13 21 14 20 13 20 11 20 8 17 14 20 11 17 9 18 10 17 10 16 9 16 11 17 7 16 9 17 10 19 10 15 0 0 10 15 12 14 12 14 11 12 9 13 11 12 11 13 11 11 12 11 11 8 12 9 10 10 11 9 12 7 11 7 12 6 14 8 12 5 12 5 12 3 11 5 12 5 12 5 12 4 10 5 10 4 0 0 0 0 0 0 0 0 0 0 -1 -1 -1 -1 -14 -17 -15 -18 -17 -14 -15 -11 -6 -16 -7 -14 -8 -15 -7 -15 -8 -13 -6 -11 -8 -12 -7 -10 -9 -12 -9 -13 -8 -13 -8 -11 -10 -12 -9 -11 -8 -10 -10 -9 -11 -8 -10 -10 -10 -7 -9 -8 -8 -8 -10 -7 -8 -9 -10 -7 -10 -10 -10 -8 -12 -3 -9 -7 -9 -7 -9 -6 -8 -6 -8 -7 -9 -6 -8 -6 -8 -6 -6 -6 -6 -6 -6 -6 -6 -6 -5 -6 -4 -6 -4 -4 -3 -4 -4 -5 -3 -4 -2 -3 -1 -3 -1 -3 -1 -3 -1 -2 0 -2 1 -1 1 -1 0 0 -1 -1 -1 -1 -1 -1 -1 -1 -1 -1 -1 -1 -1 -1 0 0 0 0 -1 -1 34 11 33 10 37 11 35 14 36 13 29 12 35 16 29 12 38 14 33 20 35 21 33 20 36 21 34 21 27 17 32 18 32 15 31 19 26 13 27 16 24 16 29 14 24 18 26 17 28 22 26 15 33 4 26 14 26 13 25 10 24 9 24 12 26 8 24 9 25 7 26 5 22 6 24 5 24 7 24 4 23 3 22 -2 20 1 24 -1 20 0 20 -2 20 -1 20 -4 20 -4 22 -1 20 -1 19 -2 19 -1 18 -12 20 -16 19 -15 16 -20 -1 -1 ]
CSI_DATA,STA,08:3A:F2:51:5D:9D,-50,11,1,0,1,1,1,0,0,0,0,-93,0,6,1,16048872,0,110,0,0,16.265953,384,[110 96 6 0 0 0 0 0 0 0 0 0 -14 17 -13 17 -15 20 -18 19 -17 18 -16 14 -17 16 -16 14 -16 15 -18 14 -20 16 -20 16 -19 15 -20 13 -17 10 -19 16 -17 12 -18 11 -17 11 -16 11 -16 10 -17 12 -17 8 -17 11 -18 12 -15 12 0 0 -15 12 -13 13 -14 13 -12 13 -13 10 -12 12 -13 12 -11 11 -11 13 -8 12 -9 13 -9 11 -9 11 -7 12 -8 12 -6 13 -8 15 -5 12 -5 13 -3 12 -6 12 -5 12 -5 12 -4 12 -5 11 -3 11 0 0 0 0 0 0 0 0 0 0 -1 -1 -1 -1 15 -15 16 -16 13 -17 10 -17 15 -8 12 -8 13 -9 14 -7 12 -8 10 -7 11 -9 9 -8 10 -11 11 -9 11 -9 10 -9 11 -11 10 -10 8 -8 7 -11 6 -11 8 -10 5 -10 7 -9 7 -8 5 -10 7 -9 5 -11 7 -10 6 -11 2 -12 5 -10 6 -9 4 -8 5 -9 5 -8 4 -9 4 -8 4 -7 5 -7 4 -7 5 -6 5 -5 4 -5 4 -5 3 -5 3 -4 3 -4 3 -2 3 -2 2 -2 2 -2 1 -1 1 -1 0 1 0 1 0 1 0 0 -1 -1 -1 -1 -1 -1 -1 -1 -1 -1 -1 -1 -1 -1 0 0 0 0 -1 -1 -10 35 -9 34 -11 38 -13 36 -12 37 -12 30 -15 36 -12 30 -13 39 -19 34 -20 37 -19 35 -20 38 -20 36 -17 28 -17 34 -14 33 -18 33 -13 27 -16 28 -16 25 -13 30 -18 26 -16 28 -21 30 -14 28 -3 33 -14 27 -12 27 -9 25 -9 25 -11 25 -7 27 -8 24 -7 26 -5 26 -6 23 -4 25 -7 24 -4 25 -3 23 2 23 0 20 1 24 -1 20 2 20 1 20 3 20 4 19 0 22 2 20 2 19 1 19 12 18 16 19 14 18 19 15 -1 -1 ]
CSI_DATA,STA,08:3A:F2:51:5D:9D,-50,11,1,0,1,1,1,0,0,0,0,-93,0,6,1,16049836,0,110,0,0,16.276302,384,[110 96 6 0 0 0 0 0 0 0 0 0 -3 -23 -3 -21 -4 -25 -1 -27 -1 -25 0 -21 0 -24 0 -22 0 -23 2 -23 3 -26 2 -26 3 -24 4 -24 4 -20 2 -25 3 -21 4 -21 3 -20 2 -19 3 -19 2 -21 5 -18 4 -20 4 -21 2 -19 0 0 2 -19 0 -19 0 -19 -1 -18 1 -17 -1 -17 0 -18 -1 -16 -2 -17 -4 -15 -4 -16 -2 -15 -2 -15 -4 -14 -4 -14 -6 -14 -6 -17 -6 -12 -6 -13 -7 -11 -6 -13 -6 -13 -6 -13 -7 -12 -5 -12 -6 -11 0 0 0 0 0 0 0 0 0 0 -1 -1 -1 -1 1 21 1 22 4 21 5 18 -6 14 -4 13 -4 15 -6 14 -3 13 -3 11 -2 13 -1 11 -1 13 -2 13 -3 14 -2 13 -1 14 -1 13 -1 11 1 12 2 11 0 12 2 9 1 10 0 10 2 10 0 10 2 10 1 11 2 10 7 9 2 10 1 10 2 8 2 8 1 9 2 8 1 7 1 7 0 7 0 7 -1 7 0 7 -1 6 -1 5 -1 5 -1 4 -1 4 -2 3 -2 3 -2 2 -2 1 -2 1 -2 0 -2 0 -2 -1 -2 -2 0 0 -1 -1 -1 -1 -1 -1 -1 -1 -1 -1 -1 -1 -1 -1 0 0 0 0 -1 -1 -20 -31 -20 -29 -22 -34 -19 -34 -20 -33 -16 -29 -17 -34 -16 -28 -21 -35 -14 -36 -15 -39 -14 -38 -16 -40 -14 -38 -11 -31 -13 -35 -16 -33 -12 -35 -12 -28 -12 -30 -9 -28 -14 -29 -8 -30 -11 -30 -9 -35 -12 -29 -24 -25 -11 -28 -12 -27 -13 -23 -13 -23 -12 -25 -16 -23 -14 -23 -16 -22 -17 -21 -15 -19 -16 -20 -14 -21 -16 -20 -16 -19 -19 -14 -15 -15 -19 -16 -15 -14 -17 -12 -16 -13 -18 -11 -18 -11 -17 -15 -17 -13 -16 -13 -16 -13 -23 -3 -25 -1 -25 -1 -25 5 -1 -1 ]
CSI_DATA,STA,08:3A:F2:51:5D:9D,-51,11,1,0,1,1,1,0,0,0,0,-93,0,6,1,16195693,0,110,0,0,16.362269,384,[110 96 6 0 0 0 0 0 0 0 0 0 24 1 23 1 27 0 28 4 26 3 22 5 25 5 23 5 24 5 24 6 26 7 27 7 25 7 24 8 20 9 26 7 22 7 20 9 20 8 19 7 20 8 20 8 17 9 20 8 22 8 19 6 0 0 19 6 20 4 20 5 18 3 17 5 18 4 19 5 17 3 18 2 15 0 17 -1 15 1 16 0 15 -1 15 -1 16 -3 18 -2 14 -3 15 -3 13 -4 15 -2 14 -3 14 -3 14 -5 13 -2 12 -4 0 0 0 0 0 0 0 0 0 0 -1 -1 -1 -1 -24 -7 -24 -6 -25 -2 -21 -2 -15 -10 -14 -9 -16 -9 -15 -11 -14 -8 -12 -7 -14 -7 -12 -5 -15 -6 -15 -6 -15 -6 -15 -5 -16 -4 -15 -5 -13 -4 -14 -3 -14 -2 -14 -4 -12 -1 -13 -3 -12 -3 -13 -2 -12 -3 -13 -1 -14 -3 -13 -1 -13 4 -12 -1 -12 -2 -11 -1 -11 -2 -11 -2 -11 -2 -10 -2 -10 -2 -9 -2 -8 -2 -8 -2 -8 -2 -7 -3 -6 -3 -5 -2 -5 -3 -6 -3 -4 -4 -3 -3 -2 -2 -2 -3 -2 -3 -1 -3 -1 -2 0 -2 1 -2 0 0 0 0 -1 -1 -1 -1 -1 -1 -1 -1 -1 -1 0 0 0 0 -1 -1 -1 -1 36 -16 35 -16 39 -17 40 -14 38 -14 33 -12 40 -11 33 -11 42 -15 40 -9 43 -9 41 -10 44 -11 42 -9 36 -7 39 -7 38 -10 39 -5 32 -7 34 -5 32 -3 34 -8 32 -3 33 -6 38 -4 32 -8 30 -22 32 -6 31 -6 28 -8 26 -8 29 -8 27 -11 26 -9 26 -12 26 -13 23 -12 23 -13 24 -11 24 -14 22 -14 18 -17 19 -14 21 -17 18 -14 17 -15 18 -14 16 -16 15 -16 18 -15 17 -16 15 -14 16 -14 9 -23 7 -28 6 -28 2 -28 -1 -1 ]
CSI_DATA,STA,08:3A:F2:51:5D:9D,-46,11,0,0,0,0,0,0,0,0,0,-93,0,6,1,16197786,0,110,0,0,16.373280,128,[110 96 6 0 0 0 0 0 0 0 0 0 25 -13 25 -11 27 -12 27 -13 27 -11 25 -9 26 -9 25 -7 26 -8 26 -7 27 -9 28 -8 26 -8 26 -7 24 -5 27 -8 24 -5 23 -4 23 -5 22 -4 21 -4 23 -5 20 -3 21 -6 22 -7 21 -7 0 0 19 -7 20 -8 19 -8 18 -8 16 -7 17 -8 17 -9 16 -8 16 -9 16 -8 16 -10 14 -9 14 -10 15 -9 14 -9 14 -10 14 -11 13 -10 13 -10 13 -10 12 -10 12 -10 12 -11 11 -11 10 -10 10 -10 0 0 0 0 0 0 0 0 0 0 ]
CSI_DATA,STA,08:3A:F2:51:5D:9D,-50,11,1,0,1,1,1,0,0,0,0,-93,0,6,1,16200101,0,110,0,0,16.377183,384,[110 96 6 0 0 0 0 0 0 0 0 0 -21 -10 -20 -10 -23 -11 -23 -15 -21 -13 -17 -13 -19 -14 -17 -14 -18 -14 -18 -15 -19 -17 -20 -16 -19 -16 -18 -17 -14 -16 -19 -17 -16 -16 -14 -16 -14 -15 -13 -14 -14 -15 -14 -15 -11 -15 -14 -15 -15 -16 -14 -13 0 0 -14 -14 -15 -11 -15 -12 -14 -10 -12 -12 -14 -11 -14 -12 -13 -10 -14 -10 -13 -7 -15 -7 -13 -8 -13 -8 -14 -6 -13 -6 -14 -5 -16 -7 -13 -4 -13 -5 -12 -3 -13 -5 -13 -5 -13 -4 -14 -3 -12 -5 -12 -3 0 0 0 0 0 0 0 0 0 0 -1 -1 -1 -1 14 15 14 13 18 12 15 11 6 13 7 12 7 12 6 14 6 11 6 10 7 11 7 9 9 10 8 10 8 10 8 9 10 9 9 9 7 8 8 8 10 7 7 9 9 5 7 7 7 7 8 6 7 7 9 5 8 7 8 5 11 2 8 6 7 6 7 5 6 5 6 6 7 5 6 5 6 5 5 5 4 4 4 5 4 5 3 4 3 4 2 3 2 3 1 3 0 3 0 2 0 2 -1 2 -1 1 -1 1 -2 0 -2 0 -3 -1 0 0 0 0 -1 -1 -1 -1 -1 -1 -1 -1 -1 -1 0 0 0 0 -1 -1 -1 -1 -37 -3 -37 -1 -39 -4 -41 -6 -37 -6 -34 -6 -38 -9 -33 -6 -41 -8 -36 -12 -40 -11 -38 -10 -41 -11 -39 -12 -33 -10 -35 -13 -37 -10 -33 -14 -31 -9 -30 -12 -28 -12 -32 -11 -27 -13 -30 -10 -32 -14 -30 -8 -33 4 -30 -10 -28 -10 -28 -7 -25 -7 -29 -8 -28 -6 -26 -6 -27 -4 -27 -3 -22 -3 -26 -1 -25 -3 -26 0 -26 0 -22 3 -23 1 -24 1 -22 2 -21 3 -21 2 -21 4 -20 4 -22 2 -21 4 -20 3 -21 3 -17 12 -19 18 -19 18 -15 18 -1 -1 ]
CSI_DATA,STA,08:3A:F2:51:5D:9D,-50,11,1,0,1,1,1,0,0,0,0,-93,0,6,1,16201961,0,110,0,0,16.387722,384,[110 96 6 0 0 0 0 0 0 0 0 0 -16 16 -15 15 -17 18 -21 17 -18 15 -17 12 -19 14 -18 12 -18 13 -19 11 -22 13 -21 13 -21 12 -21 11 -19 8 -21 13 -19 10 -19 8 -18 9 -17 9 -18 8 -18 9 -17 6 -18 9 -19 9 -17 10 0 0 -17 10 -15 11 -16 12 -13 11 -15 9 -14 10 -15 10 -12 10 -12 11 -9 11 -10 12 -11 9 -10 10 -9 11 -9 11 -8 13 -10 13 -7 12 -7 12 -5 11 -7 11 -7 11 -7 11 -5 12 -7 10 -5 10 0 0 0 0 0 0 0 0 0 0 -1 -1 -1 -1 19 -9 18 -10 17 -14 14 -12 16 -4 15 -5 15 -6 16 -4 13 -5 12 -5 13 -6 11 -6 13 -8 12 -6 13 -7 12 -8 12 -8 11 -7 10 -6 11 -9 9 -10 11 -8 7 -9 9 -8 9 -6 8 -8 9 -7 7 -9 9 -8 8 -9 5 -11 8 -8 8 -7 7 -7 6 -7 7 -6 7 -7 6 -6 6 -6 6 -6 6 -5 6 -5 6 -4 6 -3 5 -3 4 -3 4 -3 3 -2 3 -1 3 -1 2 0 2 -1 1 0 1 1 0 1 -1 1 -1 1 0 0 0 0 -1 -1 -1 -1 -1 -1 -1 -1 -1 -1 0 0 0 0 0 0 -1 -1 -15 34 -14 33 -16 36 -19 36 -18 34 -17 29 -20 33 -17 29 -20 36 -23 31 -24 34 -23 33 -24 35 -24 33 -22 27 -22 30 -20 32 -24 29 -19 26 -21 25 -22 23 -20 28 -21 22 -20 25 -25 27 -18 26 -8 32 -19 26 -17 25 -14 25 -13 23 -17 24 -13 25 -14 24 -12 25 -10 26 -9 22 -8 24 -10 23 -8 25 -7 24 -2 23 -4 21 -4 24 -4 21 -2 21 -3 21 -1 22 -1 21 -4 22 -2 21 -2 20 -2 20 7 20 11 23 10 22 13 20 -1 -1 ]
CSI_DATA,STA,08:3A:F2:51:5D:9D,-50,11,1,0,1,1,1,0,0,0,0,-93,0,6,1,16207092,0,110,0,0,16.398081,384,[110 96 6 0 0 0 0 0 0 0 0 0 13 21 13 20 15 23 13 26 13 24 9 21 11 23 9 22 10 22 8 24 8 27 9 26 8 26 7 25 4 22 9 26 6 22 4 23 5 21 5 20 5 21 6 22 2 20 4 22 5 23 6 20 0 0 6 19 8 19 8 20 8 17 5 18 7 17 7 18 7 16 9 16 9 13 10 14 7 14 8 14 10 12 10 12 11 11 12 14 10 10 11 10 11 8 10 10 11 10 10 10 11 9 9 10 10 8 0 0 0 0 0 0 0 0 0 0 -1 -1 -1 -1 -10 -23 -10 -24 -14 -21 -13 -16 -2 -19 -2 -17 -3 -18 -2 -18 -3 -16 -2 -14 -4 -15 -4 -13 -6 -15 -5 -16 -4 -16 -5 -15 -7 -16 -6 -15 -4 -13 -7 -13 -8 -11 -7 -14 -7 -10 -7 -12 -5 -12 -8 -11 -6 -12 -8 -11 -6 -13 -7 -11 -12 -7 -7 -10 -7 -11 -6 -9 -7 -10 -6 -10 -6 -9 -6 -8 -5 -9 -5 -8 -4 -7 -4 -8 -3 -8 -2 -8 -2 -7 -3 -6 -1 -5 -2 -6 -1 -4 -1 -4 0 -3 0 -3 1 -3 1 -2 1 -2 1 0 1 0 0 0 0 0 -1 -1 -1 -1 -1 -1 -1 -1 -1 -1 0 0 0 0 0 0 -1 -1 34 23 32 21 37 24 34 26 35 25 28 22 33 28 28 22 37 26 30 32 32 33 30 32 33 33 30 33 24 27 30 29 29 26 28 30 24 22 24 27 20 25 27 24 20 27 23 26 23 32 24 24 34 14 23 23 24 22 23 18 23 17 22 21 25 17 23 17 24 16 26 14 22 13 24 13 23 15 25 12 23 11 24 5 21 7 26 8 21 7 22 5 21 6 22 4 22 3 23 7 22 5 20 5 20 5 24 -7 26 -11 26 -10 23 -17 -1 -1 ]
CSI_DATA,STA,08:3A:F2:51:5D:9D,-50,11,1,0,1,1,1,0,0,0,0,-93,0,6,1,16207735,0,110,0,0,16.408180,384,[110 96 6 0 0 0 0 0 0 0 0 0 0 25 0 23 1 28 -3 29 -2 27 -4 22 -3 26 -3 23 -3 24 -6 25 -7 27 -5 28 -6 26 -7 25 -7 21 -5 27 -6 23 -8 22 -6 21 -6 20 -6 20 -5 22 -8 19 -7 21 -7 23 -4 20 0 0 -4 20 -2 21 -2 21 -1 19 -4 18 -1 19 -1 19 0 17 0 18 3 16 3 17 0 16 1 16 3 15 3 16 5 15 5 18 5 13 6 14 6 12 5 14 6 13 5 14 7 13 4 13 6 11 0 0 0 0 0 0 0 0 0 0 -1 -1 -1 -1 2 -24 2 -25 -1 -24 -2 -21 7 -18 5 -17 5 -18 7 -17 4 -16 4 -14 3 -16 1 -14 1 -17 2 -16 2 -17 1 -16 1 -18 1 -16 1 -14 -1 -15 -3 -16 0 -15 -3 -13 -2 -14 0 -13 -3 -14 0 -14 -4 -13 -1 -15 -3 -14 -8 -12 -3 -14 -2 -12 -3 -11 -3 -12 -1 -12 -3 -11 -2 -10 -2 -10 -1 -10 -1 -9 0 -9 0 -8 0 -8 0 -7 -1 -7 0 -5 0 -5 1 -5 1 -4 1 -3 1 -3 1 -2 1 -1 1 -1 1 0 1 1 0 0 -1 -1 -1 -1 -1 -1 -1 -1 -1 -1 -1 -1 -1 -1 0 0 0 0 -1 -1 15 39 16 36 17 41 14 42 14 40 11 36 11 42 12 35 16 44 7 43 9 46 8 44 10 47 8 45 7 37 9 41 11 40 6 41 8 33 6 36 4 33 10 36 3 35 6 36 4 40 8 34 21 30 8 34 8 32 11 29 10 28 9 30 13 29 11 27 13 27 16 26 13 22 15 24 13 24 16 24 15 22 19 17 16 18 19 21 16 17 17 16 16 17 19 15 19 14 17 18 17 15 16 15 16 15 22 7 28 4 28 4 27 -2 -1 -1 ]
CSI_DATA,STA,08:3A:F2:51:5D:9D,-50,11,1,0,1,1,1,0,0,0,0,-93,0,6,1,16208138,0,110,0,0,16.418104,384,[110 96 6 0 0 0 0 0 0 0 0 0 -26 -3 -24 -2 -29 -2 -29 -5 -28 -4 -23 -5 -27 -5 -24 -6 -25 -5 -26 -8 -28 -9 -28 -8 -26 -9 -26 -10 -21 -9 -28 -8 -23 -8 -23 -9 -22 -8 -21 -7 -21 -8 -23 -7 -19 -10 -22 -9 -23 -9 -21 -6 0 0 -20 -6 -21 -3 -21 -4 -20 -2 -18 -5 -20 -3 -20 -3 -18 -2 -19 -1 -17 1 -18 1 -17 -2 -17 0 -16 2 -17 2 -16 3 -20 3 -14 4 -15 5 -13 5 -15 3 -15 4 -15 4 -15 5 -14 3 -13 4 0 0 0 0 0 0 0 0 0 0 -1 -1 -1 -1 24 -1 25 -1 23 -5 20 -6 16 6 14 4 16 4 15 6 14 3 11 3 14 2 12 1 15 0 15 1 15 2 14 1 15 0 14 0 12 0 13 -2 12 -4 13 -1 10 -4 12 -1 11 0 12 -3 12 -1 11 -3 13 -2 11 -4 9 -9 11 -3 11 -2 9 -3 9 -3 9 -2 10 -3 8 -2 8 -2 7 -2 7 -2 7 -1 7 0 7 0 6 0 5 -2 4 0 4 0 3 0 3 1 2 1 1 0 1 1 0 1 -1 1 -1 1 -2 1 0 0 -1 -1 -1 -1 -1 -1 -1 -1 -1 -1 -1 -1 -1 -1 0 0 0 0 -1 -1 -36 16 -34 16 -39 18 -38 14 -38 15 -33 12 -40 13 -33 11 -41 17 -42 8 -44 10 -42 9 -44 12 -43 9 -35 7 -39 10 -36 12 -40 8 -31 9 -35 7 -32 4 -34 11 -34 4 -34 6 -40 4 -32 9 -29 25 -32 8 -31 10 -27 11 -26 11 -29 10 -27 13 -26 11 -26 13 -25 15 -23 12 -23 15 -24 13 -22 15 -21 15 -16 19 -17 15 -19 18 -16 15 -15 16 -16 16 -14 18 -13 17 -18 16 -16 16 -14 15 -14 15 -4 24 -1 28 -2 27 5 27 -1 -1 ]
CSI_DATA,STA,08:3A:F2:51:5D:9D,-50,11,1,0,1,1,1,0,0,0,0,-93,0,6,1,16208574,0,110,0,0,16.428445,384,[110 96 6 0 0 0 0 0 0 0 0 0 -14 -18 -14 -17 -17 -20 -15 -22 -14 -21 -11 -18 -13 -21 -11 -19 -12 -19 -10 -21 -11 -24 -12 -23 -11 -23 -9 -22 -7 -19 -12 -23 -9 -20 -8 -20 -8 -19 -8 -18 -8 -18 -9 -19 -5 -18 -7 -19 -8 -21 -9 -18 0 0 -9 -17 -11 -16 -10 -16 -11 -15 -8 -15 -10 -14 -10 -15 -10 -13 -11 -14 -11 -10 -12 -12 -9 -12 -10 -12 -11 -10 -11 -10 -12 -9 -14 -11 -12 -7 -12 -7 -12 -6 -12 -8 -12 -7 -12 -8 -13 -7 -11 -8 -11 -6 0 0 0 0 0 0 0 0 0 0 -1 -1 -1 -1 14 15 15 15 17 12 15 9 5 13 5 12 6 13 4 13 6 11 4 9 6 10 6 8 8 9 7 10 7 11 7 10 8 11 7 10 6 8 8 7 9 6 8 8 8 5 7 6 6 7 8 6 7 7 8 6 8 7 8 6 11 2 7 5 7 6 7 4 7 5 6 5 7 4 6 4 6 4 5 4 4 4 5 5 4 5 4 4 3 4 3 2 2 3 2 3 0 2 0 2 0 1 0 1 0 1 -1 1 -2 0 -2 0 -2 -1 0 0 -1 -1 -1 -1 -1 -1 -1 -1 -1 -1 -1 -1 -1 -1 0 0 0 0 -1 -1 -32 -14 -31 -13 -35 -15 -33 -16 -34 -15 -28 -14 -32 -18 -28 -14 -36 -16 -31 -22 -33 -23 -32 -22 -35 -23 -32 -22 -27 -19 -30 -19 -30 -16 -29 -20 -25 -15 -26 -18 -22 -18 -28 -15 -23 -19 -25 -18 -27 -23 -25 -16 -34 -4 -25 -16 -25 -14 -24 -11 -23 -10 -24 -13 -25 -9 -23 -10 -25 -8 -25 -6 -22 -8 -24 -7 -23 -8 -24 -5 -23 -5 -21 0 -20 -2 -23 -1 -20 -2 -19 0 -20 -1 -20 1 -19 2 -22 -1 -21 -1 -19 -1 -19 0 -18 12 -19 16 -19 15 -15 20 -1 -1 ]
CSI_DATA,STA,08:3A:F2:51:5D:9D,-50,11,1,0,1,1,1,0,0,0,0,-93,0,6,1,16208984,0,110,0,0,16.439117,384,[110 96 6 0 0 0 0 0 0 0 0 0 7 -21 7 -20 7 -24 11 -24 10 -22 10 -19 10 -21 10 -19 9 -20 12 -20 14 -21 13 -22 13 -20 14 -19 12 -16 13 -22 12 -18 12 -16 11 -17 10 -16 11 -16 11 -17 12 -13 12 -16 13 -17 10 -16 0 0 10 -16 7 -17 8 -18 6 -16 8 -14 6 -16 7 -17 5 -15 5 -16 2 -15 3 -16 5 -14 4 -15 2 -14 2 -15 0 -15 1 -17 0 -13 0 -14 -2 -13 0 -14 -1 -14 0 -14 -1 -14 1 -13 -1 -12 0 0 0 0 0 0 0 0 0 0 -1 -1 -1 -1 -9 19 -8 20 -5 20 -2 18 -11 11 -10 10 -10 12 -11 11 -8 11 -7 9 -8 11 -6 10 -6 12 -7 12 -8 12 -6 11 -6 13 -6 11 -5 10 -4 12 -2 11 -5 11 -1 10 -4 10 -4 9 -2 11 -4 10 -2 10 -4 11 -3 10 2 11 -3 10 -3 10 -2 8 -2 9 -3 8 -1 8 -2 7 -2 7 -3 7 -3 7 -4 6 -3 6 -3 5 -3 4 -3 4 -3 3 -3 3 -3 3 -2 2 -3 1 -2 1 -2 0 -2 -1 -2 -1 -2 -2 -2 -2 0 0 -1 -1 -1 -1 -1 -1 -1 -1 -1 -1 -1 -1 -1 -1 0 0 0 0 -1 -1 -4 -36 -5 -34 -5 -40 -2 -38 -3 -38 -1 -32 0 -38 -1 -33 -3 -41 4 -39 3 -41 3 -39 3 -42 3 -40 3 -32 3 -37 0 -36 4 -37 1 -30 3 -32 4 -29 0 -32 5 -30 3 -32 7 -35 1 -30 -12 -32 2 -30 0 -30 -2 -27 -2 -26 0 -28 -4 -28 -3 -26 -5 -26 -6 -26 -5 -24 -7 -24 -4 -25 -7 -24 -7 -23 -11 -20 -8 -20 -11 -22 -8 -19 -10 -18 -9 -19 -12 -18 -12 -17 -10 -20 -10 -19 -10 -17 -10 -18 -19 -11 -24 -10 -22 -10 -25 -5 -1 -1 ]
CSI_DATA,STA,08:3A:F2:51:5D:9D,-50,11,1,0,1,1,1,0,0,0,0,-93,0,6,1,16209515,0,110,0,0,16.449672,384,[110 96 6 0 0 0 0 0 0 0 0 0 23 -9 22 -9 26 -11 28 -8 26 -8 22 -5 25 -6 23 -5 24 -6 25 -4 28 -3 28 -4 26 -3 26 -2 22 0 28 -4 23 -2 23 0 22 -1 21 -2 21 -1 22 -2 20 1 22 -1 24 -1 20 -3 0 0 20 -3 20 -5 20 -5 18 -6 18 -2 18 -5 19 -4 16 -5 17 -6 14 -8 16 -8 15 -5 15 -6 14 -8 14 -8 13 -9 16 -10 11 -9 12 -10 10 -10 12 -9 12 -9 12 -9 11 -10 11 -8 9 -9 0 0 0 0 0 0 0 0 0 0 -1 -1 -1 -1 -25 -6 -25 -5 -25 -1 -21 1 -19 -7 -18 -6 -19 -6 -19 -8 -18 -4 -15 -4 -18 -3 -15 -1 -19 -1 -17 -3 -18 -3 -18 -1 -18 -1 -17 -2 -15 -2 -16 1 -16 2 -16 0 -13 3 -15 1 -14 -1 -15 2 -15 -1 -14 2 -16 0 -14 2 -13 5 -14 2 -14 1 -12 2 -12 2 -12 0 -12 1 -11 1 -11 0 -10 1 -10 0 -9 0 -9 -2 -8 -2 -7 -2 -7 -1 -6 -1 -6 -2 -5 -2 -4 -2 -3 -2 -3 -2 -2 -3 -1 -3 -1 -3 0 -2 0 -2 0 0 0 0 -1 -1 -1 -1 -1 -1 -1 -1 -1 -1 0 0 0 0 0 0 -1 -1 37 -25 34 -26 40 -28 40 -25 40 -25 34 -20 41 -22 35 -20 43 -26 43 -18 46 -19 44 -19 47 -20 46 -18 37 -14 42 -18 40 -19 42 -15 34 -16 37 -14 35 -11 37 -17 36 -11 36 -13 41 -11 34 -16 30 -22 33 -15 32 -15 29 -16 27 -17 30 -14 28 -19 27 -17 26 -18 26 -21 22 -18 23 -20 24 -18 23 -21 21 -21 17 -24 17 -19 19 -24 15 -20 15 -22 15 -20 14 -23 13 -23 17 -21 14 -21 14 -20 14 -20 7 -24 6 -28 6 -28 0 -29 -1 -1 ]
CSI_DATA,STA,08:3A:F2:51:5D:9D,-46,11,0,0,0,0,0,0,0,0,0,-93,0,6,1,16211339,0,110,0,0,16.460307,128,[110 96 6 0 0 0 0 0 0 0 0 0 -29 1 -28 0 -31 1 -30 1 -30 0 -27 -2 -29 -2 -26 -3 -28 -2 -28 -5 -30 -3 -30 -4 -28 -4 -27 -4 -25 -5 -29 -3 -24 -5 -25 -5 -24 -4 -24 -4 -22 -3 -24 -3 -21 -5 -22 -3 -24 -2 -22 -2 0 0 -22 0 -22 0 -21 0 -21 1 -18 0 -19 2 -20 2 -18 2 -19 3 -19 2 -19 3 -17 2 -18 3 -17 4 -17 4 -16 5 -18 6 -15 5 -16 6 -15 5 -15 6 -15 6 -15 6 -15 7 -14 6 -13 6 0 0 0 0 0 0 0 0 0 0 ]
CSI_DATA,STA,08:3A:F2:51:5D:9D,-50,11,1,0,1,1,1,0,0,0,0,-93,0,6,1,16374965,0,110,0,0,16.541514,384,[110 96 6 0 0 0 0 0 0 0 0 0 -26 -4 -25 -4 -29 -4 -29 -7 -28 -6 -23 -7 -26 -8 -24 -8 -25 -8 -25 -10 -27 -11 -27 -11 -26 -11 -25 -12 -21 -11 -27 -11 -22 -11 -21 -12 -21 -10 -20 -10 -20 -11 -22 -11 -17 -12 -20 -11 -22 -12 -20 -9 0 0 -20 -9 -21 -7 -21 -7 -20 -5 -18 -9 -19 -6 -20 -7 -18 -5 -19 -5 -17 -2 -18 -2 -16 -4 -17 -3 -17 -1 -17 -1 -17 0 -19 -1 -15 1 -15 1 -15 2 -15 0 -16 1 -16 0 -15 2 -14 0 -13 2 0 0 0 0 0 0 0 0 0 0 -1 -1 -1 -1 20 14 20 14 22 10 19 7 12 14 12 12 13 12 12 14 13 11 10 10 13 10 12 7 14 8 13 9 13 10 13 9 15 9 13 8 11 7 14 5 14 4 13 6 12 3 12 5 11 6 13 4 11 6 13 4 13 6 12 4 13 0 12 4 12 4 11 3 10 3 10 5 11 3 9 3 9 3 8 3 7 3 7 4 7 4 7 4 6 4 5 2 3 3 4 3 2 3 2 3 1 3 1 2 1 2 0 2 -1 1 -2 0 -3 0 0 0 0 0 -1 -1 -1 -1 -1 -1 -1 -1 -1 -1 0 0 0 0 -1 -1 -1 -1 -45 6 -42 7 -48 8 -48 4 -47 5 -40 2 -48 2 -40 2 -50 4 -47 -4 -51 -4 -49 -4 -52 -4 -50 -5 -41 -5 -46 -3 -45 -1 -45 -5 -38 -2 -40 -5 -36 -6 -41 -1 -38 -8 -39 -5 -43 -9 -38 -3 -38 7 -37 -4 -37 -2 -34 1 -32 1 -35 -2 -34 3 -32 1 -33 4 -33 5 -29 4 -31 6 -31 3 -31 7 -29 7 -26 11 -25 8 -29 11 -24 8 -23 11 -23 9 -22 12 -22 12 -26 9 -24 10 -22 10 -22 9 -17 18 -18 22 -18 21 -13 26 -1 -1 ]
CSI_DATA,STA,08:3A:F2:51:5D:9D,-50,11,1,0,1,1,1,0,0,0,0,-93,0,6,1,16378311,0,110,0,0,16.553044,384,[110 96 6 0 0 0 0 0 0 0 0 0 -5 -23 -5 -21 -7 -25 -4 -27 -4 -25 -2 -21 -2 -24 -1 -22 -2 -23 0 -24 1 -26 0 -26 1 -25 2 -24 3 -20 1 -26 2 -22 3 -21 2 -20 2 -19 2 -20 2 -21 4 -18 3 -20 3 -22 1 -19 0 0 1 -19 -1 -19 0 -20 -1 -18 1 -17 -1 -18 -1 -19 -2 -16 -2 -17 -4 -15 -4 -16 -1 -15 -3 -15 -4 -14 -4 -15 -6 -14 -5 -17 -6 -13 -6 -13 -7 -11 -5 -13 -6 -13 -6 -13 -7 -12 -4 -13 -6 -11 0 0 0 0 0 0 0 0 0 0 -1 -1 -1 -1 -1 21 -1 22 2 21 4 18 -7 15 -6 13 -6 14 -7 13 -5 13 -4 11 -4 13 -2 11 -2 13 -3 14 -4 13 -3 13 -2 14 -2 13 -2 10 0 12 1 11 -1 12 2 9 0 10 -1 10 2 10 -1 11 2 10 -1 12 1 11 5 10 0 10 1 10 1 8 1 9 0 9 1 8 0 7 0 7 0 7 0 7 -2 7 -1 6 -1 6 -2 5 -1 5 -2 4 -2 4 -2 3 -2 2 -2 2 -2 2 -2 1 -2 0 -1 -1 -2 -1 -2 -2 0 0 0 0 -1 -1 -1 -1 -1 -1 -1 -1 -1 -1 0 0 0 0 -1 -1 -1 -1 -21 -34 -20 -31 -24 -36 -20 -36 -21 -36 -15 -31 -18 -37 -16 -30 -22 -38 -14 -39 -15 -42 -14 -40 -15 -42 -14 -41 -11 -33 -14 -37 -15 -34 -13 -38 -12 -29 -11 -32 -8 -30 -14 -32 -8 -33 -10 -33 -8 -37 -11 -30 -21 -28 -10 -30 -12 -29 -12 -25 -13 -25 -11 -27 -15 -25 -13 -24 -15 -23 -17 -23 -14 -21 -16 -22 -13 -23 -16 -21 -15 -20 -19 -16 -15 -16 -19 -18 -15 -15 -17 -14 -16 -15 -18 -13 -18 -12 -17 -16 -17 -14 -16 -14 -15 -14 -23 -4 -26 -3 -24 -3 -26 3 -1 -1 ]
CSI_DATA,STA,08:3A:F2:51:5D:9D,-50,11,1,0,1,1,1,0,0,0,0,-93,0,6,1,16382672,0,110,0,0,16.563978,384,[110 96 6 0 0 0 0 0 0 0 0 0 11 17 12 16 14 18 12 21 11 19 8 17 10 19 8 17 9 18 8 19 8 21 9 21 8 21 7 21 5 18 9 21 6 18 5 18 6 17 5 17 5 17 6 18 3 16 5 17 5 19 6 16 0 0 6 16 8 15 8 16 8 14 5 14 7 14 7 14 7 13 8 13 9 10 9 11 7 11 8 11 9 9 9 9 10 9 11 11 9 7 10 8 9 6 9 8 10 7 10 7 10 7 8 7 8 6 0 0 0 0 0 0 0 0 0 0 -1 -1 -1 -1 -13 -17 -15 -18 -16 -14 -13 -11 -4 -14 -4 -13 -5 -14 -4 -14 -5 -13 -3 -10 -5 -12 -5 -9 -6 -11 -6 -11 -6 -12 -6 -11 -7 -12 -7 -11 -5 -9 -7 -9 -8 -8 -7 -9 -7 -7 -6 -8 -6 -8 -8 -7 -7 -8 -8 -7 -7 -9 -7 -7 -10 -4 -7 -7 -7 -7 -6 -6 -6 -6 -6 -7 -6 -6 -6 -6 -6 -6 -4 -6 -5 -5 -4 -6 -4 -6 -4 -6 -3 -5 -3 -4 -2 -4 -3 -4 -1 -4 -1 -3 -1 -3 0 -2 0 -3 0 -2 1 -2 1 -1 1 -1 0 0 0 0 -1 -1 -1 -1 -1 -1 -1 -1 -1 -1 0 0 0 0 0 0 -1 -1 29 14 27 13 31 15 28 17 30 16 23 14 28 19 23 13 32 16 27 20 29 22 27 21 30 22 27 22 21 18 26 20 26 16 25 21 21 15 21 17 18 17 23 16 20 18 20 17 22 22 21 16 31 6 20 15 21 15 20 12 19 11 20 13 21 9 19 10 20 9 22 7 17 7 21 7 20 9 21 6 20 5 19 0 17 4 20 3 17 3 17 0 17 2 17 -1 17 -1 19 2 18 1 17 1 16 1 18 -10 20 -13 19 -14 16 -18 -1 -1 ]
CSI_DATA,STA,08:3A:F2:51:5D:9D,-50,11,1,0,1,1,1,0,0,0,0,-93,0,6,1,16383231,0,110,0,0,16.573808,384,[110 96 6 0 0 0 0 0 0 0 0 0 -17 15 -16 15 -18 17 -22 16 -19 15 -18 12 -20 14 -18 12 -18 13 -20 11 -23 12 -22 13 -22 12 -22 10 -19 8 -22 13 -20 9 -20 8 -19 9 -17 8 -18 8 -19 9 -17 5 -19 8 -20 9 -17 9 0 0 -17 9 -16 10 -16 10 -14 10 -15 8 -14 10 -15 10 -13 9 -13 11 -10 10 -11 12 -11 9 -11 9 -9 10 -10 11 -9 12 -11 13 -7 12 -7 12 -5 11 -8 11 -7 11 -7 11 -6 12 -7 10 -5 10 0 0 0 0 0 0 0 0 0 0 -1 -1 -1 -1 17 -11 18 -13 15 -16 13 -14 15 -5 14 -4 14 -6 15 -4 13 -6 11 -5 12 -6 10 -7 12 -8 12 -7 13 -7 11 -8 12 -9 11 -8 9 -7 10 -9 8 -10 10 -9 7 -9 8 -8 8 -7 7 -8 8 -8 6 -9 9 -8 7 -9 4 -11 8 -9 7 -7 6 -7 6 -8 7 -7 6 -8 5 -7 5 -6 6 -6 5 -5 6 -5 6 -4 5 -4 5 -3 4 -4 4 -3 4 -3 3 -1 3 -2 2 0 2 -1 1 -1 1 1 0 1 0 1 0 1 0 0 0 0 -1 -1 -1 -1 -1 -1 -1 -1 -1 -1 0 0 0 0 0 0 -1 -1 -15 35 -13 33 -16 37 -19 35 -16 35 -16 29 -19 34 -15 29 -18 37 -22 32 -24 35 -23 33 -24 36 -25 33 -21 27 -22 31 -19 31 -24 30 -17 26 -20 25 -20 23 -18 28 -21 24 -20 25 -24 27 -18 26 -7 33 -17 25 -17 25 -14 24 -13 23 -16 23 -11 25 -12 23 -11 25 -9 25 -8 22 -8 24 -10 23 -7 24 -6 23 -2 23 -4 21 -4 24 -4 21 -1 20 -2 20 0 21 0 20 -3 22 -2 20 -1 19 -1 19 9 21 13 22 12 21 16 18 -1 -1 ]
CSI_DATA,STA,08:3A:F2:51:5D:9D,-50,11,1,0,1,1,1,0,0,0,0,-93,0,6,1,16383592,0,110,0,0,16.584105,384,[110 96 6 0 0 0 0 0 0 0 0 0 -23 0 -22 0 -26 1 -27 -3 -25 -2 -21 -3 -25 -3 -22 -4 -23 -3 -23 -5 -25 -6 -25 -5 -25 -6 -24 -7 -20 -7 -25 -5 -21 -6 -20 -7 -20 -6 -19 -6 -19 -6 -21 -6 -17 -8 -20 -7 -21 -7 -19 -5 0 0 -19 -5 -19 -2 -19 -3 -18 -2 -17 -4 -18 -2 -18 -3 -16 -2 -17 -1 -15 2 -16 1 -15 -1 -15 0 -14 2 -15 2 -14 3 -17 2 -13 4 -13 4 -12 5 -14 3 -13 3 -13 3 -13 4 -13 2 -11 4 0 0 0 0 0 0 0 0 0 0 -1 -1 -1 -1 19 -7 22 -8 18 -11 16 -10 12 2 11 2 13 2 12 3 11 1 9 1 11 0 9 -1 11 -2 11 0 11 0 11 -1 12 -2 11 -1 9 -1 10 -3 9 -4 10 -2 7 -3 9 -2 8 -2 8 -3 9 -3 8 -4 10 -2 8 -4 7 -9 8 -3 8 -3 6 -3 7 -3 7 -2 7 -3 6 -2 6 -3 6 -2 5 -2 5 -1 6 0 5 -1 5 -1 4 -1 3 0 3 0 2 0 2 0 2 1 1 0 1 0 1 1 0 1 -1 1 -1 0 0 0 0 0 -1 -1 -1 -1 -1 -1 -1 -1 -1 -1 0 0 0 0 0 0 -1 -1 -25 19 -23 18 -26 20 -26 17 -26 19 -22 14 -28 17 -22 14 -27 21 -30 15 -32 16 -30 16 -32 17 -30 15 -25 11 -29 14 -25 15 -29 13 -22 11 -25 11 -22 8 -24 14 -24 10 -25 10 -30 10 -23 12 -17 30 -22 11 -23 11 -19 12 -18 11 -20 11 -18 14 -18 12 -17 13 -16 15 -16 13 -16 15 -17 13 -14 15 -14 14 -10 16 -11 13 -12 16 -11 12 -8 13 -10 14 -8 14 -7 14 -11 15 -10 15 -8 13 -9 13 2 23 5 25 6 23 11 22 -1 -1 ]
CSI_DATA,STA,08:3A:F2:51:5D:9D,-50,11,1,0,1,1,1,0,0,0,0,-93,0,6,1,16383912,0,110,0,0,16.594420,384,[110 96 6 0 0 0 0 0 0 0 0 0 -19 -14 -18 -13 -21 -15 -20 -18 -19 -16 -15 -15 -17 -17 -16 -16 -16 -16 -16 -18 -17 -20 -18 -19 -17 -19 -15 -19 -12 -17 -17 -19 -13 -17 -12 -17 -13 -17 -12 -16 -12 -16 -13 -17 -9 -16 -12 -17 -13 -18 -13 -15 0 0 -13 -15 -14 -13 -14 -14 -13 -12 -11 -14 -13 -12 -13 -13 -12 -11 -14 -11 -13 -8 -14 -9 -12 -9 -12 -9 -13 -8 -13 -8 -14 -7 -15 -9 -13 -5 -13 -5 -13 -3 -13 -6 -13 -5 -13 -6 -13 -4 -12 -5 -12 -4 0 0 0 0 0 0 0 0 0 0 -1 -1 -1 -1 15 14 15 15 17 11 15 8 7 13 6 12 7 13 6 13 7 11 5 9 7 10 7 8 9 9 8 10 7 10 8 9 10 10 8 9 7 7 9 7 9 6 9 7 8 4 8 6 7 6 9 5 7 6 9 5 9 7 9 5 11 1 8 5 8 5 7 4 7 4 7 5 7 4 6 3 6 4 5 4 5 4 5 4 5 5 4 4 3 4 3 2 2 3 2 3 1 2 1 2 1 2 0 2 0 1 -1 1 -1 1 -2 0 -3 -1 0 0 0 0 -1 -1 -1 -1 -1 -1 -1 -1 -1 -1 0 0 0 0 0 0 -1 -1 -37 -8 -35 -7 -40 -8 -38 -11 -39 -10 -31 -10 -37 -13 -31 -9 -40 -11 -37 -16 -38 -18 -38 -16 -40 -17 -38 -18 -31 -15 -35 -15 -34 -13 -34 -16 -28 -11 -30 -14 -26 -14 -31 -11 -28 -15 -29 -15 -32 -19 -29 -12 -34 -1 -28 -13 -29 -11 -26 -8 -26 -7 -26 -10 -27 -6 -25 -7 -27 -5 -27 -4 -24 -4 -26 -3 -25 -5 -26 -3 -25 -3 -23 3 -21 0 -25 1 -20 1 -20 3 -20 2 -20 5 -20 4 -22 1 -21 2 -20 2 -20 2 -17 13 -19 17 -18 17 -14 21 -1 -1 ]
CSI_DATA,STA,08:3A:F2:51:5D:9D,-50,11,1,0,1,1,1,0,0,0,0,-93,0,6,1,16384314,0,110,0,0,16.605019,384,[110 96 6 0 0 0 0 0 0 0 0 0 -4 -23 -4 -22 -5 -25 -2 -27 -2 -25 -1 -21 -1 -24 -1 -22 -1 -23 1 -23 2 -26 0 -26 1 -25 2 -24 3 -20 1 -25 2 -22 4 -21 2 -20 2 -19 3 -20 2 -21 5 -18 3 -20 3 -22 1 -20 0 0 1 -20 -1 -19 0 -20 -2 -18 1 -17 -1 -18 -1 -19 -2 -16 -2 -18 -4 -14 -4 -16 -2 -15 -3 -15 -4 -14 -4 -14 -6 -14 -5 -16 -6 -12 -6 -13 -7 -11 -5 -13 -6 -13 -6 -13 -7 -13 -5 -12 -6 -11 0 0 0 0 0 0 0 0 0 0 -1 -1 -1 -1 2 21 3 22 6 20 7 17 -5 14 -4 12 -4 14 -5 13 -3 13 -3 10 -2 12 -1 10 0 12 -1 13 -2 13 -1 12 0 13 0 12 0 10 1 11 3 10 1 11 2 8 1 9 1 9 3 9 1 10 3 9 1 11 2 10 7 8 2 9 2 9 2 7 2 8 1 8 2 7 2 6 1 6 1 7 0 6 0 7 0 6 0 6 -1 5 -1 4 -1 4 -1 4 -2 2 -2 2 -2 2 -2 1 -2 1 -2 0 -2 -1 -3 -1 -2 -1 0 0 0 0 -1 -1 -1 -1 -1 -1 -1 -1 -1 -1 0 0 0 0 0 0 -1 -1 -22 -30 -21 -28 -24 -32 -21 -32 -22 -32 -17 -28 -19 -33 -18 -27 -23 -34 -16 -35 -17 -37 -17 -36 -19 -38 -17 -37 -14 -30 -15 -34 -17 -31 -14 -34 -13 -26 -13 -29 -11 -27 -16 -28 -11 -29 -12 -29 -11 -34 -13 -27 -26 -23 -12 -27 -14 -26 -14 -23 -14 -22 -13 -24 -16 -22 -15 -21 -17 -20 -18 -20 -16 -18 -16 -19 -15 -19 -17 -18 -16 -17 -19 -13 -16 -14 -20 -15 -16 -13 -17 -11 -16 -12 -18 -10 -18 -9 -18 -13 -17 -12 -16 -11 -16 -11 -23 -1 -25 1 -24 1 -25 7 -1 -1 ]
CSI_DATA,STA,08:3A:F2:51:5D:9D,-50,11,1,0,1,1,1,0,0,0,0,-93,0,6,1,16384805,0,110,0,0,16.615692,384,[110 96 6 0 0 0 0 0 0 0 0 0 18 -13 18 -13 20 -15 23 -13 21 -12 19 -10 21 -11 19 -9 20 -10 20 -9 23 -10 23 -11 22 -9 22 -8 19 -6 23 -9 20 -7 20 -5 19 -6 18 -6 19 -5 19 -6 17 -3 19 -6 20 -6 18 -7 0 0 18 -7 16 -8 17 -8 15 -8 16 -6 15 -8 16 -7 13 -7 14 -9 10 -10 12 -10 12 -8 12 -9 11 -10 11 -9 10 -11 12 -11 8 -10 9 -10 7 -11 9 -10 9 -10 9 -10 8 -11 8 -10 7 -10 0 0 0 0 0 0 0 0 0 0 -1 -1 -1 -1 -19 10 -20 10 -17 12 -14 12 -16 1 -15 1 -16 2 -16 1 -14 2 -12 1 -13 3 -11 4 -13 5 -14 4 -14 4 -13 4 -14 5 -12 4 -11 3 -11 6 -10 7 -11 5 -8 5 -10 5 -10 4 -9 6 -10 5 -9 6 -11 5 -9 6 -6 10 -9 6 -10 5 -8 5 -7 5 -8 4 -7 5 -7 4 -7 3 -7 4 -7 4 -7 3 -7 2 -7 1 -6 1 -5 2 -5 1 -5 1 -4 0 -4 0 -3 0 -3 -1 -2 -2 -2 -2 -2 -2 -1 -2 -1 -2 0 0 0 0 -1 -1 -1 -1 -1 -1 -1 -1 -1 -1 0 0 0 0 0 0 -1 -1 19 -32 17 -31 20 -34 22 -32 21 -32 19 -26 23 -30 18 -27 22 -34 26 -29 27 -31 26 -30 28 -32 27 -29 23 -24 25 -27 22 -28 25 -26 19 -23 22 -23 21 -20 20 -25 22 -21 22 -22 27 -23 20 -23 12 -32 20 -22 19 -23 15 -22 14 -21 17 -21 13 -23 14 -21 12 -23 11 -24 9 -22 10 -23 12 -21 10 -23 9 -22 4 -23 6 -20 6 -23 5 -19 3 -20 4 -20 2 -20 1 -20 5 -21 4 -21 3 -19 3 -19 -8 -21 -10 -24 -11 -23 -16 -20 -1 -1 ]
CSI_DATA,STA,08:3A:F2:51:5D:9D,-50,11,1,0,1,1,1,0,0,0,0,-93,0,6,1,16385215,0,110,0,0,16.626181,384,[110 96 6 0 0 0 0 0 0 0 0 0 19 11 19 10 22 11 22 14 20 13 16 12 19 13 17 12 18 12 17 14 18 16 19 16 18 16 17 16 14 14 19 15 15 14 14 14 14 14 13 12 14 13 15 13 11 13 14 14 15 15 14 12 0 0 14 12 15 10 16 11 15 8 12 10 14 8 14 9 13 7 14 7 13 4 14 5 12 6 13 6 14 3 13 4 14 2 16 4 12 1 13 1 12 0 13 2 13 1 13 1 13 0 12 1 11 0 0 0 0 0 0 0 0 0 0 0 -1 -1 -1 -1 -20 -9 -21 -10 -22 -6 -18 -4 -11 -12 -11 -10 -12 -11 -11 -12 -11 -10 -9 -8 -11 -8 -10 -6 -13 -7 -12 -8 -12 -8 -12 -7 -13 -7 -12 -7 -11 -6 -12 -4 -12 -3 -12 -5 -11 -3 -11 -4 -10 -5 -11 -3 -11 -4 -12 -2 -12 -4 -11 -3 -12 3 -11 -3 -11 -3 -10 -2 -10 -2 -10 -3 -10 -2 -9 -2 -9 -3 -8 -3 -8 -2 -7 -3 -7 -3 -7 -4 -6 -4 -5 -3 -4 -3 -5 -3 -3 -3 -3 -3 -2 -3 -2 -3 -2 -3 -1 -2 0 -3 0 -2 1 -2 0 0 -1 -1 -1 -1 -1 -1 -1 -1 -1 -1 -1 -1 -1 -1 0 0 0 0 -1 -1 35 0 33 -1 38 0 37 2 37 1 30 3 36 4 31 2 40 1 36 6 38 7 37 6 40 7 38 7 31 6 35 7 34 4 34 7 28 4 29 6 27 7 31 4 28 7 29 6 32 10 28 3 32 -10 28 4 28 3 26 1 24 0 26 2 25 -2 24 -1 25 -3 25 -4 22 -4 23 -4 23 -2 23 -5 23 -5 19 -9 19 -6 21 -8 18 -7 17 -9 18 -7 17 -11 16 -11 19 -9 18 -9 16 -9 17 -8 12 -18 13 -23 11 -22 7 -25 -1 -1 ]
CSI_DATA,STA,08:3A:F2:51:5D:9D,-50,11,1,0,1,1,1,0,0,0,0,-93,0,6,1,16387113,0,110,0,0,16.636346,384,[110 96 6 0 0 0 0 0 0 0 0 0 -23 -1 -22 0 -26 0 -27 -4 -25 -3 -21 -4 -24 -4 -22 -4 -23 -4 -23 -6 -25 -7 -25 -6 -24 -6 -23 -7 -20 -7 -25 -6 -21 -6 -20 -7 -20 -6 -19 -6 -19 -6 -20 -6 -17 -8 -20 -7 -21 -7 -19 -5 0 0 -19 -5 -19 -2 -20 -3 -18 -2 -17 -4 -18 -2 -18 -2 -16 -1 -18 -1 -15 2 -16 2 -15 0 -15 0 -14 2 -15 2 -15 3 -17 3 -13 4 -13 4 -12 5 -13 3 -13 4 -14 4 -13 5 -12 3 -11 4 0 0 0 0 0 0 0 0 0 0 -1 -1 -1 -1 21 -2 22 -2 21 -6 18 -5 14 4 13 4 14 3 14 5 13 3 11 2 13 2 11 0 13 0 13 0 13 1 12 0 14 -1 12 -1 11 -1 12 -2 12 -4 11 -1 9 -3 10 -2 10 -2 10 -3 10 -2 10 -4 11 -2 10 -3 9 -8 10 -3 10 -2 9 -3 8 -3 9 -2 9 -3 7 -2 7 -3 7 -2 6 -2 7 -1 7 -1 6 -1 6 -1 5 -1 4 0 4 0 3 0 2 0 2 1 1 1 1 0 1 1 0 1 -1 1 -2 1 0 0 -1 -1 -1 -1 -1 -1 -1 -1 -1 -1 -1 -1 -1 -1 0 0 0 0 -1 -1 -30 17 -29 17 -33 18 -34 16 -32 16 -29 12 -33 13 -28 13 -35 17 -34 11 -36 13 -35 13 -38 14 -35 12 -31 10 -34 10 -32 13 -34 8 -27 10 -30 8 -27 7 -29 11 -28 7 -29 9 -33 8 -27 10 -22 25 -28 9 -27 9 -24 11 -22 10 -25 10 -23 13 -22 11 -22 14 -22 15 -20 13 -19 15 -20 13 -19 15 -18 15 -14 16 -15 14 -17 16 -14 14 -13 14 -13 14 -11 16 -11 16 -14 15 -13 15 -12 14 -12 14 -2 22 0 26 0 25 4 25 -1 -1 ]
CSI_DATA,STA,08:3A:F2:51:5D:9D,-50,11,1,0,1,1,1,0,0,0,0,-93,0,6,1,16500268,0,110,0,0,16.666803,384,[110 96 6 0 0 0 0 0 0 0 0 0 16 -19 15 -19 17 -22 21 -21 19 -19 18 -15 19 -17 18 -16 18 -17 20 -15 22 -18 22 -18 21 -16 21 -15 19 -11 22 -17 19 -14 20 -12 18 -12 17 -12 18 -12 18 -13 18 -9 18 -12 19 -13 16 -13 0 0 16 -13 14 -15 15 -15 13 -14 15 -11 14 -13 14 -14 12 -13 12 -14 9 -14 9 -15 10 -12 10 -14 8 -14 8 -14 7 -15 8 -17 5 -14 5 -15 4 -14 6 -14 5 -14 5 -14 4 -15 5 -13 3 -13 0 0 0 0 0 0 0 0 0 0 -1 -1 -1 -1 -20 11 -21 12 -20 16 -15 13 -18 5 -17 5 -17 7 -18 5 -15 6 -14 5 -15 6 -12 7 -15 8 -14 7 -15 8 -14 8 -14 9 -13 9 -11 7 -11 9 -10 10 -12 8 -8 9 -10 8 -11 7 -9 9 -10 8 -8 10 -10 8 -9 10 -5 12 -9 9 -9 8 -7 8 -7 8 -9 7 -8 7 -7 6 -7 6 -8 6 -7 5 -7 5 -7 3 -7 3 -6 2 -6 3 -5 1 -5 1 -5 1 -4 0 -4 0 -4 -1 -3 -2 -2 -3 -1 -3 -1 -3 -1 -3 -1 -1 -1 -1 -1 -1 -1 -1 -1 -1 -1 -1 -1 -1 -1 -1 -1 -1 -1 -1 0 0 15 -41 14 -40 17 -43 19 -43 18 -40 18 -36 21 -40 17 -35 21 -43 25 -37 25 -41 25 -39 26 -43 25 -40 22 -33 24 -36 21 -39 25 -34 18 -32 22 -31 21 -28 19 -33 23 -28 21 -31 26 -32 18 -31 8 -37 19 -31 17 -30 13 -30 12 -28 16 -30 12 -31 12 -28 11 -30 9 -30 8 -26 7 -29 9 -28 6 -30 5 -29 0 -27 2 -26 2 -29 1 -25 0 -25 2 -24 -2 -25 -2 -25 1 -26 -1 -25 -1 -24 -1 -24 -9 -22 -15 -25 -14 -26 -18 -21 -1 -1 ]
CSI_DATA,STA,08:3A:F2:51:5D:9D,-50,11,1,0,1,1,1,0,0,0,0,-93,0,6,1,16503805,0,110,0,0,16.678079,384,[110 96 6 0 0 0 0 0 0 0 0 0 22 9 21 8 26 10 25 13 24 12 19 12 22 13 19 12 21 12 20 15 22 17 22 16 21 16 19 17 15 14 22 16 17 14 17 16 16 14 16 13 16 14 17 14 13 15 16 14 17 16 16 12 0 0 16 12 17 10 17 11 17 9 14 11 16 9 16 10 15 8 16 8 15 4 16 5 13 7 15 6 15 4 15 4 15 2 17 4 14 1 15 1 13 0 14 2 14 1 14 2 14 1 13 2 12 0 0 0 0 0 0 0 0 0 0 0 -1 -1 -1 -1 -19 -16 -19 -16 -22 -13 -18 -9 -11 -15 -10 -14 -12 -15 -11 -16 -11 -13 -9 -11 -11 -12 -11 -9 -13 -11 -12 -11 -12 -12 -12 -11 -14 -11 -12 -10 -11 -9 -12 -8 -13 -7 -12 -9 -12 -5 -11 -7 -10 -8 -12 -6 -11 -8 -13 -5 -12 -8 -12 -6 -13 -2 -12 -6 -11 -6 -10 -5 -10 -5 -10 -6 -11 -6 -9 -5 -9 -5 -8 -6 -7 -5 -6 -6 -7 -7 -6 -6 -5 -6 -5 -5 -4 -4 -4 -4 -2 -4 -2 -4 -1 -4 -1 -4 -1 -4 0 -3 1 -3 1 -2 2 -1 -1 -1 -1 -1 -1 -1 -1 -1 -1 -1 -1 -1 -1 -1 -1 -1 -1 -1 -1 -1 0 0 41 1 39 0 45 1 44 3 43 3 37 4 43 6 36 4 46 4 42 11 45 12 43 11 47 11 44 12 36 9 41 10 41 6 40 12 34 7 35 10 32 11 36 7 32 12 34 10 37 14 33 7 37 -3 33 8 32 6 30 4 29 3 30 5 31 1 29 3 30 0 31 -1 26 0 28 -2 28 1 29 -2 27 -3 24 -9 23 -6 26 -7 22 -6 22 -8 22 -6 22 -9 22 -10 24 -6 22 -7 21 -7 21 -7 17 -16 19 -21 19 -21 13 -23 -1 -1 ]
CSI_DATA,STA,08:3A:F2:51:5D:9D,-50,11,1,0,1,1,1,0,0,0,0,-93,0,6,1,16504139,0,110,0,0,16.688345,384,[110 96 6 0 0 0 0 0 0 0 0 0 9 19 9 18 10 21 8 24 8 21 5 19 7 21 6 19 7 20 4 21 4 24 5 24 4 23 3 23 2 19 5 23 3 20 2 19 2 19 3 18 2 18 3 19 0 17 2 19 2 20 3 17 0 0 3 18 5 17 5 18 6 15 3 15 5 15 5 16 5 14 6 15 7 12 7 13 4 13 6 13 7 11 7 11 8 11 9 13 8 9 8 9 9 7 8 10 8 9 8 10 9 9 7 9 7 8 0 0 0 0 0 0 0 0 0 0 -1 -1 -1 -1 3 -20 2 -22 -1 -21 -2 -19 5 -17 3 -16 2 -17 4 -17 2 -16 2 -13 1 -16 0 -13 0 -16 1 -16 1 -16 0 -15 -1 -16 -1 -15 0 -13 -3 -14 -3 -13 -2 -14 -4 -11 -2 -12 -1 -12 -3 -12 -1 -12 -4 -12 -2 -14 -3 -12 -5 -11 -3 -12 -3 -12 -3 -10 -3 -10 -1 -11 -3 -10 -3 -10 -2 -9 -1 -9 -1 -8 -1 -8 0 -8 0 -8 0 -7 0 -6 0 -5 0 -6 1 -4 1 -4 2 -3 2 -3 1 -2 2 -1 2 -1 2 0 2 1 -1 -1 0 0 0 0 -1 -1 -1 -1 -1 -1 0 0 0 0 -1 -1 -1 -1 -1 -1 23 31 23 29 26 33 23 34 24 33 18 29 21 35 19 30 24 36 17 37 19 39 18 38 19 41 17 39 14 32 18 36 18 33 15 36 15 28 13 31 11 29 16 31 10 31 13 31 11 36 14 29 19 26 13 29 15 28 16 25 15 23 14 26 17 23 15 23 17 23 18 22 16 18 18 19 16 20 18 19 17 18 20 13 17 14 21 16 16 13 19 12 17 12 20 11 19 10 19 14 18 12 17 11 16 11 20 6 24 4 23 4 25 -1 -1 -1 ]
CSI_DATA,STA,08:3A:F2:51:5D:9D,-50,11,1,0,1,1,1,0,0,0,0,-93,0,6,1,16511285,0,110,0,0,16.698139,384,[110 96 6 0 0 0 0 0 0 0 0 0 -24 8 -23 8 -26 10 -29 7 -26 7 -23 4 -26 5 -24 4 -24 5 -25 3 -29 2 -28 4 -27 2 -27 1 -23 -1 -28 3 -24 1 -23 -1 -23 0 -22 1 -22 0 -23 0 -20 -2 -23 -1 -24 -1 -21 1 0 0 -22 1 -20 3 -21 3 -19 4 -19 0 -19 3 -20 3 -18 3 -18 4 -15 6 -17 6 -16 3 -16 4 -15 6 -15 6 -15 8 -18 7 -13 8 -13 8 -11 8 -13 7 -13 7 -14 7 -13 8 -13 6 -11 7 0 0 0 0 0 0 0 0 0 0 -1 -1 -1 -1 23 -3 24 -4 22 -7 19 -8 17 3 15 3 16 2 16 4 15 2 12 2 14 1 13 -1 15 -2 15 0 15 0 14 -1 15 -1 14 -1 12 0 13 -3 13 -4 13 -2 10 -3 11 -2 11 -1 11 -4 11 -2 11 -4 13 -2 11 -4 10 -8 11 -4 11 -3 9 -3 9 -3 10 -1 10 -3 8 -2 8 -2 8 -1 7 -1 7 0 7 1 7 1 6 1 5 0 4 0 4 1 3 1 3 1 2 2 1 1 1 2 0 2 -1 2 -2 1 -2 1 -1 -1 0 0 0 0 -1 -1 -1 -1 -1 -1 0 0 0 0 -1 -1 -1 -1 -1 -1 -28 29 -26 27 -30 31 -32 28 -30 28 -27 22 -33 25 -27 23 -33 30 -35 24 -38 24 -36 24 -39 25 -38 23 -32 18 -34 22 -32 23 -35 20 -27 18 -31 17 -29 14 -29 20 -31 15 -31 16 -36 16 -28 18 -20 31 -28 17 -28 18 -24 18 -22 18 -26 16 -23 20 -22 17 -22 20 -20 21 -19 18 -19 20 -21 18 -18 21 -18 19 -12 22 -14 18 -15 22 -13 18 -11 19 -12 18 -10 21 -9 19 -14 20 -12 19 -11 18 -11 18 0 24 2 28 3 27 7 27 -1 -1 ]
CSI_DATA,STA,08:3A:F2:51:5D:9D,-50,11,1,0,1,1,1,0,0,0,0,-93,0,6,1,16559607,0,110,0,0,16.725965,384,[110 96 6 0 0 0 0 0 0 0 0 0 21 1 21 0 24 0 25 4 23 3 20 4 22 5 20 5 21 4 21 6 24 7 24 6 22 7 21 7 18 8 23 7 19 7 17 8 18 7 17 7 17 8 18 8 14 8 17 8 19 8 17 6 0 0 17 6 17 4 18 5 16 3 15 6 16 4 17 5 15 3 16 3 14 0 15 0 14 2 14 1 14 0 13 0 14 -2 16 -1 13 -2 13 -2 12 -3 13 -1 13 -2 13 -2 13 -3 12 -1 11 -3 0 0 0 0 0 0 0 0 0 0 -1 -1 -1 -1 -21 -6 -21 -6 -22 -3 -19 -2 -12 -10 -12 -9 -13 -9 -12 -10 -11 -8 -10 -7 -12 -7 -10 -5 -12 -6 -12 -6 -12 -7 -12 -5 -13 -6 -12 -5 -11 -5 -11 -4 -12 -3 -11 -5 -10 -1 -11 -4 -10 -4 -11 -3 -10 -4 -11 -2 -11 -4 -11 -3 -11 3 -11 -3 -10 -3 -9 -2 -9 -3 -9 -3 -9 -3 -8 -2 -8 -3 -7 -3 -7 -3 -7 -4 -6 -3 -6 -3 -5 -4 -5 -3 -4 -4 -4 -3 -3 -3 -2 -4 -1 -3 -1 -3 -1 -3 0 -2 0 -2 1 -2 1 -2 0 0 0 0 -1 -1 -1 -1 -1 -1 -1 -1 -1 -1 0 0 0 0 -1 -1 -1 -1 30 -15 30 -15 33 -16 34 -14 32 -14 29 -11 34 -11 29 -11 36 -14 34 -8 38 -9 36 -9 38 -10 37 -8 31 -6 34 -7 33 -10 34 -5 28 -7 30 -5 27 -3 30 -7 28 -2 29 -5 33 -3 28 -6 26 -20 28 -5 26 -5 25 -8 23 -7 25 -6 24 -9 24 -7 23 -10 22 -10 20 -8 21 -11 21 -9 21 -12 20 -11 16 -14 17 -12 18 -14 16 -11 15 -13 16 -11 14 -14 14 -13 16 -12 15 -13 14 -12 15 -11 8 -19 7 -25 6 -25 2 -25 -1 -1 ]
CSI_DATA,STA,08:3A:F2:51:5D:9D,-51,11,1,0,1,1,1,0,0,0,0,-93,0,6,1,16585080,0,110,0,0,16.752288,384,[110 96 6 0 0 0 0 0 0 0 0 0 18 -16 17 -16 19 -19 23 -17 20 -16 19 -12 21 -14 19 -13 20 -14 21 -12 24 -13 23 -13 23 -12 23 -11 20 -8 23 -13 20 -10 20 -8 19 -9 19 -9 19 -8 20 -9 18 -6 19 -8 21 -9 18 -10 0 0 18 -10 16 -11 17 -11 15 -11 16 -9 15 -11 16 -11 13 -10 14 -11 10 -11 11 -12 12 -10 12 -11 10 -12 10 -12 9 -13 11 -14 7 -12 8 -13 6 -12 8 -12 7 -13 8 -12 7 -13 8 -11 6 -12 0 0 0 0 0 0 0 0 0 0 -1 -1 -1 -1 -17 17 -17 16 -14 19 -10 17 -15 4 -14 5 -15 5 -16 5 -13 5 -11 4 -12 6 -9 6 -11 8 -12 7 -12 7 -11 7 -12 8 -11 7 -9 6 -9 7 -8 9 -9 7 -7 7 -8 6 -8 6 -7 8 -8 6 -7 8 -9 7 -7 8 -3 12 -7 8 -8 6 -6 6 -7 6 -7 6 -6 6 -6 5 -7 5 -6 4 -5 4 -7 4 -6 3 -6 3 -5 2 -5 2 -4 1 -5 1 -4 0 -3 0 -3 -1 -3 -1 -3 -2 -2 -2 -2 -3 -1 -3 0 -3 0 0 -1 -1 -1 -1 -1 -1 -1 -1 -1 -1 -1 -1 -1 -1 0 0 0 0 -1 -1 9 -34 7 -34 10 -37 11 -37 11 -34 11 -30 14 -33 9 -30 11 -38 15 -33 17 -36 16 -34 17 -38 17 -35 14 -30 16 -31 13 -33 17 -30 12 -27 14 -27 14 -25 12 -29 15 -25 14 -27 18 -29 12 -27 -3 -36 13 -27 12 -26 9 -25 8 -23 10 -26 7 -25 8 -24 5 -26 3 -26 4 -22 4 -24 5 -23 3 -24 3 -24 -3 -22 1 -21 0 -23 0 -20 -2 -20 -1 -20 -3 -20 -4 -20 -1 -22 -1 -21 -2 -19 -2 -20 -15 -19 -20 -21 -20 -20 -22 -16 -1 -1 ]
CSI_DATA,STA,08:3A:F2:51:5D:9D,-51,11,1,0,1,1,1,0,0,0,0,-93,0,6,1,16585638,0,110,0,0,16.763364,384,[110 96 6 0 0 0 0 0 0 0 0 0 15 19 14 18 17 20 15 24 14 21 11 19 12 21 11 20 12 20 10 21 11 25 12 24 11 23 10 23 7 20 12 23 9 21 7 20 8 20 8 18 7 19 8 20 5 18 7 20 8 21 9 18 0 0 9 18 10 16 10 17 11 15 8 16 10 15 9 16 9 13 11 14 11 10 12 12 9 12 10 11 12 10 11 10 12 9 13 11 12 7 12 8 12 6 11 8 12 7 12 8 12 6 11 7 11 6 0 0 0 0 0 0 0 0 0 0 -1 -1 -1 -1 -13 -21 -13 -20 -17 -18 -14 -15 -4 -17 -5 -16 -6 -17 -5 -18 -5 -15 -5 -13 -6 -14 -7 -12 -8 -14 -7 -13 -7 -14 -8 -13 -9 -14 -9 -13 -7 -12 -8 -11 -10 -11 -8 -12 -9 -9 -8 -10 -7 -10 -9 -10 -7 -10 -10 -8 -9 -11 -9 -9 -12 -5 -9 -9 -8 -9 -8 -8 -7 -8 -7 -9 -8 -8 -7 -7 -7 -7 -5 -8 -5 -6 -5 -7 -5 -7 -4 -7 -3 -7 -3 -6 -2 -5 -2 -5 -1 -5 -1 -4 0 -4 0 -4 0 -3 1 -2 1 -2 2 -1 2 0 0 0 -1 -1 -1 -1 -1 -1 -1 -1 -1 -1 -1 -1 -1 -1 0 0 0 0 -1 -1 35 15 34 13 37 17 37 19 34 18 30 16 33 21 30 15 37 20 32 22 35 23 34 22 36 23 34 23 29 20 31 23 33 20 29 24 27 17 26 20 24 20 28 19 23 19 26 19 28 23 26 17 35 5 26 18 25 17 26 14 22 13 25 15 26 12 24 12 26 10 26 9 22 7 25 7 24 9 25 7 25 6 23 1 23 3 25 4 22 2 22 1 21 2 22 -1 21 -1 22 1 22 1 20 0 21 1 21 -10 24 -15 24 -16 20 -17 -1 -1 ]
CSI_DATA,STA,08:3A:F2:51:5D:9D,-51,11,1,0,1,1,1,0,0,0,0,-93,0,6,1,16586174,0,110,0,0,16.773449,384,[110 96 6 0 0 0 0 0 0 0 0 0 1 21 1 21 1 23 -2 26 -1 22 -3 20 -3 22 -3 20 -3 21 -4 21 -5 24 -4 24 -4 23 -6 22 -6 19 -4 23 -5 20 -6 18 -6 19 -5 17 -6 18 -5 19 -7 15 -6 18 -6 19 -4 18 0 0 -4 18 -2 17 -3 18 -1 16 -4 15 -2 16 -2 17 -1 15 -1 16 1 14 1 15 0 13 1 14 2 13 1 13 3 14 2 15 4 12 4 12 4 10 3 12 3 11 3 12 5 11 3 11 4 10 0 0 0 0 0 0 0 0 0 0 -1 -1 -1 -1 5 -19 5 -20 1 -21 2 -18 7 -14 7 -13 6 -14 8 -14 6 -13 5 -12 5 -13 3 -12 3 -14 3 -14 3 -14 2 -14 2 -15 2 -13 2 -11 1 -13 0 -14 2 -13 0 -11 1 -11 1 -11 0 -11 1 -11 -1 -11 1 -12 -1 -12 -4 -11 0 -12 1 -11 0 -10 0 -10 1 -10 0 -10 0 -9 0 -9 1 -8 0 -8 1 -8 2 -7 2 -7 2 -6 1 -6 2 -5 2 -4 2 -4 2 -3 2 -2 2 -2 2 -2 2 0 2 0 1 1 1 1 0 0 -1 -1 -1 -1 -1 -1 -1 -1 -1 -1 -1 -1 -1 -1 0 0 0 0 -1 -1 15 32 15 31 15 35 13 37 13 35 10 31 11 36 11 30 13 38 8 36 10 38 9 37 10 40 8 38 6 32 7 35 9 35 5 35 6 29 5 31 3 29 7 31 3 29 6 30 3 34 7 28 18 26 5 29 6 28 8 26 7 24 7 27 9 25 8 23 10 24 11 24 10 20 12 21 10 21 12 21 12 20 14 16 12 17 14 19 12 16 14 14 13 15 15 14 14 13 13 16 14 14 13 13 13 14 19 8 24 7 24 6 23 3 -1 -1 ]
CSI_DATA,STA,08:3A:F2:51:5D:9D,-51,11,1,0,1,1,1,0,0,0,0,-93,0,6,1,16586610,0,110,0,0,16.783159,384,[110 96 6 0 0 0 0 0 0 0 0 0 -11 22 -11 21 -12 24 -16 24 -14 22 -14 18 -15 20 -14 18 -14 19 -16 18 -18 21 -17 21 -17 20 -18 19 -17 15 -17 20 -16 17 -17 15 -16 15 -15 14 -16 15 -16 16 -15 12 -16 15 -17 16 -14 15 0 0 -14 15 -12 16 -13 17 -10 15 -13 13 -11 15 -12 15 -10 14 -10 15 -5 13 -7 16 -8 13 -8 14 -6 14 -6 14 -4 15 -6 17 -3 14 -4 14 -2 13 -4 14 -3 14 -4 14 -2 14 -4 12 -2 12 0 0 0 0 0 0 0 0 0 0 -1 -1 -1 -1 8 -9 9 -8 7 -11 6 -8 7 -5 6 -5 7 -5 8 -5 6 -5 5 -4 6 -5 4 -5 6 -6 5 -5 5 -5 5 -5 5 -6 5 -6 5 -6 4 -5 4 -7 3 -5 2 -5 3 -6 4 -5 2 -6 4 -6 2 -7 2 -7 1 -6 -2 -3 2 -3 -2 -4 -6 -12 -8 6 5 0 0 -6 4 -4 2 -3 2 -5 3 -3 3 -4 3 -4 2 -4 2 -3 2 -3 2 -3 2 -1 2 -1 1 -1 1 -1 1 0 0 0 1 0 0 0 0 0 -1 1 0 0 -1 -1 -1 -1 -1 -1 -1 -1 -1 -1 -1 -1 -1 -1 0 0 0 0 -1 -1 -3 20 -2 20 -3 21 -4 22 -4 20 -4 18 -5 20 -4 18 -5 22 -7 19 -7 21 -6 21 -7 22 -7 21 -7 18 -8 19 -6 20 -9 18 -6 16 -7 16 -7 15 -6 17 -7 15 -7 16 -8 17 -5 16 0 17 -6 16 -6 15 -4 15 -4 13 -5 15 -3 15 -3 14 -2 15 -2 14 -1 12 -1 14 -2 13 0 14 0 14 2 12 1 12 1 13 1 11 2 11 1 11 3 11 3 11 1 11 2 11 2 10 2 11 6 9 8 11 9 10 9 8 -1 -1 ]
CSI_DATA,STA,08:3A:F2:51:5D:9D,-50,11,1,0,1,1,1,0,0,0,0,-93,0,6,1,16590553,0,110,0,0,16.793035,384,[110 96 6 0 0 0 0 0 0 0 0 0 0 -25 0 -24 0 -27 4 -29 3 -26 5 -23 5 -26 5 -24 5 -24 6 -24 7 -27 6 -28 7 -26 8 -25 8 -21 7 -27 8 -23 9 -21 8 -21 7 -19 8 -21 8 -21 9 -17 8 -20 8 -22 6 -20 0 0 7 -20 4 -20 5 -21 3 -19 6 -18 4 -19 4 -19 3 -17 3 -19 -1 -16 -1 -18 1 -16 1 -17 -1 -17 -1 -16 -2 -17 -1 -19 -3 -15 -3 -15 -4 -14 -2 -16 -3 -15 -3 -15 -4 -15 -2 -14 -4 -13 0 0 0 0 0 0 0 0 0 0 -1 -1 -1 -1 -17 15 -17 16 -15 19 -13 16 -16 11 -15 11 -14 12 -17 11 -13 11 -12 10 -12 12 -10 11 -12 13 -11 12 -12 12 -10 13 -11 14 -10 13 -9 11 -8 13 -7 14 -10 12 -6 12 -8 10 -8 10 -7 11 -8 11 -5 12 -8 11 -6 12 -4 12 -7 12 -7 10 -6 10 -6 9 -7 9 -6 9 -6 8 -6 7 -7 7 -6 7 -7 7 -6 5 -6 5 -6 4 -6 4 -6 3 -5 2 -6 1 -5 1 -5 0 -4 -1 -3 -1 -3 -2 -2 -3 -2 -3 -2 -4 -1 -1 0 0 0 0 -1 -1 -1 -1 -1 -1 0 0 0 0 -1 -1 -1 -1 -1 -1 -8 -44 -10 -44 -8 -47 -6 -50 -5 -46 -4 -41 -2 -47 -4 -41 -3 -50 1 -46 0 -50 -1 -48 0 -51 2 -49 3 -43 3 -45 1 -48 7 -44 2 -39 5 -39 5 -38 3 -40 6 -37 2 -39 6 -42 -1 -38 -6 -37 3 -38 2 -36 -1 -36 -1 -31 1 -36 -2 -34 -2 -33 -3 -34 -4 -34 -6 -28 -7 -30 -5 -29 -8 -31 -8 -30 -11 -27 -9 -27 -10 -29 -10 -25 -10 -24 -9 -24 -13 -25 -12 -24 -10 -25 -11 -23 -11 -23 -10 -23 -14 -19 -20 -21 -21 -21 -21 -17 -1 -1 ]
CSI_DATA,STA,08:3A:F2:51:5D:9D,-51,11,1,0,1,1,1,0,0,0,0,-93,0,6,1,16593738,0,110,0,0,16.803657,384,[110 96 6 0 0 0 0 0 0 0 0 0 11 -22 10 -21 12 -25 15 -25 14 -23 13 -19 15 -21 14 -19 14 -20 16 -19 18 -22 17 -22 17 -21 17 -19 16 -15 17 -22 16 -17 16 -16 15 -16 14 -15 15 -15 15 -16 15 -13 15 -16 16 -17 13 -17 0 0 14 -16 11 -17 12 -17 10 -17 12 -14 10 -16 11 -16 9 -15 9 -17 5 -15 6 -17 7 -14 7 -15 5 -16 5 -15 3 -17 5 -18 2 -15 3 -16 1 -14 3 -15 2 -15 2 -15 1 -16 3 -14 1 -14 0 0 0 0 0 0 0 0 0 0 -1 -1 -1 -1 -13 19 -12 19 -10 23 -7 19 -14 9 -13 10 -13 10 -14 10 -12 9 -10 9 -11 10 -8 10 -10 12 -10 10 -11 11 -9 10 -9 12 -8 11 -8 9 -7 11 -6 12 -8 11 -4 10 -6 9 -7 9 -6 10 -7 9 -4 10 -7 10 -5 11 0 13 -5 10 -6 9 -4 9 -5 9 -5 8 -5 8 -5 7 -5 7 -5 7 -5 6 -5 6 -5 5 -5 4 -5 4 -4 4 -4 2 -4 2 -4 2 -4 1 -3 0 -3 0 -3 -1 -2 -2 -2 -3 -2 -2 -2 -3 0 0 -1 -1 -1 -1 -1 -1 -1 -1 -1 -1 -1 -1 -1 -1 0 0 0 0 -1 -1 -2 -38 -3 -38 -1 -41 0 -42 1 -39 1 -36 4 -40 1 -34 1 -43 7 -39 6 -43 5 -41 5 -44 5 -42 5 -36 7 -38 3 -40 9 -37 4 -33 7 -33 8 -31 4 -34 8 -31 6 -32 9 -36 3 -32 -13 -35 5 -33 4 -31 1 -30 1 -27 2 -31 -1 -30 1 -28 -2 -29 -4 -29 -3 -24 -5 -27 -3 -26 -5 -27 -6 -27 -9 -23 -7 -23 -8 -25 -8 -22 -8 -21 -7 -22 -10 -21 -10 -20 -8 -22 -9 -21 -9 -20 -8 -21 -18 -15 -24 -15 -25 -16 -24 -10 -1 -1 ]
CSI_DATA,STA,08:3A:F2:51:5D:9D,-51,11,1,0,1,1,1,0,0,0,0,-93,0,6,1,16594381,0,110,0,0,16.814200,384,[110 96 6 0 0 0 0 0 0 0 0 0 21 5 20 4 23 5 24 8 22 7 18 8 21 9 18 8 20 8 19 10 22 11 22 10 21 10 20 11 16 10 21 10 18 9 16 10 17 10 15 9 15 10 16 10 13 10 16 10 17 11 16 8 0 0 16 8 16 6 17 7 15 5 14 7 15 6 16 6 14 5 15 4 13 2 15 2 13 3 14 3 14 1 13 1 14 -1 16 1 12 -1 13 -1 12 -2 13 0 13 -1 13 -1 13 -2 12 -1 11 -2 0 0 0 0 0 0 0 0 0 0 -1 -1 -1 -1 -20 -8 -20 -8 -22 -4 -18 -3 -12 -10 -12 -10 -13 -10 -12 -11 -11 -8 -10 -7 -11 -7 -10 -5 -13 -6 -12 -7 -12 -7 -12 -6 -14 -6 -12 -5 -11 -5 -12 -4 -13 -2 -12 -5 -11 -2 -11 -4 -10 -5 -11 -2 -10 -4 -11 -2 -11 -4 -11 -2 -11 3 -11 -2 -10 -3 -10 -2 -9 -2 -9 -3 -9 -3 -8 -2 -8 -3 -7 -3 -7 -2 -7 -3 -7 -4 -6 -4 -5 -4 -5 -3 -4 -3 -4 -4 -3 -3 -2 -3 -2 -3 -1 -3 -1 -3 0 -3 0 -3 1 -2 1 -2 0 0 -1 -1 -1 -1 -1 -1 -1 -1 -1 -1 -1 -1 -1 -1 0 0 0 0 -1 -1 34 -8 32 -9 36 -9 37 -6 35 -5 31 -4 36 -3 30 -4 39 -6 36 0 38 -2 36 -2 39 -3 38 -1 32 0 35 0 34 -4 34 1 29 -2 30 1 27 2 30 -2 28 2 30 0 33 3 28 -2 29 -16 28 -1 27 -1 26 -4 23 -3 26 -3 26 -5 24 -4 24 -7 24 -7 20 -6 22 -8 22 -6 22 -9 22 -9 18 -12 18 -10 20 -11 17 -10 16 -11 17 -10 16 -12 15 -12 17 -11 16 -12 15 -11 16 -11 10 -18 10 -24 8 -24 5 -24 -1 -1 ]
CSI_DATA,STA,08:3A:F2:51:5D:9D,-50,11,1,0,1,1,1,0,0,0,0,-93,0,6,1,16594751,0,110,0,0,16.824429,384,[110 96 6 0 0 0 0 0 0 0 0 0 12 20 12 19 15 22 12 25 12 23 9 21 10 23 8 22 9 22 8 23 8 26 9 26 8 25 7 25 4 21 9 25 6 22 4 22 5 21 5 20 4 20 5 21 2 19 5 21 5 22 6 19 0 0 6 19 8 18 8 19 8 17 5 17 7 17 7 18 7 15 8 16 9 12 10 13 7 13 8 13 10 12 9 11 11 11 12 13 10 9 11 10 10 8 10 10 10 9 10 10 12 8 9 9 10 7 0 0 0 0 0 0 0 0 0 0 -1 -1 -1 -1 -13 -20 -14 -20 -19 -18 -14 -15 -3 -16 -4 -15 -5 -16 -4 -17 -4 -14 -4 -13 -4 -13 -5 -11 -6 -14 -6 -14 -6 -13 -6 -12 -8 -13 -8 -13 -7 -12 -7 -11 -9 -10 -7 -11 -8 -9 -7 -10 -6 -10 -8 -9 -7 -10 -9 -8 -7 -10 -8 -9 -13 -5 -8 -9 -7 -9 -7 -8 -7 -8 -6 -9 -7 -8 -6 -7 -6 -7 -4 -7 -4 -6 -4 -7 -4 -7 -3 -7 -3 -6 -2 -5 -1 -5 -2 -5 0 -4 0 -4 1 -3 1 -3 0 -3 1 -2 1 -2 2 -1 2 0 -1 -1 -1 -1 -1 -1 -1 -1 -1 -1 -1 -1 -1 -1 -1 -1 -1 -1 -1 -1 0 0 33 15 32 14 34 18 35 20 32 19 29 18 30 22 28 18 35 22 29 24 32 24 31 23 34 24 32 24 27 21 27 23 31 21 26 24 24 18 23 21 21 21 26 20 21 21 24 19 25 24 24 17 36 4 24 19 23 17 24 14 21 13 23 16 24 13 22 13 24 11 24 10 20 9 23 8 22 10 24 7 24 7 22 1 21 4 23 4 20 4 21 2 20 4 21 1 20 1 21 4 21 1 19 1 20 2 20 -10 23 -17 24 -16 20 -19 -1 -1 ]
CSI_DATA,STA,08:3A:F2:51:5D:9D,-50,11,1,0,1,1,1,0,0,0,0,-93,0,6,1,16790222,0,110,0,0,16.957154,384,[110 96 6 0 0 0 0 0 0 0 0 0 2 24 2 23 3 27 0 29 0 26 -1 22 -1 25 -2 23 -1 24 -4 24 -4 27 -3 27 -4 26 -5 25 -6 21 -3 27 -4 23 -6 21 -5 21 -4 20 -5 20 -4 22 -7 18 -5 21 -5 22 -3 20 0 0 -3 20 -1 20 -1 20 0 18 -3 18 0 18 -2 19 0 17 1 18 2 16 3 16 1 15 2 16 4 15 3 14 5 15 4 17 5 13 6 13 6 12 5 14 5 13 5 13 7 12 4 13 5 11 0 0 0 0 0 0 0 0 0 0 -1 -1 -1 -1 -3 -24 -4 -23 -8 -24 -7 -20 4 -16 3 -16 2 -16 4 -16 2 -14 2 -13 2 -14 0 -13 0 -15 0 -14 0 -15 -1 -14 -2 -16 -1 -14 -1 -13 -2 -13 -4 -14 -1 -14 -3 -11 -2 -12 -1 -12 -3 -12 -2 -12 -5 -11 -2 -13 -4 -12 -10 -9 -3 -12 -2 -11 -3 -10 -3 -10 -2 -11 -2 -10 -2 -9 -2 -9 -2 -9 -2 -8 -1 -9 -1 -8 0 -7 0 -7 -1 -7 0 -6 0 -5 0 -5 0 -5 1 -3 1 -3 2 -3 1 -2 1 -1 1 -1 2 0 0 0 -1 -1 -1 -1 -1 -1 -1 -1 -1 -1 -1 -1 -1 -1 0 0 0 0 -1 -1 22 30 22 28 22 32 21 34 19 32 17 28 17 34 17 28 21 35 15 35 18 37 17 35 20 37 17 36 14 31 14 34 18 32 12 34 13 28 11 30 9 28 14 29 9 28 12 28 11 33 14 26 30 20 13 28 12 26 14 23 12 22 14 25 16 23 13 22 16 21 17 21 15 18 17 18 15 19 19 17 18 17 19 12 17 14 19 15 16 13 17 12 16 13 18 10 17 9 17 12 18 11 16 10 17 11 23 0 29 -4 28 -4 25 -6 -1 -1 ]
CSI_DATA,STA,08:3A:F2:51:5D:9D,-45,11,0,0,0,0,0,0,0,0,0,-93,0,6,1,16791586,0,110,0,0,16.968448,128,[110 96 6 0 0 0 0 0 0 0 0 0 -1 -25 0 -25 -1 -27 -1 -28 1 -26 2 -24 2 -25 3 -23 3 -25 4 -25 3 -26 4 -26 3 -25 3 -24 4 -22 3 -25 5 -22 5 -21 4 -21 4 -21 4 -20 4 -21 4 -18 2 -20 2 -21 2 -20 0 0 1 -19 0 -19 0 -19 0 -18 0 -17 -1 -18 -1 -18 -1 -16 -3 -17 -1 -16 -3 -17 -2 -15 -3 -16 -3 -16 -3 -15 -4 -15 -5 -16 -4 -15 -4 -14 -4 -14 -4 -14 -5 -14 -5 -14 -6 -14 -5 -13 -5 -12 0 0 0 0 0 0 0 0 0 0 ]
CSI_DATA,STA,08:3A:F2:51:5D:9D,-50,11,1,0,1,1,1,0,0,0,0,-93,0,6,1,16792141,0,110,0,0,16.972469,384,[110 96 6 0 0 0 0 0 0 0 0 0 21 -5 20 -5 23 -6 25 -4 23 -4 20 -2 22 -2 21 -1 21 -2 22 0 24 0 24 -1 23 0 23 1 19 2 24 0 20 1 19 2 19 2 18 1 18 2 19 2 16 4 19 2 20 2 18 0 0 0 18 1 17 -2 18 -1 16 -2 16 0 16 -1 17 -1 15 -2 16 -3 13 -5 14 -5 14 -3 14 -4 13 -5 13 -5 13 -6 15 -6 11 -6 12 -7 10 -7 12 -6 11 -6 12 -6 11 -7 11 -6 9 -6 0 0 0 0 0 0 0 0 0 0 -1 -1 -1 -1 -22 -3 -21 -3 -23 1 -18 1 -15 -7 -15 -6 -15 -6 -16 -7 -14 -5 -12 -4 -14 -4 -12 -2 -15 -2 -14 -3 -14 -3 -14 -2 -15 -2 -14 -2 -13 -2 -13 -1 -14 1 -12 -2 -12 1 -12 -1 -12 -1 -12 0 -11 -1 -12 2 -13 0 -12 1 -11 5 -12 1 -11 0 -11 1 -10 0 -11 0 -10 0 -9 0 -9 -1 -9 -1 -8 0 -8 -1 -8 -2 -7 -2 -7 -2 -6 -1 -5 -2 -5 -2 -4 -2 -4 -3 -3 -3 -2 -2 -2 -3 -2 -3 -1 -3 0 -2 1 -2 0 0 -1 -1 -1 -1 -1 -1 -1 -1 -1 -1 -1 -1 -1 -1 0 0 0 0 -1 -1 31 -21 30 -22 33 -22 35 -21 32 -19 30 -17 34 -17 29 -16 37 -20 35 -13 37 -16 36 -15 39 -17 38 -15 32 -13 35 -13 35 -16 34 -10 29 -13 30 -11 29 -9 30 -13 28 -8 29 -11 34 -10 28 -13 24 -23 29 -12 26 -11 25 -14 22 -12 26 -13 24 -14 23 -13 23 -15 22 -16 18 -14 19 -16 20 -15 20 -17 19 -17 14 -18 15 -17 16 -18 14 -17 13 -17 14 -16 12 -18 12 -18 14 -17 13 -17 12 -16 12 -16 4 -20 4 -25 3 -27 0 -24 -1 -1 ]
CSI_DATA,STA,08:3A:F2:51:5D:9D,-50,11,1,0,1,1,1,0,0,0,0,-93,0,6,1,16792758,0,110,0,0,16.982984,384,[110 96 6 0 0 0 0 0 0 0 0 0 -2 20 -2 19 -1 22 -4 23 -4 21 -5 18 -5 21 -6 19 -4 19 -6 19 -8 22 -7 22 -7 21 -8 20 -8 16 -7 21 -7 18 -8 17 -7 17 -7 16 -8 16 -7 17 -8 14 -7 17 -8 17 -6 16 0 0 -6 16 -4 16 -4 16 -3 15 -5 14 -4 15 -4 15 -3 14 -3 15 0 13 0 14 -2 13 -1 13 0 12 1 13 2 13 1 15 2 12 2 12 3 10 1 12 2 11 2 12 3 11 1 11 2 10 0 0 0 0 0 0 0 0 0 0 -1 -1 -1 -1 5 -20 5 -19 2 -20 1 -17 8 -13 7 -12 7 -13 8 -13 6 -12 5 -10 5 -12 3 -11 4 -13 4 -12 4 -12 4 -12 3 -13 3 -12 3 -11 2 -11 1 -12 2 -12 0 -10 2 -10 2 -10 1 -11 2 -10 -1 -11 2 -11 0 -11 -4 -10 1 -11 1 -10 0 -9 0 -9 1 -9 1 -9 0 -8 1 -8 1 -7 1 -7 2 -7 1 -6 2 -6 2 -5 1 -5 2 -4 1 -4 2 -3 2 -3 2 -2 2 -2 1 -1 1 0 1 0 1 1 1 1 0 0 -1 -1 -1 -1 -1 -1 -1 -1 -1 -1 -1 -1 -1 -1 0 0 0 0 -1 -1 12 30 12 29 12 32 10 33 9 32 7 28 7 33 7 28 10 35 4 33 5 35 5 35 6 37 5 35 3 30 3 32 6 32 2 32 4 27 2 28 0 27 5 29 0 27 3 28 1 31 4 26 17 25 3 27 4 25 6 23 5 22 5 25 7 23 6 22 8 22 9 22 7 19 10 20 8 20 10 20 10 19 12 15 10 16 12 18 10 15 12 14 11 15 12 14 12 13 11 15 11 14 11 13 11 14 17 7 22 6 22 6 21 2 -1 -1 ]
CSI_DATA,STA,08:3A:F2:51:5D:9D,-51,11,1,0,1,1,1,0,0,0,0,-93,0,6,1,16793072,0,110,0,0,16.992682,384,[110 96 6 0 0 0 0 0 0 0 0 0 -15 16 -14 15 -16 19 -19 17 -18 17 -16 13 -18 15 -17 12 -17 14 -19 12 -22 14 -21 15 -20 13 -20 12 -18 9 -21 14 -18 11 -19 9 -17 10 -17 9 -17 9 -18 10 -17 6 -18 9 -19 9 -16 10 0 0 -16 10 -15 11 -15 11 -13 11 -14 8 -13 10 -14 10 -12 10 -13 11 -9 11 -10 12 -11 9 -10 10 -8 11 -9 11 -8 12 -10 13 -7 11 -7 12 -5 11 -7 11 -6 11 -7 11 -6 12 -7 10 -5 10 0 0 0 0 0 0 0 0 0 0 -1 -1 -1 -1 14 -15 15 -15 12 -18 10 -16 13 -6 12 -6 12 -7 13 -6 11 -6 10 -6 11 -7 8 -7 10 -9 10 -8 11 -8 9 -8 10 -10 9 -9 8 -7 8 -9 7 -10 8 -9 5 -8 7 -8 8 -7 6 -8 7 -8 5 -9 7 -8 6 -9 2 -12 6 -9 6 -8 5 -7 5 -8 6 -7 5 -7 5 -6 5 -6 5 -6 4 -6 4 -5 5 -4 5 -4 4 -3 3 -4 3 -2 3 -3 3 -2 3 -2 2 -1 2 -1 2 0 1 1 1 1 0 1 0 1 0 0 -1 -1 -1 -1 -1 -1 -1 -1 -1 -1 -1 -1 -1 -1 0 0 0 0 -1 -1 -8 33 -6 32 -9 35 -11 34 -11 33 -10 29 -13 33 -10 28 -11 37 -16 31 -16 34 -15 32 -15 36 -16 34 -14 28 -15 30 -12 31 -17 29 -12 26 -15 25 -16 23 -13 28 -15 24 -14 25 -18 27 -11 25 2 32 -13 25 -12 24 -8 23 -8 22 -10 24 -7 24 -9 22 -7 24 -6 24 -5 21 -3 23 -5 22 -3 23 -2 22 2 20 -1 19 -1 22 0 19 1 19 0 19 2 19 2 18 0 20 2 19 2 17 1 18 12 17 17 18 17 18 20 15 -1 -1 ]
CSI_DATA,STA,08:3A:F2:51:5D:9D,-51,11,1,0,1,1,1,0,0,0,0,-93,0,6,1,16793451,0,110,0,0,17.2912,384,[110 96 6 0 0 0 0 0 0 0 0 0 -22 -5 -21 -5 -25 -5 -25 -8 -24 -7 -19 -7 -22 -8 -20 -8 -21 -7 -21 -10 -23 -12 -23 -11 -22 -11 -21 -11 -17 -11 -23 -10 -19 -10 -18 -12 -18 -10 -17 -10 -17 -11 -18 -10 -14 -11 -17 -11 -18 -12 -17 -9 0 0 -17 -9 -18 -7 -18 -7 -17 -6 -15 -8 -16 -6 -17 -8 -15 -6 -16 -5 -15 -2 -16 -2 -14 -4 -15 -3 -14 -2 -15 -2 -15 0 -17 -2 -13 0 -14 0 -13 2 -14 -1 -14 0 -14 0 -14 1 -13 -1 -12 1 0 0 0 0 0 0 0 0 0 0 -1 -1 -1 -1 19 8 19 6 20 3 17 2 11 9 11 8 11 8 11 9 10 7 9 6 11 6 10 4 12 5 11 6 11 6 11 4 13 4 11 4 10 4 11 3 12 1 11 4 9 1 9 3 9 3 10 2 9 3 10 1 10 3 10 1 11 -4 10 1 9 3 9 1 8 1 8 2 8 1 7 2 7 2 6 2 6 2 6 2 6 2 5 2 4 2 4 1 3 2 3 2 2 2 1 1 1 2 0 1 0 2 -1 2 -1 1 -2 1 -2 0 0 0 -1 -1 -1 -1 -1 -1 -1 -1 -1 -1 -1 -1 -1 -1 0 0 0 0 -1 -1 -34 9 -33 10 -37 9 -38 7 -36 7 -31 5 -37 5 -31 5 -39 7 -37 1 -39 3 -37 2 -40 4 -39 2 -33 1 -35 1 -35 4 -36 -1 -30 3 -31 -1 -29 -3 -32 2 -29 -2 -31 0 -34 -3 -29 3 -28 16 -29 1 -29 1 -27 4 -24 3 -28 3 -26 5 -25 4 -26 6 -25 7 -22 7 -23 9 -23 6 -23 8 -22 8 -18 12 -18 9 -22 10 -18 9 -17 10 -18 9 -17 11 -16 11 -18 10 -17 11 -15 10 -16 10 -10 18 -9 24 -9 23 -5 24 -1 -1 ]
CSI_DATA,STA,08:3A:F2:51:5D:9D,-51,11,1,0,1,1,1,0,0,0,0,-93,0,6,1,16793767,0,110,0,0,17.13068,384,[110 96 6 0 0 0 0 0 0 0 0 0 -8 -22 -8 -21 -9 -24 -6 -26 -7 -24 -4 -21 -5 -23 -4 -22 -5 -22 -3 -23 -3 -25 -4 -25 -3 -24 -2 -24 -1 -20 -4 -25 -2 -22 -1 -21 -2 -20 -2 -19 -1 -20 -2 -20 1 -18 -1 -20 -2 -22 -3 -19 0 0 -3 -19 -5 -18 -5 -19 -5 -17 -3 -17 -5 -17 -5 -17 -5 -16 -6 -16 -8 -13 -8 -14 -6 -14 -6 -14 -8 -13 -8 -13 -9 -12 -10 -14 -9 -10 -9 -11 -9 -9 -9 -11 -9 -10 -9 -11 -10 -10 -8 -10 -9 -9 0 0 0 0 0 0 0 0 0 0 -1 -1 -1 -1 1 21 2 21 6 21 6 17 -3 15 -2 14 -2 15 -3 16 -1 14 -1 11 0 14 1 11 2 14 1 13 1 14 2 13 3 14 2 13 1 11 3 12 5 11 2 12 5 9 3 11 2 10 4 10 2 10 4 10 3 12 5 10 8 9 4 10 3 10 4 9 3 8 3 9 3 8 3 7 2 8 2 7 1 7 1 7 1 7 1 6 0 6 0 4 0 4 0 4 -2 3 -2 3 -2 2 -2 2 -2 1 -2 1 -3 0 -3 -1 -3 -1 -1 -1 -1 -1 -1 -1 -1 -1 -1 -1 -1 -1 -1 -1 -1 -1 -1 -1 0 0 0 0 -25 -29 -25 -27 -26 -31 -25 -33 -24 -31 -20 -28 -23 -32 -21 -28 -25 -33 -20 -34 -22 -36 -21 -35 -23 -37 -21 -36 -17 -31 -19 -32 -21 -31 -17 -34 -17 -27 -16 -30 -13 -28 -19 -28 -13 -29 -16 -29 -15 -34 -18 -27 -26 -20 -17 -27 -17 -26 -18 -22 -17 -22 -17 -25 -19 -21 -18 -21 -19 -21 -20 -20 -18 -16 -21 -16 -18 -18 -20 -17 -20 -16 -22 -11 -19 -12 -23 -13 -19 -11 -20 -10 -18 -10 -21 -9 -20 -9 -20 -11 -20 -9 -19 -9 -19 -10 -21 -1 -26 2 -25 2 -24 7 -1 -1 ]
CSI_DATA,STA,08:3A:F2:51:5D:9D,-50,11,1,0,1,1,1,0,0,0,0,-93,0,6,1,16794127,0,110,0,0,17.23853,384,[110 96 6 0 0 0 0 0 0 0 0 0 10 -20 9 -19 10 -23 13 -22 12 -21 11 -17 12 -20 12 -18 12 -19 14 -18 16 -20 15 -20 15 -19 15 -18 14 -14 15 -20 13 -16 14 -15 13 -15 12 -15 12 -14 13 -16 13 -12 13 -15 14 -16 11 -15 0 0 11 -15 9 -16 9 -16 8 -16 9 -14 8 -15 9 -15 7 -14 6 -16 4 -14 4 -15 5 -13 5 -14 3 -14 3 -14 2 -15 3 -16 1 -14 1 -14 -1 -13 2 -14 1 -14 1 -14 0 -14 1 -13 0 -12 0 0 0 0 0 0 0 0 0 0 -1 -1 -1 -1 -14 16 -14 16 -11 19 -9 16 -14 9 -12 9 -13 10 -14 9 -12 9 -10 8 -10 9 -8 10 -10 11 -9 10 -10 11 -9 11 -9 12 -8 11 -8 9 -7 10 -5 12 -8 10 -4 10 -6 10 -6 9 -5 10 -6 9 -4 10 -6 11 -5 10 -1 11 -5 10 -5 10 -3 9 -4 9 -5 8 -4 8 -4 7 -5 7 -5 7 -4 6 -5 6 -4 5 -4 5 -4 4 -4 4 -4 3 -4 3 -4 2 -4 1 -4 1 -3 1 -3 -1 -3 -1 -2 -2 -3 -2 -2 -2 -1 -1 -1 -1 -1 -1 -1 -1 -1 -1 -1 -1 -1 -1 -1 -1 -1 -1 0 0 0 0 2 -38 1 -37 3 -41 5 -41 5 -39 5 -34 7 -39 5 -34 6 -42 10 -37 10 -41 9 -39 10 -42 11 -40 9 -34 10 -37 7 -38 12 -35 7 -32 10 -32 10 -30 8 -33 11 -29 8 -31 12 -34 6 -31 -5 -33 7 -31 6 -29 3 -29 3 -27 5 -29 2 -29 2 -28 0 -28 -1 -29 -1 -23 -3 -26 0 -25 -3 -27 -4 -26 -8 -23 -5 -23 -6 -25 -6 -22 -7 -21 -6 -21 -9 -22 -9 -20 -6 -22 -8 -21 -7 -20 -7 -20 -14 -15 -19 -17 -20 -17 -21 -13 -1 -1 ]
CSI_DATA,STA,08:3A:F2:51:5D:9D,-50,11,1,0,1,1,1,0,0,0,0,-93,0,6,1,16794479,0,110,0,0,17.34374,384,[110 96 6 0 0 0 0 0 0 0 0 0 16 -15 15 -15 18 -18 20 -16 19 -15 17 -12 19 -13 18 -12 18 -13 20 -11 22 -12 21 -13 21 -12 21 -10 18 -8 22 -12 18 -10 19 -8 18 -8 16 -8 17 -8 18 -8 17 -6 18 -8 19 -8 16 -9 0 0 16 -9 15 -10 15 -10 14 -10 14 -8 14 -10 14 -10 12 -9 13 -11 9 -11 10 -12 11 -9 11 -10 9 -11 9 -11 8 -12 10 -13 7 -11 7 -11 6 -11 8 -11 7 -11 7 -11 6 -12 7 -10 5 -11 0 0 0 0 0 0 0 0 0 0 -1 -1 -1 -1 -21 3 -21 3 -21 8 -17 7 -17 0 -16 0 -17 1 -18 -1 -16 1 -13 1 -15 2 -13 3 -15 4 -15 2 -16 3 -15 3 -16 4 -14 4 -13 3 -13 5 -12 6 -13 4 -10 5 -11 4 -12 3 -11 5 -12 3 -11 6 -12 4 -11 6 -8 8 -11 5 -11 4 -9 4 -10 5 -10 3 -9 4 -9 3 -9 3 -9 3 -8 2 -8 2 -7 1 -7 0 -7 0 -7 1 -6 0 -6 0 -5 -1 -4 -1 -4 -2 -4 -2 -3 -3 -2 -3 -1 -3 -1 -3 -1 -2 0 0 -1 -1 -1 -1 -1 -1 -1 -1 -1 -1 -1 -1 -1 -1 0 0 0 0 -1 -1 20 -33 19 -33 21 -36 23 -35 23 -34 20 -29 25 -33 21 -28 25 -36 29 -29 30 -32 29 -31 30 -34 29 -31 25 -25 27 -29 25 -31 29 -26 22 -25 25 -24 24 -21 24 -26 25 -21 25 -23 29 -23 22 -25 17 -29 23 -24 21 -23 18 -24 16 -22 20 -22 16 -25 17 -23 15 -24 14 -26 11 -21 12 -24 13 -23 12 -25 11 -24 6 -24 7 -22 8 -25 6 -21 5 -22 7 -21 4 -22 3 -23 7 -22 5 -22 5 -21 5 -21 -2 -22 -5 -25 -5 -26 -8 -22 -1 -1 ]
CSI_DATA,STA,08:3A:F2:51:5D:9D,-46,11,0,0,0,0,0,0,0,0,0,-93,0,6,1,16808229,0,110,0,0,17.44971,128,[110 96 6 0 0 0 0 0 0 0 0 0 25 -1 24 1 26 0 26 0 26 2 23 2 24 2 23 3 24 3 24 4 25 3 26 4 24 4 23 4 21 4 25 4 21 5 20 5 20 4 20 4 19 4 20 4 17 4 19 2 20 2 19 2 0 0 18 1 19 0 18 0 18 0 15 -1 17 -1 17 -2 15 -2 16 -3 16 -2 16 -3 14 -3 15 -3 15 -3 14 -3 14 -4 15 -5 13 -4 13 -4 13 -5 13 -5 13 -6 13 -6 13 -6 11 -6 11 -5 0 0 0 0 0 0 0 0 0 0 ]
CSI_DATA,STA,08:3A:F2:51:5D:9D,-51,11,1,0,1,1,1,0,0,0,0,-93,0,6,1,16882827,0,110,0,0,17.51940,384,[110 96 6 0 0 0 0 0 0 0 0 0 -22 -4 -21 -4 -24 -4 -26 -7 -23 -6 -20 -7 -22 -7 -20 -7 -21 -7 -21 -8 -23 -10 -24 -9 -23 -9 -22 -10 -18 -10 -22 -9 -20 -10 -18 -10 -18 -9 -17 -8 -17 -9 -18 -9 -15 -9 -18 -9 -19 -10 -18 -7 0 0 -18 -8 -18 -5 -18 -6 -17 -4 -16 -7 -17 -5 -17 -6 -15 -4 -16 -4 -14 -1 -16 -1 -14 -3 -15 -2 -15 -1 -14 -1 -15 1 -17 -1 -13 1 -14 1 -12 2 -14 0 -13 1 -13 1 -13 2 -12 1 -11 2 0 0 0 0 0 0 0 0 0 0 -1 -1 -1 -1 17 11 17 10 20 8 16 7 11 10 11 10 12 9 11 11 10 9 9 7 11 8 10 5 12 7 11 7 12 7 12 6 13 6 11 6 10 5 11 5 13 3 10 5 10 3 10 4 10 4 10 3 9 4 11 2 11 4 10 2 10 -1 10 2 10 3 9 3 9 2 9 3 9 2 8 2 8 2 7 3 6 2 6 3 6 3 6 3 5 4 4 2 3 3 3 3 2 3 2 2 1 3 0 2 1 2 -1 2 -1 2 -2 1 -3 0 0 0 0 0 -1 -1 -1 -1 -1 -1 -1 -1 -1 -1 0 0 0 0 -1 -1 -1 -1 -37 6 -36 7 -40 6 -42 4 -38 4 -35 2 -39 2 -34 3 -41 2 -38 -1 -41 0 -40 0 -43 0 -41 -1 -36 -2 -38 -3 -39 0 -36 -5 -33 -1 -33 -3 -31 -4 -34 -1 -31 -4 -33 -2 -36 -5 -31 0 -31 10 -32 -2 -30 -1 -30 2 -26 2 -30 0 -28 3 -27 2 -28 4 -27 5 -23 5 -25 7 -25 5 -25 7 -25 7 -21 10 -22 8 -24 9 -20 9 -19 10 -19 9 -19 11 -19 11 -20 9 -19 10 -18 9 -18 9 -14 16 -15 21 -14 21 -11 21 -1 -1 ]
CSI_DATA,STA,08:3A:F2:51:5D:9D,-50,11,1,0,1,1,1,0,0,0,0,-93,0,6,1,16883332,0,110,0,0,17.62476,384,[110 96 6 0 0 0 0 0 0 0 0 0 -23 -11 -22 -10 -25 -12 -25 -16 -23 -14 -19 -14 -21 -15 -19 -15 -20 -15 -20 -16 -22 -18 -22 -17 -21 -17 -20 -18 -15 -17 -21 -19 -17 -17 -15 -17 -16 -16 -15 -15 -15 -17 -15 -17 -12 -16 -15 -16 -17 -17 -16 -14 0 0 -15 -15 -16 -13 -16 -14 -16 -12 -13 -13 -15 -13 -15 -13 -14 -11 -16 -12 -15 -7 -17 -8 -14 -9 -15 -8 -15 -7 -14 -8 -16 -6 -17 -8 -15 -5 -14 -6 -14 -3 -14 -6 -14 -5 -15 -5 -15 -3 -13 -5 -13 -4 0 0 0 0 0 0 0 0 0 0 -1 -1 -1 -1 12 19 12 19 16 17 13 15 5 16 5 15 6 16 5 18 6 14 5 12 6 14 7 11 8 14 6 13 7 14 8 12 9 13 8 12 7 11 8 11 10 10 7 11 8 8 7 9 7 10 8 9 6 9 9 8 8 10 9 9 11 6 8 9 6 8 7 8 6 8 6 8 7 7 6 7 5 7 4 7 4 6 4 7 4 7 3 6 3 6 2 6 1 5 1 4 0 4 -1 3 -1 3 -1 2 -1 2 -2 1 -2 0 -3 0 -3 0 0 0 0 0 -1 -1 -1 -1 -1 -1 -1 -1 -1 -1 0 0 0 0 -1 -1 -1 -1 -43 -6 -42 -4 -45 -8 -46 -10 -43 -10 -38 -10 -43 -13 -38 -10 -46 -12 -41 -16 -45 -16 -44 -15 -46 -17 -43 -17 -37 -16 -39 -17 -42 -16 -37 -20 -34 -13 -34 -17 -31 -17 -35 -15 -31 -17 -34 -16 -36 -20 -34 -13 -37 -3 -33 -15 -31 -14 -31 -11 -28 -10 -32 -13 -31 -9 -29 -9 -31 -7 -30 -7 -27 -5 -30 -4 -28 -7 -30 -4 -29 -3 -27 0 -26 -1 -29 -1 -25 0 -24 1 -24 0 -24 3 -24 2 -25 0 -25 1 -24 1 -23 0 -22 10 -25 14 -24 15 -21 17 -1 -1 ]
CSI_DATA,STA,08:3A:F2:51:5D:9D,-51,11,1,0,1,1,1,0,0,0,0,-93,0,6,1,16883798,0,110,0,0,17.73217,384,[110 96 6 0 0 0 0 0 0 0 0 0 -7 -24 -7 -23 -9 -26 -6 -29 -6 -27 -3 -23 -4 -26 -3 -24 -4 -25 -2 -25 -1 -28 -2 -28 -1 -27 0 -26 2 -22 -1 -28 0 -24 2 -23 1 -22 1 -21 2 -22 1 -22 4 -20 1 -22 2 -24 0 -21 0 0 0 -21 -2 -21 -2 -21 -3 -19 1 -19 -1 -19 -1 -20 -2 -17 -3 -18 -5 -16 -5 -17 -3 -16 -3 -16 -5 -15 -5 -16 -7 -15 -6 -18 -7 -14 -7 -14 -7 -12 -6 -14 -6 -14 -6 -14 -7 -13 -5 -13 -7 -12 0 0 0 0 0 0 0 0 0 0 -1 -1 -1 -1 -5 22 -4 22 -1 24 -1 20 -8 15 -7 15 -7 15 -9 16 -7 14 -5 13 -6 14 -3 12 -4 15 -5 14 -4 15 -4 14 -3 15 -3 14 -3 12 -2 13 0 14 -3 13 0 12 -2 12 -3 11 -1 12 -2 11 0 12 -2 12 0 12 5 12 -1 12 -2 11 -1 10 -1 10 -2 10 -1 10 -2 9 -2 8 -2 8 -2 7 -2 8 -3 7 -3 6 -3 5 -2 5 -3 4 -3 4 -4 3 -3 3 -4 2 -4 1 -3 0 -3 0 -3 -1 -3 -1 -3 -2 0 0 0 0 -1 -1 -1 -1 -1 -1 -1 -1 -1 -1 0 0 0 0 -1 -1 -1 -1 -26 -33 -27 -31 -27 -36 -27 -38 -24 -35 -21 -33 -22 -38 -20 -32 -24 -40 -18 -39 -21 -41 -21 -39 -22 -42 -20 -41 -16 -35 -16 -39 -20 -38 -13 -39 -15 -33 -13 -35 -11 -33 -15 -34 -10 -32 -14 -33 -12 -37 -15 -31 -27 -25 -14 -33 -13 -31 -16 -28 -14 -26 -14 -30 -16 -27 -15 -27 -17 -26 -17 -26 -16 -22 -19 -22 -16 -23 -18 -22 -18 -22 -20 -17 -18 -18 -20 -20 -18 -17 -18 -17 -17 -17 -20 -15 -19 -15 -18 -17 -18 -15 -18 -14 -18 -16 -22 -6 -28 -5 -29 -6 -27 -2 -1 -1 ]
CSI_DATA,STA,08:3A:F2:51:5D:9D,-51,11,1,0,1,1,1,0,0,0,0,-93,0,6,1,16884245,0,110,0,0,17.84216,384,[110 96 6 0 0 0 0 0 0 0 0 0 24 -1 23 -2 26 -2 28 2 26 1 22 3 25 3 23 3 24 2 23 5 26 6 26 5 25 6 25 7 20 7 26 6 22 6 20 8 21 7 19 6 19 7 21 7 17 8 20 7 21 8 19 5 0 0 19 6 19 3 20 4 18 2 17 5 18 3 19 4 16 2 18 2 15 -1 17 -1 15 2 16 1 15 -1 15 -1 15 -3 18 -1 14 -3 15 -3 13 -4 14 -2 14 -3 14 -3 14 -4 13 -2 12 -3 0 0 0 0 0 0 0 0 0 0 -1 -1 -1 -1 -23 -10 -22 -9 -25 -5 -20 -5 -14 -12 -14 -11 -15 -11 -14 -12 -13 -10 -11 -9 -14 -9 -12 -6 -15 -8 -14 -8 -14 -8 -14 -7 -15 -7 -14 -7 -12 -6 -14 -5 -14 -3 -13 -6 -13 -3 -12 -5 -12 -6 -13 -4 -12 -5 -13 -3 -13 -5 -13 -3 -14 2 -13 -4 -12 -5 -11 -3 -11 -3 -11 -5 -11 -4 -10 -4 -10 -4 -8 -4 -9 -4 -8 -4 -8 -5 -7 -5 -6 -5 -6 -3 -5 -4 -5 -4 -4 -4 -3 -4 -2 -4 -1 -4 -1 -4 -1 -3 0 -3 1 -2 1 -2 0 0 0 0 -1 -1 -1 -1 -1 -1 -1 -1 -1 -1 0 0 0 0 -1 -1 -1 -1 36 -18 34 -19 39 -18 41 -16 38 -15 34 -12 40 -12 34 -13 42 -15 40 -9 43 -11 41 -10 45 -11 43 -9 36 -7 40 -7 40 -11 39 -4 33 -7 34 -5 33 -3 35 -7 32 -3 34 -5 38 -3 32 -7 30 -20 33 -5 31 -6 30 -8 27 -7 30 -6 28 -10 28 -8 27 -10 27 -12 23 -10 24 -12 25 -10 25 -13 24 -13 19 -16 20 -13 22 -14 19 -13 18 -14 19 -13 18 -16 17 -15 19 -14 18 -14 17 -14 18 -13 10 -20 10 -26 10 -28 6 -26 -1 -1 ]
CSI_DATA,STA,08:3A:F2:51:5D:9D,-51,11,1,0,1,1,1,0,0,0,0,-93,0,6,1,16884695,0,110,0,0,17.94685,384,[110 96 6 0 0 0 0 0 0 0 0 0 11 21 11 20 12 23 10 27 9 24 6 22 7 24 6 22 7 22 5 23 5 27 7 26 5 25 4 25 1 22 5 26 3 23 1 22 2 22 2 20 1 21 2 22 -1 19 2 21 2 23 3 20 0 0 2 20 5 19 4 20 5 17 2 18 4 18 4 18 4 16 5 17 7 13 7 15 5 14 6 14 7 14 6 13 8 13 8 15 8 12 8 12 8 10 7 12 8 12 8 12 9 11 7 11 7 9 0 0 0 0 0 0 0 0 0 0 -1 -1 -1 -1 -6 -23 -7 -23 -11 -23 -8 -19 2 -17 2 -16 1 -17 2 -17 1 -15 1 -13 0 -14 -1 -13 -2 -15 -1 -14 -1 -15 -2 -14 -3 -16 -2 -14 -2 -13 -3 -13 -5 -13 -2 -13 -4 -11 -3 -12 -2 -12 -4 -12 -2 -11 -5 -12 -3 -13 -4 -11 -9 -10 -3 -12 -3 -11 -4 -10 -3 -10 -2 -10 -3 -10 -3 -9 -2 -9 -1 -9 -2 -8 -1 -8 -1 -8 0 -8 0 -7 0 -6 0 -5 0 -6 1 -5 1 -4 1 -3 2 -3 1 -2 1 -2 1 -1 2 -1 2 0 0 0 0 0 -1 -1 -1 -1 -1 -1 -1 -1 -1 -1 0 0 0 0 -1 -1 -1 -1 31 20 31 19 32 23 32 25 29 23 25 21 28 27 25 21 32 26 26 27 28 29 27 28 30 30 27 29 22 26 23 28 26 27 21 29 21 23 19 26 17 24 22 24 17 24 20 24 19 29 20 22 33 12 19 24 18 22 20 20 17 18 19 21 20 18 19 18 21 17 21 16 18 13 21 14 19 15 21 13 20 13 21 8 20 10 21 11 19 9 19 8 18 9 20 7 19 6 20 9 19 8 18 7 18 8 22 -4 27 -7 27 -7 25 -11 -1 -1 ]
CSI_DATA,STA,08:3A:F2:51:5D:9D,-51,11,1,0,1,1,1,0,0,0,0,-93,0,6,1,16885142,0,110,0,0,17.104584,384,[110 96 6 0 0 0 0 0 0 0 0 0 11 21 11 20 12 23 10 27 9 24 7 21 8 23 7 22 7 22 6 23 6 26 7 26 6 25 5 25 3 22 6 26 4 23 2 21 3 21 3 20 3 21 3 21 1 19 3 21 3 22 4 20 0 0 4 20 6 18 6 20 6 17 3 18 6 17 5 18 6 15 7 16 8 13 9 14 6 13 7 13 9 12 8 12 10 12 10 14 10 10 10 10 10 9 9 11 9 10 9 10 10 10 8 10 9 8 0 0 0 0 0 0 0 0 0 0 -1 -1 -1 -1 6 -23 5 -22 1 -25 2 -21 6 -19 4 -18 4 -19 6 -20 3 -17 3 -15 2 -17 1 -16 1 -18 1 -16 1 -18 0 -18 -1 -18 0 -16 0 -15 -1 -16 -4 -17 0 -16 -3 -14 -1 -14 -1 -14 -2 -14 -1 -14 -4 -14 -1 -14 -4 -14 -5 -13 -3 -15 -1 -13 -2 -12 -3 -12 -1 -12 -2 -12 -2 -11 -1 -11 -1 -11 -2 -10 -1 -10 0 -9 1 -8 1 -8 0 -8 1 -7 1 -6 1 -5 1 -5 2 -4 2 -4 2 -3 2 -2 2 -1 2 0 2 0 0 0 0 0 -1 -1 -1 -1 -1 -1 -1 -1 -1 -1 0 0 0 0 -1 -1 -1 -1 27 33 28 32 28 36 27 40 24 36 22 34 24 39 22 33 26 41 19 39 23 42 23 40 24 44 21 42 17 37 18 39 21 40 15 40 17 34 14 35 13 34 16 36 12 33 16 34 14 38 18 32 22 27 16 33 15 30 17 29 16 25 15 31 18 27 17 26 19 26 19 25 17 20 20 21 19 22 22 21 21 21 21 16 20 17 22 19 20 15 21 14 19 15 22 13 21 13 20 15 21 13 19 13 19 13 21 9 27 7 28 6 26 4 -1 -1 ]
CSI_DATA,STA,08:3A:F2:51:5D:9D,-51,11,1,0,1,1,1,0,0,0,0,-93,0,6,1,16885485,0,110,0,0,17.114477,384,[110 96 6 0 0 0 0 0 0 0 0 0 -6 24 -5 22 -5 26 -9 27 -8 25 -9 20 -10 24 -9 21 -9 22 -12 22 -13 24 -12 24 -13 23 -13 22 -13 18 -12 24 -11 19 -13 19 -11 19 -11 17 -12 17 -12 19 -13 15 -12 18 -13 19 -10 18 0 0 -10 18 -8 18 -8 19 -7 18 -9 16 -7 17 -8 17 -6 16 -6 17 -3 15 -3 16 -5 15 -4 15 -2 15 -2 15 -1 16 -2 18 0 14 0 15 1 13 -1 14 0 14 0 14 1 14 -1 13 1 12 0 0 0 0 0 0 0 0 0 0 -1 -1 -1 -1 5 -23 4 -23 0 -25 1 -20 9 -13 8 -13 8 -14 9 -13 7 -13 6 -11 6 -13 4 -12 5 -14 5 -13 5 -14 4 -13 4 -14 4 -13 4 -11 3 -13 1 -14 3 -12 1 -11 2 -11 3 -11 2 -11 2 -11 0 -12 2 -12 0 -12 -5 -12 1 -12 2 -11 1 -10 1 -10 2 -10 1 -10 1 -9 1 -9 2 -8 1 -7 2 -7 2 -7 2 -7 2 -6 1 -6 1 -5 2 -5 2 -4 2 -3 2 -2 1 -2 2 -2 2 0 2 0 1 0 1 0 -1 -1 -1 -1 -1 -1 -1 -1 -1 -1 -1 -1 -1 -1 -1 -1 -1 -1 0 0 0 0 11 35 12 33 11 38 10 38 8 37 6 32 6 37 7 31 9 39 3 37 4 40 4 38 5 41 4 39 2 33 2 37 6 36 0 36 3 30 0 31 0 29 3 32 -1 29 2 30 -1 35 3 29 21 29 2 30 2 29 5 27 4 25 4 28 7 26 5 25 7 25 9 24 7 20 9 22 7 22 10 22 10 22 13 17 11 19 12 20 10 17 11 16 10 17 13 15 12 15 11 17 12 16 11 15 11 16 21 8 27 7 27 5 26 2 -1 -1 ]
CSI_DATA,STA,08:3A:F2:51:5D:9D,-51,11,1,0,1,1,1,0,0,0,0,-93,0,6,1,16885983,0,110,0,0,17.124355,384,[110 96 6 0 0 0 0 0 0 0 0 0 -15 -20 -14 -20 -17 -22 -15 -25 -14 -23 -11 -21 -12 -23 -11 -22 -12 -22 -10 -23 -11 -26 -11 -25 -10 -25 -9 -25 -7 -22 -11 -25 -8 -22 -7 -22 -7 -21 -7 -20 -7 -21 -8 -22 -4 -20 -7 -22 -7 -23 -8 -20 0 0 -8 -20 -10 -18 -10 -19 -10 -17 -7 -18 -9 -17 -9 -18 -9 -16 -10 -16 -11 -12 -12 -14 -9 -14 -10 -14 -11 -12 -11 -12 -13 -11 -13 -14 -12 -10 -12 -10 -12 -8 -11 -11 -12 -10 -12 -10 -13 -9 -10 -10 -11 -8 0 0 0 0 0 0 0 0 0 0 -1 -1 -1 -1 6 22 8 21 12 22 9 17 0 16 1 16 1 16 0 17 1 15 1 13 2 14 4 12 4 15 3 14 3 14 4 13 5 15 5 13 4 12 5 12 7 12 4 12 6 10 4 11 4 11 5 11 4 10 7 10 5 11 6 10 10 7 6 11 5 10 5 9 4 8 4 9 5 9 3 8 4 8 2 8 2 7 2 7 2 8 2 7 1 6 1 5 0 5 0 5 -1 4 -1 3 -2 3 -2 2 -2 2 -2 1 -2 1 -3 0 -4 -1 0 0 0 0 -1 -1 -1 -1 -1 -1 -1 -1 -1 -1 0 0 0 0 -1 -1 -1 -1 -35 -20 -36 -19 -37 -23 -38 -25 -34 -24 -31 -22 -33 -27 -31 -22 -37 -27 -31 -27 -34 -29 -33 -27 -36 -29 -33 -29 -29 -26 -29 -29 -33 -27 -27 -30 -27 -24 -25 -26 -23 -25 -27 -25 -22 -25 -26 -24 -26 -28 -26 -21 -35 -11 -25 -24 -24 -22 -26 -19 -22 -18 -25 -21 -26 -19 -24 -18 -26 -17 -27 -15 -23 -12 -26 -12 -24 -14 -26 -12 -26 -11 -25 -7 -24 -9 -27 -9 -23 -7 -23 -7 -22 -7 -24 -5 -23 -5 -23 -7 -23 -5 -21 -5 -22 -6 -23 4 -26 9 -27 9 -24 11 -1 -1 ]
CSI_DATA,STA,08:3A:F2:51:5D:9D,-51,11,1,0,1,1,1,0,0,0,0,-93,0,6,1,16886321,0,110,0,0,17.135271,384,[110 96 6 0 0 0 0 0 0 0 0 0 -13 -18 -13 -17 -15 -19 -13 -22 -13 -21 -10 -19 -11 -21 -9 -19 -10 -20 -9 -21 -10 -23 -10 -23 -9 -22 -8 -22 -6 -19 -10 -22 -7 -20 -6 -20 -6 -19 -6 -18 -6 -19 -7 -19 -3 -17 -6 -19 -6 -20 -7 -18 0 0 -7 -18 -9 -16 -9 -17 -9 -15 -6 -16 -8 -15 -8 -16 -8 -14 -9 -15 -9 -11 -10 -12 -8 -12 -9 -12 -10 -11 -10 -11 -11 -10 -12 -12 -10 -9 -10 -10 -10 -7 -10 -10 -10 -9 -10 -9 -11 -8 -9 -9 -9 -7 0 0 0 0 0 0 0 0 0 0 -1 -1 -1 -1 9 18 10 17 13 16 11 14 1 14 2 13 2 13 1 14 2 12 2 11 3 12 4 10 4 12 3 11 4 12 4 11 5 11 5 10 4 9 5 9 7 9 4 10 6 7 4 8 4 8 5 8 4 8 6 7 5 8 6 8 10 4 6 8 4 8 5 7 5 6 4 8 5 6 4 5 4 6 3 6 3 5 2 6 2 6 2 5 1 5 1 5 1 4 0 3 -1 3 0 3 -1 3 -1 2 -1 1 -2 0 -2 0 -2 0 -2 0 0 0 0 0 -1 -1 -1 -1 -1 -1 -1 -1 -1 -1 0 0 0 0 -1 -1 -1 -1 -31 -16 -31 -15 -33 -18 -33 -20 -30 -19 -27 -17 -29 -22 -27 -17 -33 -21 -28 -23 -31 -23 -29 -22 -32 -24 -30 -23 -25 -21 -26 -23 -29 -21 -24 -25 -23 -19 -22 -21 -20 -21 -24 -20 -20 -20 -23 -19 -23 -24 -23 -17 -32 -6 -23 -19 -22 -18 -23 -15 -20 -14 -22 -16 -23 -13 -21 -14 -23 -12 -23 -12 -20 -10 -22 -9 -21 -10 -23 -9 -22 -8 -21 -4 -20 -6 -23 -7 -20 -5 -19 -5 -19 -5 -20 -3 -19 -3 -20 -5 -20 -3 -18 -3 -19 -4 -20 7 -23 11 -22 12 -20 13 -1 -1 ]
CSI_DATA,STA,08:3A:F2:51:5D:9D,-50,11,1,0,1,1,1,0,0,0,0,-93,0,6,1,17114969,0,110,0,0,17.281563,384,[110 96 6 0 0 0 0 0 0 0 0 0 -10 22 -10 22 -11 25 -15 26 -13 23 -14 20 -14 22 -14 19 -13 20 -15 20 -17 22 -16 23 -17 21 -17 20 -16 16 -17 22 -16 18 -16 15 -16 16 -14 15 -15 15 -15 16 -15 12 -15 16 -16 17 -14 16 0 0 -14 16 -11 17 -12 18 -10 16 -13 14 -11 15 -12 16 -9 14 -10 16 -6 15 -6 16 -7 14 -7 14 -5 15 -6 14 -4 16 -6 17 -3 15 -3 15 -2 13 -4 14 -3 14 -3 14 -2 14 -4 13 -2 13 0 0 0 0 0 0 0 0 0 0 -1 -1 -1 -1 17 -16 16 -17 15 -20 12 -17 15 -9 14 -10 14 -10 16 -10 13 -9 12 -9 12 -10 10 -10 12 -12 11 -11 12 -11 11 -11 11 -13 11 -12 9 -10 9 -12 8 -13 10 -11 6 -11 8 -10 8 -9 7 -11 8 -10 5 -12 8 -11 7 -12 3 -14 7 -11 7 -10 6 -10 6 -9 7 -9 6 -10 5 -8 5 -8 6 -7 5 -7 6 -6 6 -6 5 -5 5 -5 5 -5 4 -3 4 -3 4 -2 3 -2 3 -1 2 0 2 0 1 1 1 2 1 2 0 2 0 0 -1 -1 -1 -1 -1 -1 -1 -1 -1 -1 -1 -1 -1 -1 0 0 0 0 -1 -1 -3 42 -1 41 -4 44 -6 46 -6 42 -6 38 -9 42 -6 37 -8 46 -12 41 -12 45 -11 44 -12 46 -13 44 -12 38 -13 40 -10 42 -16 38 -10 34 -13 34 -13 32 -11 36 -14 31 -11 34 -16 36 -9 34 3 37 -11 34 -10 31 -7 32 -6 28 -9 32 -5 30 -6 29 -4 31 -2 31 -1 26 0 28 -2 28 1 29 1 28 5 25 3 25 3 27 3 24 5 23 3 23 6 23 6 22 4 24 5 23 5 21 4 22 13 19 19 21 19 21 20 16 -1 -1 ]
CSI_DATA,STA,08:3A:F2:51:5D:9D,-51,11,1,0,1,1,1,0,0,0,0,-93,0,6,1,17120007,0,110,0,0,17.292931,384,[110 96 6 0 0 0 0 0 0 0 0 0 21 -2 21 -2 24 -3 26 0 23 0 20 2 22 2 21 2 21 2 22 3 24 3 24 3 23 3 23 4 19 5 24 4 20 4 19 5 19 4 17 4 18 5 19 4 16 6 19 4 20 5 18 3 0 0 18 3 18 1 18 1 16 0 16 3 16 1 17 1 15 0 16 -1 13 -3 15 -3 14 -1 14 -2 14 -4 13 -3 13 -5 16 -4 12 -5 13 -5 11 -6 12 -4 12 -5 12 -5 12 -6 11 -4 10 -5 0 0 0 0 0 0 0 0 0 0 -1 -1 -1 -1 -19 -10 -20 -9 -22 -6 -18 -5 -14 -11 -14 -9 -15 -9 -15 -10 -14 -8 -12 -7 -14 -7 -12 -5 -15 -6 -14 -6 -15 -6 -14 -5 -16 -5 -14 -5 -12 -5 -14 -3 -14 -2 -13 -5 -12 -1 -12 -3 -12 -4 -13 -2 -12 -4 -13 -1 -13 -3 -12 -1 -12 2 -12 -2 -12 -2 -11 -1 -10 -1 -11 -3 -11 -1 -10 -1 -10 -2 -9 -3 -8 -2 -8 -3 -8 -3 -8 -3 -6 -3 -6 -3 -5 -3 -5 -3 -4 -3 -3 -3 -2 -3 -2 -3 -2 -3 -1 -3 0 -3 1 -3 1 -2 0 0 -1 -1 -1 -1 -1 -1 -1 -1 -1 -1 -1 -1 -1 -1 0 0 0 0 -1 -1 37 -13 35 -14 39 -14 41 -11 38 -11 35 -9 40 -8 34 -8 42 -10 39 -4 43 -7 41 -6 44 -7 42 -5 36 -4 39 -4 40 -7 38 -2 33 -6 33 -3 32 -1 35 -5 31 0 33 -4 37 -1 31 -6 30 -13 32 -4 30 -5 29 -8 26 -7 30 -6 28 -9 27 -7 27 -10 26 -11 22 -10 24 -12 24 -10 24 -13 24 -13 19 -15 19 -13 21 -15 18 -13 18 -15 18 -13 17 -16 17 -16 19 -14 16 -15 16 -14 16 -14 11 -18 11 -23 11 -24 7 -24 -1 -1 ]
CSI_DATA,STA,08:3A:F2:51:5D:9D,-50,11,1,0,1,1,1,0,0,0,0,-93,0,6,1,17126712,0,110,0,0,17.303527,384,[110 96 6 0 0 0 0 0 0 0 0 0 -17 -15 -16 -14 -20 -16 -18 -19 -18 -17 -14 -16 -16 -18 -14 -16 -15 -17 -14 -18 -15 -21 -16 -20 -14 -20 -13 -20 -10 -17 -15 -20 -12 -17 -11 -18 -11 -17 -11 -16 -10 -16 -12 -17 -8 -16 -11 -17 -12 -18 -12 -15 0 0 -12 -15 -13 -14 -13 -14 -13 -12 -10 -14 -13 -12 -12 -13 -12 -11 -13 -11 -13 -8 -14 -9 -11 -10 -12 -9 -13 -8 -13 -8 -13 -7 -15 -9 -13 -5 -13 -5 -12 -4 -13 -6 -13 -5 -13 -6 -13 -5 -11 -6 -11 -4 0 0 0 0 0 0 0 0 0 0 -1 -1 -1 -1 14 15 14 15 16 12 14 10 6 13 6 12 7 13 6 13 7 11 5 10 7 11 7 8 9 10 8 10 7 11 8 9 9 10 8 9 7 8 9 7 10 6 8 8 8 5 8 6 7 7 8 6 7 7 9 5 8 7 9 5 11 2 8 5 8 5 7 4 7 5 7 6 7 4 6 4 6 4 5 4 5 4 4 5 4 5 3 4 3 4 3 3 2 3 2 3 1 3 0 3 -1 3 0 2 -1 2 -2 1 -2 1 -3 1 -3 0 0 0 -1 -1 -1 -1 -1 -1 -1 -1 -1 -1 -1 -1 -1 -1 0 0 0 0 -1 -1 -35 -10 -34 -9 -38 -11 -37 -13 -36 -13 -31 -12 -36 -15 -31 -12 -39 -14 -34 -19 -37 -19 -35 -19 -38 -19 -36 -19 -30 -16 -33 -17 -33 -14 -32 -19 -28 -13 -29 -16 -25 -16 -30 -14 -26 -17 -28 -16 -30 -20 -28 -13 -33 -3 -27 -14 -27 -12 -26 -9 -24 -9 -26 -11 -27 -8 -25 -9 -27 -6 -27 -5 -24 -6 -25 -4 -25 -6 -26 -3 -25 -3 -23 2 -21 0 -25 0 -21 0 -21 1 -21 0 -21 3 -20 3 -22 0 -21 2 -20 1 -20 1 -18 11 -19 16 -19 16 -15 19 -1 -1 ]
CSI_DATA,STA,08:3A:F2:51:5D:9D,-51,11,1,0,1,1,1,0,0,0,0,-93,0,6,1,17127226,0,110,0,0,17.314208,384,[110 96 6 0 0 0 0 0 0 0 0 0 1 -22 1 -21 0 -25 3 -25 3 -24 4 -20 4 -23 4 -20 3 -22 6 -22 7 -24 6 -24 7 -23 8 -22 7 -18 6 -24 6 -20 7 -19 6 -19 5 -18 6 -18 6 -19 8 -16 7 -18 7 -20 5 -18 0 0 4 -18 2 -18 3 -18 2 -18 4 -16 2 -17 2 -18 1 -16 1 -17 -2 -15 -1 -16 1 -15 0 -15 -2 -14 -2 -15 -3 -14 -3 -17 -4 -13 -4 -14 -5 -12 -3 -13 -4 -13 -4 -13 -5 -13 -3 -13 -4 -11 0 0 0 0 0 0 0 0 0 0 -1 -1 -1 -1 -5 20 -5 21 -2 20 0 18 -9 13 -8 12 -8 13 -8 12 -6 12 -6 10 -5 12 -3 11 -4 13 -5 13 -5 13 -4 12 -4 14 -4 12 -4 10 -1 12 0 11 -2 12 0 9 -2 10 -2 10 0 10 -2 11 0 10 -2 11 -1 11 4 10 -1 10 -1 10 0 8 0 9 -2 8 -1 9 -1 8 -1 7 -1 7 -2 7 -3 7 -2 6 -3 5 -3 4 -2 5 -3 4 -3 4 -3 3 -3 2 -3 1 -2 2 -3 0 -3 0 -3 -2 -3 -1 -3 -2 0 0 -1 -1 -1 -1 -1 -1 -1 -1 -1 -1 -1 -1 -1 -1 0 0 0 0 -1 -1 -12 -35 -12 -33 -14 -38 -11 -37 -12 -37 -8 -32 -9 -37 -9 -31 -12 -40 -5 -39 -6 -41 -5 -40 -6 -42 -5 -40 -4 -33 -6 -37 -8 -35 -5 -37 -6 -30 -4 -33 -2 -30 -7 -32 -1 -32 -3 -32 -1 -36 -5 -31 -17 -29 -5 -30 -7 -30 -7 -26 -8 -25 -6 -27 -10 -27 -8 -25 -11 -25 -12 -25 -10 -22 -12 -23 -9 -24 -12 -23 -12 -22 -16 -18 -12 -18 -15 -20 -13 -17 -14 -16 -13 -16 -15 -15 -15 -15 -14 -18 -14 -17 -13 -16 -13 -16 -21 -8 -24 -7 -23 -7 -25 -2 -1 -1 ]
CSI_DATA,STA,08:3A:F2:51:5D:9D,-51,11,1,0,1,1,1,0,0,0,0,-93,0,6,1,17129708,0,110,0,0,17.324830,384,[110 96 6 0 0 0 0 0 0 0 0 0 -5 -22 -4 -21 -5 -25 -3 -26 -3 -24 -1 -21 -2 -24 -1 -21 -2 -22 0 -23 1 -25 0 -25 1 -24 2 -24 3 -20 0 -25 1 -21 3 -21 1 -20 1 -19 2 -19 1 -20 4 -18 2 -20 2 -21 0 -19 0 0 1 -19 -2 -19 -1 -19 -2 -17 0 -17 -2 -17 -1 -18 -2 -16 -3 -17 -5 -14 -5 -15 -3 -14 -3 -14 -5 -14 -5 -14 -6 -13 -6 -16 -7 -12 -7 -12 -7 -10 -6 -12 -6 -12 -7 -12 -7 -12 -5 -12 -6 -11 0 0 0 0 0 0 0 0 0 0 -1 -1 -1 -1 3 20 3 21 6 19 7 16 -4 14 -3 13 -3 14 -5 13 -2 12 -2 10 -2 12 0 10 1 12 -1 12 -1 13 -1 12 0 13 0 12 0 10 2 11 3 10 1 11 3 8 2 9 1 9 3 9 1 10 3 9 1 11 2 9 7 8 2 9 2 9 2 7 2 7 1 8 2 7 2 7 1 6 1 6 0 6 0 6 0 6 0 5 -1 5 -1 5 -1 4 -1 4 -2 3 -2 3 -2 2 -2 1 -2 1 -2 0 -2 0 -3 -1 -3 -1 0 0 -1 -1 -1 -1 -1 -1 -1 -1 -1 -1 -1 -1 -1 -1 0 0 0 0 -1 -1 -21 -30 -21 -28 -23 -32 -20 -32 -21 -31 -16 -27 -19 -33 -17 -27 -23 -33 -16 -35 -16 -38 -15 -36 -17 -38 -16 -37 -13 -30 -15 -33 -17 -31 -14 -33 -14 -26 -13 -29 -10 -27 -16 -27 -10 -29 -12 -29 -11 -34 -13 -27 -24 -23 -13 -27 -14 -26 -14 -22 -14 -21 -13 -24 -17 -21 -15 -21 -17 -20 -18 -19 -16 -17 -17 -18 -15 -19 -17 -17 -17 -17 -19 -12 -16 -13 -19 -14 -16 -12 -17 -11 -16 -11 -18 -9 -18 -9 -18 -13 -17 -12 -16 -11 -16 -11 -22 -1 -24 2 -25 1 -24 7 -1 -1 ]
CSI_DATA,STA,08:3A:F2:51:5D:9D,-50,11,1,0,1,1,1,0,0,0,0,-93,0,6,1,17134265,0,110,0,0,17.335499,384,[110 96 6 0 0 0 0 0 0 0 0 0 5 20 5 20 6 23 3 25 3 23 1 20 2 22 1 20 2 21 0 21 -1 24 1 24 0 23 -1 23 -2 19 0 24 -1 20 -3 19 -1 19 -1 18 -2 18 -2 20 -4 17 -2 19 -2 20 0 18 0 0 0 18 1 17 1 18 2 16 0 16 1 16 1 16 2 15 2 16 4 13 4 14 2 13 3 14 5 13 4 12 6 12 5 15 6 11 6 11 7 9 5 12 6 11 6 11 7 11 5 11 6 9 0 0 0 0 0 0 0 0 0 0 -1 -1 -1 -1 -5 -21 -4 -22 -6 -20 -8 -17 3 -15 2 -14 1 -16 3 -15 1 -14 1 -12 0 -14 -1 -11 -2 -14 -1 -14 0 -14 -1 -13 -2 -15 -1 -13 -1 -11 -3 -12 -4 -12 -2 -13 -4 -9 -3 -11 -2 -10 -4 -10 -2 -11 -4 -10 -2 -12 -3 -11 -8 -9 -3 -10 -3 -10 -3 -8 -3 -9 -2 -9 -3 -9 -3 -8 -3 -8 -2 -8 -2 -7 -1 -8 -1 -7 -1 -7 0 -6 -1 -6 0 -5 -1 -5 1 -4 0 -4 1 -3 0 -3 1 -2 1 -1 1 -1 2 0 2 0 0 0 -1 -1 -1 -1 -1 -1 -1 -1 -1 -1 -1 -1 -1 -1 0 0 0 0 -1 -1 23 27 21 25 25 28 20 29 23 29 17 24 20 30 18 23 25 30 17 32 18 35 17 33 19 35 17 34 13 27 17 31 17 28 16 31 14 23 13 26 10 25 17 26 11 27 12 27 12 32 13 25 25 20 12 24 14 24 13 20 14 19 13 21 17 19 14 18 16 17 17 17 15 16 16 17 15 18 17 16 16 14 19 10 15 11 19 12 15 11 16 8 16 10 17 8 17 6 17 11 16 10 15 9 15 9 21 -1 25 -2 23 -3 23 -9 -1 -1 ]
CSI_DATA,STA,08:3A:F2:51:5D:9D,-50,11,1,0,1,1,1,0,0,0,0,-93,0,6,1,17134650,0,110,0,0,17.345420,384,[110 96 6 0 0 0 0 0 0 0 0 0 -13 17 -13 16 -14 20 -17 19 -16 18 -14 14 -17 16 -15 14 -15 16 -17 14 -20 15 -19 16 -19 15 -19 14 -17 10 -19 16 -16 12 -17 11 -16 11 -15 11 -16 10 -16 12 -16 8 -17 10 -18 11 -15 11 0 0 -15 11 -13 12 -14 12 -12 12 -13 9 -12 12 -13 12 -11 11 -11 13 -8 12 -9 13 -10 10 -9 11 -7 11 -8 12 -6 13 -9 14 -5 12 -5 12 -4 11 -6 12 -5 12 -6 12 -4 12 -6 11 -4 11 0 0 0 0 0 0 0 0 0 0 -1 -1 -1 -1 15 -14 15 -16 12 -16 10 -16 14 -7 12 -7 14 -8 13 -6 11 -8 10 -6 11 -8 9 -8 10 -10 10 -9 11 -9 10 -9 10 -10 9 -9 8 -7 8 -10 6 -11 8 -10 5 -9 6 -9 7 -8 6 -9 7 -8 6 -9 8 -9 6 -10 2 -12 6 -9 6 -9 5 -7 5 -9 6 -7 5 -8 4 -7 4 -6 5 -6 4 -6 5 -5 5 -4 5 -4 4 -4 3 -4 3 -3 3 -3 3 -2 3 -2 2 -1 2 -1 2 0 1 0 1 1 0 1 0 2 0 0 -1 -1 -1 -1 -1 -1 -1 -1 -1 -1 -1 -1 -1 -1 0 0 0 0 -1 -1 -9 35 -7 33 -9 39 -12 36 -10 37 -10 30 -13 36 -10 30 -11 39 -16 35 -18 37 -18 36 -18 38 -18 35 -15 28 -16 34 -13 33 -17 33 -12 27 -15 28 -15 25 -12 30 -16 27 -15 27 -19 29 -13 27 -3 32 -13 26 -12 27 -9 24 -8 25 -11 25 -7 26 -8 24 -6 25 -5 26 -5 23 -4 24 -5 24 -3 24 -3 23 2 22 0 20 0 24 0 20 3 20 1 20 4 20 4 19 1 21 1 20 1 19 1 18 12 18 15 19 15 17 19 15 -1 -1 ]
CSI_DATA,STA,08:3A:F2:51:5D:9D,-51,11,1,0,1,1,1,0,0,0,0,-93,0,6,1,17135618,0,110,0,0,17.355685,384,[110 96 6 0 0 0 0 0 0 0 0 0 4 -22 4 -21 4 -25 7 -25 6 -23 7 -19 7 -22 7 -20 7 -21 9 -21 10 -23 9 -23 10 -22 10 -21 9 -17 10 -23 9 -19 10 -18 9 -18 8 -17 9 -17 9 -18 10 -15 9 -18 9 -19 7 -17 0 0 7 -17 5 -18 5 -18 4 -17 6 -15 4 -17 5 -17 3 -15 3 -17 0 -15 1 -16 2 -14 1 -15 0 -14 0 -15 -2 -15 -1 -17 -2 -13 -2 -14 -3 -12 -2 -14 -2 -13 -2 -14 -4 -14 -2 -13 -3 -12 0 0 0 0 0 0 0 0 0 0 -1 -1 -1 -1 -5 20 -5 21 -1 20 1 18 -9 12 -8 11 -8 13 -9 12 -6 12 -6 9 -5 12 -3 10 -4 12 -5 12 -6 12 -4 12 -4 13 -4 12 -4 10 -2 11 -1 11 -3 11 0 9 -2 10 -2 9 0 10 -2 10 0 10 -2 10 -1 10 4 10 -1 10 -1 10 0 8 -1 9 -2 8 0 8 -1 7 -1 7 -2 7 -2 6 -2 7 -2 6 -2 5 -3 4 -2 4 -2 3 -3 4 -3 2 -3 2 -3 1 -2 1 -3 0 -2 0 -2 -1 -2 -2 -2 -2 0 0 -1 -1 -1 -1 -1 -1 -1 -1 -1 -1 -1 -1 -1 -1 0 0 0 0 -1 -1 -9 -34 -10 -32 -11 -37 -8 -36 -9 -36 -5 -30 -6 -36 -7 -30 -10 -38 -3 -37 -3 -40 -3 -38 -3 -41 -3 -39 -2 -32 -3 -36 -5 -34 -2 -36 -4 -29 -2 -31 -1 -28 -5 -31 0 -30 -2 -31 1 -35 -4 -30 -17 -28 -3 -29 -5 -29 -6 -25 -6 -25 -4 -27 -9 -25 -7 -24 -9 -24 -11 -24 -10 -21 -10 -23 -8 -23 -11 -22 -11 -21 -14 -18 -11 -18 -14 -20 -11 -17 -13 -15 -12 -16 -14 -15 -14 -14 -13 -18 -13 -17 -12 -15 -12 -15 -21 -8 -25 -7 -24 -6 -25 -1 -1 -1 ]
CSI_DATA,STA,08:3A:F2:51:5D:9D,-51,11,1,0,1,1,1,0,0,0,0,-93,0,6,1,17136102,0,110,0,0,17.366258,384,[110 96 6 0 0 0 0 0 0 0 0 0 19 -10 18 -10 21 -12 24 -9 22 -9 19 -7 21 -8 20 -7 20 -8 21 -6 24 -6 23 -7 23 -6 22 -4 19 -3 23 -7 20 -5 19 -3 19 -4 18 -4 18 -4 19 -4 17 -2 19 -3 20 -4 18 -5 0 0 17 -5 16 -7 17 -7 15 -7 15 -5 15 -7 16 -7 13 -7 14 -8 11 -9 12 -9 12 -7 12 -7 11 -9 11 -9 10 -10 12 -11 8 -10 9 -10 7 -10 9 -10 9 -10 9 -10 8 -11 8 -9 7 -9 0 0 0 0 0 0 0 0 0 0 -1 -1 -1 -1 -20 7 -21 8 -18 10 -15 10 -16 0 -14 0 -16 2 -16 0 -14 2 -12 1 -13 3 -11 3 -13 4 -13 3 -14 3 -13 3 -14 4 -13 4 -11 3 -11 5 -10 6 -12 5 -9 5 -10 5 -10 4 -9 6 -10 4 -9 6 -11 5 -9 6 -7 9 -9 5 -9 5 -8 4 -8 5 -8 3 -8 4 -7 4 -8 3 -7 3 -7 3 -7 2 -7 1 -7 1 -7 0 -5 1 -5 0 -5 0 -4 -1 -4 -1 -3 -1 -3 -1 -3 -2 -2 -3 -1 -3 -1 -3 -1 -3 0 0 -1 -1 -1 -1 -1 -1 -1 -1 -1 -1 -1 -1 -1 -1 0 0 0 0 -1 -1 22 -29 20 -27 24 -32 25 -28 24 -29 22 -23 26 -27 20 -24 26 -31 28 -25 30 -27 29 -26 31 -28 30 -26 24 -21 28 -25 25 -26 28 -23 21 -20 24 -21 22 -18 22 -23 24 -18 24 -20 28 -20 21 -21 14 -30 21 -20 20 -21 17 -20 16 -20 18 -20 16 -22 15 -20 14 -22 13 -23 11 -20 12 -22 14 -20 12 -22 11 -21 5 -22 8 -19 7 -23 6 -19 5 -20 5 -20 3 -21 3 -20 6 -21 5 -20 5 -19 5 -19 -6 -21 -8 -24 -8 -23 -13 -21 -1 -1 ]
CSI_DATA,STA,08:3A:F2:51:5D:9D,-46,11,0,0,0,0,0,0,0,0,0,-93,0,6,1,17137900,0,110,0,0,17.376641,128,[110 96 6 0 0 0 0 0 0 0 0 0 -28 2 -27 0 -29 1 -30 1 -29 0 -26 -2 -28 -2 -26 -3 -27 -2 -27 -4 -29 -2 -29 -3 -28 -3 -27 -3 -24 -4 -28 -2 -24 -4 -24 -4 -23 -4 -23 -3 -22 -3 -24 -3 -21 -4 -22 -2 -24 -1 -22 -1 0 0 -21 0 -22 0 -21 1 -20 1 -18 1 -19 2 -20 2 -18 2 -19 3 -18 2 -19 4 -17 3 -17 4 -17 4 -17 4 -16 5 -17 6 -16 5 -15 5 -15 6 -15 5 -15 6 -14 6 -14 7 -14 6 -13 6 0 0 0 0 0 0 0 0 0 0 ]
CSI_DATA,STA,08:3A:F2:51:5D:9D,-51,11,1,0,1,1,1,0,0,0,0,-93,0,6,1,17138497,0,110,0,0,17.380533,384,[110 96 6 0 0 0 0 0 0 0 0 0 8 -20 7 -20 8 -23 12 -23 11 -22 10 -18 11 -21 10 -18 10 -20 12 -19 14 -21 13 -21 14 -20 14 -19 12 -15 13 -21 12 -17 13 -15 12 -16 11 -15 11 -15 12 -16 12 -13 12 -15 13 -17 10 -16 0 0 10 -16 8 -16 9 -16 7 -16 9 -14 7 -16 8 -16 6 -14 6 -16 3 -14 4 -15 5 -13 5 -14 2 -14 3 -14 1 -15 3 -17 0 -13 1 -14 -1 -13 1 -14 0 -14 1 -14 0 -14 1 -13 0 -12 0 0 0 0 0 0 0 0 0 0 -1 -1 -1 -1 -7 19 -7 20 -4 20 -2 18 -10 10 -9 9 -10 11 -11 9 -8 10 -7 8 -7 10 -5 9 -6 11 -7 10 -7 10 -7 11 -6 12 -6 10 -5 9 -4 10 -2 10 -5 10 -2 8 -4 9 -4 8 -2 9 -4 9 -2 9 -4 10 -2 10 3 11 -3 9 -3 9 -2 7 -2 8 -4 7 -2 8 -2 7 -2 7 -3 6 -3 6 -4 6 -3 5 -3 4 -4 4 -3 4 -3 3 -3 3 -3 2 -3 2 -3 1 -3 1 -3 0 -2 -1 -2 -1 -2 -2 -2 -2 0 0 -1 -1 -1 -1 -1 -1 -1 -1 -1 -1 -1 -1 -1 -1 0 0 0 0 -1 -1 -5 -34 -5 -32 -6 -37 -3 -36 -4 -35 -2 -30 -1 -35 -3 -30 -4 -38 1 -36 2 -38 1 -37 1 -40 2 -37 2 -31 2 -34 -1 -34 3 -35 0 -28 2 -30 3 -27 -1 -30 3 -28 2 -29 5 -33 0 -28 -15 -31 1 -28 0 -28 -2 -25 -2 -24 -1 -26 -5 -25 -4 -24 -6 -24 -7 -24 -6 -21 -6 -23 -4 -23 -7 -23 -7 -22 -11 -19 -8 -19 -11 -21 -8 -18 -10 -17 -9 -17 -11 -16 -11 -16 -10 -19 -10 -18 -9 -16 -9 -17 -20 -10 -23 -10 -22 -9 -25 -5 -1 -1 ]
CSI_DATA,STA,08:3A:F2:51:5D:9D,-51,11,1,0,1,1,1,0,0,0,0,-93,0,6,1,17219606,0,110,0,0,17.391412,384,[110 96 6 0 0 0 0 0 0 0 0 0 -22 -2 -21 -2 -24 -2 -25 -5 -23 -5 -20 -5 -22 -6 -20 -6 -21 -5 -21 -7 -23 -8 -23 -8 -22 -8 -21 -9 -18 -9 -23 -8 -19 -8 -18 -9 -18 -8 -17 -8 -17 -9 -18 -9 -15 -9 -18 -9 -19 -9 -17 -7 0 0 -17 -7 -18 -5 -18 -6 -16 -4 -15 -7 -16 -5 -17 -6 -16 -5 -16 -4 -14 -1 -15 -2 -14 -3 -14 -3 -14 -1 -14 -1 -14 0 -16 -1 -13 1 -13 1 -12 2 -13 0 -13 0 -13 0 -13 1 -12 0 -12 1 0 0 0 0 0 0 0 0 0 0 -1 -1 -1 -1 16 11 17 11 18 8 16 6 10 12 9 10 11 10 9 12 10 9 8 8 10 9 9 6 11 8 10 8 10 8 11 7 12 7 11 7 9 6 11 5 11 4 10 6 10 3 9 5 9 5 10 4 9 5 10 3 10 5 10 3 10 0 9 4 9 4 8 3 8 3 8 4 8 3 7 3 7 3 6 4 6 3 5 4 5 4 5 4 4 4 4 3 3 3 3 3 2 3 1 2 0 2 0 2 -1 2 -1 2 -2 2 -2 0 -3 0 -1 -1 0 0 0 0 -1 -1 -1 -1 -1 -1 0 0 0 0 -1 -1 -1 -1 -1 -1 -37 8 -35 9 -40 9 -40 6 -38 6 -33 4 -39 3 -34 4 -42 5 -39 0 -41 0 -40 0 -43 0 -41 -1 -34 -2 -37 -1 -37 1 -37 -3 -31 0 -33 -3 -31 -4 -34 -1 -31 -5 -32 -2 -35 -6 -31 -1 -31 9 -31 -2 -30 0 -28 2 -27 2 -29 -1 -28 3 -27 2 -28 3 -27 5 -24 4 -25 6 -25 4 -26 6 -24 6 -21 10 -21 7 -24 9 -20 8 -19 9 -19 8 -19 10 -19 10 -21 8 -19 9 -18 8 -19 8 -15 15 -15 19 -14 19 -11 21 -1 -1 ]
CSI_DATA,STA,08:3A:F2:51:5D:9D,-51,11,1,0,1,1,1,0,0,0,0,-93,0,6,1,17227516,0,110,0,0,17.405320,384,[110 96 6 0 0 0 0 0 0 0 0 0 -22 -11 -21 -9 -25 -10 -25 -14 -23 -13 -19 -13 -22 -13 -20 -13 -21 -13 -20 -15 -21 -17 -22 -17 -20 -17 -19 -18 -16 -15 -21 -16 -17 -15 -16 -16 -16 -15 -16 -14 -16 -15 -17 -15 -13 -15 -15 -16 -16 -17 -16 -13 0 0 -16 -13 -17 -11 -17 -12 -16 -10 -14 -12 -16 -11 -16 -11 -15 -9 -16 -10 -15 -6 -16 -7 -13 -9 -14 -8 -15 -6 -15 -6 -15 -4 -18 -6 -14 -3 -15 -3 -14 -1 -14 -4 -15 -3 -14 -4 -15 -3 -13 -4 -13 -3 0 0 0 0 0 0 0 0 0 0 -1 -1 -1 -1 17 14 17 15 19 12 18 8 8 14 7 13 9 13 7 14 9 12 7 9 9 11 9 8 11 9 9 11 10 11 9 9 11 10 10 9 8 8 11 7 11 5 10 7 10 5 9 6 8 7 10 6 8 7 10 5 10 8 9 5 12 1 9 5 9 6 8 4 8 4 7 6 8 5 7 4 7 4 6 4 5 4 5 5 5 6 4 5 4 5 3 3 2 3 2 4 1 3 1 3 0 3 0 2 0 2 -1 2 -2 1 -2 1 -3 0 0 0 0 0 -1 -1 -1 -1 -1 -1 -1 -1 -1 -1 0 0 0 0 -1 -1 -1 -1 -41 -3 -39 -1 -44 -2 -42 -5 -43 -4 -36 -6 -42 -7 -36 -5 -45 -5 -41 -12 -44 -13 -42 -13 -46 -13 -43 -14 -35 -11 -40 -11 -38 -9 -39 -12 -33 -8 -35 -11 -31 -11 -36 -8 -32 -13 -33 -12 -36 -16 -33 -9 -36 2 -32 -10 -32 -8 -29 -5 -29 -5 -30 -7 -31 -3 -28 -4 -30 -2 -30 -1 -27 -1 -28 0 -28 -3 -28 0 -27 0 -25 6 -23 3 -27 5 -22 3 -22 6 -22 4 -22 7 -21 7 -24 4 -23 4 -21 4 -21 4 -18 15 -19 19 -18 18 -14 23 -1 -1 ]
CSI_DATA,STA,08:3A:F2:51:5D:9D,-51,11,1,0,1,1,1,0,0,0,0,-93,0,6,1,17227826,0,110,0,0,17.416243,384,[110 96 6 0 0 0 0 0 0 0 0 0 -9 -23 -9 -22 -11 -25 -9 -27 -9 -25 -6 -22 -7 -25 -6 -23 -7 -23 -5 -24 -4 -27 -5 -27 -4 -26 -3 -26 -2 -22 -5 -26 -3 -23 -2 -22 -3 -21 -3 -20 -3 -21 -3 -22 0 -20 -2 -22 -2 -23 -4 -20 0 0 -4 -20 -6 -19 -6 -20 -7 -18 -4 -18 -6 -18 -6 -19 -6 -16 -7 -17 -9 -14 -9 -15 -6 -15 -7 -15 -9 -13 -9 -13 -10 -13 -11 -15 -10 -11 -10 -11 -10 -9 -9 -12 -10 -11 -10 -12 -11 -11 -9 -11 -9 -9 0 0 0 0 0 0 0 0 0 0 -1 -1 -1 -1 3 22 4 22 7 21 7 18 -2 17 -2 15 -1 17 -2 17 0 15 -1 13 0 15 2 13 3 15 1 15 1 15 2 14 3 15 2 14 2 12 4 13 6 12 3 13 5 10 3 11 3 11 5 11 3 11 5 10 4 12 5 11 9 8 4 10 4 10 4 9 4 9 3 9 4 8 4 8 3 8 3 8 2 8 1 7 1 7 1 6 0 6 0 5 0 5 0 5 -1 4 -1 3 -2 3 -2 2 -2 2 -2 1 -2 0 -3 0 -3 -1 -1 -1 -1 -1 -1 -1 -1 -1 -1 -1 -1 -1 -1 -1 -1 -1 -1 -1 0 0 0 0 -28 -30 -28 -28 -31 -32 -28 -34 -28 -32 -23 -29 -26 -35 -23 -29 -30 -36 -23 -37 -25 -38 -24 -37 -26 -39 -24 -38 -19 -32 -23 -35 -24 -33 -21 -36 -20 -28 -18 -31 -16 -30 -22 -30 -16 -32 -19 -30 -18 -35 -20 -28 -29 -21 -19 -29 -20 -27 -20 -23 -20 -22 -19 -25 -22 -22 -20 -22 -22 -21 -23 -20 -21 -18 -23 -17 -21 -19 -23 -17 -22 -16 -24 -11 -21 -12 -25 -14 -21 -12 -21 -11 -21 -11 -23 -9 -22 -9 -22 -12 -22 -10 -21 -9 -20 -10 -25 0 -27 3 -27 3 -25 8 -1 -1 ]
CSI_DATA,STA,08:3A:F2:51:5D:9D,-51,11,1,0,1,1,1,0,0,0,0,-93,0,6,1,17228133,0,110,0,0,17.427049,384,[110 96 6 0 0 0 0 0 0 0 0 0 14 -19 13 -19 14 -22 18 -21 17 -20 15 -16 17 -19 15 -17 15 -18 18 -16 21 -17 20 -17 20 -16 20 -15 17 -12 20 -18 17 -14 18 -12 17 -12 16 -12 16 -12 17 -13 17 -9 18 -11 19 -12 16 -12 0 0 15 -12 14 -14 14 -13 13 -14 13 -11 12 -13 13 -13 11 -12 11 -14 8 -13 10 -14 10 -11 10 -12 8 -13 8 -13 7 -14 9 -15 5 -13 6 -14 3 -13 6 -13 5 -13 6 -13 5 -13 6 -12 4 -12 0 0 0 0 0 0 0 0 0 0 -1 -1 -1 -1 -18 14 -19 15 -15 17 -12 17 -16 5 -15 5 -16 6 -16 4 -14 6 -12 4 -13 7 -10 7 -12 8 -13 7 -14 7 -13 7 -13 8 -11 7 -10 6 -10 8 -9 9 -11 8 -7 8 -9 7 -9 6 -8 8 -9 7 -8 8 -10 7 -9 8 -4 12 -8 8 -8 7 -7 7 -7 7 -8 6 -7 6 -7 5 -7 5 -7 5 -7 5 -7 4 -7 3 -6 3 -6 2 -5 3 -5 1 -5 1 -5 0 -4 0 -4 0 -3 -1 -3 -2 -3 -2 -2 -3 -1 -3 -1 -3 0 0 0 0 -1 -1 -1 -1 -1 -1 -1 -1 -1 -1 0 0 0 0 -1 -1 -1 -1 8 -39 7 -37 8 -42 11 -39 10 -40 10 -33 13 -39 9 -33 11 -43 17 -38 18 -40 18 -38 19 -41 19 -38 15 -31 16 -37 13 -35 17 -36 12 -29 15 -31 15 -27 12 -32 17 -29 15 -29 20 -32 13 -30 2 -36 13 -29 12 -30 9 -27 8 -27 11 -27 7 -29 8 -27 5 -27 4 -29 4 -26 4 -26 7 -26 4 -26 3 -25 -3 -24 0 -22 -1 -27 0 -22 -2 -22 -1 -22 -4 -22 -4 -21 -1 -24 -1 -23 -1 -21 -2 -21 -14 -20 -16 -21 -16 -20 -21 -17 -1 -1 ]
CSI_DATA,STA,08:3A:F2:51:5D:9D,-51,11,1,0,1,1,1,0,0,0,0,-93,0,6,1,17228610,0,110,0,0,17.437598,384,[110 96 6 0 0 0 0 0 0 0 0 0 23 5 22 4 25 4 26 8 24 7 20 8 23 8 21 8 22 8 22 10 23 12 24 11 22 11 21 12 17 11 23 11 19 11 18 12 18 11 17 10 17 11 18 11 14 11 17 11 19 12 17 9 0 0 17 9 18 7 18 8 17 6 15 8 16 6 17 7 15 6 16 5 15 2 16 3 14 5 15 4 15 2 15 2 15 1 17 2 14 0 14 0 13 -2 14 0 14 0 14 0 14 -1 13 1 12 -1 0 0 0 0 0 0 0 0 0 0 -1 -1 -1 -1 -19 -15 -19 -14 -21 -12 -19 -8 -11 -15 -11 -13 -12 -14 -11 -15 -11 -13 -9 -10 -12 -11 -11 -9 -13 -10 -12 -11 -13 -11 -13 -10 -14 -11 -12 -10 -11 -9 -13 -7 -13 -6 -13 -8 -12 -5 -11 -7 -10 -8 -12 -6 -11 -7 -12 -5 -12 -8 -12 -6 -13 -2 -11 -6 -11 -6 -10 -5 -10 -5 -9 -7 -10 -5 -9 -5 -9 -6 -8 -5 -8 -5 -7 -6 -7 -6 -6 -6 -5 -5 -5 -4 -4 -4 -4 -5 -3 -4 -3 -4 -1 -3 -2 -3 0 -3 0 -3 1 -3 1 -2 2 -1 0 0 0 0 -1 -1 -1 -1 -1 -1 -1 -1 -1 -1 0 0 0 0 -1 -1 -1 -1 41 -4 39 -5 44 -5 43 -2 43 -2 37 0 43 0 36 0 46 -2 43 5 45 5 43 5 46 5 44 6 36 6 41 4 40 2 40 7 34 3 35 6 32 8 36 3 33 8 35 6 38 10 33 4 34 -6 32 5 33 3 30 0 29 0 31 2 31 -2 29 0 29 -2 30 -4 26 -3 27 -4 28 -2 27 -5 26 -5 24 -10 22 -7 26 -9 22 -7 22 -9 21 -8 21 -11 20 -11 23 -8 21 -9 20 -8 19 -8 16 -17 17 -22 17 -20 12 -24 -1 -1 ]
CSI_DATA,STA,08:3A:F2:51:5D:9D,-51,11,1,0,1,1,1,0,0,0,0,-93,0,6,1,17229078,0,110,0,0,17.447736,384,[110 96 6 0 0 0 0 0 0 0 0 0 12 20 12 18 14 21 12 25 11 23 8 20 10 22 8 20 9 21 7 23 7 26 8 25 7 24 6 24 3 20 8 25 5 21 4 21 5 20 5 19 4 20 5 21 1 19 3 21 4 22 5 19 0 0 5 19 7 18 6 19 7 17 4 17 7 17 6 17 6 15 7 16 8 13 9 14 6 13 7 13 9 12 8 12 10 12 10 14 9 10 10 10 10 8 9 10 9 10 9 10 10 10 8 10 8 8 0 0 0 0 0 0 0 0 0 0 -1 -1 -1 -1 -4 -23 -4 -24 -7 -22 -7 -19 2 -18 1 -17 1 -18 2 -18 0 -17 0 -13 -1 -16 -2 -13 -3 -16 -2 -16 -1 -16 -2 -15 -3 -17 -2 -15 -2 -13 -4 -14 -5 -13 -4 -14 -6 -12 -4 -13 -3 -12 -5 -12 -3 -13 -5 -12 -3 -14 -5 -13 -8 -10 -4 -12 -4 -12 -4 -10 -4 -11 -3 -11 -4 -10 -4 -10 -4 -9 -3 -9 -2 -9 -1 -9 -1 -9 -1 -8 -1 -7 -1 -7 0 -6 -1 -6 1 -5 1 -4 1 -4 1 -3 1 -3 1 -2 2 -1 2 -1 2 0 0 0 0 0 -1 -1 -1 -1 -1 -1 -1 -1 -1 -1 0 0 0 0 -1 -1 -1 -1 31 27 30 24 34 28 31 30 31 29 25 25 30 31 26 25 33 31 26 34 27 37 26 35 28 38 25 37 20 30 26 33 25 30 24 34 21 26 20 29 17 27 23 28 17 30 19 29 18 35 20 27 28 22 19 27 21 25 20 22 20 21 19 24 23 20 20 20 22 19 23 18 19 16 21 18 20 19 22 17 21 15 23 10 19 11 24 12 19 10 21 8 20 10 22 7 22 6 22 11 21 10 19 9 19 9 23 0 26 -2 25 -3 25 -9 -1 -1 ]
CSI_DATA,STA,08:3A:F2:51:5D:9D,-51,11,1,0,1,1,1,0,0,0,0,-93,0,6,1,17229573,0,110,0,0,17.457725,384,[110 96 6 0 0 0 0 0 0 0 0 0 -13 20 -12 19 -13 23 -17 22 -16 21 -15 17 -16 19 -15 17 -16 18 -18 17 -20 19 -19 19 -19 18 -19 16 -17 13 -19 18 -18 14 -18 13 -17 13 -16 13 -17 12 -17 14 -17 10 -17 13 -19 14 -15 13 0 0 -15 13 -14 15 -14 14 -12 14 -14 11 -13 13 -13 13 -11 13 -11 14 -8 14 -9 14 -10 12 -9 12 -7 13 -8 13 -7 14 -9 15 -5 13 -6 14 -4 13 -6 13 -5 13 -6 13 -5 13 -6 12 -4 12 0 0 0 0 0 0 0 0 0 0 -1 -1 -1 -1 20 -10 21 -11 19 -14 15 -13 18 -5 16 -6 17 -6 17 -5 15 -6 12 -5 15 -7 12 -7 14 -9 14 -7 15 -8 14 -8 14 -9 13 -8 11 -6 12 -9 10 -10 12 -9 8 -9 10 -8 10 -7 9 -9 10 -8 9 -9 11 -8 10 -9 6 -11 9 -9 9 -8 7 -8 8 -8 9 -6 8 -7 7 -6 7 -6 7 -6 7 -5 8 -4 8 -4 7 -3 6 -2 6 -3 5 -2 4 -2 4 -1 4 -1 3 0 3 0 2 1 1 1 0 2 0 2 0 2 0 0 0 0 -1 -1 -1 -1 -1 -1 -1 -1 -1 -1 0 0 0 0 -1 -1 -1 -1 -11 40 -9 39 -11 44 -14 42 -13 42 -13 35 -16 41 -13 35 -16 44 -21 39 -22 42 -22 40 -23 42 -23 40 -20 33 -20 38 -18 38 -22 37 -16 31 -20 31 -19 28 -17 34 -22 29 -20 31 -25 32 -17 31 -9 34 -18 29 -16 30 -13 28 -11 28 -16 28 -11 30 -12 28 -11 28 -9 29 -9 26 -8 28 -10 27 -7 28 -6 27 -1 26 -3 24 -3 28 -3 24 0 24 -2 23 1 24 1 23 -3 25 -1 24 -1 22 -1 22 7 22 10 24 10 23 15 22 -1 -1 ]
CSI_DATA,STA,08:3A:F2:51:5D:9D,-51,11,1,0,1,1,1,0,0,0,0,-93,0,6,1,17230038,0,110,0,0,17.468149,384,[110 96 6 0 0 0 0 0 0 0 0 0 -24 -3 -23 -3 -27 -3 -28 -6 -26 -5 -22 -6 -25 -6 -23 -6 -24 -6 -24 -8 -26 -10 -26 -9 -25 -9 -24 -10 -20 -10 -26 -9 -21 -9 -21 -10 -20 -8 -19 -8 -19 -9 -21 -9 -18 -10 -20 -9 -21 -10 -19 -7 0 0 -20 -7 -20 -5 -20 -6 -19 -4 -17 -6 -19 -4 -19 -5 -17 -3 -19 -3 -16 0 -18 0 -16 -3 -16 -2 -16 0 -16 0 -16 2 -18 1 -14 2 -15 3 -13 4 -15 2 -15 2 -15 2 -15 3 -14 1 -13 3 0 0 0 0 0 0 0 0 0 0 -1 -1 -1 -1 21 8 21 9 21 5 19 2 14 10 13 9 14 9 13 10 13 8 10 6 13 6 12 4 14 4 14 6 14 6 13 5 15 6 13 5 11 4 14 2 13 1 13 3 11 1 11 2 11 3 12 1 11 3 12 1 13 3 12 1 12 -3 11 1 11 2 10 1 10 0 10 2 10 0 9 1 9 1 8 1 8 1 7 3 7 3 7 3 6 3 6 2 4 1 4 2 2 2 3 2 1 3 1 2 1 2 0 2 -1 2 -2 1 -3 1 0 0 0 0 -1 -1 -1 -1 -1 -1 -1 -1 -1 -1 0 0 0 0 -1 -1 -1 -1 -41 9 -38 10 -44 11 -43 7 -43 9 -36 5 -43 5 -36 6 -45 9 -44 2 -47 1 -45 1 -48 1 -45 0 -37 -1 -42 2 -40 4 -43 0 -34 3 -37 0 -33 -2 -37 4 -36 -3 -37 -1 -41 -4 -34 1 -33 12 -34 1 -34 3 -30 5 -29 5 -32 3 -30 8 -29 6 -29 8 -29 9 -27 8 -27 9 -28 7 -27 10 -25 10 -22 14 -21 11 -25 13 -20 11 -19 13 -20 12 -19 15 -18 14 -22 13 -20 13 -19 12 -19 11 -13 21 -13 25 -11 23 -6 26 -1 -1 ]
CSI_DATA,STA,08:3A:F2:51:5D:9D,-46,11,0,0,0,0,0,0,0,0,0,-93,0,6,1,17239683,0,110,0,0,17.478341,128,[110 96 6 0 0 0 0 0 0 0 0 0 13 -21 14 -20 15 -21 15 -22 16 -20 15 -18 16 -18 16 -17 16 -18 17 -17 17 -19 18 -18 17 -18 16 -17 16 -15 17 -17 16 -14 16 -13 15 -14 15 -14 15 -13 15 -13 13 -12 13 -14 14 -15 13 -14 0 0 12 -14 12 -14 11 -14 11 -14 9 -13 10 -14 9 -14 9 -13 8 -14 9 -13 8 -14 7 -13 7 -14 7 -14 7 -13 7 -14 6 -14 6 -13 6 -13 5 -13 5 -13 5 -13 5 -13 4 -14 4 -13 4 -12 0 0 0 0 0 0 0 0 0 0 ]
CSI_DATA,STA,08:3A:F2:51:5D:9D,-50,11,1,0,1,1,1,0,0,0,0,-93,0,6,1,17330556,0,110,0,0,17.497004,384,[110 96 6 0 0 0 0 0 0 0 0 0 -10 -21 -10 -19 -12 -23 -10 -24 -9 -23 -7 -20 -8 -22 -7 -20 -8 -21 -6 -22 -6 -25 -7 -25 -6 -24 -4 -23 -3 -20 -7 -24 -4 -21 -3 -21 -4 -19 -4 -19 -4 -19 -5 -20 -1 -18 -3 -20 -4 -21 -5 -18 0 0 -5 -18 -7 -18 -7 -18 -7 -16 -5 -16 -7 -16 -7 -17 -7 -15 -8 -15 -9 -12 -9 -13 -7 -13 -7 -13 -9 -11 -9 -12 -10 -11 -11 -13 -10 -9 -10 -10 -10 -8 -10 -10 -10 -10 -10 -10 -11 -9 -9 -10 -9 -8 0 0 0 0 0 0 0 0 0 0 -1 -1 -1 -1 2 20 2 21 6 20 6 16 -2 16 -2 15 0 16 -3 16 0 15 -1 12 1 14 2 12 3 14 1 14 1 15 2 13 3 14 3 13 2 11 4 12 5 11 3 12 5 9 4 11 3 10 5 10 3 11 5 9 4 11 5 10 7 9 4 10 4 10 5 8 4 9 3 9 4 8 3 7 3 7 2 8 2 7 1 7 1 7 1 7 0 6 0 5 0 5 0 5 -1 4 -1 3 -2 3 -2 2 -2 2 -2 1 -3 1 -3 0 -3 -1 -1 -1 -1 -1 -1 -1 -1 -1 -1 -1 -1 -1 -1 -1 -1 -1 -1 -1 0 0 0 0 -27 -29 -26 -27 -30 -31 -27 -32 -28 -31 -22 -27 -25 -33 -22 -27 -29 -34 -22 -35 -23 -38 -22 -36 -24 -39 -22 -37 -18 -30 -22 -34 -22 -32 -20 -35 -19 -26 -18 -30 -16 -28 -21 -29 -15 -30 -17 -29 -17 -34 -19 -27 -25 -22 -18 -28 -19 -26 -19 -23 -19 -21 -18 -24 -22 -21 -20 -21 -21 -20 -22 -20 -20 -17 -22 -17 -20 -19 -22 -17 -21 -15 -23 -11 -20 -12 -24 -13 -19 -11 -21 -9 -20 -10 -22 -8 -22 -7 -22 -11 -21 -10 -20 -9 -19 -9 -22 -2 -25 1 -24 1 -24 7 -1 -1 ]
CSI_DATA,STA,08:3A:F2:51:5D:9D,-50,11,1,0,1,1,1,0,0,0,0,-93,0,6,1,17349823,0,110,0,0,17.516167,384,[110 96 6 0 0 0 0 0 0 0 0 0 -6 -22 -6 -21 -7 -24 -5 -26 -5 -24 -3 -21 -3 -24 -3 -21 -3 -22 -1 -23 0 -26 -1 -25 -1 -24 1 -24 1 -20 -1 -25 0 -21 1 -21 0 -20 0 -19 1 -20 0 -21 3 -18 2 -20 2 -22 0 -19 0 0 0 -19 -3 -19 -2 -19 -3 -17 0 -17 -2 -18 -2 -18 -3 -16 -3 -17 -5 -14 -5 -15 -3 -14 -4 -15 -5 -14 -5 -14 -7 -13 -7 -16 -7 -12 -7 -12 -8 -11 -6 -13 -7 -12 -6 -13 -8 -12 -5 -12 -6 -10 0 0 0 0 0 0 0 0 0 0 -1 -1 -1 -1 2 21 2 21 6 20 5 17 -5 14 -4 13 -3 14 -5 14 -3 13 -3 11 -2 13 -1 11 -1 13 -1 12 -2 13 -1 12 0 13 0 12 0 10 1 11 2 11 0 11 2 9 1 10 0 10 2 10 0 10 3 9 1 11 2 10 7 9 1 10 1 9 2 8 1 8 1 8 1 8 1 7 1 7 0 7 0 7 -1 7 -1 6 -1 6 -1 5 -1 5 -2 4 -2 4 -2 3 -2 3 -3 2 -2 2 -3 1 -3 0 -3 0 -3 -1 -3 -2 -1 -1 -1 -1 -1 -1 -1 -1 -1 -1 -1 -1 -1 -1 -1 -1 -1 -1 0 0 0 0 -24 -26 -24 -25 -25 -29 -24 -30 -23 -29 -19 -26 -21 -31 -20 -26 -25 -32 -18 -32 -20 -34 -19 -33 -22 -34 -20 -34 -16 -29 -17 -31 -20 -30 -16 -32 -15 -26 -14 -28 -12 -27 -17 -28 -12 -27 -14 -27 -13 -32 -16 -25 -28 -19 -15 -27 -15 -25 -16 -22 -15 -21 -15 -23 -17 -21 -15 -21 -17 -20 -18 -19 -15 -17 -18 -17 -16 -18 -19 -17 -18 -16 -19 -12 -17 -13 -20 -14 -17 -12 -17 -11 -17 -12 -18 -10 -18 -10 -18 -13 -18 -11 -16 -11 -17 -11 -21 -1 -25 2 -25 2 -23 6 -1 -1 ]
CSI_DATA,STA,08:3A:F2:51:5D:9D,-46,11,1,0,0,1,1,0,0,0,0,-93,0,6,1,17447184,0,110,0,0,17.613680,256,[110 96 6 0 0 0 0 0 0 0 0 0 1 -16 1 -15 1 -16 2 -17 1 -15 2 -15 2 -15 3 -14 2 -15 3 -15 2 -16 3 -16 2 -15 3 -14 4 -13 3 -15 4 -13 4 -12 3 -13 3 -12 3 -12 4 -13 3 -11 2 -11 2 -13 2 -12 0 0 1 -11 1 -12 1 -12 2 -11 1 -10 0 -11 0 -11 0 -10 -1 -11 0 -10 -1 -11 -1 -9 -2 -9 -1 -10 -1 -10 -2 -10 -2 -10 -2 -10 -2 -9 -3 -9 -2 -9 -3 -9 -3 -9 -3 -9 -3 -8 -3 -8 0 0 0 0 0 0 0 0 0 0 -1 -1 -1 -1 -1 -1 0 0 -10 -26 -8 -26 -5 -27 -5 -29 -4 -28 -4 -31 -2 -26 -1 -27 -2 -28 1 -28 0 -28 1 -28 -2 -29 -1 -29 -1 -26 -1 -26 1 -26 -1 -27 2 -24 3 -24 1 -24 3 -25 2 -23 2 -24 2 -22 0 -21 0 -24 -1 -22 -1 -1 -2 -20 -2 -21 -3 -20 -2 -20 -2 -19 -3 -19 -4 -19 -2 -19 -3 -18 -5 -19 -7 -19 -7 -16 -6 -16 -5 -17 -7 -17 -6 -16 -6 -17 -7 -17 -6 -14 -9 -14 -7 -18 -5 -15 -9 -14 -10 -14 -8 -12 -7 -13 -9 -10 -11 -9 -1 -1 -1 -1 -1 -1 ]
CSI_DATA,STA,08:3A:F2:51:5D:9D,-50,11,1,0,1,1,1,0,0,0,0,-93,0,6,1,17461853,0,110,0,0,17.629064,384,[110 96 6 0 0 0 0 0 0 0 0 0 -24 -6 -23 -6 -27 -6 -28 -10 -26 -9 -21 -9 -24 -9 -22 -9 -23 -9 -23 -11 -25 -13 -25 -12 -24 -13 -23 -13 -19 -12 -24 -12 -20 -12 -19 -13 -19 -12 -18 -11 -18 -11 -20 -11 -16 -12 -19 -12 -20 -13 -19 -10 0 0 -19 -10 -19 -8 -19 -8 -18 -6 -17 -9 -18 -7 -19 -8 -17 -6 -18 -5 -17 -2 -18 -3 -15 -4 -16 -4 -16 -2 -16 -2 -16 -1 -19 -2 -15 0 -15 0 -14 2 -15 0 -15 0 -15 0 -15 1 -14 -1 -13 1 0 0 0 0 0 0 0 0 0 0 -1 -1 -1 -1 19 12 21 13 21 9 19 5 12 13 11 11 13 11 11 13 12 10 10 9 12 9 11 7 14 7 13 9 13 9 12 8 14 8 13 7 11 7 13 5 13 3 12 6 11 2 11 5 11 5 12 3 11 5 12 3 12 5 12 3 13 0 11 3 11 4 9 3 10 3 10 4 10 3 9 2 9 3 8 3 7 3 7 4 7 4 6 4 5 4 5 3 3 3 4 3 2 3 2 3 1 3 1 2 0 3 -2 2 -1 1 -2 2 -3 1 0 0 -1 -1 -1 -1 -1 -1 -1 -1 -1 -1 -1 -1 -1 -1 0 0 0 0 -1 -1 -42 4 -39 5 -45 6 -44 2 -44 3 -37 0 -44 0 -37 1 -47 3 -44 -4 -47 -5 -45 -4 -48 -5 -46 -6 -37 -5 -42 -4 -41 -2 -42 -6 -35 -3 -37 -5 -33 -6 -38 -2 -36 -8 -36 -6 -40 -9 -35 -3 -35 8 -34 -4 -34 -2 -31 0 -30 1 -32 -2 -31 3 -30 2 -30 3 -31 4 -27 4 -28 5 -29 3 -29 6 -27 6 -24 11 -23 7 -27 10 -22 8 -21 10 -22 9 -21 12 -20 12 -24 10 -22 10 -21 9 -20 9 -16 18 -17 22 -15 22 -10 26 -1 -1 ]
CSI_DATA,STA,08:3A:F2:51:5D:9D,-51,11,1,0,1,1,1,0,0,0,0,-93,0,6,1,17462436,0,110,0,0,17.639931,384,[110 96 6 0 0 0 0 0 0 0 0 0 -10 -20 -10 -19 -12 -22 -9 -24 -9 -23 -6 -19 -8 -22 -7 -20 -8 -21 -5 -23 -5 -25 -6 -24 -5 -23 -4 -23 -3 -20 -6 -24 -4 -20 -3 -21 -3 -19 -4 -19 -3 -19 -4 -20 -1 -18 -3 -20 -3 -21 -4 -18 0 0 -4 -18 -6 -18 -6 -18 -7 -16 -4 -16 -6 -16 -6 -17 -6 -15 -7 -16 -8 -13 -8 -14 -6 -13 -7 -14 -8 -12 -8 -13 -9 -12 -10 -14 -9 -10 -9 -11 -10 -9 -9 -11 -9 -11 -9 -11 -10 -10 -8 -10 -9 -9 0 0 0 0 0 0 0 0 0 0 -1 -1 -1 -1 9 18 10 19 12 16 12 13 0 14 0 13 1 14 0 14 1 12 0 10 2 12 3 10 4 12 3 12 2 12 3 11 3 12 3 11 3 9 5 10 5 9 4 10 5 7 4 9 3 8 5 8 3 9 5 7 4 10 5 9 10 6 4 8 4 8 4 6 4 7 3 7 4 7 3 6 2 6 2 6 2 6 1 7 1 6 1 5 0 5 1 5 -1 4 0 4 -1 3 -1 3 -1 3 -2 2 -2 1 -2 1 -2 0 -3 0 -3 -1 0 0 -1 -1 -1 -1 -1 -1 -1 -1 -1 -1 -1 -1 -1 -1 0 0 0 0 -1 -1 -29 -19 -27 -18 -31 -21 -28 -22 -29 -21 -23 -19 -26 -23 -24 -18 -31 -22 -25 -25 -27 -27 -26 -26 -28 -28 -26 -27 -21 -22 -24 -25 -25 -22 -24 -26 -20 -19 -20 -22 -17 -21 -22 -20 -18 -23 -20 -21 -21 -26 -20 -20 -31 -10 -19 -20 -20 -19 -19 -15 -19 -15 -19 -17 -21 -14 -19 -14 -21 -13 -22 -12 -20 -11 -21 -11 -20 -13 -21 -11 -20 -10 -21 -5 -18 -7 -22 -8 -18 -7 -19 -5 -18 -6 -19 -4 -19 -3 -20 -7 -19 -6 -18 -5 -18 -6 -21 7 -23 9 -22 9 -20 14 -1 -1 ]
CSI_DATA,STA,08:3A:F2:51:5D:9D,-51,11,1,0,1,1,1,0,0,0,0,-93,0,6,1,17462978,0,110,0,0,17.650592,384,[110 96 6 0 0 0 0 0 0 0 0 0 21 1 20 1 24 1 25 4 23 3 19 4 22 4 20 4 21 4 20 6 23 7 23 6 22 7 21 8 17 7 23 7 19 7 18 8 18 6 17 6 17 7 18 7 15 8 17 7 19 8 17 5 0 0 17 5 17 3 18 4 16 2 15 5 16 3 16 3 14 2 16 1 13 -1 15 -1 14 2 14 1 13 -1 14 -1 14 -2 16 -1 12 -3 13 -3 11 -4 13 -2 13 -3 13 -3 12 -4 12 -2 11 -3 0 0 0 0 0 0 0 0 0 0 -1 -1 -1 -1 -20 -9 -21 -9 -21 -5 -18 -3 -14 -11 -12 -9 -14 -10 -13 -11 -13 -9 -11 -7 -13 -7 -12 -5 -14 -6 -13 -7 -14 -7 -14 -6 -14 -6 -13 -6 -11 -6 -13 -4 -13 -3 -13 -5 -11 -2 -12 -4 -11 -4 -12 -2 -12 -4 -12 -2 -12 -4 -12 -2 -12 2 -11 -3 -12 -3 -10 -3 -10 -2 -9 -4 -10 -3 -9 -2 -9 -3 -8 -3 -8 -3 -8 -4 -7 -4 -7 -4 -6 -4 -6 -3 -5 -3 -5 -4 -4 -3 -4 -3 -2 -4 -2 -3 -2 -4 -1 -4 0 -3 0 -3 1 -2 0 0 -1 -1 -1 -1 -1 -1 -1 -1 -1 -1 -1 -1 -1 -1 0 0 0 0 -1 -1 35 -11 33 -12 38 -13 38 -10 37 -11 31 -7 37 -8 31 -8 40 -10 38 -4 41 -4 39 -5 42 -5 40 -3 32 -2 38 -4 36 -6 37 -2 29 -5 31 -2 29 -1 32 -5 31 -1 31 -2 36 1 30 -4 29 -13 29 -3 29 -4 26 -6 25 -6 27 -4 26 -8 25 -7 25 -9 24 -10 21 -9 23 -10 23 -8 23 -10 22 -10 19 -14 18 -11 21 -14 17 -11 17 -13 17 -12 16 -15 16 -15 18 -13 17 -13 16 -12 16 -12 10 -19 11 -23 9 -23 5 -24 -1 -1 ]
CSI_DATA,STA,08:3A:F2:51:5D:9D,-46,11,0,0,0,0,0,0,0,0,0,-93,0,6,1,17464700,0,110,0,0,17.660912,128,[110 96 6 0 0 0 0 0 0 0 0 0 -14 -21 -13 -22 -14 -23 -14 -24 -12 -23 -11 -22 -11 -23 -9 -22 -10 -23 -9 -23 -10 -24 -10 -25 -9 -23 -9 -23 -7 -21 -10 -24 -6 -21 -6 -21 -7 -20 -7 -20 -7 -19 -7 -20 -5 -18 -8 -18 -8 -20 -8 -19 0 0 -9 -17 -9 -17 -9 -16 -9 -16 -8 -15 -10 -15 -10 -15 -9 -14 -10 -14 -9 -14 -10 -14 -9 -12 -10 -13 -10 -13 -10 -12 -10 -12 -12 -12 -10 -11 -10 -11 -11 -10 -10 -10 -11 -10 -11 -10 -11 -10 -10 -9 -10 -9 0 0 0 0 0 0 0 0 0 0 ]
CSI_DATA,STA,08:3A:F2:51:5D:9D,-50,11,1,0,1,1,1,0,0,0,0,-93,0,6,1,17465193,0,110,0,0,17.665202,384,[110 96 6 0 0 0 0 0 0 0 0 0 17 -18 16 -18 18 -20 22 -19 19 -17 19 -14 20 -16 19 -15 19 -15 20 -14 23 -15 22 -16 22 -15 22 -13 20 -10 22 -15 21 -12 20 -9 20 -11 17 -10 19 -10 19 -10 17 -7 19 -10 20 -11 17 -11 0 0 18 -11 15 -12 17 -13 14 -12 16 -10 15 -12 16 -12 13 -11 14 -13 9 -13 11 -14 11 -11 11 -12 10 -13 10 -12 9 -14 11 -15 7 -13 8 -13 5 -13 8 -13 7 -13 7 -13 6 -14 7 -12 5 -12 0 0 0 0 0 0 0 0 0 0 -1 -1 -1 -1 -23 6 -24 6 -22 11 -19 10 -19 1 -18 1 -19 2 -20 1 -17 2 -15 1 -16 3 -14 4 -17 5 -16 4 -17 3 -16 5 -17 6 -15 5 -14 4 -14 6 -13 7 -15 5 -11 6 -13 5 -12 4 -12 6 -13 5 -11 7 -13 5 -12 7 -9 9 -12 6 -12 5 -10 5 -10 5 -11 3 -10 5 -9 4 -10 4 -9 4 -9 3 -9 2 -9 2 -8 1 -8 0 -7 1 -7 0 -6 0 -6 -1 -5 -1 -5 -2 -4 -2 -3 -2 -2 -3 -2 -3 -1 -3 -1 -3 -1 -1 -1 -1 -1 -1 -1 -1 -1 -1 -1 -1 -1 -1 -1 -1 -1 -1 0 0 0 0 19 -39 17 -38 21 -42 24 -41 22 -39 21 -33 25 -37 20 -33 26 -41 28 -35 30 -38 28 -37 31 -39 31 -36 26 -30 28 -33 27 -35 29 -31 22 -28 25 -27 24 -26 24 -30 25 -25 24 -28 29 -28 22 -28 15 -34 23 -28 21 -27 18 -27 16 -26 20 -26 16 -28 16 -27 15 -28 14 -29 11 -26 11 -28 14 -26 11 -28 11 -27 5 -27 7 -25 7 -29 6 -24 4 -25 5 -24 2 -26 3 -25 6 -26 4 -25 4 -24 4 -24 -5 -23 -8 -28 -8 -28 -13 -25 -1 -1 ]
CSI_DATA,STA,08:3A:F2:51:5D:9D,-51,11,1,0,1,1,1,0,0,0,0,-93,0,6,1,17465607,0,110,0,0,17.675915,384,[110 96 6 0 0 0 0 0 0 0 0 0 21 -5 20 -5 23 -6 25 -3 22 -3 20 -1 23 -2 20 -1 21 -2 21 0 24 1 24 0 23 1 22 2 19 2 23 0 20 1 19 3 19 2 18 1 18 2 19 2 16 4 19 2 20 2 18 0 0 0 18 1 17 -1 18 -1 16 -2 16 1 16 -1 17 -1 15 -2 16 -3 13 -5 14 -4 14 -2 14 -3 13 -5 13 -4 13 -6 15 -5 11 -6 12 -6 10 -7 11 -6 11 -6 11 -6 11 -7 11 -5 10 -6 0 0 0 0 0 0 0 0 0 0 -1 -1 -1 -1 -22 -4 -22 -4 -22 0 -18 1 -15 -7 -14 -6 -16 -6 -15 -8 -14 -6 -12 -5 -14 -4 -12 -2 -15 -3 -14 -3 -15 -4 -14 -3 -16 -3 -14 -3 -12 -3 -13 -1 -13 0 -13 -2 -11 0 -12 -1 -12 -1 -12 0 -12 -1 -12 0 -13 -1 -12 1 -11 4 -12 0 -12 0 -10 0 -10 0 -10 -1 -10 0 -9 0 -9 -1 -9 -1 -8 -1 -8 -2 -8 -2 -7 -3 -6 -3 -6 -2 -5 -2 -6 -3 -4 -3 -4 -2 -3 -3 -3 -3 -2 -3 -2 -3 -1 -3 0 -2 0 -3 0 0 -1 -1 -1 -1 -1 -1 -1 -1 -1 -1 -1 -1 -1 -1 0 0 0 0 -1 -1 32 -20 30 -20 34 -22 35 -19 34 -19 30 -15 35 -17 29 -16 37 -20 36 -14 39 -14 38 -14 40 -15 39 -13 32 -11 36 -12 35 -14 36 -10 29 -12 31 -10 29 -8 31 -12 30 -8 31 -10 35 -8 29 -11 26 -20 29 -10 28 -11 25 -12 23 -12 26 -11 24 -14 23 -13 23 -15 22 -16 18 -14 20 -15 21 -13 20 -16 19 -16 15 -18 16 -15 18 -18 14 -15 13 -17 14 -16 12 -18 12 -18 15 -17 14 -17 12 -16 13 -15 6 -21 5 -25 4 -24 0 -25 -1 -1 ]
CSI_DATA,STA,08:3A:F2:51:5D:9D,-51,11,1,0,1,1,1,0,0,0,0,-93,0,6,1,17466000,0,110,0,0,17.686472,384,[110 96 6 0 0 0 0 0 0 0 0 0 6 20 6 20 7 22 4 25 4 22 2 20 3 22 2 20 3 21 2 21 1 24 3 24 2 23 0 23 -1 19 2 23 0 20 -1 19 0 19 0 18 0 19 0 19 -2 17 0 19 0 20 1 18 0 0 1 18 3 17 3 18 4 16 1 16 3 16 3 17 3 14 4 15 6 12 6 13 4 13 5 13 6 12 6 12 7 12 7 14 7 10 7 10 8 8 7 11 7 10 7 10 8 9 6 9 7 8 0 0 0 0 0 0 0 0 0 0 -1 -1 -1 -1 -3 -21 -3 -23 -7 -20 -6 -18 2 -17 1 -15 1 -17 2 -17 0 -15 1 -13 0 -14 -1 -12 -2 -15 -2 -15 -1 -15 -2 -14 -3 -16 -3 -14 -2 -12 -4 -13 -5 -13 -3 -13 -5 -11 -4 -11 -3 -11 -5 -11 -3 -12 -5 -11 -4 -13 -5 -11 -8 -9 -4 -11 -4 -11 -4 -10 -4 -10 -3 -10 -4 -10 -4 -9 -4 -9 -3 -8 -3 -8 -1 -8 -1 -8 -1 -8 -1 -7 -1 -7 0 -6 -1 -6 1 -4 1 -4 1 -4 1 -4 1 -3 1 -2 1 -2 2 -1 2 0 0 0 -1 -1 -1 -1 -1 -1 -1 -1 -1 -1 -1 -1 -1 -1 0 0 0 0 -1 -1 23 27 23 25 25 29 22 30 23 29 18 26 20 30 18 25 24 31 19 32 20 35 19 33 21 35 19 34 15 29 18 32 19 30 16 32 14 25 14 27 12 26 17 27 12 27 14 27 14 32 15 25 25 20 14 25 15 24 15 21 15 20 14 22 17 20 16 20 18 19 19 18 16 15 18 16 17 17 19 16 18 15 20 10 17 12 20 13 16 11 18 9 17 10 19 7 19 7 19 10 18 9 17 8 17 9 21 1 25 -2 24 -2 23 -7 -1 -1 ]
CSI_DATA,STA,08:3A:F2:51:5D:9D,-51,11,1,0,1,1,1,0,0,0,0,-93,0,6,1,17466541,0,110,0,0,17.696382,384,[110 96 6 0 0 0 0 0 0 0 0 0 4 21 4 20 5 23 3 25 2 23 1 20 1 23 1 20 1 21 0 22 -1 24 0 24 -1 23 -1 23 -2 19 0 24 -1 20 -3 19 -2 19 -2 18 -2 18 -2 19 -4 17 -2 19 -2 20 0 18 0 0 0 18 2 17 1 18 2 16 0 16 2 16 1 17 2 15 3 16 5 13 5 14 3 13 4 14 5 12 5 12 6 12 6 14 7 11 7 11 7 9 6 11 6 11 6 11 7 10 6 10 6 9 0 0 0 0 0 0 0 0 0 0 -1 -1 -1 -1 -4 -21 -4 -22 -7 -21 -7 -18 2 -16 2 -15 1 -16 2 -16 1 -14 1 -12 0 -14 -1 -12 -2 -14 -2 -14 -1 -15 -2 -14 -3 -15 -2 -13 -2 -12 -3 -13 -5 -13 -3 -13 -4 -10 -3 -11 -2 -11 -4 -11 -3 -11 -5 -10 -3 -12 -5 -11 -9 -9 -4 -11 -4 -10 -3 -9 -4 -10 -2 -10 -4 -10 -3 -8 -3 -8 -3 -9 -3 -8 -2 -8 -1 -8 -1 -7 0 -7 -2 -6 -1 -6 -1 -6 0 -5 0 -4 1 -4 0 -4 2 -3 2 -2 2 -2 2 -1 2 0 0 0 -1 -1 -1 -1 -1 -1 -1 -1 -1 -1 -1 -1 -1 -1 0 0 0 0 -1 -1 21 28 20 25 23 30 19 31 21 30 15 26 17 31 16 25 22 32 16 33 17 35 17 33 18 36 16 34 12 28 15 33 17 30 14 32 12 25 12 27 10 26 15 27 11 27 12 27 11 31 14 25 26 20 13 25 13 24 14 21 14 20 13 23 16 20 14 20 16 19 17 17 15 16 16 17 15 17 18 16 17 15 19 11 16 12 19 13 15 11 17 9 16 10 18 8 18 8 18 11 17 9 16 8 16 9 21 1 25 -2 23 -2 23 -7 -1 -1 ]
CSI_DATA,STA,08:3A:F2:51:5D:9D,-51,11,1,0,1,1,1,0,0,0,0,-93,0,6,1,17466970,0,110,0,0,17.706364,384,[110 96 6 0 0 0 0 0 0 0 0 0 -22 -5 -21 -4 -24 -5 -25 -8 -23 -7 -20 -8 -22 -8 -20 -8 -21 -8 -20 -9 -23 -11 -23 -10 -22 -11 -21 -12 -18 -11 -22 -11 -19 -11 -17 -11 -18 -10 -16 -10 -17 -11 -17 -11 -14 -11 -17 -11 -19 -11 -17 -9 0 0 -17 -9 -17 -7 -18 -8 -16 -6 -15 -8 -16 -7 -17 -7 -15 -6 -16 -6 -15 -2 -16 -3 -14 -4 -14 -4 -15 -2 -14 -3 -15 -1 -17 -3 -14 0 -14 0 -13 1 -14 -1 -14 -1 -14 -1 -14 0 -13 -1 -12 0 0 0 0 0 0 0 0 0 0 0 -1 -1 -1 -1 17 11 18 11 19 8 17 5 10 11 9 10 11 11 10 12 10 9 8 8 10 8 9 6 11 7 10 7 11 8 11 7 12 7 10 7 9 6 11 5 11 3 10 6 9 3 9 4 9 5 10 3 9 4 10 3 10 5 10 3 11 -1 9 3 9 4 8 3 8 3 8 4 8 3 7 2 7 3 6 3 6 3 6 4 5 4 5 4 4 4 4 2 3 3 3 3 2 3 1 2 1 2 0 2 0 2 -1 2 -2 2 -2 1 -2 0 0 0 -1 -1 -1 -1 -1 -1 -1 -1 -1 -1 -1 -1 -1 -1 0 0 0 0 -1 -1 -38 5 -36 6 -41 5 -41 2 -39 3 -33 0 -39 0 -33 2 -42 2 -39 -2 -42 -3 -41 -3 -44 -4 -41 -4 -34 -4 -38 -4 -38 -2 -37 -6 -31 -2 -33 -5 -30 -5 -34 -2 -31 -6 -33 -4 -36 -8 -31 -3 -32 8 -31 -4 -30 -3 -29 -1 -26 0 -29 -2 -28 2 -27 1 -28 3 -27 3 -25 4 -26 5 -25 3 -25 5 -24 5 -22 9 -21 6 -24 8 -20 7 -19 8 -19 7 -19 10 -18 9 -21 8 -20 8 -19 8 -18 7 -14 16 -15 21 -14 20 -11 23 -1 -1 ]
CSI_DATA,STA,08:3A:F2:51:5D:9D,-51,11,1,0,1,1,1,0,0,0,0,-93,0,6,1,17500157,0,110,0,0,17.716741,384,[110 96 6 0 0 0 0 0 0 0 0 0 -18 17 -17 16 -19 19 -23 18 -20 16 -19 13 -21 15 -20 13 -19 14 -21 13 -24 14 -23 15 -23 13 -23 12 -20 9 -23 14 -21 11 -21 9 -20 10 -18 9 -20 9 -20 9 -18 6 -19 9 -21 10 -18 10 0 0 -18 10 -16 12 -17 12 -15 11 -16 9 -15 11 -16 11 -14 10 -14 12 -10 12 -11 13 -12 10 -11 11 -10 12 -10 12 -9 13 -11 14 -8 12 -7 13 -5 12 -8 12 -7 12 -7 12 -6 13 -7 11 -6 11 0 0 0 0 0 0 0 0 0 0 -1 -1 -1 -1 20 -10 21 -11 19 -14 16 -13 17 -4 16 -5 17 -6 18 -4 15 -5 13 -4 14 -6 12 -7 14 -8 13 -7 15 -7 13 -8 14 -9 13 -8 11 -7 11 -9 11 -11 12 -8 8 -9 9 -8 10 -7 9 -9 10 -8 8 -9 11 -8 9 -9 6 -12 10 -9 9 -7 8 -7 8 -8 9 -6 8 -8 7 -6 7 -6 7 -6 7 -6 7 -5 7 -4 7 -4 6 -3 6 -4 5 -2 5 -2 4 -1 4 -1 3 0 3 0 2 0 2 1 1 2 1 1 0 2 -1 -1 -1 -1 -1 -1 -1 -1 -1 -1 -1 -1 -1 -1 -1 -1 -1 -1 0 0 0 0 -19 36 -18 36 -21 39 -24 39 -22 37 -21 31 -24 35 -19 32 -23 39 -26 33 -29 36 -27 35 -29 37 -29 35 -25 29 -27 32 -25 34 -28 30 -22 27 -24 26 -23 25 -23 29 -24 25 -23 26 -28 28 -21 27 -12 34 -22 27 -21 26 -17 26 -15 24 -19 26 -15 27 -15 25 -14 27 -12 27 -11 24 -11 27 -12 25 -10 27 -9 26 -4 25 -6 24 -6 27 -5 23 -3 23 -4 22 -1 24 -1 23 -4 24 -3 23 -3 22 -3 22 6 23 10 26 11 25 14 22 -1 -1 ]
CSI_DATA,STA,08:3A:F2:51:5D:9D,-51,11,1,0,1,1,1,0,0,0,0,-93,0,6,1,17551690,0,110,0,0,17.727481,384,[110 96 6 0 0 0 0 0 0 0 0 0 0 -25 0 -23 -1 -27 3 -28 2 -26 4 -22 4 -25 4 -23 3 -24 6 -24 7 -26 6 -26 7 -25 8 -24 7 -20 6 -26 6 -22 8 -21 7 -21 6 -20 7 -20 6 -21 8 -18 7 -20 8 -22 5 -20 0 0 6 -20 3 -20 3 -20 2 -19 5 -17 2 -19 3 -19 2 -17 1 -18 -1 -16 -1 -18 1 -16 0 -16 -2 -15 -1 -16 -3 -16 -2 -18 -4 -14 -4 -15 -5 -13 -3 -15 -4 -15 -3 -15 -5 -14 -2 -14 -4 -13 0 0 0 0 0 0 0 0 0 0 -1 -1 -1 -1 -8 21 -8 22 -5 22 -3 20 -12 14 -10 13 -10 14 -12 13 -9 13 -8 10 -8 14 -5 12 -6 14 -7 13 -8 13 -6 13 -6 14 -6 13 -6 11 -4 13 -2 13 -5 13 -2 11 -4 11 -4 10 -2 12 -4 12 -2 12 -4 12 -3 12 2 13 -3 12 -3 11 -2 10 -2 10 -3 9 -2 10 -2 9 -3 8 -3 8 -4 8 -4 7 -4 7 -4 6 -4 5 -4 6 -4 4 -4 4 -4 3 -4 3 -4 2 -4 1 -4 0 -4 -1 -3 -2 -3 -2 -3 -2 0 0 0 0 -1 -1 -1 -1 -1 -1 -1 -1 -1 -1 0 0 0 0 -1 -1 -1 -1 -15 -39 -15 -36 -16 -42 -12 -42 -13 -41 -9 -35 -10 -41 -10 -35 -13 -44 -6 -43 -7 -45 -6 -43 -7 -46 -6 -44 -4 -37 -6 -41 -8 -40 -4 -41 -6 -33 -4 -35 -2 -33 -7 -36 -1 -35 -4 -35 -1 -39 -6 -34 -17 -32 -4 -33 -6 -33 -8 -29 -8 -28 -6 -31 -10 -30 -8 -28 -10 -29 -12 -28 -10 -25 -12 -26 -10 -26 -12 -26 -13 -24 -16 -21 -13 -21 -16 -24 -13 -20 -15 -19 -13 -19 -16 -19 -16 -17 -14 -21 -14 -19 -13 -18 -13 -18 -22 -11 -26 -11 -25 -10 -27 -5 -1 -1 ]
CSI_DATA,STA,08:3A:F2:51:5D:9D,-51,11,1,0,1,1,1,0,0,0,0,-93,0,6,1,17553419,0,110,0,0,17.738336,384,[110 96 6 0 0 0 0 0 0 0 0 0 -24 7 -23 7 -26 8 -29 6 -26 5 -23 3 -25 4 -23 3 -24 4 -25 2 -28 1 -27 2 -27 1 -26 0 -23 -2 -27 2 -24 0 -23 -2 -22 -1 -21 0 -21 -1 -23 -1 -20 -3 -22 -1 -24 -2 -21 1 0 0 -21 0 -20 2 -21 2 -19 3 -19 0 -19 2 -20 2 -17 3 -18 4 -15 5 -16 6 -16 3 -16 4 -15 5 -15 5 -15 7 -17 7 -13 7 -13 8 -11 8 -14 6 -13 7 -13 7 -13 8 -12 6 -11 7 0 0 0 0 0 0 0 0 0 0 -1 -1 -1 -1 23 2 23 2 23 -2 20 -4 16 6 15 5 17 5 16 6 15 4 13 3 15 3 13 1 16 1 15 2 15 2 15 1 16 1 14 1 12 2 14 -1 14 -3 14 0 11 -3 12 -1 11 0 12 -2 12 0 12 -2 13 0 12 -2 12 -6 12 -2 11 -1 10 -2 10 -2 10 0 10 -2 9 -1 8 -1 9 0 8 -1 8 1 8 2 7 2 6 1 6 1 5 1 5 1 4 2 3 2 2 2 2 2 1 3 0 2 -1 2 -1 2 -2 2 0 0 0 0 -1 -1 -1 -1 -1 -1 -1 -1 -1 -1 0 0 0 0 -1 -1 -1 -1 -34 24 -32 24 -36 26 -37 24 -36 23 -32 19 -38 21 -32 19 -39 24 -40 17 -43 18 -41 17 -44 20 -42 17 -36 14 -37 17 -37 18 -39 15 -32 15 -34 13 -32 10 -34 16 -34 10 -34 12 -39 11 -32 14 -27 24 -32 13 -30 14 -27 15 -26 15 -29 13 -26 17 -26 14 -25 17 -24 19 -21 16 -22 18 -24 15 -22 18 -21 17 -16 20 -17 17 -19 21 -16 17 -14 19 -15 17 -14 20 -12 19 -17 18 -15 18 -14 17 -14 17 -5 23 -4 27 -4 26 2 27 -1 -1 ]
CSI_DATA,STA,08:3A:F2:51:5D:9D,-51,11,1,0,1,1,1,0,0,0,0,-93,0,6,1,17555655,0,110,0,0,17.748524,384,[110 96 6 0 0 0 0 0 0 0 0 0 -2 21 -1 20 -1 24 -4 25 -4 23 -5 19 -5 22 -5 19 -5 21 -7 21 -8 23 -8 23 -8 22 -9 21 -8 17 -7 23 -8 18 -9 18 -8 17 -7 17 -8 17 -8 18 -9 15 -9 17 -9 18 -7 17 0 0 -7 17 -5 17 -5 17 -4 16 -6 14 -4 16 -5 16 -3 14 -3 16 -1 14 -1 15 -3 13 -2 14 0 13 -1 13 1 14 0 16 1 12 2 13 3 11 1 13 2 12 1 13 2 12 0 12 1 11 0 0 0 0 0 0 0 0 0 0 -1 -1 -1 -1 6 -20 6 -21 2 -21 1 -19 9 -13 8 -12 8 -14 9 -12 7 -12 6 -10 6 -12 4 -11 5 -14 6 -13 6 -13 5 -12 5 -14 5 -12 4 -10 3 -12 2 -13 4 -12 1 -11 2 -11 3 -10 1 -11 3 -11 1 -12 4 -12 2 -12 -2 -12 2 -11 2 -11 1 -10 2 -10 3 -9 1 -9 1 -9 1 -9 2 -8 2 -8 3 -7 3 -7 3 -6 3 -5 2 -6 2 -4 2 -5 3 -3 2 -3 2 -2 2 -2 2 -1 2 0 1 0 1 0 1 1 0 0 0 0 -1 -1 -1 -1 -1 -1 -1 -1 -1 -1 0 0 0 0 -1 -1 -1 -1 12 32 12 30 14 35 10 35 11 34 8 30 9 35 9 29 12 37 5 36 5 39 4 37 5 40 4 38 3 31 5 35 7 33 3 35 5 28 3 30 1 28 6 31 0 29 1 30 -1 34 3 29 15 28 2 28 4 28 6 25 6 24 4 26 8 25 6 24 7 23 10 23 8 21 9 22 7 23 10 22 9 21 13 17 10 17 12 20 9 17 12 15 11 16 13 15 13 14 11 18 11 16 10 15 10 15 19 9 23 8 22 8 24 3 -1 -1 ]
CSI_DATA,STA,08:3A:F2:51:5D:9D,-51,11,1,0,1,1,1,0,0,0,0,-93,0,6,1,17562903,0,110,0,0,17.758354,384,[110 96 6 0 0 0 0 0 0 0 0 0 21 10 20 9 24 11 23 15 22 13 18 12 21 14 18 13 19 13 18 15 20 17 21 16 19 16 18 17 14 15 20 16 16 15 14 16 15 14 14 14 14 15 15 15 11 14 14 15 15 16 15 13 0 0 15 13 15 11 16 12 15 10 13 12 14 10 15 11 13 9 15 9 14 5 15 6 13 7 14 7 14 5 14 5 15 4 16 6 13 3 14 3 13 1 14 4 13 3 14 3 14 2 12 3 12 2 0 0 0 0 0 0 0 0 0 0 -1 -1 -1 -1 -18 -17 -18 -17 -20 -14 -17 -11 -9 -16 -9 -14 -10 -16 -9 -17 -10 -14 -7 -12 -10 -13 -9 -10 -11 -12 -11 -12 -11 -13 -11 -11 -12 -12 -10 -11 -9 -10 -11 -10 -12 -8 -11 -10 -11 -7 -10 -9 -9 -9 -11 -8 -9 -9 -12 -7 -11 -10 -11 -8 -13 -3 -10 -8 -10 -8 -9 -7 -9 -7 -9 -8 -9 -7 -8 -7 -8 -7 -7 -7 -7 -6 -6 -7 -6 -8 -5 -7 -4 -7 -4 -6 -3 -5 -4 -6 -2 -5 -2 -5 -1 -4 0 -4 0 -4 1 -4 1 -3 2 -2 2 -2 0 0 0 0 -1 -1 -1 -1 -1 -1 -1 -1 -1 -1 0 0 0 0 -1 -1 -1 -1 40 2 38 0 43 2 42 5 42 4 35 6 41 7 34 5 43 5 40 10 43 11 41 11 44 12 41 12 34 10 38 11 38 8 37 13 32 8 33 11 30 11 34 9 30 12 32 11 35 15 31 8 35 -3 30 9 30 8 29 5 27 4 29 7 29 2 28 4 28 2 29 1 25 0 27 -1 27 2 27 -1 26 -1 24 -6 23 -3 26 -5 22 -4 22 -6 22 -5 22 -8 21 -7 23 -5 22 -6 21 -5 20 -5 18 -15 20 -19 19 -20 15 -23 -1 -1 ]
CSI_DATA,STA,08:3A:F2:51:5D:9D,-51,11,1,0,1,1,1,0,0,0,0,-93,0,6,1,17563232,0,110,0,0,17.768563,384,[110 96 6 0 0 0 0 0 0 0 0 0 0 23 1 23 1 26 -2 28 -2 26 -3 22 -3 25 -3 22 -3 23 -5 23 -6 26 -5 26 -6 25 -7 24 -7 20 -6 25 -6 21 -8 20 -6 20 -6 19 -7 19 -6 21 -8 17 -7 20 -7 21 -5 20 0 0 -5 19 -3 19 -4 20 -2 18 -5 17 -3 18 -3 18 -2 16 -1 17 1 15 1 17 -1 15 -1 15 2 15 1 14 3 15 2 17 3 13 3 14 4 12 3 14 3 14 3 14 4 13 2 13 4 12 0 0 0 0 0 0 0 0 0 0 -1 -1 -1 -1 2 -23 3 -24 -1 -23 -2 -21 8 -15 7 -15 6 -16 8 -15 5 -14 5 -12 5 -14 3 -13 3 -15 4 -14 4 -15 3 -14 3 -16 3 -14 3 -12 1 -14 0 -14 2 -14 -1 -12 1 -12 2 -11 0 -12 1 -12 -1 -12 2 -13 0 -13 -5 -13 0 -12 1 -12 0 -10 0 -11 2 -10 0 -11 0 -10 1 -9 1 -9 1 -9 2 -8 2 -8 2 -7 2 -7 2 -6 2 -5 2 -5 3 -4 3 -4 3 -3 3 -3 2 -2 2 -1 2 0 2 1 2 1 0 0 0 0 -1 -1 -1 -1 -1 -1 -1 -1 -1 -1 0 0 0 0 -1 -1 -1 -1 18 32 18 30 19 35 17 36 18 34 13 31 14 36 13 30 18 37 12 37 12 40 12 38 13 41 11 39 8 33 10 36 13 34 9 36 9 29 7 31 5 29 11 31 5 31 7 31 6 36 9 29 22 26 8 30 9 29 10 25 10 24 9 27 12 25 10 24 13 23 14 23 12 20 14 22 12 23 14 21 14 20 17 16 13 17 16 18 13 16 15 14 14 15 16 14 16 13 15 16 15 15 14 14 14 14 22 6 27 4 26 3 26 -2 -1 -1 ]
CSI_DATA,STA,08:3A:F2:51:5D:9D,-51,11,1,0,1,1,1,0,0,0,0,-93,0,6,1,17563783,0,110,0,0,17.778400,384,[110 96 6 0 0 0 0 0 0 0 0 0 -23 9 -22 8 -25 10 -28 7 -25 7 -22 5 -25 5 -23 4 -24 5 -24 3 -27 3 -27 4 -26 3 -26 2 -22 0 -26 3 -23 1 -22 0 -22 1 -21 1 -21 0 -23 1 -19 -2 -22 0 -23 0 -21 2 0 0 -21 2 -20 4 -21 3 -18 4 -18 1 -19 3 -19 3 -17 4 -18 5 -15 6 -16 7 -15 4 -15 5 -14 6 -14 6 -14 8 -16 8 -12 8 -12 8 -11 8 -13 7 -13 7 -13 7 -12 9 -12 7 -11 7 0 0 0 0 0 0 0 0 0 0 -1 -1 -1 -1 22 -4 23 -6 22 -9 19 -9 16 2 15 1 16 1 16 2 14 1 12 1 14 0 12 -1 15 -2 14 -1 14 -1 14 -2 15 -2 14 -2 12 -1 13 -3 12 -5 12 -3 10 -4 10 -3 11 -2 11 -4 11 -3 11 -5 12 -3 11 -4 10 -9 11 -4 11 -3 9 -3 9 -3 9 -2 9 -3 8 -3 8 -2 8 -2 7 -2 7 -1 7 0 7 0 6 0 5 -1 4 0 5 0 3 1 3 1 2 1 2 1 2 2 1 2 0 2 -1 1 -2 2 0 0 0 0 -1 -1 -1 -1 -1 -1 -1 -1 -1 -1 0 0 0 0 -1 -1 -1 -1 -26 28 -24 28 -28 30 -30 28 -28 28 -25 22 -30 25 -24 23 -30 29 -32 24 -34 25 -33 24 -36 26 -35 24 -29 19 -32 22 -30 23 -32 20 -26 18 -29 17 -27 15 -28 20 -28 16 -28 17 -33 17 -26 18 -18 31 -26 17 -25 18 -22 18 -21 17 -24 17 -21 19 -20 17 -20 20 -18 21 -16 18 -17 20 -19 18 -16 21 -16 20 -10 21 -12 18 -14 21 -12 18 -9 19 -10 18 -8 20 -8 19 -12 20 -10 19 -9 18 -10 18 2 24 4 27 4 26 9 25 -1 -1 ]
CSI_DATA,STA,08:3A:F2:51:5D:9D,-51,11,1,0,1,1,1,0,0,0,0,-93,0,6,1,17564514,0,110,0,0,17.788592,384,[110 96 6 0 0 0 0 0 0 0 0 0 -7 -24 -7 -23 -8 -26 -5 -29 -5 -26 -3 -23 -4 -26 -3 -23 -4 -25 -1 -25 -1 -28 -2 -28 -1 -27 0 -26 2 -22 -1 -27 0 -24 2 -22 1 -22 0 -21 1 -21 1 -22 3 -19 1 -22 1 -23 -1 -21 0 0 0 -21 -3 -20 -2 -21 -3 -19 0 -19 -3 -19 -2 -20 -3 -17 -4 -18 -6 -15 -6 -17 -3 -16 -4 -16 -6 -15 -5 -15 -7 -15 -7 -17 -7 -13 -7 -14 -8 -12 -7 -14 -7 -13 -7 -14 -8 -13 -6 -13 -7 -12 0 0 0 0 0 0 0 0 0 0 -1 -1 -1 -1 -1 22 0 24 4 23 4 20 -7 15 -6 15 -5 16 -7 16 -4 15 -4 12 -3 14 -2 12 -2 15 -3 14 -3 15 -2 14 -2 15 -2 14 -2 12 0 13 2 13 -2 13 1 11 0 11 -1 12 1 12 -1 11 2 11 -1 12 1 12 5 12 0 12 0 11 1 10 0 10 -1 10 1 9 0 9 0 8 -1 9 -1 8 -2 8 -2 8 -2 7 -2 6 -2 5 -2 5 -3 5 -3 4 -3 3 -4 2 -3 2 -3 1 -3 0 -3 -1 -3 -1 -3 -2 0 0 0 0 -1 -1 -1 -1 -1 -1 -1 -1 -1 -1 0 0 0 0 -1 -1 -1 -1 -26 -31 -26 -29 -28 -34 -26 -35 -25 -33 -20 -30 -22 -35 -21 -29 -26 -37 -20 -37 -21 -40 -21 -38 -22 -41 -20 -39 -16 -33 -18 -37 -20 -35 -16 -37 -16 -29 -15 -32 -13 -30 -18 -31 -12 -32 -15 -32 -13 -37 -16 -30 -28 -24 -15 -30 -16 -29 -16 -26 -15 -24 -15 -27 -18 -25 -17 -23 -19 -23 -19 -23 -18 -20 -19 -21 -17 -22 -20 -20 -19 -19 -21 -15 -18 -16 -21 -17 -18 -15 -19 -13 -18 -14 -20 -12 -20 -12 -20 -15 -19 -14 -18 -13 -18 -14 -25 -4 -28 -1 -28 -1 -28 4 -1 -1 ]
CSI_DATA,STA,08:3A:F2:51:5D:9D,-51,11,1,0,1,1,1,0,0,0,0,-93,0,6,1,17565014,0,110,0,0,17.799489,384,[110 96 6 0 0 0 0 0 0 0 0 0 20 -13 19 -13 22 -15 25 -13 23 -12 20 -9 23 -11 21 -9 22 -10 23 -8 26 -9 25 -10 24 -8 24 -7 21 -4 25 -9 21 -6 22 -5 20 -6 20 -5 20 -5 21 -5 19 -2 21 -5 22 -5 19 -6 0 0 19 -6 18 -8 19 -7 17 -8 17 -5 17 -8 17 -7 15 -7 16 -9 13 -10 14 -10 14 -7 14 -8 12 -10 12 -9 11 -11 14 -11 10 -10 10 -11 8 -11 11 -10 10 -11 11 -11 10 -11 10 -9 8 -10 0 0 0 0 0 0 0 0 0 0 -1 -1 -1 -1 -23 7 -23 8 -22 11 -17 11 -17 -1 -16 0 -17 0 -18 -1 -16 0 -13 1 -15 1 -12 2 -15 3 -15 2 -16 2 -15 3 -16 4 -14 3 -13 2 -13 4 -12 6 -14 3 -10 5 -12 3 -12 3 -12 5 -12 4 -11 5 -13 3 -11 5 -9 10 -11 4 -12 3 -10 4 -10 4 -10 2 -10 3 -9 3 -9 2 -9 2 -9 2 -9 1 -9 0 -8 0 -7 0 -7 0 -6 -1 -6 -1 -5 -2 -4 -2 -4 -2 -4 -2 -3 -3 -2 -3 -1 -3 -1 -3 -1 -3 0 0 0 0 -1 -1 -1 -1 -1 -1 -1 -1 -1 -1 0 0 0 0 -1 -1 -1 -1 19 -34 17 -33 21 -36 23 -34 22 -34 19 -28 24 -32 19 -29 24 -36 27 -31 28 -32 27 -31 29 -33 28 -31 24 -25 27 -29 24 -30 28 -27 21 -24 24 -23 23 -21 22 -26 24 -22 23 -23 28 -24 21 -24 11 -34 21 -23 21 -23 17 -23 16 -22 19 -22 16 -24 16 -22 14 -24 14 -25 11 -23 12 -24 14 -22 12 -24 11 -23 6 -24 8 -22 8 -25 7 -21 5 -22 6 -21 4 -22 4 -22 7 -23 6 -22 5 -20 5 -20 -6 -24 -9 -27 -9 -26 -14 -24 -1 -1 ]
CSI_DATA,STA,08:3A:F2:51:5D:9D,-50,11,1,0,1,1,1,0,0,0,0,-93,0,6,1,18024517,0,110,0,0,18.191110,384,[110 96 6 0 0 0 0 0 0 0 0 0 0 21 0 21 1 24 -2 26 -2 23 -4 20 -4 23 -4 20 -4 21 -5 21 -5 24 -4 24 -5 23 -6 22 -7 19 -5 24 -6 20 -7 18 -6 19 -6 17 -6 18 -6 19 -7 15 -6 18 -6 20 -5 18 0 0 -5 18 -3 17 -3 19 -2 16 -4 16 -3 16 -3 17 -2 15 -1 16 1 13 1 15 0 14 0 14 2 14 1 13 3 14 2 16 3 13 3 13 4 11 2 13 3 12 3 12 5 12 3 12 4 11 0 0 0 0 0 0 0 0 0 0 -1 -1 -1 -1 2 -21 2 -24 -2 -22 -2 -19 7 -15 6 -13 5 -16 7 -14 5 -14 4 -11 4 -13 2 -12 3 -14 2 -14 4 -14 2 -14 2 -15 2 -14 2 -12 0 -13 -1 -13 1 -13 -2 -10 0 -12 1 -11 -1 -11 1 -12 -2 -12 1 -13 -1 -12 -6 -11 0 -12 -1 -11 -1 -9 -1 -10 0 -10 -1 -10 -1 -9 -1 -9 1 -9 0 -8 2 -8 1 -8 1 -7 1 -7 1 -6 1 -5 1 -5 2 -4 2 -4 2 -3 2 -2 2 -2 2 -1 2 -1 2 0 2 0 -1 -1 -1 -1 -1 -1 -1 -1 -1 -1 -1 -1 -1 -1 -1 -1 -1 -1 -1 -1 0 0 15 33 14 31 16 36 13 35 14 35 9 30 10 36 10 29 14 37 8 37 9 40 9 38 9 40 8 38 5 31 8 36 9 34 6 35 6 28 5 31 3 28 8 31 4 30 5 30 3 34 7 28 19 27 6 29 7 27 8 25 8 23 7 25 11 24 9 23 11 23 12 23 11 20 12 21 10 22 13 21 12 19 16 15 12 16 15 17 11 15 14 13 13 15 15 13 15 12 14 16 14 14 13 13 13 13 21 6 25 4 24 3 25 -1 -1 -1 ]
CSI_DATA,STA,08:3A:F2:51:5D:9D,-50,11,1,0,1,1,1,0,0,0,0,-93,0,6,1,18054293,0,110,0,0,18.220645,384,[110 96 6 0 0 0 0 0 0 0 0 0 -5 -22 -5 -21 -6 -25 -3 -27 -4 -24 -2 -21 -2 -24 -1 -22 -2 -23 0 -23 1 -26 0 -26 0 -24 1 -24 2 -20 0 -25 1 -22 2 -21 1 -20 1 -19 1 -20 1 -21 3 -18 2 -20 2 -22 0 -19 0 0 0 -20 -2 -18 -2 -19 -3 -18 0 -17 -2 -18 -2 -18 -3 -16 -4 -17 -5 -14 -5 -15 -3 -15 -4 -15 -5 -14 -5 -14 -7 -14 -7 -16 -7 -12 -7 -13 -8 -11 -6 -13 -7 -12 -7 -12 -8 -12 -6 -12 -6 -11 0 0 0 0 0 0 0 0 0 0 -1 -1 -1 -1 1 20 2 22 5 19 6 17 -4 15 -4 13 -3 14 -5 14 -3 13 -3 11 -2 13 -1 11 0 13 -1 13 -1 13 0 13 0 14 0 12 0 11 2 12 3 11 0 12 2 9 1 10 0 10 2 10 1 10 3 10 1 11 2 10 7 10 2 10 1 10 1 8 2 9 0 9 2 8 1 7 1 7 0 7 0 7 -1 8 -1 7 -1 6 -2 5 -1 6 -2 4 -2 4 -3 3 -2 3 -3 2 -3 2 -3 1 -3 1 -3 0 -3 -1 -4 -1 0 0 0 0 -1 -1 -1 -1 -1 -1 -1 -1 -1 -1 0 0 0 0 -1 -1 -1 -1 -23 -29 -22 -27 -25 -31 -22 -31 -23 -31 -18 -27 -20 -32 -18 -26 -24 -33 -18 -34 -18 -37 -18 -35 -20 -37 -17 -36 -14 -30 -17 -33 -18 -31 -16 -34 -14 -26 -14 -29 -11 -27 -17 -27 -12 -29 -13 -29 -12 -33 -14 -27 -26 -22 -13 -27 -15 -26 -15 -22 -15 -22 -14 -24 -17 -21 -16 -21 -17 -20 -19 -19 -17 -17 -18 -18 -16 -19 -18 -18 -17 -17 -20 -12 -17 -13 -20 -15 -17 -12 -18 -11 -17 -12 -19 -10 -18 -9 -19 -13 -18 -12 -17 -11 -16 -11 -23 -1 -26 1 -24 1 -25 7 -1 -1 ]
CSI_DATA,STA,08:3A:F2:51:5D:9D,-50,11,1,0,1,1,1,0,0,0,0,-93,0,6,1,18060531,0,110,0,0,18.231729,384,[110 96 6 0 0 0 0 0 0 0 0 0 21 -5 21 -5 23 -6 26 -4 23 -4 20 -2 23 -2 21 -1 22 -2 22 0 25 0 25 -1 24 0 23 1 20 2 24 0 21 1 19 3 20 2 18 2 19 2 20 2 16 4 19 2 21 2 19 1 0 0 18 1 18 -1 19 -1 16 -2 16 1 17 -1 17 -1 15 -1 16 -3 13 -5 15 -5 14 -2 14 -3 13 -5 13 -5 13 -6 15 -6 12 -6 12 -6 10 -7 12 -6 12 -6 12 -6 11 -7 11 -5 10 -6 0 0 0 0 0 0 0 0 0 0 -1 -1 -1 -1 -22 -3 -22 -2 -22 1 -19 2 -15 -7 -15 -6 -16 -6 -16 -7 -14 -5 -12 -5 -14 -4 -12 -2 -15 -3 -14 -3 -15 -4 -14 -2 -15 -2 -14 -2 -12 -3 -13 0 -14 1 -13 -2 -11 1 -12 -1 -11 -2 -12 0 -12 -1 -12 1 -13 -1 -12 1 -11 5 -12 0 -12 -1 -10 0 -10 0 -11 -1 -10 0 -10 0 -9 -1 -8 -1 -8 -1 -9 -2 -8 -2 -7 -3 -7 -3 -6 -2 -5 -2 -5 -3 -4 -3 -4 -3 -3 -3 -3 -3 -2 -3 -2 -4 -1 -3 0 -3 1 -3 0 0 0 0 -1 -1 -1 -1 -1 -1 -1 -1 -1 -1 0 0 0 0 -1 -1 -1 -1 29 -22 27 -22 31 -24 33 -22 31 -21 28 -18 33 -19 28 -17 34 -22 34 -16 37 -18 35 -18 37 -19 36 -17 30 -13 34 -15 33 -17 34 -13 27 -13 29 -12 28 -10 29 -14 28 -10 29 -12 33 -11 27 -13 22 -25 28 -12 26 -12 24 -14 22 -13 25 -13 23 -15 22 -13 21 -16 21 -17 18 -15 19 -17 20 -15 19 -18 18 -17 13 -19 15 -16 16 -19 13 -16 13 -17 13 -16 11 -18 11 -18 14 -17 12 -17 12 -16 12 -16 4 -21 2 -25 2 -26 -3 -25 -1 -1 ]
CSI_DATA,STA,08:3A:F2:51:5D:9D,-46,11,1,0,0,1,1,0,0,0,0,-93,0,6,1,18061188,0,110,0,0,18.242273,256,[110 96 6 0 0 0 0 0 0 0 0 0 11 8 11 10 12 10 12 10 11 10 9 10 10 10 9 10 9 10 9 11 10 11 10 12 10 10 9 11 8 10 10 11 7 11 7 10 8 10 8 9 7 9 8 9 7 8 8 8 8 8 8 8 0 0 7 8 8 8 7 7 8 7 7 6 8 6 8 6 7 5 8 5 7 5 8 5 7 4 8 4 8 4 8 5 7 4 8 4 7 4 8 3 7 3 8 3 8 3 8 2 7 2 7 2 7 2 0 0 0 0 0 0 0 0 0 0 -1 -1 -1 -1 0 0 0 0 28 -8 26 -7 22 4 23 5 23 5 26 7 23 7 22 8 24 7 22 8 24 8 23 8 23 9 24 10 21 8 22 8 20 8 24 9 18 9 18 10 20 9 19 9 19 8 18 9 17 8 17 8 18 7 17 7 -1 -1 17 5 17 5 15 5 18 4 16 3 17 3 16 3 14 2 15 3 16 1 16 0 15 1 14 1 15 1 14 0 14 0 15 0 13 -1 14 -1 13 0 14 -2 14 -2 13 -3 14 -3 13 -3 13 -3 10 -8 11 -9 -1 -1 -1 -1 -1 -1 ]
CSI_DATA,STA,08:3A:F2:51:5D:9D,-50,11,1,0,1,1,1,0,0,0,0,-93,0,6,1,18112049,0,110,0,0,18.278603,384,[110 96 6 0 0 0 0 0 0 0 0 0 10 19 9 18 12 21 9 24 9 22 6 19 7 22 6 20 7 20 5 22 5 24 6 24 5 23 4 22 2 19 6 23 4 20 2 20 3 19 3 18 2 18 3 20 0 18 2 19 3 20 4 18 0 0 4 18 5 17 5 18 6 16 3 16 5 15 5 16 5 14 6 15 7 12 8 13 5 13 6 12 7 11 7 12 9 11 9 13 8 9 9 10 9 8 8 10 8 9 9 10 9 9 7 9 8 8 0 0 0 0 0 0 0 0 0 0 -1 -1 -1 -1 -10 -20 -10 -21 -12 -18 -12 -15 -1 -16 -1 -14 -2 -16 -1 -16 -2 -14 -1 -12 -3 -13 -3 -11 -5 -14 -4 -14 -3 -14 -3 -13 -5 -14 -4 -13 -4 -11 -5 -11 -7 -10 -5 -12 -6 -8 -5 -10 -4 -10 -6 -9 -4 -11 -6 -10 -5 -12 -6 -10 -9 -8 -5 -10 -5 -9 -5 -8 -5 -9 -4 -9 -5 -9 -4 -8 -4 -8 -4 -8 -3 -8 -2 -8 -2 -8 -2 -7 -1 -7 -2 -6 -1 -5 -2 -6 0 -4 0 -5 1 -4 1 -3 1 -3 1 -2 2 -1 2 -1 2 -1 0 0 -1 -1 -1 -1 -1 -1 -1 -1 -1 -1 -1 -1 -1 -1 0 0 0 0 -1 -1 28 20 26 19 31 21 27 23 29 22 23 19 27 25 22 19 31 24 24 28 26 29 25 28 27 30 25 29 19 23 24 25 24 22 23 26 20 19 19 23 16 22 22 21 17 24 18 23 19 28 19 21 30 13 18 21 20 19 19 16 19 15 18 18 21 14 18 15 20 14 21 12 17 12 20 12 19 14 20 11 20 10 20 5 17 7 21 7 17 7 18 4 18 6 19 3 18 2 19 7 19 5 17 5 17 5 21 -7 23 -9 22 -9 20 -15 -1 -1 ]
CSI_DATA,STA,08:3A:F2:51:5D:9D,-50,11,1,0,1,1,1,0,0,0,0,-93,0,6,1,18113844,0,110,0,0,18.289691,384,[110 96 6 0 0 0 0 0 0 0 0 0 8 -24 8 -23 9 -27 12 -26 11 -25 11 -21 12 -24 11 -21 11 -22 14 -21 16 -24 15 -24 15 -22 16 -21 14 -17 15 -24 14 -19 15 -18 14 -18 12 -17 13 -17 13 -18 14 -14 14 -17 15 -19 12 -17 0 0 12 -17 10 -18 10 -18 9 -18 11 -15 9 -18 10 -17 7 -16 7 -17 4 -16 5 -17 7 -15 6 -15 4 -16 4 -16 2 -17 4 -19 1 -16 1 -16 0 -14 2 -15 1 -15 2 -15 0 -16 2 -14 0 -14 0 0 0 0 0 0 0 0 0 0 -1 -1 -1 -1 -17 17 -18 18 -14 19 -10 18 -17 9 -15 9 -16 10 -17 8 -14 9 -12 7 -13 10 -10 9 -12 12 -13 10 -13 10 -12 11 -12 12 -12 10 -10 8 -9 12 -7 12 -10 12 -6 10 -8 10 -9 8 -7 11 -9 10 -7 11 -9 10 -8 11 -3 13 -7 10 -8 10 -6 8 -7 9 -7 8 -7 9 -6 7 -7 7 -7 7 -7 7 -7 6 -7 5 -7 4 -7 3 -6 4 -5 2 -6 3 -5 1 -5 1 -5 0 -5 0 -4 -2 -4 -2 -3 -3 -3 -3 -2 -4 0 0 -1 -1 -1 -1 -1 -1 -1 -1 -1 -1 -1 -1 -1 -1 0 0 0 0 -1 -1 2 -44 1 -41 1 -48 4 -45 3 -47 5 -38 7 -45 4 -38 4 -49 12 -45 12 -48 12 -45 13 -49 13 -46 11 -37 10 -44 8 -42 13 -43 8 -35 11 -37 12 -33 7 -38 13 -35 11 -36 16 -39 9 -35 -1 -38 9 -34 7 -35 5 -31 3 -31 7 -32 2 -33 3 -31 1 -32 -1 -33 -1 -29 -1 -30 2 -30 -1 -30 -2 -28 -8 -27 -4 -25 -7 -29 -5 -24 -7 -25 -6 -24 -9 -24 -9 -23 -6 -26 -6 -24 -6 -23 -6 -23 -17 -20 -20 -20 -18 -20 -25 -15 -1 -1 ]
CSI_DATA,STA,08:3A:F2:51:5D:9D,-50,11,1,0,1,1,1,0,0,0,0,-93,0,6,1,18114357,0,110,0,0,18.300382,384,[110 96 6 0 0 0 0 0 0 0 0 0 20 8 19 7 23 8 22 11 21 10 17 10 20 11 18 10 19 10 18 12 20 14 20 13 19 13 18 14 14 12 20 13 16 12 15 13 15 11 15 10 15 11 16 11 12 12 15 12 16 13 15 10 0 0 15 9 16 8 16 8 15 6 13 8 15 7 15 7 14 6 15 5 13 3 15 3 13 5 13 4 13 2 13 2 14 1 16 2 12 0 13 0 12 -2 13 0 13 0 13 0 13 -1 12 1 11 -1 0 0 0 0 0 0 0 0 0 0 -1 -1 -1 -1 -18 -12 -19 -13 -20 -10 -18 -7 -11 -13 -10 -11 -12 -13 -11 -13 -11 -11 -9 -9 -11 -10 -10 -7 -13 -8 -12 -9 -12 -10 -12 -8 -13 -9 -12 -8 -10 -7 -12 -6 -12 -5 -12 -7 -11 -4 -11 -6 -10 -6 -12 -4 -10 -6 -12 -4 -12 -7 -11 -4 -12 -1 -11 -4 -11 -5 -10 -3 -10 -4 -9 -5 -10 -4 -9 -4 -9 -4 -8 -4 -8 -4 -7 -5 -7 -5 -6 -5 -5 -5 -6 -4 -4 -4 -5 -5 -3 -4 -3 -4 -2 -4 -2 -4 -1 -5 0 -4 0 -4 1 -3 2 -3 0 0 -1 -1 -1 -1 -1 -1 -1 -1 -1 -1 -1 -1 -1 -1 0 0 0 0 -1 -1 37 0 35 -1 40 0 38 2 38 2 32 3 38 4 33 2 41 2 38 8 41 8 38 8 42 8 39 9 32 7 38 7 36 4 36 9 30 4 31 7 28 8 32 4 29 9 31 7 34 11 30 5 32 -5 29 5 29 4 27 1 26 1 27 3 28 -1 26 0 26 -2 26 -4 23 -3 25 -4 25 -1 25 -5 24 -5 21 -10 20 -6 24 -8 19 -7 19 -9 19 -8 19 -11 18 -11 21 -8 19 -9 18 -8 17 -8 14 -16 15 -21 14 -20 10 -23 -1 -1 ]
CSI_DATA,STA,08:3A:F2:51:5D:9D,-50,11,1,0,1,1,1,0,0,0,0,-93,0,6,1,18114851,0,110,0,0,18.310504,384,[110 96 6 0 0 0 0 0 0 0 0 0 4 24 4 22 6 27 2 28 3 27 1 22 2 26 1 23 2 24 -1 25 -2 28 -1 28 -1 26 -3 26 -4 21 0 27 -2 23 -3 23 -2 21 -2 21 -2 21 -1 22 -5 19 -3 22 -3 23 -1 20 0 0 -1 20 2 20 1 20 3 19 -1 18 2 18 2 19 2 17 4 18 5 15 5 16 3 15 4 15 6 14 6 14 7 14 7 17 7 12 8 13 8 10 7 13 8 12 7 13 8 12 6 12 7 10 0 0 0 0 0 0 0 0 0 0 -1 -1 -1 -1 -2 -24 -1 -26 -5 -23 -6 -20 5 -19 3 -17 3 -19 4 -18 2 -18 3 -14 1 -17 0 -14 -1 -18 0 -17 1 -17 0 -16 -1 -18 -1 -16 -1 -14 -3 -15 -4 -14 -2 -15 -4 -12 -3 -13 -2 -13 -4 -13 -2 -14 -4 -13 -2 -15 -4 -13 -8 -12 -4 -13 -3 -13 -3 -11 -3 -12 -2 -11 -4 -12 -3 -10 -3 -10 -1 -10 -2 -10 0 -10 0 -9 0 -9 0 -8 0 -7 0 -6 1 -7 1 -5 1 -5 2 -4 2 -4 2 -3 2 -3 2 -1 3 0 3 0 0 0 -1 -1 -1 -1 -1 -1 -1 -1 -1 -1 -1 -1 -1 -1 0 0 0 0 -1 -1 22 35 22 32 25 38 21 37 23 37 17 31 20 38 18 31 24 39 16 41 17 43 16 42 18 44 16 43 12 35 17 39 18 36 15 40 14 30 13 33 11 31 16 33 10 33 12 34 11 39 13 31 24 28 13 31 14 30 15 26 16 25 13 28 18 25 16 24 18 23 20 23 16 20 18 22 17 23 20 21 19 19 22 14 18 15 22 17 17 14 20 12 18 13 22 11 21 10 20 15 19 13 18 12 18 12 25 3 28 1 26 0 28 -6 -1 -1 ]
CSI_DATA,STA,08:3A:F2:51:5D:9D,-50,11,1,0,1,1,1,0,0,0,0,-93,0,6,1,18115171,0,110,0,0,18.320524,384,[110 96 6 0 0 0 0 0 0 0 0 0 -25 1 -24 1 -28 2 -29 -1 -28 -1 -23 -2 -27 -2 -24 -2 -25 -1 -26 -5 -28 -5 -28 -4 -27 -5 -26 -6 -22 -6 -28 -4 -23 -5 -23 -6 -22 -5 -21 -5 -22 -5 -23 -4 -20 -7 -22 -6 -24 -6 -21 -4 0 0 -21 -4 -21 -1 -21 -2 -20 0 -18 -3 -19 -1 -20 -1 -18 0 -19 1 -17 3 -18 3 -17 0 -17 1 -16 3 -16 3 -16 5 -19 5 -14 5 -14 6 -12 6 -15 5 -14 6 -15 5 -14 6 -14 4 -12 6 0 0 0 0 0 0 0 0 0 0 -1 -1 -1 -1 22 -4 25 -4 22 -6 18 -9 16 4 14 3 16 2 15 4 14 2 11 2 14 1 11 0 14 -2 14 -1 15 1 14 0 15 -1 13 -1 11 0 12 -3 11 -4 13 -3 9 -4 11 -3 10 -1 10 -4 12 -3 11 -4 12 -2 11 -4 10 -10 11 -4 10 -3 8 -3 9 -4 9 -2 8 -4 8 -2 7 -2 8 -2 7 -2 8 0 7 0 7 0 6 0 6 -1 4 0 4 0 4 1 3 1 2 2 2 1 2 2 1 2 0 2 -1 3 -1 2 0 0 -1 -1 -1 -1 -1 -1 -1 -1 -1 -1 -1 -1 -1 -1 0 0 0 0 -1 -1 -35 19 -32 18 -37 22 -36 17 -37 20 -31 14 -37 16 -30 15 -37 21 -40 13 -43 14 -41 13 -43 15 -42 13 -33 9 -37 14 -34 15 -38 14 -29 12 -32 11 -30 8 -31 15 -33 8 -33 9 -38 8 -31 11 -26 26 -30 10 -29 13 -25 12 -25 14 -27 11 -24 16 -23 13 -23 16 -22 17 -21 15 -21 16 -23 15 -21 17 -19 16 -14 20 -15 15 -17 20 -15 15 -12 18 -13 16 -11 18 -10 18 -15 18 -13 17 -13 16 -12 16 0 25 1 28 0 26 9 25 -1 -1 ]
CSI_DATA,STA,08:3A:F2:51:5D:9D,-50,11,1,0,1,1,1,0,0,0,0,-93,0,6,1,18132869,0,110,0,0,18.330862,384,[110 96 6 0 0 0 0 0 0 0 0 0 -19 -12 -18 -12 -22 -13 -21 -17 -20 -15 -16 -14 -18 -16 -16 -15 -17 -15 -16 -17 -18 -19 -18 -18 -17 -18 -16 -18 -12 -16 -18 -18 -14 -16 -13 -17 -13 -16 -13 -15 -12 -16 -13 -16 -10 -15 -13 -16 -14 -17 -13 -14 0 0 -13 -14 -15 -12 -15 -13 -14 -11 -12 -13 -14 -12 -14 -13 -12 -11 -14 -10 -13 -7 -14 -8 -12 -9 -13 -8 -13 -7 -13 -7 -14 -6 -16 -8 -13 -4 -13 -5 -13 -3 -13 -5 -13 -5 -13 -5 -14 -4 -12 -5 -12 -3 0 0 0 0 0 0 0 0 0 0 -1 -1 -1 -1 16 15 15 14 19 12 15 9 7 13 7 12 7 12 6 14 7 11 6 9 7 11 8 8 9 10 8 9 8 10 8 9 10 9 9 9 7 8 9 7 10 6 8 8 8 5 8 7 7 7 9 6 7 7 9 5 9 7 9 5 11 1 8 6 8 6 7 5 7 5 7 6 7 5 6 5 6 5 5 5 5 4 4 5 4 5 4 5 3 5 3 4 1 4 2 4 0 4 1 3 -1 3 0 3 -1 2 -2 2 -2 2 -3 1 -3 0 0 0 -1 -1 -1 -1 -1 -1 -1 -1 -1 -1 -1 -1 -1 -1 0 0 0 0 -1 -1 -36 -5 -35 -4 -38 -6 -39 -8 -37 -8 -32 -7 -37 -10 -31 -6 -40 -8 -35 -12 -38 -13 -37 -12 -40 -12 -37 -13 -32 -11 -34 -13 -36 -10 -33 -15 -29 -9 -29 -12 -27 -12 -31 -10 -27 -12 -29 -11 -32 -15 -29 -9 -33 4 -29 -10 -28 -10 -27 -7 -25 -6 -28 -8 -27 -5 -26 -6 -27 -4 -26 -2 -22 -2 -25 -1 -25 -3 -26 0 -25 0 -22 4 -22 1 -24 2 -21 2 -20 3 -20 2 -20 5 -20 5 -21 3 -21 4 -19 4 -20 3 -17 14 -19 18 -18 18 -15 20 -1 -1 ]
CSI_DATA,STA,08:3A:F2:51:5D:9D,-51,11,1,0,1,1,1,0,0,0,0,-93,0,6,1,18219749,0,110,0,0,18.386599,384,[110 96 6 0 0 0 0 0 0 0 0 0 8 22 9 21 10 25 7 27 7 25 4 22 6 24 5 22 6 23 3 24 3 27 4 27 3 26 1 25 0 21 4 26 1 22 0 22 1 21 1 20 1 21 1 22 -2 19 0 21 0 23 2 20 0 0 2 20 4 19 4 20 4 18 1 17 4 18 4 18 4 16 5 18 7 14 7 16 4 15 5 14 7 13 7 14 8 13 8 16 8 11 9 12 9 10 8 12 8 11 8 12 9 11 7 11 8 10 0 0 0 0 0 0 0 0 0 0 -1 -1 -1 -1 -12 -21 -13 -22 -16 -20 -14 -16 -1 -16 -1 -15 -2 -16 0 -16 -2 -14 -1 -12 -3 -13 -4 -11 -4 -13 -4 -14 -3 -15 -4 -13 -5 -14 -5 -13 -3 -11 -5 -12 -7 -11 -5 -12 -6 -9 -5 -11 -4 -10 -6 -10 -5 -11 -6 -10 -5 -12 -6 -10 -13 -7 -6 -11 -5 -10 -5 -8 -5 -9 -4 -9 -5 -9 -4 -8 -4 -8 -4 -8 -3 -8 -2 -8 -2 -7 -2 -7 -1 -7 -2 -6 0 -6 -1 -5 0 -5 0 -5 1 -4 0 -4 2 -2 1 -2 2 -2 2 -1 2 0 0 0 0 0 -1 -1 -1 -1 -1 -1 -1 -1 -1 -1 0 0 0 0 -1 -1 -1 -1 29 19 27 17 31 21 28 21 29 20 23 19 27 22 24 17 31 22 26 25 27 27 26 26 29 27 26 27 21 22 24 25 25 21 24 25 20 19 20 22 17 21 23 20 18 22 19 22 21 27 20 19 34 9 19 20 20 20 19 15 18 15 19 17 21 14 18 14 21 12 22 12 20 11 21 11 19 13 21 10 20 10 20 4 18 7 22 7 18 7 18 4 18 6 19 3 18 2 20 6 18 5 17 5 17 5 23 -9 25 -13 23 -13 21 -18 -1 -1 ]
CSI_DATA,STA,08:3A:F2:51:5D:9D,-50,11,1,0,1,1,1,0,0,0,0,-93,0,6,1,18220413,0,110,0,0,18.397196,384,[110 96 6 0 0 0 0 0 0 0 0 0 -25 3 -24 3 -27 4 -30 1 -27 2 -23 -1 -26 0 -24 -1 -25 -1 -25 -3 -28 -3 -28 -2 -27 -3 -26 -5 -22 -5 -27 -3 -24 -4 -22 -5 -22 -4 -21 -4 -22 -4 -23 -4 -19 -6 -22 -5 -24 -5 -21 -3 0 0 -21 -3 -21 -1 -22 -1 -19 0 -19 -3 -20 -1 -20 -1 -18 0 -19 1 -16 3 -17 3 -16 1 -17 2 -16 3 -15 3 -16 5 -18 4 -14 5 -14 5 -12 6 -14 5 -14 5 -14 5 -14 6 -13 4 -12 5 0 0 0 0 0 0 0 0 0 0 -1 -1 -1 -1 24 -4 24 -4 23 -9 19 -8 15 4 14 3 15 3 15 4 13 2 11 2 13 2 11 -1 13 -1 13 0 14 1 13 -1 14 -1 13 -1 11 0 12 -2 12 -4 12 -1 10 -3 11 -2 10 -1 11 -3 10 -2 10 -4 12 -1 10 -3 9 -10 10 -3 10 -2 9 -3 8 -3 10 -2 9 -2 8 -2 8 -2 7 -1 7 -1 7 0 7 0 7 1 6 1 5 0 4 1 4 1 3 1 2 1 2 2 2 1 1 2 1 2 -1 2 -1 2 -2 2 0 0 0 0 -1 -1 -1 -1 -1 -1 -1 -1 -1 -1 0 0 0 0 -1 -1 -1 -1 -29 23 -27 24 -31 24 -32 23 -31 22 -27 18 -32 19 -26 19 -33 24 -34 18 -36 19 -35 19 -37 21 -37 18 -30 15 -34 16 -31 19 -34 14 -27 14 -29 13 -27 11 -29 16 -28 11 -29 13 -34 12 -27 14 -20 30 -28 13 -27 14 -23 14 -22 13 -25 14 -22 16 -21 14 -21 17 -21 18 -18 16 -18 18 -20 15 -18 18 -17 17 -12 19 -14 16 -15 19 -14 16 -11 16 -12 16 -10 18 -9 17 -13 17 -12 17 -11 16 -11 16 0 24 3 28 4 27 8 26 -1 -1 ]
CSI_DATA,STA,08:3A:F2:51:5D:9D,-51,11,1,0,1,1,1,0,0,0,0,-93,0,6,1,18221266,0,110,0,0,18.407580,384,[110 96 6 0 0 0 0 0 0 0 0 0 2 -22 2 -21 2 -25 5 -26 4 -24 5 -20 5 -23 5 -21 5 -22 7 -21 8 -24 7 -24 8 -23 9 -22 8 -18 8 -24 8 -20 9 -18 8 -18 7 -17 8 -18 8 -19 9 -15 8 -18 9 -19 6 -18 0 0 6 -18 4 -18 5 -18 3 -17 6 -16 4 -17 5 -17 3 -16 3 -17 0 -15 1 -16 2 -14 1 -15 0 -15 0 -15 -1 -15 0 -17 -2 -13 -2 -14 -3 -12 -1 -14 -2 -14 -2 -14 -3 -14 -1 -13 -3 -12 0 0 0 0 0 0 0 0 0 0 -1 -1 -1 -1 -10 18 -11 19 -7 19 -4 18 -11 11 -10 11 -11 12 -12 11 -10 11 -8 9 -8 11 -6 10 -7 12 -8 11 -8 12 -7 11 -7 13 -7 11 -6 9 -5 12 -4 12 -6 11 -3 10 -5 10 -5 9 -4 10 -5 10 -3 10 -5 11 -4 11 0 12 -4 10 -5 9 -4 9 -3 9 -5 8 -3 9 -3 8 -4 7 -4 7 -4 7 -5 6 -5 6 -5 5 -5 4 -4 5 -4 3 -5 3 -4 2 -4 2 -4 1 -4 1 -4 0 -4 -1 -3 -2 -3 -2 -3 -2 0 0 0 0 -1 -1 -1 -1 -1 -1 -1 -1 -1 -1 0 0 0 0 -1 -1 -1 -1 -10 -36 -11 -34 -11 -39 -8 -40 -9 -38 -6 -33 -6 -38 -7 -33 -8 -41 -3 -39 -3 -42 -3 -40 -3 -43 -2 -41 -1 -34 -2 -38 -4 -37 -1 -38 -3 -31 -1 -33 0 -30 -4 -33 1 -31 0 -32 2 -37 -3 -31 -13 -30 -2 -31 -3 -30 -4 -28 -4 -26 -3 -29 -6 -27 -5 -26 -7 -27 -8 -27 -8 -23 -8 -25 -6 -25 -9 -25 -9 -24 -13 -20 -10 -20 -12 -23 -10 -19 -12 -18 -10 -18 -13 -18 -13 -17 -11 -20 -11 -19 -11 -18 -11 -18 -19 -12 -22 -12 -22 -12 -25 -8 -1 -1 ]
CSI_DATA,STA,08:3A:F2:51:5D:9D,-51,11,1,0,1,1,1,0,0,0,0,-93,0,6,1,18221587,0,110,0,0,18.418149,384,[110 96 6 0 0 0 0 0 0 0 0 0 16 -14 16 -14 18 -16 21 -15 19 -14 17 -11 19 -12 17 -11 18 -12 19 -10 22 -11 21 -12 21 -11 21 -9 18 -7 21 -11 19 -9 18 -7 18 -7 16 -7 18 -7 18 -8 16 -5 18 -7 19 -7 16 -8 0 0 17 -8 15 -9 16 -9 14 -10 14 -7 14 -9 15 -9 13 -9 13 -10 10 -10 11 -11 11 -8 11 -9 10 -10 10 -10 9 -11 11 -12 7 -11 8 -11 6 -11 8 -10 8 -11 8 -11 7 -12 8 -10 6 -10 0 0 0 0 0 0 0 0 0 0 -1 -1 -1 -1 -19 9 -19 10 -17 13 -14 12 -15 1 -15 1 -16 2 -16 1 -14 2 -12 1 -13 3 -11 4 -13 4 -13 4 -14 3 -12 5 -14 5 -12 4 -11 4 -11 5 -10 7 -11 4 -9 5 -10 4 -10 4 -9 5 -10 4 -9 6 -11 5 -9 5 -6 9 -9 5 -9 4 -8 5 -8 4 -9 3 -8 4 -8 4 -8 3 -8 3 -7 3 -7 2 -8 1 -7 1 -7 0 -6 1 -6 0 -6 0 -4 -1 -4 -1 -4 -2 -3 -2 -3 -3 -3 -3 -2 -3 -1 -3 -1 -3 0 0 -1 -1 -1 -1 -1 -1 -1 -1 -1 -1 -1 -1 -1 -1 0 0 0 0 -1 -1 13 -33 12 -32 15 -35 16 -34 16 -32 15 -28 18 -31 14 -28 18 -35 20 -30 22 -32 21 -31 22 -33 22 -31 19 -26 21 -29 18 -30 22 -27 16 -24 18 -24 18 -22 17 -26 19 -22 18 -24 23 -25 16 -24 6 -32 17 -23 16 -23 13 -23 12 -21 14 -23 11 -23 12 -22 10 -24 9 -24 8 -21 7 -23 10 -22 8 -23 7 -23 2 -22 4 -21 4 -23 4 -20 2 -20 3 -19 1 -21 0 -20 4 -21 2 -21 2 -19 2 -19 -8 -20 -12 -23 -13 -23 -15 -20 -1 -1 ]
CSI_DATA,STA,08:3A:F2:51:5D:9D,-50,11,1,0,1,1,1,0,0,0,0,-93,0,6,1,18225277,0,110,0,0,18.428615,384,[110 96 6 0 0 0 0 0 0 0 0 0 10 19 10 18 12 20 10 24 9 21 7 19 8 21 6 19 7 20 5 20 6 24 7 23 6 22 4 22 2 19 6 23 4 20 2 19 3 19 3 18 2 18 3 19 0 17 2 19 3 20 4 18 0 0 3 18 5 16 5 18 5 15 3 16 5 16 4 16 4 14 6 15 7 12 8 13 5 13 6 13 7 11 7 11 8 12 8 13 8 10 8 10 9 8 7 10 8 10 8 10 9 9 7 10 8 8 0 0 0 0 0 0 0 0 0 0 -1 -1 -1 -1 -4 -21 -5 -22 -9 -21 -6 -18 2 -16 1 -15 0 -16 2 -17 1 -15 0 -12 0 -15 -2 -12 -2 -15 -1 -14 -1 -14 -3 -14 -3 -15 -3 -14 -2 -12 -3 -13 -5 -13 -3 -13 -4 -10 -3 -11 -2 -12 -4 -12 -3 -11 -5 -11 -3 -12 -4 -11 -8 -9 -4 -12 -3 -11 -3 -10 -3 -10 -2 -10 -3 -10 -3 -9 -3 -9 -2 -9 -2 -8 -1 -8 -1 -8 0 -8 0 -7 0 -7 1 -6 0 -6 1 -5 1 -4 2 -4 1 -4 2 -2 2 -2 2 -1 2 -1 2 -1 0 0 0 0 -1 -1 -1 -1 -1 -1 -1 -1 -1 -1 0 0 0 0 -1 -1 -1 -1 29 20 28 19 31 23 30 25 27 23 24 21 27 26 24 20 29 26 25 26 27 28 26 27 28 28 25 28 21 24 22 28 25 26 20 28 20 22 18 24 17 24 20 24 17 23 19 23 19 27 20 21 29 13 18 23 18 22 19 19 17 17 18 20 20 18 18 17 20 16 20 16 19 13 21 13 19 14 21 12 20 12 20 8 19 10 21 11 18 9 18 7 18 8 20 6 19 6 19 8 19 7 17 6 17 7 21 -2 25 -5 25 -6 23 -7 -1 -1 ]
CSI_DATA,STA,08:3A:F2:51:5D:9D,-50,11,1,0,1,1,1,0,0,0,0,-93,0,6,1,18227789,0,110,0,0,18.438490,384,[110 96 6 0 0 0 0 0 0 0 0 0 5 21 5 20 7 23 4 25 4 23 2 20 2 23 1 20 2 21 0 22 0 25 1 24 1 23 0 23 -2 19 1 24 -1 20 -2 20 -1 20 -1 18 -2 19 -1 20 -4 17 -1 19 -2 21 0 18 0 0 0 18 2 17 2 19 3 16 0 16 2 16 1 17 2 15 3 16 5 13 5 14 3 13 4 13 5 13 5 12 7 12 6 14 6 11 7 11 7 9 6 11 6 11 6 11 8 10 5 10 6 9 0 0 0 0 0 0 0 0 0 0 -1 -1 -1 -1 -3 -21 -5 -22 -8 -22 -6 -19 3 -15 1 -15 1 -16 2 -16 1 -14 1 -13 1 -14 -1 -12 -1 -15 -1 -14 -1 -14 -2 -13 -3 -15 -2 -13 -2 -12 -3 -12 -5 -13 -2 -13 -4 -11 -2 -11 -2 -11 -3 -11 -2 -11 -5 -11 -3 -12 -4 -11 -9 -9 -3 -12 -3 -11 -3 -10 -3 -10 -2 -10 -3 -10 -2 -9 -3 -9 -1 -9 -2 -8 -1 -9 -1 -8 0 -7 0 -7 0 -7 0 -6 0 -6 1 -5 1 -4 2 -4 1 -3 2 -3 2 -2 2 -1 2 -1 2 0 0 0 0 0 -1 -1 -1 -1 -1 -1 -1 -1 -1 -1 0 0 0 0 -1 -1 -1 -1 23 23 23 22 24 26 24 28 22 26 19 23 20 28 19 23 23 29 18 28 21 30 21 29 22 31 20 30 16 26 17 29 20 28 15 29 16 23 13 26 12 24 16 25 12 24 15 24 14 28 15 22 29 14 15 24 14 22 16 20 14 18 15 21 16 19 15 18 17 18 17 17 15 14 18 14 16 15 18 14 17 14 18 9 17 11 18 12 16 10 17 9 16 10 18 8 17 7 17 10 17 7 16 7 16 8 21 -1 24 -5 25 -5 23 -7 -1 -1 ]
CSI_DATA,STA,08:3A:F2:51:5D:9D,-50,11,1,0,1,1,1,0,0,0,0,-93,0,6,1,18228487,0,110,0,0,18.448395,384,[110 96 6 0 0 0 0 0 0 0 0 0 -21 8 -20 7 -23 9 -26 7 -23 6 -20 4 -23 4 -21 3 -22 4 -22 3 -25 3 -25 3 -24 3 -24 1 -20 0 -25 3 -21 1 -21 -1 -20 0 -19 0 -20 -1 -20 0 -18 -2 -20 -1 -22 0 -19 1 0 0 -19 1 -18 3 -19 2 -17 3 -17 0 -17 2 -18 2 -16 2 -17 3 -14 5 -15 5 -14 3 -14 3 -13 5 -14 5 -13 6 -16 6 -12 6 -12 6 -10 7 -13 5 -12 6 -12 6 -11 7 -12 5 -10 6 0 0 0 0 0 0 0 0 0 0 -1 -1 -1 -1 21 4 21 3 22 -1 18 -1 15 6 14 4 15 5 14 7 13 5 11 3 13 3 12 2 14 2 13 3 14 2 13 1 14 1 13 1 11 2 13 0 13 -2 12 1 11 -2 11 0 11 1 11 -1 10 0 11 -2 12 0 11 -2 10 -5 11 -1 10 0 10 0 9 0 10 1 10 0 8 0 8 0 8 1 7 0 7 2 7 2 6 2 6 2 5 1 5 1 4 2 3 2 2 2 2 3 1 2 1 2 0 2 -1 2 -1 2 -2 1 0 0 0 0 -1 -1 -1 -1 -1 -1 -1 -1 -1 -1 0 0 0 0 -1 -1 -1 -1 -29 25 -27 25 -31 25 -34 25 -32 22 -28 19 -33 21 -28 19 -35 23 -34 18 -37 20 -35 20 -38 21 -37 19 -31 15 -34 16 -34 19 -35 13 -29 14 -31 12 -30 11 -31 14 -29 10 -30 13 -34 12 -28 14 -23 24 -29 13 -28 13 -26 14 -23 13 -27 13 -24 15 -24 14 -23 15 -23 16 -18 15 -19 17 -20 15 -20 17 -19 16 -15 18 -16 16 -18 18 -15 16 -14 16 -14 16 -12 18 -13 17 -15 16 -13 16 -13 16 -13 16 -7 20 -5 25 -4 26 -1 24 -1 -1 ]
CSI_DATA,STA,08:3A:F2:51:5D:9D,-50,11,1,0,1,1,1,0,0,0,0,-93,0,6,1,18228954,0,110,0,0,18.458490,384,[110 96 6 0 0 0 0 0 0 0 0 0 -14 -17 -14 -16 -17 -19 -15 -22 -14 -20 -11 -18 -12 -21 -11 -19 -12 -19 -10 -20 -11 -23 -12 -23 -11 -22 -10 -22 -7 -19 -12 -22 -9 -20 -7 -19 -8 -19 -8 -18 -7 -18 -8 -19 -5 -17 -7 -19 -8 -20 -9 -17 0 0 -8 -17 -10 -16 -10 -17 -10 -14 -8 -16 -9 -15 -9 -16 -9 -13 -10 -14 -10 -10 -11 -12 -9 -12 -10 -12 -11 -10 -11 -10 -12 -10 -13 -11 -11 -8 -11 -8 -11 -7 -11 -9 -11 -8 -11 -8 -12 -7 -10 -8 -10 -7 0 0 0 0 0 0 0 0 0 0 -1 -1 -1 -1 12 17 13 16 16 15 13 12 3 14 3 13 4 13 2 14 4 12 3 10 4 12 5 9 6 11 5 11 5 11 5 10 7 11 6 10 5 9 6 9 8 8 6 9 7 7 5 8 5 8 7 8 5 8 7 7 6 9 7 7 11 4 6 7 5 7 6 6 5 6 5 7 5 6 5 6 4 6 3 6 3 5 3 6 2 6 3 6 2 5 2 4 0 4 0 4 -1 3 -1 3 -1 3 -1 3 -1 2 -2 2 -3 1 -3 0 -3 0 0 0 0 0 -1 -1 -1 -1 -1 -1 -1 -1 -1 -1 0 0 0 0 -1 -1 -1 -1 -32 -11 -32 -10 -34 -12 -34 -15 -32 -14 -28 -13 -31 -16 -27 -12 -35 -15 -30 -18 -33 -19 -31 -18 -34 -19 -32 -19 -27 -17 -29 -19 -31 -16 -28 -20 -24 -14 -25 -17 -22 -17 -27 -15 -22 -17 -25 -16 -27 -20 -25 -14 -34 -2 -24 -15 -24 -14 -24 -11 -22 -11 -24 -13 -24 -10 -22 -10 -24 -9 -24 -7 -21 -6 -23 -6 -22 -8 -24 -6 -23 -6 -21 -1 -21 -3 -23 -3 -20 -2 -19 -2 -19 -2 -20 0 -19 0 -21 -2 -20 -1 -19 -1 -19 -2 -19 10 -21 15 -21 14 -18 17 -1 -1 ]
CSI_DATA,STA,08:3A:F2:51:5D:9D,-50,11,1,0,1,1,1,0,0,0,0,-93,0,6,1,18229417,0,110,0,0,18.469181,384,[110 96 6 0 0 0 0 0 0 0 0 0 22 -10 21 -10 24 -12 27 -9 25 -9 22 -6 25 -7 22 -6 23 -7 24 -5 27 -6 27 -7 26 -6 25 -4 22 -2 27 -6 23 -4 22 -2 22 -3 20 -3 21 -2 22 -3 19 0 22 -2 23 -3 20 -4 0 0 20 -4 19 -6 20 -6 18 -7 18 -3 18 -5 19 -5 16 -6 17 -7 13 -8 15 -9 14 -6 14 -7 13 -9 13 -8 13 -10 15 -10 11 -10 12 -10 10 -10 12 -9 11 -10 11 -10 11 -11 11 -9 9 -9 0 0 0 0 0 0 0 0 0 0 -1 -1 -1 -1 -23 9 -22 10 -21 14 -18 11 -17 -1 -16 0 -17 0 -17 -1 -15 0 -13 0 -14 1 -12 3 -15 3 -14 2 -15 2 -14 3 -15 4 -14 4 -12 3 -13 4 -12 6 -13 3 -10 5 -11 4 -11 3 -11 4 -11 4 -10 5 -12 4 -10 5 -7 11 -11 5 -10 3 -9 4 -10 4 -10 3 -10 3 -8 3 -9 3 -9 2 -8 2 -8 1 -8 1 -8 1 -7 0 -7 0 -6 0 -6 -1 -5 -2 -5 -1 -4 -2 -4 -2 -3 -3 -2 -3 -1 -3 -1 -3 -1 -4 -1 -1 -1 -1 -1 -1 -1 -1 0 0 -1 -1 -1 -1 -1 -1 -1 -1 -1 -1 0 0 20 -31 19 -31 23 -33 25 -32 24 -30 21 -26 26 -28 20 -26 26 -33 27 -27 29 -30 28 -29 29 -32 28 -29 24 -24 28 -25 25 -28 28 -23 22 -23 24 -21 23 -19 23 -24 23 -19 23 -22 28 -22 21 -23 10 -37 23 -22 21 -21 18 -22 16 -20 19 -22 17 -23 16 -21 15 -23 14 -24 11 -20 12 -23 13 -22 11 -24 11 -23 6 -23 8 -22 8 -23 7 -21 6 -21 7 -20 4 -21 4 -21 7 -21 5 -21 5 -20 5 -20 -7 -23 -11 -27 -12 -27 -15 -23 -1 -1 ]
CSI_DATA,STA,08:3A:F2:51:5D:9D,-46,11,0,0,0,0,0,0,0,0,0,-93,0,6,1,18232319,0,110,0,0,18.479713,128,[110 96 6 0 0 0 0 0 0 0 0 0 16 -19 17 -18 18 -19 18 -20 18 -18 18 -15 19 -16 19 -14 19 -15 19 -14 20 -16 20 -16 19 -15 19 -15 18 -12 20 -15 18 -12 18 -11 17 -12 17 -11 16 -11 17 -12 15 -10 15 -12 16 -13 15 -13 0 0 14 -12 14 -13 13 -13 13 -13 11 -12 12 -13 12 -13 11 -12 10 -13 10 -12 10 -14 9 -12 8 -13 9 -13 8 -13 8 -13 8 -14 7 -13 8 -12 7 -13 7 -12 7 -13 6 -13 5 -13 5 -12 5 -12 0 0 0 0 0 0 0 0 0 0 ]
CSI_DATA,STA,08:3A:F2:51:5D:9D,-46,11,1,0,0,1,1,0,0,0,0,-93,0,6,1,18371991,0,110,0,0,18.538611,256,[110 96 6 0 0 0 0 0 0 0 0 0 -16 -2 -15 -2 -17 -2 -16 -2 -16 -3 -15 -4 -15 -3 -14 -5 -15 -4 -14 -5 -16 -4 -17 -5 -16 -5 -15 -4 -13 -4 -16 -5 -14 -5 -12 -5 -13 -5 -13 -4 -12 -5 -13 -5 -11 -4 -12 -3 -13 -3 -11 -4 0 0 -12 -3 -11 -2 -12 -2 -11 -2 -10 -2 -11 -1 -11 -1 -10 -1 -11 0 -10 -1 -11 -1 -10 -1 -11 0 -11 0 -9 -1 -10 0 -10 1 -9 1 -9 2 -9 1 -8 1 -9 1 -9 1 -9 1 -9 2 -9 1 0 0 0 0 0 0 0 0 0 0 -1 -1 -1 -1 -1 -1 -1 -1 -14 6 -13 4 -14 1 -14 2 -15 2 -15 1 -15 1 -14 -1 -15 0 -13 -1 -15 0 -15 -1 -15 -1 -16 -1 -15 -1 -14 -1 -14 -1 -15 0 -12 -1 -12 -2 -13 -2 -12 -2 -12 -1 -13 -1 -11 -1 -12 -1 -11 0 -11 -1 -1 -1 -11 0 -11 0 -10 0 -11 1 -9 0 -10 1 -10 1 -9 1 -10 2 -9 2 -10 2 -9 1 -9 2 -9 2 -9 2 -8 2 -9 2 -8 2 -8 4 -8 2 -8 3 -8 3 -8 2 -8 3 -8 3 -7 3 -6 4 -6 4 -1 -1 -1 -1 -1 -1 ]
CSI_DATA,STA,08:3A:F2:51:5D:9D,-50,11,1,0,1,1,1,0,0,0,0,-93,0,6,1,18377436,0,110,0,0,18.546382,384,[110 96 6 0 0 0 0 0 0 0 0 0 -17 -15 -16 -14 -20 -16 -18 -19 -18 -18 -14 -16 -16 -18 -14 -16 -15 -17 -14 -19 -15 -21 -15 -21 -14 -20 -13 -21 -10 -17 -16 -20 -12 -17 -11 -18 -11 -17 -11 -16 -11 -17 -12 -17 -8 -17 -10 -18 -11 -19 -11 -16 0 0 -11 -16 -13 -14 -13 -15 -13 -13 -10 -14 -13 -13 -12 -14 -12 -11 -13 -12 -13 -9 -13 -10 -11 -10 -12 -10 -12 -8 -12 -8 -13 -7 -15 -9 -12 -6 -13 -6 -12 -4 -12 -6 -13 -6 -13 -6 -13 -6 -11 -7 -11 -5 0 0 0 0 0 0 0 0 0 0 -1 -1 -1 -1 15 14 16 15 17 11 16 8 6 13 6 11 7 13 6 13 7 11 5 9 7 10 7 7 9 9 8 10 7 10 7 9 9 10 8 9 7 8 9 7 9 6 8 7 7 4 7 6 6 6 9 5 7 6 9 5 8 7 8 5 11 2 7 5 8 5 7 4 7 4 6 5 7 4 6 4 6 4 5 4 5 4 4 5 4 5 3 5 3 4 3 3 1 3 2 3 0 3 1 2 0 2 -1 2 -1 2 -1 2 -2 1 -3 1 -3 1 -1 -1 -1 -1 -1 -1 -1 -1 -1 -1 -1 -1 -1 -1 -1 -1 -1 -1 -1 -1 0 0 -35 -10 -33 -8 -38 -9 -36 -11 -37 -11 -30 -11 -35 -13 -30 -9 -39 -11 -34 -17 -37 -19 -35 -18 -38 -18 -36 -19 -29 -15 -34 -15 -33 -12 -33 -17 -27 -12 -28 -14 -25 -15 -30 -11 -27 -16 -27 -15 -30 -19 -27 -13 -34 -2 -27 -13 -28 -11 -25 -8 -25 -7 -25 -10 -27 -6 -24 -7 -26 -5 -26 -4 -23 -5 -25 -4 -24 -6 -25 -3 -24 -2 -22 3 -21 0 -24 1 -20 0 -19 3 -20 1 -20 4 -19 4 -22 1 -21 1 -19 2 -19 2 -17 13 -19 17 -18 17 -14 21 -1 -1 ]
CSI_DATA,STA,08:3A:F2:51:5D:9D,-50,11,1,0,1,1,1,0,0,0,0,-93,0,6,1,18378003,0,110,0,0,18.557073,384,[110 96 6 0 0 0 0 0 0 0 0 0 22 -11 21 -11 24 -13 27 -10 25 -10 22 -7 25 -8 22 -7 23 -8 24 -6 27 -6 27 -7 26 -6 25 -5 21 -2 27 -6 22 -4 22 -2 22 -4 20 -4 21 -3 22 -4 20 -1 22 -3 23 -3 20 -5 0 0 20 -5 19 -7 20 -6 18 -7 17 -4 18 -7 19 -6 16 -7 18 -8 13 -9 15 -9 14 -6 15 -8 13 -9 13 -9 12 -10 15 -11 11 -10 11 -11 9 -11 11 -10 11 -11 11 -10 10 -11 11 -9 9 -10 0 0 0 0 0 0 0 0 0 0 -1 -1 -1 -1 -21 13 -22 12 -19 15 -15 15 -17 1 -15 1 -17 2 -16 0 -15 2 -13 1 -14 3 -12 4 -14 5 -14 4 -14 3 -14 3 -15 5 -14 4 -11 4 -11 5 -11 6 -13 5 -8 5 -10 5 -11 4 -9 6 -11 5 -10 6 -12 5 -10 6 -7 12 -10 5 -9 5 -8 4 -8 5 -9 4 -8 5 -7 4 -7 4 -8 3 -7 3 -8 2 -8 2 -7 1 -7 0 -6 1 -5 0 -5 0 -5 -1 -5 -1 -5 -2 -4 -2 -3 -2 -2 -3 -2 -3 -2 -4 -1 -4 -1 -1 -1 -1 -1 -1 -1 -1 -1 -1 -1 -1 -1 -1 -1 -1 -1 -1 -1 -1 0 0 22 -32 19 -30 22 -35 24 -32 23 -33 21 -26 26 -30 20 -26 24 -35 29 -29 31 -30 30 -29 32 -32 30 -30 25 -24 27 -27 23 -28 28 -27 20 -23 24 -23 22 -19 21 -26 25 -20 24 -22 30 -23 23 -23 13 -36 22 -22 20 -23 16 -22 15 -22 18 -22 15 -25 15 -22 13 -24 13 -25 12 -22 12 -23 14 -22 11 -24 10 -23 4 -23 7 -21 6 -24 7 -20 3 -21 6 -21 2 -21 1 -21 6 -23 5 -22 4 -20 4 -20 -10 -23 -12 -26 -13 -25 -19 -21 -1 -1 ]
CSI_DATA,STA,08:3A:F2:51:5D:9D,-50,11,1,0,1,1,1,0,0,0,0,-93,0,6,1,18378340,0,110,0,0,18.567614,384,[110 96 6 0 0 0 0 0 0 0 0 0 24 -5 23 -5 26 -6 28 -3 26 -3 22 -1 25 -1 23 -1 24 -2 24 0 28 1 28 0 26 2 25 3 21 3 27 1 23 2 22 4 21 2 20 2 21 3 22 2 19 4 21 3 23 3 20 1 0 0 20 1 20 -1 20 -1 18 -2 18 1 18 -2 19 -1 17 -2 18 -3 15 -6 17 -5 15 -2 16 -3 14 -5 15 -5 15 -7 17 -6 13 -7 13 -7 11 -8 13 -7 13 -7 13 -7 12 -8 12 -6 11 -7 0 0 0 0 0 0 0 0 0 0 -1 -1 -1 -1 -24 -5 -26 -6 -24 -1 -22 0 -17 -8 -16 -7 -18 -7 -18 -9 -16 -6 -14 -6 -16 -5 -14 -3 -17 -4 -16 -4 -17 -5 -16 -4 -18 -4 -16 -3 -14 -4 -16 -1 -15 0 -16 -2 -13 0 -14 -1 -13 -2 -13 0 -14 -1 -14 1 -14 -2 -14 0 -13 4 -13 0 -13 -1 -11 0 -12 0 -11 -2 -12 -1 -11 -1 -11 -1 -10 -2 -9 -1 -9 -3 -9 -4 -8 -4 -8 -4 -7 -2 -6 -3 -6 -3 -5 -4 -4 -3 -3 -5 -3 -4 -2 -4 -1 -5 0 -4 0 -4 0 -4 -1 -1 -1 -1 -1 -1 -1 -1 -1 -1 -1 -1 -1 -1 -1 -1 -1 -1 -1 -1 0 0 37 -21 34 -21 40 -24 40 -20 40 -21 34 -16 41 -18 34 -17 43 -21 42 -14 46 -15 44 -15 46 -15 44 -13 36 -11 41 -13 39 -15 41 -11 33 -12 36 -11 33 -8 35 -13 35 -8 35 -10 40 -8 33 -12 30 -21 33 -11 32 -12 29 -13 27 -14 30 -12 28 -16 27 -14 27 -16 27 -18 22 -16 24 -17 25 -14 24 -17 22 -17 18 -21 18 -17 20 -21 16 -17 16 -19 16 -17 14 -21 14 -20 18 -19 16 -18 15 -18 15 -18 7 -24 7 -28 7 -27 0 -28 -1 -1 ]
CSI_DATA,STA,08:3A:F2:51:5D:9D,-50,11,1,0,1,1,1,0,0,0,0,-93,0,6,1,18379293,0,110,0,0,18.578213,384,[110 96 6 0 0 0 0 0 0 0 0 0 -4 21 -4 20 -4 24 -7 25 -6 23 -7 19 -8 22 -7 19 -7 20 -9 20 -11 22 -10 23 -10 22 -11 20 -10 17 -10 22 -10 18 -11 17 -9 17 -9 17 -9 16 -9 18 -11 14 -10 17 -11 18 -8 17 0 0 -8 17 -6 17 -7 17 -5 16 -7 14 -5 16 -6 16 -5 14 -4 16 -2 14 -2 15 -4 13 -3 14 -1 14 -1 14 0 14 -1 16 1 13 1 13 2 12 0 13 1 13 1 13 2 13 0 12 1 11 0 0 0 0 0 0 0 0 0 0 -1 -1 -1 -1 5 -21 6 -22 2 -22 0 -19 9 -13 8 -12 8 -14 9 -12 7 -12 6 -10 6 -13 4 -11 5 -13 5 -13 6 -13 5 -13 5 -14 4 -12 4 -11 3 -12 1 -13 4 -12 0 -10 2 -11 3 -10 1 -11 3 -11 1 -11 3 -12 2 -12 -4 -13 2 -11 2 -11 1 -10 1 -10 2 -9 1 -10 1 -9 1 -9 2 -8 2 -8 3 -8 3 -7 3 -6 3 -6 2 -6 2 -5 2 -5 3 -4 2 -3 3 -2 3 -2 2 -2 2 0 2 0 2 0 2 1 -1 -1 0 0 0 0 -1 -1 -1 -1 -1 -1 0 0 0 0 -1 -1 -1 -1 -1 -1 10 33 10 32 11 36 8 36 9 36 6 30 6 36 7 29 9 37 3 37 3 39 3 38 3 41 2 38 1 32 3 35 5 34 1 35 3 28 1 31 0 28 4 31 -1 29 1 30 -2 34 2 29 16 28 1 28 3 28 4 25 4 24 3 26 7 25 5 24 7 24 9 23 7 21 8 23 6 23 9 22 9 21 13 17 9 17 12 20 9 17 12 15 10 16 13 15 12 14 11 17 11 16 10 15 10 16 20 9 24 8 22 7 24 2 -1 -1 ]
CSI_DATA,STA,08:3A:F2:51:5D:9D,-50,11,1,0,1,1,1,0,0,0,0,-93,0,6,1,18379613,0,110,0,0,18.587966,384,[110 96 6 0 0 0 0 0 0 0 0 0 -21 8 -20 8 -23 9 -25 7 -24 7 -20 4 -23 5 -21 4 -22 5 -23 3 -25 3 -25 4 -24 3 -24 2 -20 0 -25 4 -21 2 -21 0 -20 1 -19 1 -20 1 -21 1 -18 -1 -20 0 -22 1 -19 2 0 0 -19 2 -18 4 -19 4 -17 4 -17 2 -17 4 -18 3 -15 4 -16 5 -13 6 -15 6 -14 4 -14 5 -13 6 -13 6 -13 8 -15 8 -11 8 -11 8 -9 8 -11 7 -11 7 -12 8 -11 8 -11 6 -9 7 0 0 0 0 0 0 0 0 0 0 -1 -1 -1 -1 20 -1 22 -2 20 -5 17 -6 15 3 14 2 15 2 15 3 14 2 12 1 14 1 12 -1 14 -1 13 0 14 0 13 -1 15 -1 13 -1 11 -1 13 -3 12 -5 12 -2 9 -4 10 -3 10 -1 11 -3 11 -2 10 -4 11 -2 11 -4 9 -7 10 -3 10 -3 8 -3 9 -4 9 -2 9 -3 8 -2 7 -2 8 -1 7 -2 8 0 7 0 6 0 6 1 6 0 5 1 5 1 4 2 3 1 3 2 2 2 1 2 0 2 0 3 0 3 -2 2 -1 -1 -1 -1 -1 -1 -1 -1 -1 -1 -1 -1 -1 -1 -1 -1 -1 -1 -1 -1 0 0 -28 25 -25 24 -30 27 -31 25 -31 24 -27 19 -32 22 -26 20 -33 26 -34 19 -36 21 -35 20 -38 22 -36 20 -30 16 -34 19 -31 21 -34 16 -27 16 -29 14 -28 12 -29 17 -29 13 -29 15 -34 14 -27 16 -21 24 -27 15 -26 15 -23 16 -22 16 -25 15 -22 18 -21 16 -21 18 -20 19 -18 16 -19 18 -19 17 -18 19 -17 18 -12 20 -13 17 -15 20 -13 17 -10 18 -12 17 -9 19 -9 18 -13 19 -11 18 -10 17 -10 17 -3 21 0 25 0 24 5 24 -1 -1 ]
CSI_DATA,STA,08:3A:F2:51:5D:9D,-50,11,1,0,1,1,1,0,0,0,0,-93,0,6,1,18380078,0,110,0,0,18.598160,384,[110 96 6 0 0 0 0 0 0 0 0 0 -21 -10 -20 -9 -23 -10 -23 -13 -21 -12 -18 -12 -20 -13 -18 -12 -19 -12 -18 -14 -20 -16 -21 -15 -19 -15 -18 -16 -15 -14 -20 -15 -16 -14 -15 -15 -15 -13 -15 -13 -14 -13 -16 -14 -12 -14 -15 -14 -16 -15 -15 -12 0 0 -15 -12 -16 -10 -16 -11 -15 -9 -13 -11 -15 -9 -15 -10 -14 -8 -15 -8 -14 -5 -15 -6 -13 -7 -14 -7 -14 -5 -14 -5 -15 -4 -16 -5 -13 -3 -14 -3 -13 -1 -13 -3 -14 -3 -14 -3 -14 -2 -13 -3 -12 -2 0 0 0 0 0 0 0 0 0 0 -1 -1 -1 -1 19 7 20 8 20 5 18 1 9 10 8 9 10 9 8 10 9 8 7 6 9 7 8 5 10 5 10 7 10 7 10 6 11 6 9 6 8 6 9 4 10 2 10 4 8 2 9 4 8 4 9 3 9 4 9 3 9 5 9 3 12 -2 8 3 9 3 7 2 7 2 7 3 8 2 6 2 7 2 6 3 6 3 5 4 5 4 4 4 3 3 3 2 2 2 3 3 1 3 1 2 0 3 0 2 0 2 -1 2 -2 2 -3 1 -3 1 -1 -1 0 0 0 0 -1 -1 -1 -1 -1 -1 0 0 0 0 -1 -1 -1 -1 -1 -1 -33 4 -31 4 -36 5 -34 1 -35 3 -29 1 -35 0 -29 1 -37 3 -36 -3 -38 -4 -36 -4 -39 -3 -37 -4 -30 -4 -34 -3 -32 -1 -34 -3 -26 -1 -30 -3 -26 -5 -30 0 -28 -6 -29 -4 -33 -7 -28 -3 -30 12 -27 -4 -28 -1 -24 0 -24 1 -25 -2 -25 3 -24 1 -24 3 -24 5 -23 3 -23 4 -23 2 -23 5 -22 4 -18 10 -18 5 -21 8 -18 5 -16 7 -17 7 -16 9 -16 9 -19 7 -18 8 -16 7 -17 6 -11 19 -11 23 -10 20 -6 25 -1 -1 ]
CSI_DATA,STA,08:3A:F2:51:5D:9D,-50,11,1,0,1,1,1,0,0,0,0,-93,0,6,1,18380496,0,110,0,0,18.608404,384,[110 96 6 0 0 0 0 0 0 0 0 0 -17 -19 -16 -18 -19 -20 -18 -24 -17 -21 -14 -20 -15 -22 -13 -20 -15 -21 -12 -22 -13 -26 -14 -25 -13 -24 -12 -24 -9 -21 -14 -24 -11 -22 -9 -21 -10 -21 -10 -19 -9 -20 -10 -21 -6 -19 -9 -21 -10 -22 -10 -19 0 0 -10 -19 -12 -17 -12 -19 -12 -16 -9 -17 -11 -16 -11 -17 -11 -14 -12 -15 -12 -11 -13 -13 -11 -13 -11 -13 -13 -11 -12 -11 -14 -10 -15 -12 -13 -9 -13 -9 -13 -7 -13 -9 -13 -9 -13 -9 -14 -8 -12 -9 -12 -7 0 0 0 0 0 0 0 0 0 0 -1 -1 -1 -1 11 20 12 21 15 17 15 14 3 17 3 15 4 16 2 17 4 15 3 12 5 14 5 11 7 13 6 13 5 14 6 13 7 14 6 12 5 11 8 11 9 10 7 12 7 8 6 9 6 10 8 9 6 10 7 9 7 11 7 9 11 7 7 9 6 9 6 7 6 8 5 8 6 8 5 7 5 7 4 7 4 7 3 8 2 7 2 7 1 6 1 5 1 5 1 5 -1 4 -1 4 -2 4 -2 3 -2 2 -3 2 -2 1 -4 0 -4 0 -1 -1 0 0 0 0 -1 -1 -1 -1 -1 -1 0 0 0 0 -1 -1 -1 -1 -1 -1 -38 -16 -36 -15 -42 -18 -39 -20 -39 -19 -32 -17 -37 -21 -32 -16 -41 -20 -36 -24 -38 -27 -36 -26 -39 -27 -36 -27 -29 -22 -34 -24 -34 -22 -33 -26 -28 -19 -29 -22 -25 -21 -31 -19 -27 -23 -28 -22 -30 -27 -28 -20 -36 -9 -27 -20 -29 -19 -26 -16 -26 -14 -26 -18 -29 -13 -26 -13 -28 -11 -29 -11 -26 -10 -28 -10 -26 -12 -27 -9 -26 -9 -27 -3 -23 -5 -28 -5 -23 -5 -23 -2 -23 -4 -24 -1 -23 0 -25 -4 -24 -3 -22 -3 -22 -4 -24 10 -25 13 -24 13 -22 18 -1 -1 ]
CSI_DATA,STA,08:3A:F2:51:5D:9D,-50,11,1,0,1,1,1,0,0,0,0,-93,0,6,1,18380920,0,110,0,0,18.619299,384,[110 96 6 0 0 0 0 0 0 0 0 0 19 -11 18 -11 20 -13 23 -11 21 -10 19 -8 21 -9 19 -8 20 -9 21 -7 24 -7 23 -8 23 -7 22 -5 19 -4 23 -7 20 -5 20 -3 19 -4 18 -4 18 -4 19 -5 17 -2 19 -3 20 -4 18 -5 0 0 17 -5 17 -7 17 -6 15 -7 15 -4 15 -7 16 -7 13 -7 15 -8 12 -9 13 -9 13 -6 13 -7 11 -9 11 -8 11 -10 13 -10 9 -9 10 -10 7 -10 9 -10 9 -10 9 -10 9 -10 9 -8 8 -9 0 0 0 0 0 0 0 0 0 0 -1 -1 -1 -1 -20 7 -21 7 -18 10 -15 11 -16 -1 -15 0 -16 0 -16 -1 -14 0 -12 0 -13 2 -11 3 -14 4 -14 2 -14 1 -13 3 -14 3 -13 2 -11 2 -12 4 -11 6 -12 4 -10 4 -11 3 -10 3 -10 5 -11 3 -10 5 -12 3 -11 5 -8 9 -10 5 -10 4 -9 3 -9 4 -9 2 -9 4 -8 2 -8 2 -8 2 -8 2 -8 1 -8 1 -7 0 -6 0 -6 0 -6 0 -6 -1 -5 -2 -4 -1 -4 -2 -3 -2 -3 -2 -3 -3 -1 -3 -1 -3 -1 -3 -1 -1 0 0 0 0 -1 -1 -1 -1 -1 -1 0 0 0 0 -1 -1 -1 -1 -1 -1 19 -30 17 -28 20 -32 22 -30 21 -30 19 -24 23 -28 18 -25 23 -32 26 -27 28 -28 27 -27 29 -30 28 -27 22 -22 26 -26 23 -26 26 -24 19 -21 22 -21 21 -18 20 -24 23 -19 23 -20 27 -21 20 -21 12 -31 20 -21 20 -21 16 -20 15 -20 18 -20 14 -23 14 -20 13 -22 12 -23 11 -20 12 -21 13 -20 12 -22 10 -21 5 -22 7 -19 7 -23 7 -19 5 -20 6 -19 3 -21 3 -20 6 -21 6 -20 5 -19 6 -19 -6 -22 -7 -24 -8 -23 -13 -22 -1 -1 ]
CSI_DATA,STA,08:3A:F2:51:5D:9D,-50,11,1,0,1,1,1,0,0,0,0,-93,0,6,1,18381335,0,110,0,0,18.629724,384,[110 96 6 0 0 0 0 0 0 0 0 0 23 8 22 7 25 8 26 12 24 10 20 10 23 12 20 11 21 10 21 13 23 15 24 14 22 14 21 15 17 14 23 14 19 13 17 14 18 13 16 12 17 13 18 13 13 13 17 14 18 14 17 11 0 0 17 11 18 9 18 10 17 8 15 10 17 8 17 9 15 7 17 7 15 3 16 4 15 6 15 5 15 3 15 3 16 2 18 4 14 1 15 1 14 -1 14 1 14 1 15 1 15 0 13 1 13 0 0 0 0 0 0 0 0 0 0 0 -1 -1 -1 -1 -24 -7 -25 -8 -24 -4 -22 0 -13 -12 -12 -11 -13 -11 -12 -12 -12 -9 -9 -8 -12 -8 -11 -6 -13 -6 -13 -8 -13 -9 -13 -8 -14 -8 -13 -7 -11 -6 -12 -4 -12 -3 -13 -5 -11 -3 -11 -5 -10 -5 -12 -3 -11 -5 -12 -4 -13 -6 -12 -4 -14 3 -11 -3 -11 -4 -10 -3 -10 -3 -10 -4 -10 -3 -9 -3 -8 -3 -8 -4 -8 -4 -7 -5 -8 -5 -6 -5 -5 -5 -6 -3 -4 -4 -5 -4 -3 -4 -2 -4 -2 -4 -1 -3 -1 -4 -1 -3 0 -3 1 -3 1 -2 -1 -1 0 0 0 0 -1 -1 -1 -1 -1 -1 0 0 0 0 -1 -1 -1 -1 -1 -1 37 -8 35 -8 40 -9 38 -5 39 -8 32 -4 39 -4 31 -5 41 -8 41 0 43 0 41 1 44 0 42 2 34 2 38 -1 35 -3 38 0 30 -1 33 1 29 2 33 -3 31 3 33 2 37 5 31 0 33 -16 30 1 30 -2 26 -3 26 -4 28 -2 27 -7 26 -5 25 -7 25 -9 23 -7 25 -8 26 -5 25 -8 23 -8 19 -14 19 -9 22 -12 18 -9 17 -12 18 -10 17 -13 16 -14 20 -11 19 -11 17 -10 17 -10 10 -23 10 -26 9 -25 3 -30 -1 -1 ]
CSI_DATA,STA,08:3A:F2:51:5D:9D,-46,11,0,0,0,0,0,0,0,0,0,-93,0,6,1,18423504,0,110,0,0,18.640090,128,[110 96 6 0 0 0 0 0 0 0 0 0 8 -4 8 -3 9 -3 9 -3 8 -3 8 -2 8 -2 8 -2 8 -2 8 -1 8 -2 9 -2 8 -2 8 -2 7 -1 8 -2 8 -1 7 -1 7 -1 7 -1 7 0 7 -1 6 -1 7 -1 7 -2 6 -2 0 0 6 -1 6 -2 6 -2 6 -2 5 -2 5 -2 5 -2 5 -3 5 -2 5 -2 5 -3 4 -3 5 -3 5 -3 4 -3 4 -3 5 -3 4 -3 4 -3 4 -3 4 -3 4 -3 4 -3 3 -3 3 -3 4 -3 0 0 0 0 0 0 0 0 0 0 ]
CSI_DATA,STA,08:3A:F2:51:5D:9D,-46,11,0,0,0,0,0,0,0,0,0,-93,0,6,1,18443087,0,110,0,0,18.643507,128,[110 96 6 0 0 0 0 0 0 0 0 0 10 -3 10 -3 11 -3 11 -3 11 -2 10 -1 10 -1 10 -1 10 -1 10 -1 11 -2 11 -1 10 0 11 -1 9 -1 11 -1 9 0 8 0 9 0 9 -1 9 0 8 0 8 -1 8 -1 9 -1 8 -1 0 0 8 -1 8 -2 8 -1 8 -2 6 -2 7 -2 7 -2 6 -3 7 -3 7 -3 6 -2 6 -2 6 -2 7 -3 5 -3 5 -3 6 -4 5 -3 6 -3 5 -3 5 -3 6 -4 5 -4 5 -4 5 -3 5 -4 0 0 0 0 0 0 0 0 0 0 ]
CSI_DATA,STA,08:3A:F2:51:5D:9D,-50,11,1,0,1,1,1,0,0,0,0,-93,0,6,1,18492183,0,110,0,0,18.658712,384,[110 96 6 0 0 0 0 0 0 0 0 0 1 22 1 21 2 24 -1 26 -1 23 -2 20 -3 23 -3 21 -3 21 -4 21 -4 24 -4 25 -4 23 -5 23 -6 19 -4 24 -5 20 -6 19 -5 19 -5 18 -6 18 -5 19 -7 16 -5 19 -5 20 -4 18 0 0 -4 18 -1 18 -2 19 -1 17 -3 16 -1 17 -2 17 -1 15 0 16 2 13 2 15 0 14 2 14 3 13 2 13 4 14 3 15 4 12 4 12 5 11 3 13 4 12 4 12 6 12 4 11 5 10 0 0 0 0 0 0 0 0 0 0 -1 -1 -1 -1 -1 -22 -1 -22 -5 -22 -4 -19 5 -15 4 -14 3 -16 5 -15 3 -13 3 -12 2 -13 1 -12 1 -14 1 -13 2 -14 1 -14 0 -15 0 -14 0 -12 -1 -12 -3 -13 0 -13 -3 -11 -1 -11 0 -11 -2 -11 -1 -12 -3 -11 -1 -12 -3 -12 -7 -10 -2 -12 -2 -11 -2 -9 -2 -10 -1 -10 -2 -10 -2 -9 -2 -9 0 -9 -1 -8 0 -8 0 -8 0 -7 0 -7 0 -7 1 -5 1 -5 1 -4 1 -4 2 -4 1 -3 2 -3 2 -1 2 -1 2 0 2 0 -1 -1 -1 -1 -1 -1 -1 -1 -1 -1 -1 -1 -1 -1 -1 -1 -1 -1 0 0 0 0 17 29 17 28 18 31 16 33 15 31 13 28 13 33 13 27 17 34 11 33 13 36 13 35 15 37 12 35 10 30 10 33 13 32 9 32 10 27 8 28 6 27 11 28 7 27 9 28 8 32 10 26 23 22 9 27 9 25 11 23 10 21 10 24 13 22 11 21 13 21 14 20 12 18 15 19 13 19 15 18 15 17 16 12 14 14 16 15 14 13 15 12 14 13 16 11 16 10 15 13 15 11 14 11 15 11 20 2 26 0 25 -1 24 -5 -1 -1 ]
CSI_DATA,STA,08:3A:F2:51:5D:9D,-46,11,1,0,0,1,1,0,0,0,0,-93,0,6,1,18502602,0,110,0,0,18.669927,256,[110 96 6 0 0 0 0 0 0 0 0 0 7 10 7 10 7 12 7 12 6 11 5 10 6 11 4 11 6 12 5 11 5 12 5 12 4 12 5 11 4 10 5 12 3 11 3 10 3 10 4 10 3 10 4 10 3 9 4 9 5 10 4 8 0 0 4 8 5 8 5 8 5 7 4 7 5 7 5 7 5 6 5 6 5 6 5 6 5 6 5 6 5 5 5 5 5 5 6 5 6 5 6 4 5 4 5 4 6 4 6 3 6 3 5 3 5 4 0 0 0 0 0 0 0 0 0 0 -1 -1 -1 -1 -1 -1 -1 -1 19 13 17 13 16 16 17 15 17 16 17 17 16 16 14 16 16 18 13 18 16 19 14 19 14 18 14 20 13 18 12 17 11 19 14 18 11 16 10 17 12 16 10 17 11 16 12 16 10 17 10 14 11 16 11 14 -1 -1 12 12 11 12 11 11 13 12 11 10 12 10 12 10 10 9 12 9 12 10 13 8 11 9 12 7 12 7 12 7 12 5 13 6 11 6 11 6 12 6 13 5 13 5 12 4 12 5 11 4 11 4 11 1 12 1 -1 -1 -1 -1 -1 -1 ]
CSI_DATA,STA,08:3A:F2:51:5D:9D,-50,11,1,0,1,1,1,0,0,0,0,-93,0,6,1,18510006,0,110,0,0,18.678344,384,[110 96 6 0 0 0 0 0 0 0 0 0 21 -4 20 -5 24 -6 25 -3 24 -3 20 -1 23 -2 20 -1 22 -2 22 0 24 1 25 0 24 1 23 1 19 2 24 0 20 1 20 2 19 1 18 1 18 1 20 1 17 3 19 2 21 2 18 0 0 0 18 0 18 -2 18 -2 16 -3 16 0 16 -2 17 -2 15 -3 16 -4 13 -5 14 -6 14 -3 14 -4 13 -6 13 -6 13 -7 15 -7 11 -7 12 -7 9 -8 11 -7 11 -7 11 -7 11 -8 11 -6 9 -7 0 0 0 0 0 0 0 0 0 0 -1 -1 -1 -1 -22 1 -23 1 -22 4 -17 5 -16 -4 -14 -4 -17 -3 -16 -5 -15 -3 -12 -3 -14 -1 -12 0 -15 0 -14 -1 -15 -2 -14 0 -15 0 -14 0 -12 0 -13 2 -13 3 -13 1 -10 3 -12 2 -11 1 -11 3 -12 1 -11 3 -13 1 -12 3 -10 7 -11 2 -11 2 -9 2 -10 3 -10 1 -10 2 -9 1 -9 1 -8 1 -8 1 -8 0 -8 -1 -7 -1 -7 -2 -7 0 -5 -2 -6 -1 -5 -2 -5 -2 -4 -3 -3 -3 -3 -4 -2 -4 -1 -4 -1 -3 -1 -3 -1 -1 -1 -1 -1 -1 -1 -1 -1 -1 -1 -1 -1 -1 -1 -1 -1 -1 0 0 0 0 29 -21 27 -21 32 -24 32 -21 32 -22 27 -17 33 -19 26 -18 34 -23 35 -16 37 -18 36 -16 38 -18 36 -17 30 -13 34 -16 31 -18 34 -15 26 -14 29 -13 27 -11 28 -16 29 -11 29 -12 34 -12 27 -14 22 -24 27 -13 26 -14 22 -14 21 -15 24 -13 22 -17 21 -15 20 -17 19 -19 17 -17 18 -18 20 -15 17 -19 16 -18 12 -20 13 -17 14 -21 12 -16 10 -19 11 -17 9 -19 9 -19 13 -19 11 -18 10 -17 10 -17 1 -22 0 -25 -1 -24 -6 -25 -1 -1 ]
CSI_DATA,STA,08:3A:F2:51:5D:9D,-50,11,1,0,1,1,1,0,0,0,0,-93,0,6,1,18598953,0,110,0,0,18.765427,384,[110 96 6 0 0 0 0 0 0 0 0 0 -16 19 -15 18 -17 22 -21 20 -19 20 -18 15 -20 18 -18 15 -18 17 -21 15 -24 16 -23 17 -22 15 -23 14 -20 10 -23 17 -20 13 -21 12 -19 12 -19 11 -19 10 -20 12 -19 8 -20 10 -21 11 -18 12 0 0 -18 11 -16 14 -17 13 -15 13 -16 9 -15 12 -16 12 -14 11 -14 13 -11 13 -12 14 -12 11 -12 11 -10 12 -10 13 -9 14 -11 15 -7 13 -8 13 -6 13 -9 13 -7 13 -8 13 -7 13 -8 11 -6 12 0 0 0 0 0 0 0 0 0 0 -1 -1 -1 -1 18 -16 17 -17 15 -20 12 -17 16 -6 14 -7 15 -7 15 -6 13 -7 11 -5 12 -7 10 -7 12 -9 12 -8 13 -8 11 -8 12 -10 11 -9 10 -7 9 -10 8 -11 11 -9 7 -9 8 -8 9 -7 8 -9 9 -8 8 -10 9 -9 8 -10 4 -14 8 -9 7 -8 6 -7 6 -8 8 -7 7 -8 6 -7 6 -7 6 -6 6 -6 6 -5 6 -4 6 -3 5 -3 5 -4 4 -2 4 -2 4 -1 4 -1 3 0 3 0 2 0 2 1 1 2 1 2 0 2 0 0 0 0 -1 -1 -1 -1 -1 -1 -1 -1 -1 -1 0 0 0 0 -1 -1 -1 -1 -9 38 -8 37 -10 42 -12 40 -11 40 -11 33 -15 39 -12 33 -13 43 -19 38 -19 40 -18 38 -19 42 -19 39 -17 32 -17 36 -14 36 -19 35 -14 30 -17 30 -18 27 -14 32 -19 27 -16 30 -21 32 -14 29 0 37 -15 29 -14 29 -10 27 -10 26 -12 27 -8 28 -10 26 -8 27 -6 28 -6 25 -5 26 -7 25 -4 26 -4 25 2 24 -1 22 -1 26 -1 22 1 22 -1 22 2 22 3 21 -1 23 1 22 1 20 0 21 14 20 19 21 18 21 22 17 -1 -1 ]
CSI_DATA,STA,08:3A:F2:51:5D:9D,-50,11,1,0,1,1,1,0,0,0,0,-93,0,6,1,18599625,0,110,0,0,18.776300,384,[110 96 6 0 0 0 0 0 0 0 0 0 -20 16 -19 15 -22 18 -24 16 -23 15 -20 11 -23 13 -21 11 -22 12 -24 11 -26 11 -26 12 -25 11 -25 9 -22 6 -26 12 -22 8 -23 7 -21 7 -20 7 -21 6 -22 8 -20 4 -22 6 -24 7 -20 8 0 0 -20 7 -19 10 -19 9 -18 10 -18 6 -17 9 -18 9 -16 8 -16 9 -13 10 -14 11 -14 8 -14 9 -12 10 -13 10 -11 11 -15 13 -10 11 -10 11 -8 11 -11 11 -10 11 -11 11 -10 12 -11 9 -8 10 0 0 0 0 0 0 0 0 0 0 -1 -1 -1 -1 23 -7 23 -8 22 -11 18 -11 18 0 17 -1 18 -2 18 0 16 -2 13 -1 15 -3 13 -3 15 -5 15 -3 16 -3 15 -3 16 -5 15 -4 12 -3 13 -6 12 -8 13 -5 10 -7 12 -5 11 -4 11 -6 12 -4 11 -7 13 -5 11 -6 9 -10 11 -6 11 -5 9 -5 9 -5 10 -4 10 -5 8 -4 8 -4 8 -3 8 -3 8 -2 9 -2 8 -1 7 -1 6 -2 5 0 5 -1 4 1 3 0 2 1 3 1 2 2 1 2 0 2 -1 3 -2 2 0 0 0 0 -1 -1 -1 -1 -1 -1 -1 -1 -1 -1 0 0 0 0 -1 -1 -1 -1 -23 37 -21 35 -24 39 -26 37 -25 36 -23 30 -28 36 -23 29 -28 39 -32 32 -34 34 -33 33 -35 35 -34 32 -29 26 -30 31 -28 31 -32 29 -24 26 -28 25 -27 21 -26 28 -29 21 -29 24 -34 25 -25 25 -17 32 -26 23 -24 25 -20 24 -19 23 -23 23 -19 26 -20 24 -18 25 -16 27 -14 23 -15 26 -17 24 -15 26 -14 24 -7 25 -9 22 -11 27 -9 22 -7 22 -8 22 -6 23 -5 22 -10 23 -8 23 -8 21 -7 21 3 24 7 27 6 27 13 25 -1 -1 ]
CSI_DATA,STA,08:3A:F2:51:5D:9D,-50,11,1,0,1,1,1,0,0,0,0,-93,0,6,1,18600026,0,110,0,0,18.786732,384,[110 96 6 0 0 0 0 0 0 0 0 0 -6 -22 -6 -21 -8 -24 -5 -26 -5 -24 -3 -21 -4 -24 -3 -21 -4 -22 -1 -23 -1 -26 -1 -26 -1 -25 0 -24 1 -20 -2 -25 0 -21 1 -21 0 -20 0 -19 0 -19 0 -20 3 -18 1 -20 1 -22 -1 -19 0 0 -1 -19 -3 -19 -3 -19 -4 -17 -1 -17 -3 -17 -3 -18 -4 -16 -4 -17 -5 -14 -6 -15 -4 -14 -4 -15 -6 -14 -6 -14 -8 -13 -8 -15 -7 -11 -8 -12 -8 -10 -7 -12 -8 -12 -7 -12 -8 -12 -6 -12 -7 -10 0 0 0 0 0 0 0 0 0 0 -1 -1 -1 -1 0 21 1 21 4 21 6 18 -5 15 -4 14 -3 15 -5 15 -3 13 -3 12 -2 14 0 11 0 14 -1 13 -2 14 -1 13 0 14 -1 13 -1 11 2 12 3 11 1 12 3 10 1 10 0 10 3 11 0 11 3 10 1 11 2 11 6 10 2 10 1 10 2 9 2 9 1 9 2 9 2 8 1 8 0 8 0 7 -1 8 -1 7 -1 6 -1 6 -1 5 -1 4 -2 5 -2 3 -2 3 -3 3 -2 2 -3 1 -2 0 -3 -1 -3 -1 -3 -1 0 0 0 0 -1 -1 -1 -1 -1 -1 -1 -1 -1 -1 0 0 0 0 0 0 -1 -1 -23 -30 -23 -28 -25 -32 -23 -33 -23 -32 -19 -29 -20 -34 -18 -28 -24 -35 -16 -37 -18 -39 -18 -37 -19 -39 -17 -38 -14 -32 -17 -34 -19 -32 -15 -35 -15 -28 -14 -30 -11 -29 -17 -30 -10 -30 -13 -30 -12 -35 -15 -29 -25 -23 -14 -29 -15 -27 -16 -24 -15 -22 -15 -25 -18 -23 -16 -23 -18 -22 -19 -21 -15 -19 -18 -19 -16 -20 -19 -19 -18 -18 -20 -13 -18 -14 -21 -15 -17 -13 -18 -12 -17 -13 -20 -11 -19 -10 -18 -14 -18 -12 -18 -11 -17 -12 -21 -2 -25 -1 -25 -1 -24 5 -1 -1 ]
CSI_DATA,STA,08:3A:F2:51:5D:9D,-51,11,1,0,1,1,1,0,0,0,0,-93,0,6,1,18604059,0,110,0,0,18.797639,384,[110 96 6 0 0 0 0 0 0 0 0 0 -10 -20 -9 -18 -12 -22 -10 -24 -10 -22 -7 -19 -8 -22 -7 -20 -8 -21 -6 -22 -6 -24 -7 -24 -6 -23 -5 -23 -3 -19 -7 -23 -5 -20 -4 -20 -5 -19 -5 -18 -4 -18 -5 -20 -2 -18 -4 -20 -4 -21 -5 -18 0 0 -5 -18 -7 -17 -7 -17 -8 -15 -5 -16 -7 -16 -7 -16 -7 -14 -8 -14 -9 -12 -9 -13 -7 -13 -8 -13 -9 -11 -9 -11 -10 -10 -11 -13 -10 -9 -10 -9 -10 -7 -9 -10 -10 -9 -10 -9 -11 -9 -9 -9 -9 -8 0 0 0 0 0 0 0 0 0 0 -1 -1 -1 -1 8 19 8 19 11 17 11 13 1 14 1 13 2 15 1 14 2 13 1 11 3 12 3 10 5 12 4 12 3 13 4 11 5 13 4 11 3 9 6 10 7 9 5 10 6 7 5 9 4 8 6 8 4 9 7 8 5 10 6 8 9 5 5 8 5 8 5 7 5 7 4 8 5 7 4 6 4 6 3 6 3 6 2 7 2 7 2 6 1 5 1 4 0 4 0 4 -1 4 -1 3 -2 3 -1 3 -2 2 -2 2 -3 1 -3 1 -3 0 0 0 -1 -1 -1 -1 -1 -1 -1 -1 -1 -1 -1 -1 -1 -1 0 0 0 0 -1 -1 -28 -22 -27 -20 -31 -24 -28 -25 -29 -24 -23 -21 -27 -26 -24 -21 -31 -26 -25 -29 -26 -30 -25 -29 -27 -31 -26 -30 -21 -25 -24 -27 -25 -25 -24 -28 -21 -21 -21 -24 -18 -23 -23 -22 -18 -25 -20 -24 -21 -29 -21 -22 -30 -15 -20 -22 -21 -21 -20 -17 -20 -16 -20 -19 -22 -16 -20 -16 -22 -15 -23 -13 -20 -12 -21 -12 -21 -14 -22 -12 -21 -11 -22 -6 -19 -8 -23 -8 -19 -7 -19 -5 -19 -6 -20 -4 -20 -3 -21 -7 -20 -6 -19 -5 -19 -5 -21 5 -23 8 -22 8 -22 13 -1 -1 ]
CSI_DATA,STA,08:3A:F2:51:5D:9D,-50,11,1,0,1,1,1,0,0,0,0,-93,0,6,1,18606566,0,110,0,0,18.808284,384,[110 96 6 0 0 0 0 0 0 0 0 0 -21 9 -19 9 -22 10 -25 8 -23 8 -20 5 -23 7 -21 6 -21 6 -22 4 -25 5 -25 6 -24 5 -24 3 -20 2 -24 6 -21 3 -21 2 -20 3 -19 3 -19 2 -20 3 -18 0 -20 2 -22 2 -19 4 0 0 -19 4 -18 6 -18 6 -16 6 -16 3 -16 6 -17 5 -15 5 -16 7 -13 8 -14 8 -13 5 -13 6 -12 7 -12 8 -11 9 -14 9 -10 9 -10 9 -8 9 -10 8 -10 9 -10 9 -9 9 -10 8 -8 8 0 0 0 0 0 0 0 0 0 0 -1 -1 -1 -1 19 -7 20 -7 19 -11 16 -9 15 0 14 -1 15 -2 15 0 13 -2 11 -1 13 -3 11 -3 14 -4 13 -4 13 -3 12 -4 13 -5 12 -4 10 -3 11 -6 10 -7 11 -5 8 -6 9 -5 10 -4 10 -5 10 -5 9 -7 11 -5 9 -7 6 -10 9 -6 9 -5 8 -5 8 -6 9 -4 8 -5 7 -4 7 -4 7 -3 7 -4 7 -3 7 -2 6 -2 6 -1 5 -2 4 -1 5 -1 4 0 3 0 3 1 3 1 2 2 1 2 0 2 1 2 0 2 -1 -1 -1 -1 -1 -1 -1 -1 -1 -1 -1 -1 -1 -1 -1 -1 -1 -1 -1 -1 0 0 -23 27 -21 26 -24 29 -26 27 -25 27 -23 22 -28 25 -23 22 -28 29 -30 23 -31 25 -30 24 -31 26 -31 24 -26 20 -28 23 -26 24 -29 21 -23 19 -25 18 -25 16 -25 21 -25 16 -25 18 -30 19 -23 19 -14 29 -24 19 -22 19 -19 19 -17 18 -21 18 -18 21 -18 18 -17 20 -16 22 -14 19 -13 20 -15 19 -13 21 -12 20 -8 21 -9 19 -10 21 -9 18 -7 19 -8 19 -6 20 -5 19 -9 20 -7 19 -6 18 -7 18 3 21 7 24 7 24 10 21 -1 -1 ]
CSI_DATA,STA,08:3A:F2:51:5D:9D,-50,11,1,0,1,1,1,0,0,0,0,-93,0,6,1,18607264,0,110,0,0,18.818473,384,[110 96 6 0 0 0 0 0 0 0 0 0 -11 -20 -10 -18 -13 -22 -10 -24 -10 -23 -7 -20 -9 -22 -8 -20 -8 -21 -7 -22 -6 -25 -7 -24 -7 -24 -5 -23 -4 -20 -7 -24 -5 -21 -4 -20 -5 -20 -5 -19 -4 -19 -5 -20 -2 -18 -4 -20 -4 -21 -6 -19 0 0 -6 -18 -8 -18 -7 -18 -8 -16 -5 -16 -7 -16 -7 -17 -7 -15 -8 -15 -9 -12 -10 -13 -7 -13 -8 -13 -9 -11 -9 -12 -10 -11 -11 -14 -10 -9 -10 -10 -10 -8 -10 -10 -10 -9 -10 -10 -11 -9 -9 -9 -9 -8 0 0 0 0 0 0 0 0 0 0 -1 -1 -1 -1 4 20 4 21 7 19 8 16 -1 16 -1 14 0 16 -2 16 1 14 0 12 1 14 3 11 3 14 2 14 1 14 2 13 3 14 3 13 2 11 5 12 6 10 4 12 5 9 4 10 3 10 5 10 3 10 5 9 4 11 5 10 8 8 4 9 4 10 4 8 4 8 3 8 4 8 4 8 3 7 2 7 2 7 1 8 1 8 1 6 0 6 0 5 -1 4 0 5 -2 4 -2 4 -2 3 -2 3 -2 2 -3 2 -3 1 -4 0 -4 -1 0 0 -1 -1 -1 -1 -1 -1 -1 -1 -1 -1 -1 -1 -1 -1 0 0 0 0 -1 -1 -28 -27 -27 -24 -32 -28 -28 -29 -29 -29 -23 -26 -27 -30 -24 -24 -30 -30 -24 -33 -26 -35 -25 -34 -27 -36 -24 -35 -20 -28 -24 -32 -24 -29 -22 -32 -20 -25 -20 -28 -17 -26 -22 -26 -17 -28 -19 -28 -19 -33 -20 -26 -27 -19 -19 -26 -21 -24 -20 -21 -20 -20 -19 -23 -22 -19 -21 -19 -22 -18 -23 -17 -20 -16 -22 -16 -20 -18 -22 -16 -22 -14 -23 -10 -20 -11 -24 -11 -20 -10 -21 -8 -20 -9 -22 -6 -21 -6 -22 -10 -21 -9 -20 -8 -19 -8 -22 1 -25 3 -24 4 -24 9 -1 -1 ]
CSI_DATA,STA,08:3A:F2:51:5D:9D,-50,11,1,0,1,1,1,0,0,0,0,-93,0,6,1,18607761,0,110,0,0,18.829223,384,[110 96 6 0 0 0 0 0 0 0 0 0 15 -17 14 -16 16 -19 19 -17 17 -17 15 -13 18 -15 16 -13 17 -14 18 -13 20 -14 20 -15 19 -14 19 -13 17 -9 19 -15 17 -11 18 -10 16 -10 16 -10 16 -10 16 -11 16 -8 17 -10 18 -11 15 -11 0 0 15 -11 13 -12 14 -12 12 -12 13 -9 12 -12 13 -12 10 -11 11 -12 8 -12 9 -13 9 -11 9 -12 7 -12 8 -12 6 -13 8 -15 5 -12 6 -13 4 -12 6 -12 5 -12 5 -13 4 -13 5 -12 4 -11 0 0 0 0 0 0 0 0 0 0 -1 -1 -1 -1 -18 12 -18 12 -15 14 -11 14 -16 5 -14 4 -16 6 -16 4 -13 6 -11 4 -13 6 -10 6 -12 8 -13 7 -13 7 -12 7 -13 8 -12 7 -10 6 -10 9 -9 9 -11 8 -7 7 -9 7 -9 6 -8 8 -10 7 -8 8 -10 8 -8 8 -5 11 -8 8 -9 7 -7 7 -7 7 -8 5 -7 7 -7 6 -6 5 -7 5 -7 5 -7 4 -7 4 -7 3 -6 2 -6 3 -5 2 -6 2 -5 1 -5 1 -4 0 -4 -1 -4 -2 -3 -2 -2 -3 -3 -3 -1 -3 0 0 -1 -1 -1 -1 -1 -1 -1 -1 -1 -1 -1 -1 -1 -1 0 0 0 0 -1 -1 13 -35 11 -33 13 -39 15 -36 14 -37 13 -30 17 -35 13 -30 16 -39 20 -34 22 -36 20 -35 22 -37 21 -35 18 -28 19 -33 16 -32 20 -32 14 -27 17 -28 17 -24 15 -30 19 -26 17 -28 22 -29 15 -28 6 -33 15 -26 14 -27 10 -25 10 -25 12 -25 9 -27 10 -25 7 -26 6 -27 6 -24 5 -26 8 -25 5 -26 4 -24 -1 -24 2 -22 1 -26 1 -21 -1 -22 0 -21 -3 -22 -3 -21 0 -23 -1 -22 -1 -21 -1 -21 -11 -20 -13 -21 -13 -21 -18 -18 -1 -1 ]
CSI_DATA,STA,08:3A:F2:51:5D:9D,-51,11,1,0,1,1,1,0,0,0,0,-93,0,6,1,18608097,0,110,0,0,18.839761,384,[110 96 6 0 0 0 0 0 0 0 0 0 21 -1 20 -2 24 -2 25 1 23 0 20 2 22 2 20 2 21 1 21 3 24 4 24 3 23 4 22 5 18 5 23 4 20 4 18 5 18 4 18 4 18 4 19 4 16 6 18 5 20 5 18 3 0 0 17 3 17 1 18 1 16 0 15 2 16 0 17 1 15 0 16 -1 13 -3 15 -3 14 -1 14 -2 13 -3 13 -3 13 -5 15 -4 11 -5 12 -5 10 -6 12 -5 12 -5 12 -5 12 -6 11 -4 10 -5 0 0 0 0 0 0 0 0 0 0 -1 -1 -1 -1 -20 -10 -20 -10 -21 -7 -18 -3 -15 -10 -14 -9 -15 -9 -15 -11 -14 -8 -12 -7 -14 -7 -13 -4 -16 -5 -14 -6 -15 -7 -15 -5 -15 -6 -14 -5 -12 -5 -14 -3 -14 -2 -13 -4 -12 -1 -12 -3 -12 -3 -13 -1 -12 -3 -13 -1 -13 -3 -13 -1 -12 2 -12 -1 -12 -2 -11 -1 -11 -1 -11 -3 -11 -2 -10 -2 -10 -2 -9 -2 -9 -2 -8 -3 -8 -4 -8 -4 -7 -4 -6 -3 -6 -3 -6 -4 -4 -4 -4 -4 -3 -3 -3 -4 -2 -4 -1 -4 0 -4 1 -3 1 -3 0 0 -1 -1 -1 -1 -1 -1 -1 -1 -1 -1 -1 -1 -1 -1 0 0 0 0 -1 -1 37 -12 35 -13 39 -13 40 -11 39 -11 34 -8 39 -9 34 -9 42 -11 40 -5 43 -5 42 -5 44 -5 43 -3 35 -3 39 -5 38 -7 39 -2 32 -5 33 -3 31 -2 34 -6 32 -1 33 -2 38 0 32 -5 31 -11 32 -4 31 -5 29 -7 26 -7 29 -5 28 -9 27 -9 26 -10 26 -11 23 -10 24 -11 25 -9 24 -12 23 -12 19 -15 19 -13 22 -15 17 -13 17 -15 17 -13 16 -17 16 -16 19 -14 17 -14 16 -14 16 -13 11 -18 12 -22 11 -23 6 -24 -1 -1 ]
CSI_DATA,STA,08:3A:F2:51:5D:9D,-46,11,0,0,0,0,0,0,0,0,0,-93,0,6,1,18610739,0,110,0,0,18.850179,128,[110 96 6 0 0 0 0 0 0 0 0 0 24 -4 24 -3 26 -3 26 -3 25 -2 23 -1 24 -1 23 0 24 0 24 1 25 0 26 0 24 0 23 0 21 2 25 0 21 2 21 2 20 1 20 1 19 1 20 1 17 2 19 0 20 -1 19 -1 0 0 18 -1 18 -2 18 -2 17 -2 15 -2 17 -4 17 -4 15 -3 16 -5 15 -4 16 -5 14 -4 15 -5 15 -5 14 -5 14 -5 14 -6 13 -6 13 -6 13 -6 12 -6 12 -7 12 -7 12 -7 11 -7 11 -6 0 0 0 0 0 0 0 0 0 0 ]
CSI_DATA,STA,08:3A:F2:51:5D:9D,-51,11,1,0,1,1,1,0,0,0,0,-93,0,6,1,18633745,0,110,0,0,18.853892,384,[110 96 6 0 0 0 0 0 0 0 0 0 20 -5 19 -5 22 -6 24 -4 22 -4 19 -1 21 -2 20 -2 20 -2 21 -1 23 0 23 -1 22 0 22 1 19 2 23 -1 20 1 18 2 18 2 17 1 18 2 18 2 16 3 18 2 19 2 17 0 0 0 17 0 17 -2 18 -1 15 -2 15 0 16 -2 16 -1 14 -2 15 -3 12 -4 14 -5 13 -2 13 -3 12 -5 12 -4 12 -6 14 -5 11 -6 12 -6 10 -7 11 -5 11 -6 11 -6 11 -7 11 -5 9 -6 0 0 0 0 0 0 0 0 0 0 -1 -1 -1 -1 -21 -7 -20 -6 -21 -3 -18 -2 -15 -9 -14 -7 -16 -7 -15 -9 -14 -7 -12 -6 -14 -5 -12 -4 -15 -4 -14 -5 -14 -5 -14 -4 -15 -4 -14 -4 -13 -4 -13 -2 -14 -1 -13 -3 -12 0 -12 -2 -12 -3 -12 -1 -12 -2 -12 0 -13 -2 -12 -1 -11 3 -12 -1 -12 -2 -11 -1 -10 -1 -10 -3 -11 -1 -10 -2 -9 -2 -9 -2 -9 -2 -8 -3 -8 -4 -7 -3 -7 -4 -7 -3 -5 -3 -6 -4 -4 -4 -4 -4 -3 -3 -3 -4 -2 -4 -1 -4 0 -4 0 -3 1 -3 -1 -1 0 0 0 0 -1 -1 -1 -1 -1 -1 0 0 0 0 -1 -1 -1 -1 -1 -1 32 -19 30 -20 34 -21 36 -18 33 -18 30 -14 35 -16 31 -14 37 -18 36 -12 39 -14 37 -13 40 -14 39 -13 33 -10 35 -12 35 -13 35 -9 29 -11 31 -8 30 -6 31 -11 30 -6 30 -9 34 -7 29 -11 25 -18 29 -9 27 -10 26 -12 23 -11 27 -10 25 -13 24 -11 24 -13 23 -14 20 -12 21 -15 22 -13 21 -16 20 -15 16 -18 16 -15 18 -17 15 -15 15 -16 15 -15 14 -18 14 -17 16 -16 14 -16 13 -15 14 -15 8 -19 7 -24 7 -24 4 -24 -1 -1 ]
CSI_DATA,STA,08:3A:F2:51:5D:9D,-46,11,0,0,0,0,0,0,0,0,0,-93,0,6,1,18687781,0,110,0,0,18.864730,128,[110 96 6 0 0 0 0 0 0 0 0 0 21 15 20 16 22 16 22 17 21 17 18 17 19 18 17 18 18 18 17 19 20 19 19 19 18 18 17 18 15 18 19 19 15 17 14 17 14 17 14 17 13 16 14 17 12 15 15 14 16 15 15 14 0 0 15 13 15 12 15 12 15 11 13 10 15 10 15 10 13 9 15 8 14 9 15 8 14 7 14 6 15 7 14 6 14 6 15 6 14 5 14 6 14 5 13 5 14 4 14 4 14 3 13 3 13 3 0 0 0 0 0 0 0 0 0 0 ]
CSI_DATA,STA,08:3A:F2:51:5D:9D,-51,11,1,0,1,1,1,0,0,0,0,-93,0,6,1,18688878,0,110,0,0,18.868364,384,[110 96 6 0 0 0 0 0 0 0 0 0 -24 5 -23 6 -26 7 -29 4 -26 4 -23 1 -26 2 -24 1 -24 2 -25 0 -28 0 -27 1 -27 0 -26 -1 -22 -3 -27 0 -23 -1 -22 -3 -22 -2 -21 -2 -22 -2 -22 -2 -19 -4 -22 -2 -23 -2 -21 0 0 0 -21 0 -20 2 -21 2 -19 3 -19 -1 -19 1 -20 1 -18 2 -18 3 -15 5 -17 6 -16 3 -16 4 -15 5 -15 5 -15 7 -17 6 -13 7 -13 7 -11 8 -13 6 -13 7 -13 7 -12 8 -12 6 -11 7 0 0 0 0 0 0 0 0 0 0 -1 -1 -1 -1 23 2 23 1 24 -3 20 -2 16 5 15 4 16 4 17 6 15 4 13 2 15 2 13 1 16 0 14 1 15 1 14 0 16 -1 14 0 13 0 14 -2 14 -4 13 -1 11 -3 12 -1 12 0 12 -2 11 -2 12 -4 13 -1 11 -4 10 -8 12 -3 12 -2 10 -2 10 -3 10 -1 10 -2 9 -2 9 -1 9 -1 8 -1 8 0 8 0 7 0 6 1 6 0 5 1 5 2 4 2 3 1 2 2 2 2 1 2 1 2 0 2 -1 2 -1 2 -1 -1 -1 -1 -1 -1 -1 -1 -1 -1 -1 -1 -1 -1 -1 -1 -1 -1 -1 -1 0 0 -34 23 -33 23 -37 24 -39 22 -37 20 -33 18 -39 18 -33 18 -41 22 -39 16 -42 18 -40 18 -43 19 -42 17 -36 14 -39 15 -39 18 -39 12 -32 14 -35 11 -33 9 -35 14 -32 9 -33 13 -38 11 -31 14 -25 25 -33 13 -31 12 -29 15 -25 14 -30 14 -27 16 -26 14 -26 16 -25 17 -21 15 -22 18 -23 16 -21 19 -21 18 -16 20 -17 18 -19 20 -16 18 -14 18 -15 17 -13 20 -13 19 -16 18 -13 18 -13 18 -14 18 -5 22 -2 28 -2 29 0 27 -1 -1 ]
CSI_DATA,STA,08:3A:F2:51:5D:9D,-50,11,1,0,1,1,1,0,0,0,0,-93,0,6,1,18797643,0,110,0,0,18.964192,384,[110 96 6 0 0 0 0 0 0 0 0 0 0 22 0 20 1 24 -2 25 -2 24 -3 20 -3 23 -4 21 -3 21 -6 22 -6 24 -5 24 -6 23 -7 22 -7 18 -5 24 -6 19 -7 19 -6 19 -6 17 -7 18 -6 19 -8 16 -7 18 -7 20 -5 18 0 0 -5 18 -3 18 -3 18 -2 17 -5 15 -3 16 -4 17 -2 15 -2 16 1 14 1 15 -1 14 0 14 1 13 1 14 2 14 2 16 3 12 3 13 4 11 2 13 3 12 3 13 4 12 2 12 3 11 0 0 0 0 0 0 0 0 0 0 -1 -1 -1 -1 0 -22 1 -22 -3 -22 -4 -19 6 -14 5 -13 5 -15 6 -13 4 -13 4 -11 3 -13 2 -11 1 -14 2 -13 3 -13 2 -13 2 -14 2 -13 2 -11 0 -12 -2 -12 0 -12 -2 -10 -1 -11 1 -10 -2 -11 1 -11 -2 -11 0 -12 -1 -11 -6 -10 -1 -11 -1 -10 -1 -8 -1 -10 0 -9 -1 -9 -1 -8 -1 -8 0 -8 0 -7 1 -7 1 -7 2 -7 2 -6 1 -6 1 -4 0 -5 2 -3 2 -4 2 -2 1 -2 2 -2 2 -1 1 0 2 0 2 1 0 0 -1 -1 -1 -1 -1 -1 -1 -1 -1 -1 -1 -1 -1 -1 0 0 0 0 -1 -1 16 30 16 28 18 32 14 32 16 32 11 28 12 34 12 27 17 35 9 35 10 38 9 36 11 39 10 37 7 30 10 34 12 31 8 34 9 26 7 29 4 27 10 28 4 29 6 29 4 34 8 27 21 25 7 27 8 27 9 22 10 22 8 24 12 23 9 22 11 21 13 20 10 19 12 20 10 21 13 19 12 18 15 13 12 14 15 16 12 14 14 12 13 14 15 12 15 10 14 15 14 13 13 12 13 13 21 4 25 2 23 2 24 -5 -1 -1 ]
CSI_DATA,STA,08:3A:F2:51:5D:9D,-50,11,1,0,1,1,1,0,0,0,0,-93,0,6,1,18804692,0,110,0,0,18.975009,384,[110 96 6 0 0 0 0 0 0 0 0 0 -2 -23 -2 -21 -3 -25 0 -27 0 -24 2 -21 2 -23 2 -21 1 -22 3 -23 4 -25 3 -25 3 -24 4 -23 5 -19 3 -25 4 -21 5 -20 4 -20 4 -18 5 -19 4 -20 6 -17 5 -20 5 -21 3 -19 0 0 3 -19 1 -18 2 -19 0 -18 3 -17 1 -18 1 -18 0 -16 0 -17 -3 -15 -3 -16 -1 -14 -1 -15 -3 -14 -3 -14 -5 -14 -4 -17 -5 -13 -5 -13 -6 -11 -4 -13 -5 -13 -5 -13 -6 -13 -4 -12 -5 -11 0 0 0 0 0 0 0 0 0 0 -1 -1 -1 -1 -10 19 -10 20 -6 20 -4 18 -11 14 -9 12 -9 14 -11 13 -8 12 -7 11 -7 13 -5 11 -6 14 -6 13 -7 13 -5 13 -6 14 -5 13 -5 11 -3 13 -2 13 -5 12 -2 11 -3 11 -4 10 -2 11 -3 11 -1 11 -4 12 -2 12 1 11 -2 11 -3 11 -2 9 -2 9 -4 9 -2 9 -2 8 -3 8 -2 8 -3 7 -3 7 -4 6 -4 6 -4 5 -3 5 -3 3 -4 4 -4 3 -3 2 -3 1 -3 1 -4 0 -4 -1 -3 -2 -3 -2 -3 -2 0 0 -1 -1 -1 -1 -1 -1 -1 -1 -1 -1 -1 -1 -1 -1 0 0 0 0 -1 -1 -14 -38 -14 -36 -15 -41 -12 -41 -12 -40 -9 -35 -10 -40 -10 -34 -12 -43 -6 -41 -7 -44 -7 -42 -7 -45 -6 -44 -4 -36 -5 -40 -8 -39 -3 -40 -6 -33 -3 -35 -2 -33 -6 -35 -2 -34 -4 -34 -1 -39 -6 -33 -13 -31 -5 -33 -6 -32 -8 -29 -8 -27 -6 -30 -9 -29 -8 -28 -10 -28 -11 -28 -10 -24 -12 -25 -10 -25 -12 -25 -12 -24 -16 -21 -13 -20 -15 -23 -13 -19 -15 -18 -13 -18 -17 -18 -16 -17 -14 -20 -14 -18 -14 -17 -14 -17 -18 -12 -23 -12 -23 -12 -24 -7 -1 -1 ]
CSI_DATA,STA,08:3A:F2:51:5D:9D,-90,11,1,0,1,1,1,0,0,0,0,-93,0,6,1,18808843,0,110,0,0,18.985997,384,[110 96 6 0 0 0 0 0 0 0 0 0 -2 16 9 17 -1 32 -4 50 -6 39 -17 31 0 41 16 23 -4 27 -6 33 12 73 20 55 12 69 28 43 16 38 16 46 14 58 5 24 14 46 23 52 20 54 27 59 9 60 50 71 25 92 16 95 0 0 39 96 57 58 42 103 37 56 52 85 27 94 62 99 58 74 66 100 20 68 37 75 40 69 25 80 37 62 22 72 52 78 40 120 10 56 44 61 34 14 38 53 42 51 38 41 30 37 45 28 31 22 0 0 0 0 0 0 0 0 0 0 -1 -1 -1 -1 12 -60 6 -62 -25 -63 -11 -33 15 -34 2 -40 16 -49 13 -51 11 -29 1 -42 9 -43 -12 -9 6 -24 -13 -8 2 -22 6 -33 -5 -37 3 -15 12 2 16 -19 -11 -41 8 -32 -15 -22 1 -18 -5 -21 -6 3 -3 -3 -25 3 -7 -20 -3 -12 -3 -8 -8 -21 -9 1 6 -17 11 11 7 -35 5 0 7 -8 -3 0 -24 -7 -10 -23 -11 -11 -7 7 12 -7 2 5 -11 -12 -6 -13 -3 -20 11 -12 -3 8 10 1 -4 -14 -10 13 0 -14 -8 -8 -6 11 4 3 0 0 0 0 -1 -1 -1 -1 -1 -1 -1 -1 -1 -1 0 0 0 0 -1 -1 -1 -1 1 15 17 20 8 16 8 31 13 23 12 32 15 32 24 13 18 24 28 30 45 44 39 31 45 44 49 19 31 36 30 40 55 33 30 32 38 23 50 42 25 42 44 41 49 45 65 53 48 73 60 49 89 19 55 57 68 47 45 49 52 29 58 66 57 58 66 50 80 47 69 54 49 61 55 52 51 49 51 41 44 49 57 27 71 42 70 46 35 28 47 30 48 30 64 45 51 29 46 24 36 25 35 21 40 20 21 -20 46 -7 49 -6 57 -6 -1 -1 ]
CSI_DATA,STA,08:3A:F2:51:5D:9D,-51,11,1,0,1,1,1,0,0,0,0,-93,0,6,1,18809891,0,110,0,0,18.996300,384,[110 96 6 0 0 0 0 0 0 0 0 0 11 18 11 17 13 20 11 22 10 20 7 18 9 21 7 19 8 19 7 20 8 23 8 22 8 22 6 22 4 18 8 22 5 19 4 19 5 18 5 17 4 18 5 19 2 17 5 18 5 20 6 17 0 0 6 17 7 16 7 16 7 14 5 15 7 15 7 15 6 13 8 14 9 10 9 11 7 11 8 11 9 10 9 10 10 9 11 12 9 8 10 8 10 6 9 8 10 8 10 8 10 7 9 8 9 6 0 0 0 0 0 0 0 0 0 0 -1 -1 -1 -1 -14 -17 -14 -18 -17 -15 -15 -12 -4 -14 -4 -13 -5 -15 -4 -14 -5 -13 -4 -10 -5 -12 -5 -9 -7 -11 -7 -12 -6 -12 -6 -11 -8 -12 -7 -11 -6 -10 -7 -9 -8 -9 -7 -10 -7 -7 -7 -9 -6 -8 -8 -7 -7 -9 -8 -7 -7 -9 -8 -8 -11 -4 -7 -8 -7 -7 -6 -6 -7 -7 -6 -7 -7 -7 -6 -6 -6 -6 -5 -6 -5 -6 -4 -7 -4 -6 -3 -7 -3 -6 -3 -5 -1 -5 -3 -5 -1 -4 -1 -4 0 -4 0 -3 0 -3 1 -2 1 -2 2 -1 2 -1 -1 -1 -1 -1 -1 -1 -1 -1 -1 -1 -1 -1 -1 -1 -1 -1 -1 -1 0 0 0 0 29 14 27 13 31 15 28 16 29 16 24 14 28 18 24 13 31 17 27 20 29 22 28 20 30 22 28 21 22 17 25 19 26 17 25 20 21 14 22 17 19 16 23 15 20 18 21 17 23 21 21 15 32 4 20 15 21 15 20 12 19 11 20 13 22 9 20 10 21 8 21 7 19 7 21 7 20 8 21 6 20 5 20 0 18 3 21 2 17 3 17 1 17 2 18 -1 17 -1 19 1 18 1 17 1 17 1 18 -11 20 -14 19 -15 16 -18 -1 -1 ]
CSI_DATA,STA,08:3A:F2:51:5D:9D,-51,11,1,0,1,1,1,0,0,0,0,-93,0,6,1,18810667,0,110,0,0,19.6187,384,[110 96 6 0 0 0 0 0 0 0 0 0 -18 12 -17 12 -19 14 -22 13 -20 12 -19 9 -21 11 -19 10 -19 10 -20 9 -23 10 -22 11 -22 10 -22 8 -19 6 -22 10 -20 7 -19 6 -19 7 -18 6 -18 6 -19 7 -17 4 -19 6 -20 7 -18 8 0 0 -17 7 -16 9 -17 9 -14 9 -15 6 -15 8 -15 8 -13 8 -14 9 -10 10 -11 10 -11 8 -11 9 -10 10 -10 9 -10 11 -11 11 -8 10 -8 11 -6 10 -8 10 -8 10 -8 10 -7 11 -8 9 -6 10 0 0 0 0 0 0 0 0 0 0 -1 -1 -1 -1 18 -7 20 -8 18 -11 15 -11 15 -3 14 -3 15 -4 15 -2 14 -3 11 -4 13 -5 11 -5 13 -6 12 -5 13 -5 12 -6 13 -7 12 -6 10 -5 10 -7 10 -9 10 -6 8 -7 9 -6 9 -5 8 -7 9 -6 8 -8 10 -7 8 -8 6 -10 8 -7 8 -6 7 -6 7 -7 8 -5 7 -6 6 -6 6 -5 6 -4 6 -5 7 -3 6 -3 6 -3 5 -3 5 -2 4 -2 4 -1 3 0 3 -1 3 0 2 0 2 1 1 1 0 2 0 1 0 2 -1 -1 -1 -1 -1 -1 -1 -1 -1 -1 -1 -1 -1 -1 -1 -1 -1 -1 0 0 0 0 -21 31 -19 30 -22 33 -25 32 -23 31 -21 26 -25 30 -20 27 -25 33 -27 28 -29 30 -28 29 -30 31 -29 28 -25 23 -27 27 -25 28 -28 24 -21 22 -24 22 -23 20 -22 24 -24 20 -24 22 -28 23 -21 23 -14 29 -22 22 -21 22 -18 22 -16 20 -19 22 -15 23 -15 21 -14 23 -13 24 -11 21 -12 23 -13 21 -11 23 -10 22 -6 22 -7 20 -8 23 -6 20 -4 20 -5 19 -3 21 -3 19 -6 21 -5 20 -4 19 -4 19 4 20 6 24 7 22 11 21 -1 -1 ]
CSI_DATA,STA,08:3A:F2:51:5D:9D,-51,11,1,0,1,1,1,0,0,0,0,-93,0,6,1,18810999,0,110,0,0,19.16465,384,[110 96 6 0 0 0 0 0 0 0 0 0 -21 -7 -20 -7 -23 -7 -24 -11 -22 -10 -18 -10 -21 -10 -19 -10 -20 -10 -19 -11 -21 -13 -22 -12 -21 -12 -20 -13 -16 -12 -21 -13 -17 -12 -16 -12 -16 -12 -16 -11 -16 -12 -17 -12 -13 -12 -16 -11 -18 -12 -16 -10 0 0 -16 -10 -17 -8 -17 -9 -16 -7 -15 -9 -15 -7 -16 -8 -15 -7 -16 -6 -14 -3 -16 -3 -14 -5 -14 -4 -14 -3 -14 -3 -15 -2 -17 -3 -13 0 -13 -1 -12 1 -13 -1 -13 -1 -13 -1 -14 0 -12 -1 -12 0 0 0 0 0 0 0 0 0 0 0 -1 -1 -1 -1 16 13 16 14 18 10 16 8 9 12 9 11 10 11 9 12 10 10 7 8 10 9 9 7 11 8 10 8 10 9 10 7 12 8 11 7 9 6 11 5 11 4 10 6 9 3 10 5 9 5 10 4 9 5 10 3 10 5 10 3 10 1 10 4 10 4 8 3 8 3 8 4 8 3 7 3 7 4 6 3 6 3 6 4 5 4 5 4 4 4 3 3 2 3 3 3 1 3 1 2 0 2 0 2 0 2 -1 2 -2 2 -2 1 -3 1 -1 -1 -1 -1 -1 -1 -1 -1 -1 -1 -1 -1 -1 -1 -1 -1 -1 -1 0 0 0 0 -39 -1 -37 0 -42 -1 -42 -4 -40 -3 -34 -4 -40 -6 -34 -3 -42 -4 -39 -8 -42 -9 -41 -8 -44 -9 -42 -10 -34 -9 -38 -9 -38 -7 -37 -11 -31 -6 -33 -9 -30 -9 -34 -7 -31 -10 -32 -9 -35 -12 -31 -6 -33 3 -31 -7 -31 -6 -29 -4 -27 -3 -30 -5 -29 -1 -28 -2 -28 -1 -28 1 -25 2 -27 2 -26 0 -27 3 -25 3 -23 7 -22 4 -26 6 -21 5 -20 7 -20 6 -20 9 -20 8 -22 6 -21 7 -20 7 -20 6 -16 14 -18 18 -16 17 -14 20 -1 -1 ]
CSI_DATA,STA,08:3A:F2:51:5D:9D,-51,11,1,0,1,1,1,0,0,0,0,-93,0,6,1,18812010,0,110,0,0,19.26889,384,[110 96 6 0 0 0 0 0 0 0 0 0 13 -18 12 -17 14 -20 17 -19 15 -18 14 -14 16 -17 15 -15 15 -16 17 -15 19 -16 18 -17 18 -15 18 -14 16 -11 18 -16 16 -13 16 -12 15 -12 14 -11 15 -11 16 -12 15 -9 15 -11 17 -12 14 -12 0 0 14 -12 12 -13 13 -13 11 -14 12 -11 11 -13 12 -13 10 -12 10 -13 7 -12 8 -14 9 -11 8 -12 6 -13 7 -13 5 -14 7 -15 4 -13 4 -13 2 -12 5 -12 4 -13 4 -13 3 -13 4 -12 3 -12 0 0 0 0 0 0 0 0 0 0 -1 -1 -1 -1 -14 16 -14 17 -10 19 -8 17 -13 7 -12 6 -13 7 -14 7 -12 7 -10 6 -10 7 -8 7 -10 9 -10 8 -11 8 -9 8 -10 10 -9 8 -8 7 -7 9 -6 10 -8 8 -5 8 -7 8 -7 7 -6 8 -7 7 -5 8 -7 8 -6 8 -1 11 -6 8 -6 8 -5 7 -5 7 -6 6 -5 6 -5 6 -5 6 -5 5 -5 5 -5 4 -6 4 -5 3 -6 2 -4 3 -4 2 -5 2 -4 1 -4 1 -3 0 -3 -1 -3 -1 -3 -2 -3 -3 -2 -3 -2 -3 -1 -1 -1 -1 -1 -1 -1 -1 -1 -1 -1 -1 -1 -1 -1 -1 -1 -1 0 0 0 0 4 -35 3 -33 5 -37 6 -37 6 -35 7 -30 8 -34 5 -30 6 -37 11 -34 12 -36 11 -35 11 -38 12 -36 10 -30 12 -33 9 -33 13 -32 8 -27 10 -28 10 -25 8 -29 11 -26 10 -28 14 -30 8 -27 -5 -32 8 -27 8 -27 5 -25 4 -24 6 -25 3 -26 4 -23 2 -25 1 -25 0 -22 -1 -24 2 -23 0 -24 -1 -23 -6 -21 -3 -20 -4 -23 -3 -20 -5 -19 -4 -19 -7 -18 -6 -18 -4 -21 -5 -20 -5 -18 -5 -19 -15 -16 -20 -17 -20 -16 -22 -13 -1 -1 ]
CSI_DATA,STA,08:3A:F2:51:5D:9D,-51,11,1,0,1,1,1,0,0,0,0,-93,0,6,1,18812636,0,110,0,0,19.37356,384,[110 96 6 0 0 0 0 0 0 0 0 0 16 19 15 17 18 20 16 23 16 21 11 19 13 22 11 20 13 20 11 22 12 25 13 24 12 23 10 23 7 20 13 24 9 20 8 21 8 20 8 19 7 19 9 20 5 19 8 20 8 21 9 18 0 0 9 18 11 17 11 18 11 15 7 16 10 16 10 16 9 13 11 14 11 10 12 12 10 12 10 12 12 10 11 10 13 9 14 11 12 7 13 7 11 6 12 8 12 7 12 8 13 7 11 7 11 6 0 0 0 0 0 0 0 0 0 0 -1 -1 -1 -1 -16 -18 -18 -18 -21 -15 -16 -13 -5 -16 -6 -15 -7 -16 -6 -16 -6 -14 -6 -12 -6 -13 -7 -10 -9 -13 -8 -12 -8 -13 -8 -12 -10 -13 -9 -12 -8 -10 -8 -10 -11 -9 -8 -11 -9 -7 -8 -9 -8 -9 -9 -8 -8 -9 -10 -7 -8 -10 -10 -8 -13 -3 -9 -8 -8 -8 -8 -7 -7 -7 -7 -8 -8 -8 -7 -7 -7 -7 -5 -7 -5 -6 -4 -7 -5 -7 -4 -7 -3 -7 -3 -5 -2 -5 -3 -5 -1 -5 -1 -4 0 -4 0 -4 0 -4 1 -3 1 -3 2 -1 2 -1 -1 -1 -1 -1 -1 -1 -1 -1 -1 -1 -1 -1 -1 -1 -1 -1 -1 -1 0 0 0 0 35 11 35 10 37 13 37 14 35 15 30 13 33 17 30 12 38 15 33 18 36 19 35 18 37 18 35 19 29 17 32 19 33 16 30 21 27 14 26 17 24 16 29 15 24 17 27 16 28 20 27 13 36 -1 27 14 25 14 25 11 23 10 25 12 26 9 24 9 25 7 26 6 22 5 24 5 23 6 25 4 24 3 22 -1 22 1 24 0 21 1 20 -2 20 0 20 -3 20 -3 21 -1 20 -2 19 -2 20 -1 19 -14 22 -19 22 -20 17 -22 -1 -1 ]
CSI_DATA,STA,08:3A:F2:51:5D:9D,-51,11,1,0,1,1,1,0,0,0,0,-93,0,6,1,18813137,0,110,0,0,19.47511,384,[110 96 6 0 0 0 0 0 0 0 0 0 -15 19 -14 19 -16 21 -20 22 -18 19 -17 16 -18 18 -17 16 -17 17 -19 16 -21 18 -21 19 -20 17 -21 16 -19 13 -21 17 -19 14 -19 12 -18 13 -17 12 -18 12 -18 13 -17 9 -18 12 -19 14 -16 13 0 0 -17 13 -14 14 -15 15 -13 13 -15 12 -14 13 -14 13 -12 12 -12 14 -8 13 -9 15 -10 12 -9 13 -8 14 -8 13 -7 15 -9 16 -5 14 -6 14 -4 13 -6 13 -6 13 -5 13 -4 14 -6 13 -4 12 0 0 0 0 0 0 0 0 0 0 -1 -1 -1 -1 17 -16 17 -16 14 -21 13 -17 15 -8 15 -8 15 -9 16 -8 13 -8 12 -7 12 -9 10 -9 12 -11 11 -10 12 -10 11 -11 11 -12 10 -11 9 -9 9 -11 8 -12 10 -10 6 -11 8 -9 8 -9 7 -10 8 -9 6 -11 8 -10 6 -11 2 -13 7 -11 7 -9 6 -9 6 -9 7 -9 6 -9 6 -7 5 -7 6 -7 5 -7 6 -6 6 -6 6 -5 5 -4 5 -5 4 -3 4 -2 4 -2 4 -1 3 0 3 0 2 1 1 1 1 2 1 2 0 2 -1 -1 -1 -1 -1 -1 -1 -1 -1 -1 -1 -1 -1 -1 -1 -1 -1 -1 0 0 0 0 -9 39 -8 39 -10 42 -13 42 -13 39 -12 35 -15 39 -11 34 -14 42 -17 38 -17 41 -17 40 -17 42 -19 40 -17 34 -18 36 -16 38 -20 35 -14 31 -17 30 -17 28 -15 33 -17 29 -15 31 -20 33 -12 30 0 35 -15 30 -13 29 -10 29 -9 26 -12 29 -8 28 -8 27 -7 28 -6 29 -3 25 -3 27 -5 26 -3 28 -2 26 2 25 0 24 0 26 1 23 2 22 1 22 4 22 4 21 2 23 3 22 3 21 2 21 13 20 19 22 19 21 20 17 -1 -1 ]
CSI_DATA,STA,08:3A:F2:51:5D:9D,-51,11,1,0,1,1,1,0,0,0,0,-93,0,6,1,18822497,0,110,0,0,19.57934,384,[110 96 6 0 0 0 0 0 0 0 0 0 20 -7 19 -7 22 -8 24 -6 22 -6 19 -4 22 -4 20 -3 21 -4 21 -3 24 -3 23 -3 22 -2 22 -1 18 0 23 -3 19 -1 19 0 19 -1 18 0 18 -1 20 -1 17 1 19 -1 20 -1 19 -2 0 0 17 -2 18 -3 18 -3 16 -4 15 -2 16 -4 16 -3 14 -4 16 -5 12 -6 13 -6 13 -5 13 -5 12 -6 12 -7 11 -8 14 -8 9 -8 11 -8 8 -9 10 -7 10 -7 11 -8 9 -8 10 -6 8 -7 0 0 0 0 0 0 0 0 0 0 -1 -1 -1 -1 -19 -4 -19 -2 -21 4 -17 2 -17 -6 -16 -5 -15 -4 -17 -5 -15 -5 -12 -3 -13 -2 -13 -1 -15 -2 -14 -2 -14 -2 -14 -1 -15 -1 -14 -1 -13 -1 -13 0 -14 2 -13 -1 -11 2 -12 0 -12 -1 -11 1 -11 0 -12 2 -12 0 -11 2 -10 5 -12 2 -11 1 -10 1 -10 1 -10 0 -10 0 -9 0 -9 0 -8 -1 -8 0 -8 -1 -8 -2 -7 -2 -7 -2 -6 -1 -5 -2 -5 -2 -4 -2 -4 -2 -3 -3 -3 -3 -2 -3 -1 -3 -1 -3 0 -3 1 -3 -1 -1 -1 -1 -1 -1 -1 -1 -1 -1 -1 -1 -1 -1 -1 -1 -1 -1 0 0 0 0 27 -23 26 -24 30 -24 32 -24 30 -21 27 -19 32 -20 27 -19 34 -23 32 -17 35 -20 33 -19 36 -21 34 -19 30 -16 32 -16 32 -19 34 -13 28 -16 28 -13 28 -12 29 -15 27 -11 28 -15 31 -13 26 -16 21 -24 27 -15 26 -14 24 -16 22 -14 24 -15 22 -18 21 -15 20 -18 21 -19 16 -16 16 -18 19 -16 17 -19 17 -19 13 -19 14 -18 14 -19 12 -18 12 -17 12 -17 9 -20 10 -18 13 -20 9 -18 9 -16 11 -18 3 -20 0 -21 3 -24 -3 -23 -1 -1 ]
CSI_DATA,STA,08:3A:F2:51:5D:9D,-51,11,1,0,1,1,1,0,0,0,0,-93,0,6,1,18892975,0,110,0,0,19.68845,384,[110 96 6 0 0 0 0 0 0 0 0 0 -23 8 -22 7 -25 9 -27 6 -26 6 -22 4 -25 5 -23 4 -24 5 -25 2 -27 2 -27 3 -26 2 -26 1 -22 -1 -27 3 -23 1 -23 0 -22 0 -21 0 -21 0 -22 1 -20 -3 -22 -1 -23 -1 -20 1 0 0 -21 1 -20 4 -20 3 -19 4 -18 1 -18 3 -19 3 -17 3 -18 5 -15 6 -16 6 -15 4 -15 5 -14 6 -14 7 -13 8 -16 8 -12 8 -12 8 -10 8 -13 7 -12 8 -13 8 -12 8 -12 6 -10 7 0 0 0 0 0 0 0 0 0 0 -1 -1 -1 -1 22 -6 22 -7 20 -9 17 -10 16 2 14 0 15 0 15 2 14 0 11 0 13 -1 12 -2 14 -3 14 -2 14 -1 13 -2 14 -3 13 -2 11 -2 11 -4 11 -6 12 -3 9 -5 10 -4 10 -2 10 -5 11 -3 10 -5 11 -3 10 -5 8 -10 10 -4 9 -4 8 -4 8 -4 9 -3 8 -4 8 -3 7 -2 7 -2 6 -2 7 -1 7 0 6 -1 5 0 4 -1 4 0 4 1 3 0 3 1 2 2 2 1 1 2 0 2 -1 2 -1 2 -2 2 0 0 0 0 -1 -1 -1 -1 -1 -1 -1 -1 -1 -1 0 0 0 0 -1 -1 -1 -1 -26 27 -24 26 -28 29 -29 26 -27 27 -25 21 -31 25 -25 22 -30 29 -34 22 -34 23 -33 22 -35 25 -34 23 -29 18 -30 21 -28 23 -32 21 -24 18 -28 17 -27 14 -27 20 -29 14 -27 17 -33 16 -25 18 -17 31 -26 17 -24 18 -20 18 -20 17 -23 17 -20 20 -20 17 -19 19 -18 20 -17 17 -16 20 -18 18 -16 20 -15 19 -9 21 -11 18 -12 22 -11 17 -9 19 -10 18 -8 20 -7 19 -11 20 -9 19 -9 18 -9 18 3 23 6 26 6 25 11 23 -1 -1 ]
CSI_DATA,STA,08:3A:F2:51:5D:9D,-50,11,1,0,1,1,1,0,0,0,0,-93,0,6,1,19249113,0,110,0,0,19.415688,384,[110 96 6 0 0 0 0 0 0 0 0 0 -20 11 -19 11 -21 13 -24 11 -22 10 -20 7 -22 9 -21 7 -21 8 -22 7 -25 7 -25 8 -24 7 -24 6 -21 4 -25 8 -22 5 -21 4 -21 5 -19 4 -20 4 -21 5 -19 2 -21 4 -22 4 -20 6 0 0 -20 5 -18 8 -19 7 -17 8 -18 5 -17 7 -18 6 -16 6 -17 8 -13 9 -14 10 -14 7 -14 8 -13 9 -13 9 -12 11 -15 11 -11 10 -11 10 -9 10 -11 9 -11 10 -11 10 -10 11 -11 9 -9 9 0 0 0 0 0 0 0 0 0 0 -1 -1 -1 -1 21 -7 21 -8 20 -12 16 -11 16 -1 15 -1 15 -2 16 0 14 -2 12 -2 14 -3 11 -4 14 -5 13 -3 14 -4 13 -5 14 -6 12 -5 11 -4 11 -6 10 -8 11 -6 8 -7 9 -6 9 -5 9 -6 9 -5 8 -7 10 -6 9 -7 5 -12 9 -7 8 -6 7 -6 7 -6 8 -5 7 -6 6 -5 6 -5 6 -5 5 -5 5 -4 5 -3 5 -3 4 -3 4 -3 3 -3 3 -2 2 -2 2 -2 1 -1 1 -1 0 -1 0 -1 -1 -1 -1 -1 -2 -1 0 0 -1 -1 -1 -1 -1 -1 -1 -1 -1 -1 -1 -1 -1 -1 0 0 0 0 -1 -1 -20 29 -20 29 -23 31 -24 30 -23 28 -21 25 -26 28 -21 25 -26 32 -28 25 -29 28 -28 27 -29 31 -30 28 -25 23 -27 25 -26 27 -29 23 -22 22 -25 21 -25 18 -24 24 -25 18 -24 21 -29 22 -22 23 -12 33 -24 22 -22 21 -19 22 -17 20 -21 22 -18 23 -18 21 -16 23 -15 24 -13 20 -13 23 -15 21 -13 24 -12 23 -7 23 -9 21 -10 24 -9 21 -7 21 -8 20 -6 21 -5 20 -8 21 -6 21 -6 20 -6 20 5 22 9 26 9 26 12 23 -1 -1 ]
CSI_DATA,STA,08:3A:F2:51:5D:9D,-51,11,1,0,1,1,1,0,0,0,0,-93,0,6,1,19271270,0,110,0,0,19.437514,384,[110 96 6 0 0 0 0 0 0 0 0 0 0 21 0 20 0 23 -3 25 -2 22 -4 19 -4 22 -4 20 -3 21 -5 21 -6 23 -5 23 -6 22 -7 22 -7 18 -6 23 -6 19 -7 18 -6 18 -6 17 -6 17 -6 19 -8 15 -7 18 -7 20 -5 18 0 0 -5 18 -3 18 -3 19 -2 16 -5 16 -2 17 -3 17 -2 16 -1 17 1 14 1 16 -1 14 0 15 1 14 1 14 3 15 2 16 3 13 3 14 4 11 2 13 3 13 3 13 4 13 2 12 3 11 0 0 0 0 0 0 0 0 0 0 -1 -1 -1 -1 6 -22 6 -22 2 -24 1 -20 9 -14 8 -14 8 -15 10 -14 7 -13 6 -11 6 -13 4 -12 5 -15 5 -14 6 -14 5 -14 5 -15 4 -14 4 -12 3 -13 2 -14 4 -12 1 -11 2 -11 3 -11 2 -12 3 -11 1 -12 3 -12 2 -12 -3 -12 2 -12 2 -11 1 -10 2 -10 3 -9 1 -10 1 -9 1 -8 2 -8 2 -7 3 -7 2 -6 3 -6 3 -5 2 -5 2 -4 2 -4 2 -3 2 -3 2 -2 2 -1 2 -1 2 0 1 1 1 1 1 2 0 0 -1 -1 -1 -1 -1 -1 -1 -1 -1 -1 -1 -1 -1 -1 0 0 0 0 -1 -1 13 32 14 30 14 34 12 36 12 34 9 30 10 35 10 29 12 37 7 35 8 38 8 37 8 40 7 38 5 32 5 35 8 34 4 34 6 29 5 30 3 28 7 31 2 29 4 30 2 34 6 29 18 27 5 29 6 28 8 26 7 23 7 27 10 25 8 24 11 24 11 24 10 21 12 22 9 23 12 22 12 21 15 17 12 18 14 20 12 17 14 16 13 16 15 15 15 14 13 17 14 16 12 16 13 16 20 9 25 9 25 7 25 4 -1 -1 ]
CSI_DATA,STA,08:3A:F2:51:5D:9D,-50,11,1,0,1,1,1,0,0,0,0,-93,0,6,1,19271764,0,110,0,0,19.447550,384,[110 96 6 0 0 0 0 0 0 0 0 0 -16 14 -15 14 -17 16 -20 15 -18 14 -17 11 -19 12 -18 11 -18 12 -19 10 -22 12 -21 13 -21 11 -21 10 -18 7 -21 12 -19 9 -18 7 -18 8 -17 7 -18 7 -18 8 -17 5 -18 8 -20 8 -17 9 0 0 -17 9 -15 10 -16 10 -14 10 -15 8 -15 10 -16 10 -13 9 -13 11 -10 11 -11 12 -12 9 -11 10 -10 11 -10 10 -9 12 -12 12 -8 12 -8 11 -6 11 -9 11 -8 11 -8 11 -7 12 -8 10 -7 10 0 0 0 0 0 0 0 0 0 0 -1 -1 -1 -1 16 -16 17 -16 14 -19 11 -17 14 -5 13 -5 14 -6 14 -5 12 -5 10 -4 11 -6 9 -6 11 -8 11 -7 11 -6 10 -7 11 -8 10 -7 9 -6 9 -7 8 -9 9 -7 6 -7 7 -7 8 -6 7 -7 7 -6 7 -8 8 -7 7 -7 3 -11 7 -7 7 -6 6 -6 5 -6 6 -5 6 -6 5 -5 5 -5 5 -4 4 -4 5 -3 5 -3 4 -2 4 -2 3 -3 3 -1 3 -1 2 -1 2 -1 2 0 1 0 1 1 1 1 0 1 -1 1 -1 2 0 0 -1 -1 -1 -1 -1 -1 -1 -1 -1 -1 -1 -1 -1 -1 0 0 0 0 -1 -1 -8 30 -7 29 -9 32 -11 31 -10 30 -10 26 -13 30 -9 25 -11 33 -15 29 -16 32 -15 31 -16 33 -16 31 -14 26 -15 28 -12 29 -16 27 -11 23 -14 24 -14 21 -12 26 -14 22 -14 24 -18 26 -11 24 2 33 -13 24 -12 23 -9 22 -8 21 -10 23 -7 23 -8 21 -6 23 -5 23 -5 21 -5 23 -6 22 -4 23 -4 22 2 20 -1 19 -1 22 -2 19 1 18 -1 19 2 18 2 18 0 20 0 19 0 18 0 18 13 18 17 20 18 19 20 16 -1 -1 ]
CSI_DATA,STA,08:3A:F2:51:5D:9D,-50,11,1,0,1,1,1,0,0,0,0,-93,0,6,1,19311423,0,110,0,0,19.477783,384,[110 96 6 0 0 0 0 0 0 0 0 0 -20 8 -19 8 -22 10 -25 7 -22 7 -20 4 -22 5 -21 4 -21 5 -22 4 -25 4 -25 4 -24 3 -24 2 -20 0 -25 3 -22 1 -21 0 -21 1 -19 1 -20 0 -21 1 -19 -2 -21 0 -22 0 -20 2 0 0 -20 1 -20 4 -20 3 -18 4 -18 1 -18 3 -19 3 -17 3 -18 4 -15 6 -17 6 -15 4 -16 4 -15 6 -16 6 -15 7 -18 7 -14 7 -14 7 -12 8 -15 7 -14 7 -14 7 -14 8 -14 6 -12 7 0 0 0 0 0 0 0 0 0 0 -1 -1 -1 -1 26 4 27 3 28 -2 24 -1 19 8 18 7 19 7 19 9 17 7 15 6 18 6 16 4 19 4 18 5 19 5 19 4 20 4 18 4 16 4 19 2 19 -1 18 4 15 0 16 2 16 3 17 1 17 3 17 -1 18 2 18 0 18 -7 19 1 18 2 16 0 17 0 17 2 18 0 16 1 16 1 16 2 16 1 16 3 16 3 15 3 15 3 15 2 13 3 14 3 12 4 12 3 11 5 11 4 10 4 9 5 8 6 7 6 7 7 -1 -1 -1 -1 -1 -1 -1 -1 -1 -1 -1 -1 -1 -1 -1 -1 -1 -1 0 0 0 0 -26 25 -24 25 -28 26 -30 25 -29 24 -26 20 -31 22 -26 20 -33 25 -32 20 -35 22 -33 21 -36 23 -35 21 -30 17 -33 18 -32 21 -34 16 -28 16 -30 14 -29 12 -30 17 -29 12 -30 15 -34 14 -28 16 -22 26 -29 15 -28 15 -25 16 -24 15 -27 15 -25 18 -25 16 -24 18 -24 19 -20 17 -21 20 -22 17 -21 20 -20 19 -16 21 -17 19 -19 21 -16 19 -15 19 -16 19 -14 21 -14 20 -17 20 -15 20 -15 19 -15 19 -7 25 -3 31 -4 31 0 30 -1 -1 ]
CSI_DATA,STA,08:3A:F2:51:5D:9D,-90,11,1,0,1,1,1,0,0,0,0,-93,0,6,1,19312030,0,110,0,0,19.488347,384,[110 96 6 0 0 0 0 0 0 0 0 0 4 7 -10 6 13 32 10 31 15 14 23 34 5 24 32 11 20 23 46 19 18 27 43 24 63 4 37 29 37 4 40 22 46 18 34 0 54 2 32 32 36 28 47 21 54 17 65 14 65 34 69 42 0 0 64 20 99 43 90 16 79 21 77 22 84 33 92 45 82 39 105 28 65 4 86 39 60 27 91 13 53 31 63 22 83 -12 117 32 79 18 87 24 62 10 61 52 37 28 81 18 89 14 37 3 62 -2 0 0 0 0 0 0 0 0 0 0 -1 -1 -1 -1 -37 -22 -27 -60 -46 -32 -37 -30 -26 -53 -16 -46 -20 -58 -8 -63 11 -54 -5 -24 -14 -31 -21 -33 -9 -39 -11 -22 5 -41 -29 -49 -7 -25 9 -60 6 -65 -7 -37 -14 -40 24 -7 -17 2 8 -27 28 -41 3 -30 -15 -2 -6 -15 -12 -27 -13 -28 -6 -30 -4 -23 15 -12 -3 -9 -12 -34 0 -6 -5 -18 -20 -29 -7 -17 5 8 -15 -8 5 -30 14 -28 -11 -15 -8 -6 15 -42 -9 0 -8 -11 -18 -24 5 -18 -4 -29 -9 7 14 -15 -3 0 -9 13 10 -7 4 -1 0 0 0 0 -1 -1 -1 -1 -1 -1 -1 -1 -1 -1 0 0 0 0 0 0 -1 -1 10 -14 14 3 9 2 16 -2 -3 8 12 -5 20 3 21 -8 17 -17 16 0 25 1 36 -14 27 -24 23 -19 24 -11 31 -4 38 -29 25 -8 28 -39 30 0 32 6 55 -14 33 -30 40 -24 54 2 41 -31 36 -64 68 -22 58 -7 47 -21 45 -47 53 -12 54 -32 59 -27 69 -13 81 -30 60 5 63 -18 61 -16 70 -31 55 -22 67 -2 55 -23 70 -11 68 -8 64 -15 61 -7 49 -29 54 -12 55 -19 57 -20 31 -5 46 -6 36 -53 51 -37 54 -14 56 -68 -1 -1 ]
CSI_DATA,STA,08:3A:F2:51:5D:9D,-50,11,1,0,1,1,1,0,0,0,0,-93,0,6,1,19312462,0,110,0,0,19.498953,384,[110 96 6 0 0 0 0 0 0 0 0 0 -10 -17 -10 -17 -12 -19 -10 -22 -10 -19 -7 -18 -8 -20 -7 -18 -8 -19 -6 -19 -7 -22 -8 -22 -7 -21 -6 -21 -4 -18 -7 -22 -5 -19 -4 -19 -5 -18 -4 -17 -4 -18 -5 -19 -2 -17 -4 -19 -5 -20 -6 -18 0 0 -5 -18 -7 -17 -7 -18 -7 -16 -5 -16 -7 -16 -7 -17 -6 -15 -8 -15 -9 -12 -9 -14 -7 -13 -8 -14 -9 -12 -9 -13 -11 -12 -11 -14 -10 -11 -10 -11 -10 -9 -10 -12 -10 -11 -10 -11 -12 -11 -9 -11 -10 -10 0 0 0 0 0 0 0 0 0 0 -1 -1 -1 -1 6 24 8 23 12 23 9 20 -2 17 -2 17 -1 18 -3 18 -1 16 -1 14 0 17 1 14 2 17 0 16 1 17 2 16 3 18 2 16 1 14 3 15 6 15 2 15 4 12 3 14 2 14 4 14 2 14 6 13 3 15 6 15 13 12 5 16 4 15 5 13 5 13 3 15 5 14 4 13 4 14 3 13 3 12 3 14 3 13 3 13 2 13 2 12 1 12 2 12 0 11 0 11 -1 10 0 10 -1 10 -2 9 -2 8 -3 8 -4 8 -1 -1 -1 -1 -1 -1 -1 -1 -1 -1 -1 -1 -1 -1 -1 -1 -1 -1 0 0 0 0 -26 -15 -27 -14 -27 -17 -28 -19 -26 -18 -23 -17 -25 -21 -22 -17 -28 -20 -23 -22 -26 -23 -26 -21 -28 -23 -26 -23 -22 -20 -23 -23 -26 -21 -21 -24 -21 -19 -20 -21 -18 -20 -22 -20 -17 -21 -20 -19 -21 -24 -21 -18 -31 -8 -21 -21 -20 -19 -21 -16 -19 -15 -21 -18 -21 -16 -20 -16 -22 -15 -23 -14 -19 -11 -22 -11 -21 -12 -23 -11 -23 -11 -22 -6 -21 -8 -23 -9 -21 -8 -21 -7 -20 -8 -21 -6 -21 -6 -22 -8 -22 -6 -20 -7 -21 -7 -23 4 -27 10 -29 10 -25 12 -1 -1 ]
CSI_DATA,STA,08:3A:F2:51:5D:9D,-50,11,1,0,1,1,1,0,0,0,0,-93,0,6,1,19312868,0,110,0,0,19.509912,384,[110 96 6 0 0 0 0 0 0 0 0 0 18 -6 17 -6 20 -8 22 -5 20 -5 18 -3 20 -3 18 -3 19 -4 19 -2 22 -2 22 -3 21 -2 21 -1 17 0 22 -2 19 -1 18 0 18 0 17 0 17 0 18 0 16 2 18 0 20 0 17 -1 0 0 17 -1 17 -3 18 -3 16 -4 16 -1 16 -3 17 -2 15 -3 16 -4 13 -5 14 -6 14 -3 14 -5 13 -6 13 -6 13 -8 15 -7 11 -8 12 -8 10 -8 12 -7 12 -8 13 -7 12 -9 12 -7 10 -8 0 0 0 0 0 0 0 0 0 0 -1 -1 -1 -1 -26 -1 -25 0 -27 5 -22 4 -18 -7 -18 -6 -18 -6 -19 -7 -17 -6 -15 -5 -17 -5 -15 -3 -18 -3 -17 -4 -18 -4 -18 -2 -19 -2 -17 -2 -16 -3 -16 -1 -18 1 -17 -3 -15 1 -16 -2 -16 -2 -16 0 -15 -2 -16 2 -17 -1 -17 2 -15 8 -18 1 -17 -1 -15 1 -15 1 -17 -1 -16 1 -15 0 -15 0 -14 -1 -14 0 -15 -1 -15 -2 -15 -2 -15 -2 -14 -1 -13 -2 -14 -2 -12 -3 -12 -2 -10 -4 -11 -3 -11 -4 -9 -5 -9 -5 -8 -5 -8 -6 -1 -1 -1 -1 -1 -1 -1 -1 -1 -1 -1 -1 -1 -1 -1 -1 -1 -1 0 0 0 0 20 -22 19 -23 22 -23 24 -24 23 -21 20 -19 25 -20 20 -18 26 -23 26 -18 28 -21 26 -20 28 -22 27 -20 24 -17 27 -17 26 -20 27 -15 22 -16 24 -15 23 -12 23 -17 23 -12 23 -15 28 -15 22 -16 14 -28 23 -16 22 -15 20 -17 18 -15 21 -16 19 -18 19 -16 19 -18 17 -18 15 -16 15 -19 16 -17 15 -19 15 -20 10 -20 12 -19 13 -21 11 -19 10 -19 11 -18 9 -20 9 -20 12 -20 11 -20 10 -19 11 -19 1 -24 -1 -30 -3 -31 -6 -27 -1 -1 ]
CSI_DATA,STA,08:3A:F2:51:5D:9D,-50,11,1,0,1,1,1,0,0,0,0,-93,0,6,1,19364050,0,110,0,0,19.530539,384,[110 96 6 0 0 0 0 0 0 0 0 0 -12 -19 -12 -18 -14 -21 -12 -24 -12 -22 -9 -20 -10 -22 -8 -20 -9 -21 -7 -22 -8 -25 -9 -25 -8 -24 -6 -24 -4 -20 -8 -25 -5 -22 -4 -21 -5 -20 -5 -19 -4 -20 -5 -21 -1 -19 -4 -21 -4 -23 -5 -20 0 0 -5 -20 -7 -19 -7 -20 -7 -18 -4 -18 -6 -18 -6 -19 -6 -16 -7 -18 -8 -14 -9 -16 -6 -15 -7 -16 -9 -14 -8 -14 -10 -14 -10 -17 -9 -12 -9 -13 -10 -11 -9 -13 -9 -13 -9 -13 -10 -13 -8 -13 -9 -11 0 0 0 0 0 0 0 0 0 0 -1 -1 -1 -1 -5 25 -4 26 0 25 1 22 -9 18 -8 16 -7 18 -9 18 -6 17 -6 14 -6 17 -4 14 -4 18 -5 17 -6 17 -4 16 -4 18 -4 17 -4 14 -2 16 0 16 -3 16 0 13 -2 14 -3 14 0 15 -3 14 0 15 -3 16 -1 16 4 15 -1 16 -1 16 -1 14 -1 14 -2 14 0 14 -1 13 -1 13 -2 13 -2 13 -4 13 -4 13 -4 13 -4 12 -3 12 -4 10 -4 11 -6 9 -4 9 -6 8 -5 8 -5 8 -6 6 -6 5 -7 4 -7 4 0 0 0 0 -1 -1 -1 -1 -1 -1 -1 -1 -1 -1 0 0 0 0 -1 -1 -1 -1 -30 -28 -29 -25 -32 -30 -29 -31 -29 -30 -23 -27 -27 -32 -24 -27 -31 -34 -24 -36 -26 -38 -25 -37 -26 -39 -24 -38 -19 -32 -23 -35 -24 -33 -21 -36 -20 -28 -19 -32 -16 -30 -22 -31 -16 -33 -18 -32 -17 -37 -19 -30 -26 -25 -18 -30 -19 -29 -19 -26 -19 -25 -17 -28 -21 -25 -19 -25 -21 -24 -22 -24 -20 -21 -21 -22 -19 -23 -22 -22 -21 -20 -24 -16 -20 -17 -25 -19 -20 -15 -21 -14 -20 -15 -23 -13 -23 -13 -22 -17 -21 -16 -20 -15 -20 -15 -25 -7 -29 -5 -29 -5 -30 1 -1 -1 ]
CSI_DATA,STA,08:3A:F2:51:5D:9D,-49,11,1,0,1,1,1,0,0,0,0,-93,0,6,1,19373277,0,110,0,0,19.542935,384,[110 96 6 0 0 0 0 0 0 0 0 0 -22 -4 -21 -4 -24 -4 -25 -8 -23 -7 -20 -7 -22 -8 -20 -8 -21 -7 -21 -9 -24 -10 -24 -9 -23 -10 -22 -10 -18 -10 -23 -10 -20 -10 -18 -11 -19 -10 -17 -9 -18 -10 -19 -10 -15 -11 -19 -10 -20 -11 -19 -8 0 0 -19 -9 -19 -7 -20 -7 -18 -5 -17 -8 -18 -7 -19 -7 -17 -6 -18 -6 -16 -2 -18 -2 -16 -4 -16 -3 -16 -2 -16 -2 -17 0 -19 -2 -15 1 -16 0 -14 2 -16 -1 -16 0 -16 0 -16 2 -15 0 -14 1 0 0 0 0 0 0 0 0 0 0 -1 -1 -1 -1 22 10 23 9 26 5 21 5 12 12 12 11 13 11 13 13 12 11 11 9 13 10 12 6 14 8 12 8 13 9 14 7 15 7 14 7 12 6 14 5 15 3 12 6 12 3 12 5 11 5 13 4 12 4 14 2 13 5 13 2 15 -4 14 3 13 4 12 3 12 3 12 4 12 3 12 3 11 3 11 3 11 2 11 4 11 4 11 4 10 4 10 3 8 4 9 4 7 4 8 4 6 4 6 4 5 4 4 5 4 5 4 5 3 5 -1 -1 -1 -1 -1 -1 -1 -1 0 0 -1 -1 -1 -1 -1 -1 -1 -1 -1 -1 -1 -1 -34 9 -33 10 -36 9 -38 8 -36 6 -32 5 -36 4 -32 6 -39 7 -36 3 -40 4 -38 4 -40 5 -39 4 -34 2 -37 1 -38 5 -36 -1 -31 3 -32 0 -31 -1 -33 2 -30 -1 -32 2 -36 -1 -31 4 -30 18 -32 2 -31 2 -29 5 -26 4 -30 4 -28 6 -27 4 -28 7 -27 7 -24 7 -25 10 -25 7 -25 10 -25 10 -21 13 -22 11 -24 11 -21 11 -19 12 -20 10 -19 13 -19 12 -21 11 -20 12 -19 12 -20 12 -12 21 -12 28 -12 29 -7 28 -1 -1 ]
CSI_DATA,STA,08:3A:F2:51:5D:9D,-49,11,1,0,1,1,1,0,0,0,0,-93,0,6,1,19431905,0,110,0,0,19.599225,384,[110 96 6 0 0 0 0 0 0 0 0 0 2 19 2 19 4 22 0 23 1 22 -1 18 -1 21 -1 19 0 20 -2 20 -3 23 -2 23 -2 22 -3 21 -4 18 -2 23 -3 19 -5 19 -4 18 -3 17 -4 17 -3 19 -5 16 -3 18 -4 20 -2 18 0 0 -2 18 0 17 -1 18 0 16 -2 16 0 17 -1 17 0 15 1 17 3 14 3 15 1 14 2 14 4 14 3 14 4 14 4 16 5 12 5 13 6 11 4 12 5 12 5 13 6 12 4 12 5 10 0 0 0 0 0 0 0 0 0 0 -1 -1 -1 -1 -3 -23 -3 -24 -7 -23 -6 -20 4 -16 4 -15 3 -18 5 -17 3 -16 3 -13 2 -15 0 -13 1 -16 1 -15 2 -16 0 -15 0 -16 0 -15 0 -13 -1 -14 -3 -14 -1 -14 -3 -11 -2 -13 -1 -12 -3 -12 -2 -13 -5 -13 -2 -14 -4 -13 -9 -11 -3 -13 -3 -12 -4 -11 -4 -11 -3 -11 -4 -11 -4 -10 -4 -10 -3 -10 -4 -10 -3 -10 -3 -10 -2 -9 -2 -9 -3 -8 -2 -7 -4 -8 -2 -6 -2 -6 -1 -6 -3 -6 -2 -6 -1 -5 -1 -5 -1 -4 -1 -4 0 0 -1 -1 -1 -1 -1 -1 -1 -1 -1 -1 -1 -1 -1 -1 0 0 0 0 -1 -1 18 24 18 23 21 26 18 27 18 27 14 23 15 28 15 22 20 29 14 29 15 32 15 31 16 33 15 32 12 26 13 30 16 28 12 30 11 23 11 25 9 24 13 25 9 25 11 25 10 30 12 24 25 19 11 24 12 24 12 21 12 19 12 22 15 20 13 19 15 19 16 19 13 16 15 17 14 18 17 17 16 16 18 12 14 13 18 14 14 12 17 10 15 12 17 9 17 9 16 13 17 11 16 11 16 11 22 2 27 -1 27 -2 25 -6 -1 -1 ]
CSI_DATA,STA,08:3A:F2:51:5D:9D,-49,11,1,0,1,1,1,0,0,0,0,-93,0,6,1,19433414,0,110,0,0,19.609990,384,[110 96 6 0 0 0 0 0 0 0 0 0 -8 -20 -7 -19 -9 -21 -7 -24 -7 -21 -4 -19 -5 -21 -4 -20 -5 -20 -3 -21 -3 -24 -4 -24 -3 -23 -2 -22 0 -20 -3 -23 -1 -20 0 -20 -1 -19 -1 -18 0 -19 -1 -20 1 -17 0 -20 0 -21 -2 -19 0 0 -1 -19 -3 -18 -3 -19 -4 -17 -1 -17 -3 -17 -3 -18 -3 -16 -3 -17 -6 -14 -6 -16 -4 -14 -4 -15 -6 -14 -5 -14 -7 -14 -7 -16 -7 -12 -7 -13 -8 -11 -6 -13 -7 -13 -7 -13 -8 -12 -6 -13 -7 -11 0 0 0 0 0 0 0 0 0 0 -1 -1 -1 -1 -3 22 -3 23 1 22 1 20 -8 16 -7 14 -7 16 -8 15 -6 14 -6 12 -5 14 -3 13 -4 15 -4 15 -5 15 -4 15 -4 16 -3 15 -3 13 -2 14 0 14 -2 14 1 11 -2 12 -2 12 0 13 -2 13 1 12 -1 14 0 13 6 12 0 13 0 12 1 11 0 11 -1 11 1 10 1 10 1 10 0 10 0 10 -1 10 0 9 0 9 -1 8 0 8 -1 6 0 7 -1 6 -1 6 -1 5 -1 5 0 4 -1 4 -1 3 -1 3 -2 3 0 0 -1 -1 -1 -1 -1 -1 -1 -1 -1 -1 -1 -1 -1 -1 0 0 0 0 -1 -1 -24 -27 -23 -24 -25 -30 -23 -31 -23 -30 -18 -27 -20 -31 -19 -26 -24 -33 -18 -33 -19 -35 -19 -34 -20 -37 -18 -36 -15 -30 -16 -33 -18 -32 -14 -33 -15 -27 -13 -29 -11 -28 -16 -29 -12 -29 -13 -29 -12 -34 -14 -27 -23 -23 -14 -29 -14 -27 -14 -25 -14 -23 -14 -26 -16 -24 -15 -23 -18 -23 -18 -23 -17 -19 -17 -20 -16 -21 -18 -20 -17 -20 -19 -16 -17 -16 -20 -18 -17 -15 -18 -14 -17 -14 -20 -13 -19 -13 -18 -16 -18 -14 -17 -14 -17 -14 -22 -6 -27 -4 -27 -4 -27 1 -1 -1 ]
CSI_DATA,STA,08:3A:F2:51:5D:9D,-48,11,1,0,1,1,1,0,0,0,0,-93,0,6,1,19434389,0,110,0,0,19.620955,384,[110 96 6 0 0 0 0 0 0 0 0 0 22 5 21 4 24 5 25 8 23 7 20 8 22 8 20 8 21 7 21 10 23 12 23 11 22 11 21 12 17 11 23 11 19 10 18 11 18 10 17 9 18 10 19 10 15 11 18 11 19 12 18 9 0 0 18 9 18 7 19 8 18 6 16 8 18 6 18 7 16 5 18 5 15 2 17 3 15 4 16 4 16 1 16 2 16 0 19 1 15 -1 16 -1 14 -2 15 0 15 -1 16 0 15 -2 14 0 13 -2 0 0 0 0 0 0 0 0 0 0 -1 -1 -1 -1 -25 -10 -27 -10 -26 -6 -22 -5 -14 -14 -14 -13 -16 -13 -14 -14 -14 -12 -12 -10 -14 -10 -13 -7 -16 -9 -15 -9 -15 -10 -15 -9 -17 -9 -16 -9 -13 -8 -15 -6 -15 -5 -15 -7 -13 -3 -14 -6 -13 -6 -14 -4 -14 -6 -15 -3 -15 -6 -15 -4 -16 2 -14 -4 -14 -4 -12 -3 -13 -3 -13 -4 -13 -2 -12 -2 -12 -2 -11 -3 -11 -2 -10 -3 -10 -3 -10 -3 -10 -3 -9 -2 -8 -2 -9 -2 -7 -2 -7 -2 -6 -2 -6 -2 -6 -2 -6 -2 -5 -2 -4 -2 -4 -2 0 0 -1 -1 -1 -1 -1 -1 -1 -1 -1 -1 -1 -1 -1 -1 0 0 0 0 -1 -1 35 -10 33 -10 38 -11 37 -7 37 -8 32 -5 37 -5 31 -7 40 -9 39 -3 41 -3 39 -3 42 -4 40 -2 33 -1 38 -1 36 -4 38 0 30 -3 33 -1 30 1 33 -4 32 1 33 -1 36 2 32 -3 32 -17 31 -2 32 -2 28 -4 27 -5 30 -3 29 -7 27 -6 28 -8 27 -9 23 -8 26 -9 26 -7 26 -10 25 -10 21 -14 21 -10 24 -13 20 -11 20 -13 20 -11 18 -14 18 -14 22 -13 20 -13 19 -12 19 -11 14 -23 13 -28 12 -28 7 -30 -1 -1 ]
CSI_DATA,STA,08:3A:F2:51:5D:9D,-49,11,1,0,1,1,1,0,0,0,0,-93,0,6,1,19434833,0,110,0,0,19.631400,384,[110 96 6 0 0 0 0 0 0 0 0 0 -23 -3 -22 -3 -26 -3 -27 -6 -25 -6 -21 -6 -24 -7 -22 -7 -23 -6 -23 -8 -25 -9 -25 -8 -24 -9 -23 -10 -19 -10 -25 -9 -21 -9 -20 -10 -20 -9 -19 -9 -19 -9 -20 -9 -17 -10 -20 -9 -21 -10 -20 -7 0 0 -20 -8 -20 -5 -20 -6 -20 -5 -18 -7 -19 -6 -20 -6 -18 -5 -19 -4 -17 -1 -19 -1 -17 -3 -17 -3 -17 -1 -17 -1 -17 1 -20 -1 -16 2 -16 1 -15 3 -16 0 -16 1 -16 1 -16 2 -15 0 -14 2 0 0 0 0 0 0 0 0 0 0 -1 -1 -1 -1 25 3 26 2 26 -2 22 -2 14 8 14 8 15 7 14 9 13 7 11 6 13 6 12 3 15 4 14 5 14 5 14 4 16 3 14 3 11 3 13 2 14 0 13 3 11 0 11 2 11 2 12 0 12 1 12 -1 13 1 13 -1 13 -8 13 -1 12 1 10 -1 11 -1 11 0 10 -1 10 -1 10 -1 9 0 9 -1 9 0 9 0 8 0 8 0 8 -1 7 0 6 -1 6 0 5 0 5 0 4 0 4 -1 3 0 3 0 3 0 3 0 0 0 -1 -1 -1 -1 -1 -1 -1 -1 -1 -1 -1 -1 -1 -1 0 0 0 0 -1 -1 -31 14 -29 15 -33 15 -34 13 -33 13 -29 10 -34 10 -28 11 -36 14 -35 9 -37 9 -36 10 -39 11 -37 9 -31 7 -35 7 -33 10 -35 6 -28 7 -31 5 -28 4 -31 8 -29 4 -30 6 -35 4 -29 8 -26 26 -30 7 -29 6 -26 8 -25 8 -27 8 -25 10 -25 9 -25 11 -24 12 -22 10 -22 13 -23 10 -22 13 -22 13 -17 16 -19 13 -21 15 -18 13 -16 14 -18 13 -15 15 -15 14 -19 14 -17 14 -16 13 -16 14 -6 25 -4 30 -4 29 0 29 -1 -1 ]
CSI_DATA,STA,08:3A:F2:51:5D:9D,-49,11,1,0,1,1,1,0,0,0,0,-93,0,6,1,19435234,0,110,0,0,19.641716,384,[110 96 6 0 0 0 0 0 0 0 0 0 -22 -6 -22 -5 -25 -6 -26 -9 -24 -8 -20 -9 -23 -9 -20 -9 -21 -9 -22 -11 -24 -12 -24 -11 -23 -12 -22 -13 -18 -12 -24 -12 -20 -11 -18 -12 -19 -11 -18 -11 -18 -12 -19 -12 -16 -12 -19 -12 -20 -12 -19 -10 0 0 -19 -11 -19 -8 -20 -9 -19 -7 -17 -9 -18 -8 -19 -8 -17 -7 -19 -7 -17 -3 -18 -3 -16 -5 -17 -5 -17 -3 -17 -3 -17 -1 -20 -3 -16 0 -16 -1 -15 1 -16 -1 -16 -1 -16 -1 -16 1 -15 -1 -14 0 0 0 0 0 0 0 0 0 0 0 -1 -1 -1 -1 22 13 23 11 26 7 21 5 12 13 12 12 14 12 12 14 12 11 10 9 12 10 12 7 14 8 13 9 13 10 13 8 15 9 14 8 12 7 14 6 15 4 13 7 12 3 12 5 11 6 13 4 12 5 13 3 13 5 13 3 14 -3 13 3 12 4 11 3 11 2 11 4 12 2 10 2 10 2 10 2 9 2 10 3 10 3 9 2 8 3 8 1 7 1 7 1 6 2 6 1 5 2 5 1 4 1 4 1 3 1 3 1 3 0 0 0 -1 -1 -1 -1 -1 -1 -1 -1 -1 -1 -1 -1 -1 -1 0 0 0 0 -1 -1 -37 7 -35 8 -39 7 -40 5 -38 5 -34 3 -39 2 -33 4 -41 5 -39 -1 -43 0 -41 0 -44 1 -42 -1 -36 -1 -38 -2 -39 2 -38 -4 -33 0 -34 -3 -32 -4 -35 0 -32 -4 -34 -2 -38 -4 -33 1 -33 14 -34 -1 -33 0 -31 2 -28 2 -32 0 -30 4 -29 3 -30 5 -29 6 -26 6 -28 7 -28 5 -28 8 -27 8 -23 12 -23 9 -26 10 -22 9 -21 10 -22 9 -21 12 -20 12 -23 10 -22 11 -21 10 -21 10 -15 21 -15 27 -14 27 -10 28 -1 -1 ]
CSI_DATA,STA,08:3A:F2:51:5D:9D,-49,11,1,0,1,1,1,0,0,0,0,-93,0,6,1,19435625,0,110,0,0,19.652080,384,[110 96 6 0 0 0 0 0 0 0 0 0 -5 -23 -5 -22 -6 -25 -4 -27 -4 -25 -2 -22 -2 -24 -1 -22 -2 -23 0 -24 0 -27 -1 -26 0 -26 1 -25 2 -21 0 -26 1 -23 3 -22 2 -22 1 -20 2 -21 2 -22 4 -19 2 -22 2 -23 0 -21 0 0 1 -21 -2 -21 -1 -22 -2 -19 1 -19 -2 -20 -1 -20 -2 -18 -3 -19 -5 -16 -5 -18 -3 -16 -3 -17 -5 -16 -5 -16 -7 -16 -6 -19 -7 -15 -7 -15 -8 -13 -6 -15 -7 -15 -7 -15 -8 -15 -6 -14 -7 -13 0 0 0 0 0 0 0 0 0 0 -1 -1 -1 -1 5 25 6 26 10 24 9 20 -5 16 -4 15 -4 17 -5 16 -3 15 -3 12 -2 14 0 12 0 15 -1 15 -2 15 -1 14 1 16 0 15 0 13 1 13 3 13 0 14 3 11 1 11 1 12 3 12 1 12 4 12 2 13 3 12 10 10 3 12 2 11 3 10 3 10 2 10 4 10 3 9 3 8 2 9 3 8 1 9 2 9 2 8 1 7 2 6 1 6 2 6 0 6 1 4 0 4 1 4 1 4 1 3 0 3 0 3 -1 2 0 0 -1 -1 -1 -1 -1 -1 -1 -1 -1 -1 -1 -1 -1 -1 0 0 0 0 -1 -1 -24 -24 -24 -23 -26 -26 -24 -28 -24 -27 -20 -23 -21 -28 -20 -22 -26 -28 -20 -30 -22 -33 -21 -31 -24 -33 -21 -32 -18 -27 -18 -30 -21 -28 -18 -30 -17 -24 -16 -27 -13 -25 -19 -25 -14 -26 -16 -27 -16 -32 -17 -25 -33 -18 -16 -26 -17 -25 -17 -21 -16 -20 -17 -23 -19 -20 -17 -20 -20 -19 -21 -19 -19 -17 -20 -17 -19 -19 -20 -17 -20 -17 -21 -11 -19 -13 -22 -14 -18 -13 -19 -10 -18 -12 -20 -10 -19 -9 -20 -12 -20 -11 -18 -11 -19 -11 -26 2 -30 5 -29 6 -28 11 -1 -1 ]
CSI_DATA,STA,08:3A:F2:51:5D:9D,-49,11,1,0,1,1,1,0,0,0,0,-93,0,6,1,19436089,0,110,0,0,19.662749,384,[110 96 6 0 0 0 0 0 0 0 0 0 15 -17 15 -16 17 -19 20 -18 18 -16 17 -13 19 -15 17 -13 18 -14 19 -13 22 -14 21 -15 21 -14 21 -12 19 -9 21 -14 19 -11 19 -9 18 -10 17 -10 18 -10 19 -10 17 -7 19 -10 20 -11 17 -11 0 0 17 -11 15 -13 17 -13 14 -12 16 -10 15 -12 16 -12 13 -11 14 -13 10 -13 11 -14 12 -11 12 -12 10 -13 10 -13 9 -14 12 -15 7 -14 8 -14 6 -13 9 -13 8 -13 8 -14 7 -14 8 -12 6 -13 0 0 0 0 0 0 0 0 0 0 -1 -1 -1 -1 -24 10 -24 11 -22 15 -19 13 -20 2 -19 3 -20 3 -21 2 -18 3 -15 3 -17 4 -14 5 -17 6 -17 5 -17 5 -16 6 -17 7 -16 6 -14 5 -14 7 -14 9 -15 6 -11 7 -13 6 -13 6 -13 8 -13 6 -11 9 -14 7 -12 9 -9 13 -12 8 -12 8 -10 7 -10 8 -11 7 -10 8 -9 7 -10 6 -9 6 -9 7 -10 6 -9 5 -9 5 -8 5 -7 6 -7 4 -7 5 -7 4 -6 4 -5 3 -6 3 -4 2 -5 2 -4 1 -4 1 -4 1 0 0 -1 -1 -1 -1 -1 -1 -1 -1 -1 -1 -1 -1 -1 -1 0 0 0 0 -1 -1 14 -35 12 -34 15 -39 17 -37 17 -36 15 -31 19 -35 14 -31 19 -39 22 -34 23 -36 22 -35 23 -38 24 -35 20 -29 22 -32 20 -34 24 -31 17 -28 21 -28 20 -25 18 -30 20 -26 20 -28 25 -30 18 -29 8 -36 19 -28 18 -28 15 -27 13 -26 17 -27 13 -29 13 -26 12 -29 11 -30 8 -26 8 -28 11 -26 9 -28 8 -27 2 -27 5 -25 5 -29 4 -25 2 -24 4 -24 1 -25 1 -25 4 -26 2 -25 2 -24 3 -24 -8 -25 -12 -28 -12 -28 -17 -25 -1 -1 ]
CSI_DATA,STA,08:3A:F2:51:5D:9D,-49,11,1,0,1,1,1,0,0,0,0,-93,0,6,1,19436565,0,110,0,0,19.673408,384,[110 96 6 0 0 0 0 0 0 0 0 0 24 4 23 3 26 3 28 7 25 6 21 7 24 8 22 8 23 7 22 10 25 11 26 10 24 11 23 12 19 11 25 11 21 10 19 11 20 11 19 10 19 11 20 11 16 11 19 11 21 12 19 9 0 0 19 9 20 7 21 7 19 6 18 8 19 7 19 7 17 6 19 6 16 2 18 2 16 5 17 4 17 1 16 2 18 0 20 2 16 -1 17 -1 15 -2 16 0 16 -1 16 0 16 -2 15 0 14 -2 0 0 0 0 0 0 0 0 0 0 -1 -1 -1 -1 -25 -14 -26 -13 -28 -9 -23 -7 -15 -15 -14 -14 -16 -15 -15 -16 -14 -13 -12 -11 -15 -12 -14 -8 -17 -10 -16 -11 -16 -11 -16 -10 -18 -10 -16 -9 -14 -8 -16 -8 -17 -6 -15 -9 -15 -5 -15 -7 -14 -7 -15 -5 -14 -6 -16 -4 -16 -7 -16 -4 -17 1 -15 -5 -15 -5 -14 -4 -14 -4 -14 -5 -14 -4 -13 -3 -13 -4 -12 -4 -12 -3 -12 -4 -12 -4 -11 -5 -10 -4 -10 -2 -9 -3 -10 -3 -8 -3 -7 -2 -7 -3 -6 -2 -6 -2 -6 -2 -5 -3 -4 -2 -4 -2 0 0 -1 -1 -1 -1 -1 -1 -1 -1 -1 -1 -1 -1 -1 -1 0 0 0 0 -1 -1 38 -11 37 -12 41 -11 43 -9 40 -8 35 -6 41 -6 35 -7 44 -9 41 -3 45 -3 43 -4 46 -4 44 -2 37 -2 41 -1 41 -4 41 1 35 -2 36 0 33 1 36 -2 34 1 35 -1 40 2 34 -3 34 -17 35 -1 34 -1 32 -4 29 -4 33 -3 32 -7 30 -5 30 -8 30 -8 25 -8 28 -10 28 -7 29 -10 28 -10 23 -14 24 -11 26 -13 22 -11 21 -13 22 -11 21 -15 21 -15 23 -12 22 -13 20 -12 21 -13 14 -22 16 -29 14 -30 10 -30 -1 -1 ]
CSI_DATA,STA,08:3A:F2:51:5D:9D,-49,11,1,0,1,1,1,0,0,0,0,-93,0,6,1,19436897,0,110,0,0,19.683896,384,[110 96 6 0 0 0 0 0 0 0 0 0 21 5 21 5 24 5 25 9 22 7 19 8 21 9 20 9 20 8 20 9 22 11 23 11 22 11 21 12 17 11 22 12 19 11 17 12 17 11 16 10 16 11 17 11 14 11 17 11 19 12 17 9 0 0 17 10 17 7 19 8 17 6 15 9 17 7 17 8 16 6 17 6 15 3 17 3 15 5 16 4 16 2 15 3 16 1 18 3 15 0 15 1 14 -1 15 1 15 0 15 1 15 -1 14 1 13 -1 0 0 0 0 0 0 0 0 0 0 -1 -1 -1 -1 -23 -13 -22 -14 -25 -10 -21 -9 -13 -16 -12 -14 -14 -15 -13 -16 -13 -13 -11 -12 -13 -12 -12 -10 -14 -11 -14 -11 -14 -12 -13 -11 -16 -11 -14 -10 -12 -9 -14 -8 -15 -7 -13 -9 -13 -5 -13 -7 -12 -8 -13 -6 -12 -7 -14 -5 -14 -7 -14 -6 -16 0 -13 -6 -13 -6 -12 -4 -12 -5 -12 -6 -12 -4 -11 -4 -12 -4 -11 -5 -10 -4 -11 -5 -10 -5 -10 -4 -9 -4 -9 -3 -8 -4 -8 -3 -6 -3 -7 -3 -6 -3 -6 -2 -6 -2 -5 -2 -4 -2 -4 -2 -4 -2 0 0 -1 -1 -1 -1 -1 -1 -1 -1 -1 -1 -1 -1 -1 -1 0 0 0 0 -1 -1 35 -7 34 -7 38 -7 39 -4 37 -5 32 -3 38 -2 33 -3 41 -4 38 0 41 0 40 0 43 0 41 1 34 1 38 2 38 -1 37 4 31 0 32 3 30 4 34 0 31 4 33 2 37 5 32 0 34 -14 32 2 31 1 29 -2 27 -2 31 0 30 -4 28 -2 29 -5 28 -6 24 -5 27 -7 27 -4 28 -8 26 -7 22 -11 23 -8 25 -10 21 -9 21 -11 21 -9 21 -12 20 -12 23 -10 21 -11 20 -10 21 -9 16 -20 16 -26 15 -26 11 -27 -1 -1 ]
CSI_DATA,STA,08:3A:F2:51:5D:9D,-50,11,1,0,1,1,1,0,0,0,0,-93,0,6,1,19596350,0,110,0,0,19.762907,384,[110 96 6 0 0 0 0 0 0 0 0 0 -7 -23 -7 -21 -9 -25 -6 -26 -6 -25 -3 -21 -4 -25 -3 -22 -5 -23 -1 -24 -1 -27 -2 -27 -1 -26 0 -25 1 -21 -3 -27 -1 -22 1 -22 -1 -21 -1 -21 0 -21 -1 -22 2 -19 1 -22 0 -24 -1 -20 0 0 -2 -21 -4 -20 -4 -21 -5 -19 -2 -19 -4 -19 -4 -20 -4 -18 -5 -19 -7 -15 -7 -17 -4 -16 -5 -17 -7 -15 -7 -15 -9 -15 -9 -18 -9 -13 -9 -14 -10 -11 -8 -14 -9 -14 -9 -14 -10 -13 -7 -13 -9 -12 0 0 0 0 0 0 0 0 0 0 -1 -1 -1 -1 14 22 15 24 17 20 17 16 0 17 0 15 1 17 -1 16 1 15 0 12 2 14 3 12 4 14 4 15 3 16 3 15 5 16 4 15 3 13 6 13 7 11 5 14 6 9 5 12 4 12 6 11 5 12 7 11 5 14 7 11 15 8 6 12 6 11 6 9 6 10 5 10 7 9 6 8 5 8 5 9 5 9 4 9 5 9 4 8 4 7 5 6 3 6 4 6 2 6 3 5 3 5 2 4 3 3 2 4 2 4 2 3 1 3 0 0 -1 -1 -1 -1 -1 -1 -1 -1 -1 -1 -1 -1 -1 -1 0 0 0 0 -1 -1 -26 -19 -24 -19 -28 -21 -25 -22 -26 -21 -21 -19 -24 -24 -21 -19 -29 -22 -23 -26 -25 -29 -23 -27 -26 -28 -24 -28 -18 -23 -22 -25 -22 -21 -23 -26 -18 -18 -19 -23 -15 -21 -21 -20 -17 -23 -18 -23 -20 -28 -20 -21 -35 -11 -18 -21 -21 -20 -18 -16 -19 -16 -19 -18 -22 -15 -19 -16 -21 -14 -22 -13 -20 -13 -21 -13 -20 -15 -22 -12 -21 -13 -22 -5 -18 -8 -23 -8 -18 -9 -19 -6 -19 -7 -20 -5 -19 -4 -22 -8 -21 -7 -19 -6 -19 -7 -25 11 -27 14 -25 13 -22 20 -1 -1 ]
CSI_DATA,STA,08:3A:F2:51:5D:9D,-45,11,1,0,0,1,1,0,0,0,0,-93,0,6,1,19601713,0,110,0,0,19.774554,256,[110 96 6 0 0 0 0 0 0 0 0 0 0 -26 2 -26 1 -29 2 -29 3 -28 4 -26 5 -26 5 -25 6 -26 6 -25 5 -27 6 -28 6 -26 6 -26 7 -23 6 -27 7 -23 7 -22 7 -22 6 -22 6 -21 7 -22 6 -20 4 -21 4 -22 4 -21 0 0 3 -21 3 -22 2 -21 2 -21 2 -18 1 -20 1 -20 1 -19 0 -20 0 -19 -1 -20 -1 -17 -1 -18 -1 -19 -1 -18 -2 -18 -3 -19 -2 -18 -3 -18 -3 -17 -3 -17 -4 -17 -4 -17 -5 -17 -4 -16 -4 -16 0 0 0 0 0 0 0 0 0 0 -1 -1 -1 -1 -1 -1 -1 -1 -30 -42 -24 -39 -12 -45 -13 -46 -9 -47 -10 -51 -7 -45 -4 -47 -7 -46 -2 -47 -3 -50 -4 -46 -5 -48 -5 -49 -5 -45 -5 -46 -1 -45 -4 -49 1 -42 3 -40 0 -43 1 -42 -1 -42 1 -41 -1 -39 -2 -37 -4 -40 -3 -37 -1 -1 -6 -37 -5 -36 -6 -35 -7 -37 -6 -32 -7 -35 -8 -34 -8 -33 -8 -33 -13 -34 -14 -32 -12 -30 -12 -29 -11 -31 -11 -30 -12 -30 -13 -31 -13 -29 -13 -29 -14 -27 -16 -29 -13 -29 -16 -26 -17 -26 -16 -24 -16 -25 -20 -19 -23 -20 -1 -1 -1 -1 -1 -1 ]
CSI_DATA,STA,08:3A:F2:51:5D:9D,-45,11,1,0,0,1,1,0,0,0,0,-93,0,6,1,19602441,0,110,0,0,19.782273,256,[110 96 6 0 0 0 0 0 0 0 0 0 3 26 2 26 1 27 2 29 0 26 -1 25 -1 26 -2 24 -2 25 -3 25 -2 27 -3 27 -3 26 -3 25 -4 23 -3 26 -4 23 -5 22 -4 22 -4 22 -4 21 -3 22 -4 18 -2 21 -1 22 -1 21 0 0 -1 20 -1 20 0 21 0 20 0 18 1 19 2 19 1 18 2 18 1 17 3 19 3 16 3 17 3 17 3 17 4 17 5 17 4 16 4 16 5 15 5 16 5 15 5 15 6 15 5 14 6 14 0 0 0 0 0 0 0 0 0 0 -1 -1 -1 -1 -1 -1 -1 -1 44 24 36 25 21 37 22 37 19 37 21 41 18 38 17 39 18 39 13 39 17 42 15 40 16 42 17 43 15 38 15 38 12 39 16 41 11 36 8 37 12 38 8 37 11 36 9 36 10 33 9 33 12 35 11 33 -1 -1 14 30 12 30 13 30 14 31 13 27 15 28 16 27 14 26 15 26 18 26 20 26 18 23 18 22 17 24 17 24 18 23 18 23 19 22 19 20 19 20 21 21 19 21 20 18 21 19 20 16 19 17 24 8 28 8 -1 -1 -1 -1 -1 -1 ]
CSI_DATA,STA,08:3A:F2:51:5D:9D,-45,11,1,0,0,1,1,0,0,0,0,-93,0,6,1,19602887,0,110,0,0,19.789024,256,[110 96 6 0 0 0 0 0 0 0 0 0 -23 12 -23 11 -25 12 -26 12 -26 10 -24 9 -25 9 -24 7 -25 8 -25 7 -27 9 -27 8 -26 8 -25 7 -23 5 -26 8 -24 5 -23 4 -23 5 -22 5 -22 4 -23 5 -20 4 -21 6 -22 7 -21 6 0 0 -20 7 -20 8 -19 8 -19 8 -17 7 -18 8 -18 8 -17 7 -17 9 -16 8 -17 10 -15 8 -15 10 -16 9 -15 9 -15 10 -15 11 -14 10 -14 10 -14 10 -13 10 -13 10 -13 11 -12 12 -12 11 -11 10 0 0 0 0 0 0 0 0 0 0 -1 -1 -1 -1 -1 -1 -1 -1 0 50 -4 45 -23 35 -22 36 -25 33 -27 37 -26 31 -28 31 -27 33 -30 29 -30 32 -30 30 -29 32 -30 32 -27 30 -28 30 -29 27 -29 31 -28 25 -29 22 -28 26 -29 23 -27 25 -29 22 -26 22 -25 22 -25 25 -24 24 -1 -1 -21 24 -21 24 -21 24 -21 26 -18 23 -19 25 -18 25 -18 23 -17 24 -16 27 -14 28 -13 25 -12 25 -14 25 -13 25 -13 25 -14 25 -12 25 -11 25 -10 24 -10 27 -12 25 -9 25 -8 26 -7 24 -7 24 4 26 7 28 -1 -1 -1 -1 -1 -1 ]
CSI_DATA,STA,08:3A:F2:51:5D:9D,-45,11,1,0,0,1,1,0,0,0,0,-93,0,6,1,19603265,0,110,0,0,19.796433,256,[110 96 6 0 0 0 0 0 0 0 0 0 -15 -19 -14 -20 -15 -21 -16 -22 -13 -21 -12 -21 -12 -21 -10 -21 -11 -22 -10 -21 -12 -23 -11 -23 -11 -22 -10 -22 -9 -21 -11 -23 -8 -21 -7 -20 -8 -20 -8 -19 -7 -19 -8 -20 -6 -17 -9 -18 -10 -19 -9 -18 0 0 -10 -17 -10 -17 -10 -16 -10 -16 -9 -15 -11 -15 -11 -15 -10 -14 -11 -14 -10 -14 -12 -14 -10 -13 -11 -13 -11 -13 -11 -13 -11 -13 -13 -12 -12 -12 -11 -11 -12 -11 -11 -11 -12 -11 -12 -10 -13 -10 -12 -10 -12 -9 0 0 0 0 0 0 0 0 0 0 -1 -1 -1 -1 -1 -1 -1 -1 -49 1 -43 -1 -35 -18 -34 -18 -35 -21 -38 -21 -32 -22 -33 -24 -32 -22 -30 -25 -33 -26 -30 -25 -32 -25 -33 -26 -31 -24 -31 -24 -29 -24 -31 -25 -26 -24 -23 -25 -27 -24 -25 -24 -26 -24 -24 -24 -24 -21 -24 -21 -26 -21 -25 -20 -1 -1 -26 -18 -24 -17 -24 -17 -27 -16 -23 -14 -26 -15 -24 -14 -24 -14 -25 -13 -27 -12 -28 -11 -25 -11 -25 -10 -25 -11 -24 -10 -25 -10 -25 -10 -25 -8 -25 -7 -24 -7 -26 -6 -25 -8 -24 -6 -26 -5 -23 -4 -24 -4 -22 6 -25 7 -1 -1 -1 -1 -1 -1 ]
CSI_DATA,STA,08:3A:F2:51:5D:9D,-45,11,1,0,0,1,1,0,0,0,0,-93,0,6,1,19603668,0,110,0,0,19.804718,256,[110 96 6 0 0 0 0 0 0 0 0 0 5 -29 6 -29 6 -30 6 -32 8 -29 9 -27 9 -28 10 -26 10 -27 11 -27 10 -29 11 -29 10 -28 11 -27 12 -25 11 -28 12 -24 12 -23 11 -23 11 -23 11 -22 11 -23 10 -20 9 -22 8 -24 8 -23 0 0 7 -22 7 -23 6 -23 6 -22 5 -20 5 -22 5 -22 5 -20 4 -21 3 -20 2 -21 2 -19 2 -20 2 -21 2 -20 1 -20 0 -21 0 -20 1 -19 0 -19 0 -19 0 -20 -1 -19 -2 -20 -1 -18 -2 -18 0 0 0 0 0 0 0 0 0 0 -1 -1 -1 -1 -1 -1 -1 -1 -40 -42 -34 -38 -12 -46 -12 -48 -10 -47 -12 -52 -7 -47 -6 -49 -6 -49 -2 -47 -4 -52 -3 -48 -4 -49 -5 -51 -6 -47 -5 -48 -2 -46 -3 -49 0 -44 3 -41 -1 -44 2 -43 0 -43 3 -42 -1 -39 -1 -38 -2 -41 -3 -39 -1 -1 -6 -38 -4 -35 -5 -36 -7 -38 -7 -33 -7 -36 -8 -35 -8 -33 -9 -34 -13 -34 -15 -33 -12 -31 -12 -30 -12 -32 -12 -31 -13 -31 -13 -31 -14 -29 -14 -29 -14 -28 -16 -29 -14 -30 -16 -26 -17 -27 -16 -24 -16 -25 -24 -16 -28 -16 -1 -1 -1 -1 -1 -1 ]
CSI_DATA,STA,08:3A:F2:51:5D:9D,-50,11,1,0,1,1,1,0,0,0,0,-93,0,6,1,19604056,0,110,0,0,19.812328,384,[110 96 6 0 0 0 0 0 0 0 0 0 21 -9 20 -9 23 -11 26 -8 24 -8 21 -5 23 -6 21 -4 22 -5 23 -3 26 -4 26 -4 25 -3 24 -2 21 0 26 -4 21 -2 22 0 21 -1 20 -1 20 0 21 -1 19 2 21 0 23 -1 20 -2 0 0 20 -2 19 -4 20 -3 18 -5 18 -1 19 -4 19 -3 17 -4 18 -5 15 -7 16 -7 15 -4 16 -6 14 -7 15 -7 14 -9 17 -8 12 -9 14 -9 11 -9 14 -8 13 -8 14 -8 13 -10 13 -7 11 -8 0 0 0 0 0 0 0 0 0 0 -1 -1 -1 -1 -24 12 -24 14 -22 17 -18 16 -17 -1 -16 -1 -17 -1 -18 -2 -16 0 -13 -1 -15 0 -13 2 -15 3 -16 2 -16 1 -15 2 -16 4 -15 3 -14 2 -14 3 -13 6 -15 3 -12 4 -13 3 -13 2 -13 4 -13 3 -12 5 -14 4 -12 5 -9 15 -13 5 -13 3 -11 4 -11 4 -12 4 -11 5 -10 4 -10 4 -10 3 -9 4 -10 3 -10 3 -10 3 -9 2 -8 3 -8 2 -8 2 -7 2 -6 2 -7 2 -6 2 -6 2 -6 1 -5 0 -5 1 -5 1 0 0 0 0 -1 -1 -1 -1 -1 -1 -1 -1 -1 -1 0 0 0 0 -1 -1 -1 -1 13 -27 13 -27 16 -29 17 -28 17 -27 15 -23 19 -25 14 -23 18 -29 21 -24 22 -26 21 -25 21 -28 22 -26 19 -21 22 -22 18 -25 22 -22 16 -20 19 -19 19 -17 17 -21 18 -18 18 -19 23 -21 16 -20 4 -36 18 -19 18 -19 14 -19 14 -18 15 -19 13 -21 13 -18 12 -21 11 -22 9 -19 10 -21 12 -19 10 -21 10 -21 4 -21 6 -19 7 -21 6 -19 5 -19 6 -19 3 -19 3 -19 6 -21 5 -20 4 -18 5 -19 -11 -24 -15 -27 -16 -27 -20 -24 -1 -1 ]
CSI_DATA,STA,08:3A:F2:51:5D:9D,-50,11,1,0,1,1,1,0,0,0,0,-93,0,6,1,19604553,0,110,0,0,19.822761,384,[110 96 6 0 0 0 0 0 0 0 0 0 7 21 6 20 8 24 5 26 5 24 2 21 3 24 2 22 3 23 1 23 1 26 2 26 1 25 0 24 -1 20 2 26 0 22 -1 21 0 21 0 20 -1 20 0 21 -3 18 0 21 0 23 1 20 0 0 1 20 3 19 3 20 4 18 1 18 3 18 3 19 3 17 4 18 6 14 7 16 4 15 6 16 7 14 7 14 8 14 8 17 8 12 9 13 9 11 7 13 9 13 9 13 10 12 7 12 8 10 0 0 0 0 0 0 0 0 0 0 -1 -1 -1 -1 -16 -23 -16 -23 -20 -21 -17 -17 -2 -18 -2 -17 -3 -19 -2 -18 -3 -16 -3 -14 -3 -16 -5 -13 -6 -16 -5 -16 -4 -17 -5 -15 -7 -17 -6 -16 -5 -14 -6 -14 -9 -13 -6 -15 -8 -11 -7 -13 -5 -13 -8 -12 -6 -13 -9 -12 -7 -14 -9 -12 -17 -7 -8 -13 -7 -12 -7 -11 -8 -11 -7 -12 -8 -11 -7 -10 -8 -10 -6 -10 -7 -9 -6 -10 -6 -10 -6 -10 -5 -10 -6 -8 -5 -7 -6 -7 -4 -7 -4 -7 -3 -6 -4 -6 -4 -6 -3 -5 -3 -6 -2 -5 -3 -5 -1 -1 -1 -1 -1 -1 -1 -1 -1 -1 -1 -1 -1 -1 -1 -1 -1 -1 0 0 0 0 25 15 24 14 27 17 26 18 25 17 21 15 23 20 21 15 27 19 22 21 25 23 23 21 27 22 25 22 20 19 21 21 24 18 21 22 18 16 19 19 16 19 20 17 16 18 19 18 20 23 19 16 35 4 19 18 19 17 19 13 17 14 19 15 21 13 18 13 20 11 21 10 17 9 21 10 19 11 22 9 21 8 20 2 19 6 21 5 18 6 18 4 18 6 18 2 18 2 20 5 20 4 18 3 19 4 23 -12 26 -16 26 -18 22 -21 -1 -1 ]
CSI_DATA,STA,08:3A:F2:51:5D:9D,-50,11,1,0,1,1,1,0,0,0,0,-93,0,6,1,19604976,0,110,0,0,19.832873,384,[110 96 6 0 0 0 0 0 0 0 0 0 -23 -2 -22 -2 -26 -2 -28 -5 -25 -4 -22 -6 -24 -6 -22 -6 -23 -6 -23 -7 -26 -9 -26 -7 -25 -8 -24 -9 -20 -9 -26 -8 -22 -8 -20 -9 -20 -8 -19 -7 -20 -8 -21 -8 -18 -9 -20 -9 -22 -9 -20 -6 0 0 -20 -7 -20 -4 -21 -5 -19 -3 -18 -6 -19 -4 -20 -5 -18 -3 -19 -2 -17 0 -18 0 -17 -2 -17 -1 -17 1 -17 0 -17 2 -20 1 -16 3 -16 3 -14 4 -16 2 -16 3 -16 3 -16 4 -15 2 -14 4 0 0 0 0 0 0 0 0 0 0 -1 -1 -1 -1 25 6 27 6 29 1 24 1 17 10 16 9 18 9 17 11 16 8 14 7 17 7 15 4 18 5 16 6 17 6 17 5 19 5 17 4 15 4 17 3 18 0 16 4 15 0 15 3 15 3 15 1 15 2 16 -1 17 2 16 0 16 -6 17 0 15 2 14 0 14 0 15 1 14 0 13 -1 12 -1 13 0 12 -1 13 1 12 1 12 0 11 1 11 -1 10 0 10 0 9 1 9 0 8 0 7 -1 6 -1 5 0 5 0 5 0 5 0 -1 -1 -1 -1 -1 -1 -1 -1 -1 -1 -1 -1 -1 -1 -1 -1 -1 -1 0 0 0 0 -34 14 -33 15 -37 15 -38 13 -36 12 -32 10 -37 10 -32 10 -39 13 -38 7 -41 8 -39 8 -42 9 -41 8 -35 6 -37 5 -38 9 -37 3 -31 6 -33 4 -31 3 -34 7 -31 3 -33 5 -37 3 -31 8 -29 22 -33 6 -31 5 -29 8 -27 7 -31 7 -28 10 -27 9 -28 11 -26 12 -23 10 -25 13 -25 10 -25 14 -24 14 -20 16 -21 14 -23 16 -20 14 -18 16 -19 15 -17 17 -17 16 -20 15 -19 16 -18 15 -19 15 -9 24 -8 30 -7 31 -3 29 -1 -1 ]
CSI_DATA,STA,08:3A:F2:51:5D:9D,-45,11,0,0,0,0,0,0,0,0,0,-93,0,6,1,19608572,0,110,0,0,19.843154,128,[110 96 6 0 0 0 0 0 0 0 0 0 14 -19 15 -19 16 -20 17 -21 17 -18 16 -16 17 -17 17 -15 18 -16 18 -15 18 -18 19 -17 18 -16 17 -16 17 -13 18 -16 17 -13 16 -12 16 -13 16 -12 16 -12 17 -13 14 -11 14 -14 15 -15 14 -14 0 0 13 -14 13 -15 12 -15 12 -14 11 -13 11 -14 11 -15 11 -13 10 -15 10 -14 9 -15 8 -14 8 -15 9 -15 9 -14 8 -15 8 -16 7 -15 8 -14 7 -14 7 -14 6 -15 6 -15 5 -15 5 -14 5 -14 0 0 0 0 0 0 0 0 0 0 ]
CSI_DATA,STA,08:3A:F2:51:5D:9D,-49,11,1,0,1,1,1,0,0,0,0,-93,0,6,1,19742171,0,110,0,0,19.908713,384,[110 96 6 0 0 0 0 0 0 0 0 0 14 -18 13 -18 16 -21 19 -20 17 -19 16 -15 18 -17 17 -15 17 -17 19 -15 21 -17 21 -17 20 -16 21 -14 18 -11 21 -17 18 -14 18 -12 17 -12 16 -12 18 -12 18 -12 17 -9 18 -12 20 -13 16 -13 0 0 17 -13 15 -14 16 -14 14 -14 15 -11 14 -13 15 -13 13 -13 13 -14 9 -14 11 -15 11 -12 11 -13 9 -14 9 -14 8 -15 10 -17 7 -14 7 -15 5 -14 8 -14 7 -14 7 -14 6 -15 7 -13 5 -13 0 0 0 0 0 0 0 0 0 0 -1 -1 -1 -1 -24 10 -23 10 -23 16 -18 12 -20 2 -19 3 -19 4 -20 3 -17 3 -15 3 -17 5 -14 5 -16 6 -16 5 -16 6 -16 7 -16 7 -15 7 -13 5 -13 7 -12 10 -13 7 -10 8 -12 7 -12 6 -11 8 -12 6 -10 9 -12 7 -10 9 -6 12 -10 9 -10 7 -9 8 -8 8 -10 6 -9 7 -8 6 -8 6 -8 6 -8 6 -7 6 -7 5 -6 4 -6 4 -5 5 -5 3 -5 3 -4 3 -4 2 -4 2 -3 2 -2 1 -2 1 -1 1 -1 1 -1 1 -1 -1 -1 -1 -1 -1 -1 -1 -1 -1 -1 -1 -1 -1 -1 -1 -1 -1 0 0 0 0 12 -38 11 -38 13 -41 16 -41 15 -39 14 -34 19 -39 15 -33 18 -42 22 -36 22 -40 21 -39 22 -41 22 -39 20 -33 21 -35 19 -38 23 -34 17 -31 20 -30 20 -28 19 -33 21 -28 19 -31 24 -33 17 -31 6 -37 18 -31 16 -30 14 -30 12 -27 16 -30 12 -31 13 -29 11 -30 10 -31 8 -27 7 -29 9 -28 6 -30 7 -29 1 -28 3 -27 4 -30 3 -26 2 -26 3 -25 0 -27 0 -26 3 -26 1 -25 1 -24 1 -25 -9 -23 -14 -27 -13 -28 -16 -24 -1 -1 ]
CSI_DATA,STA,08:3A:F2:51:5D:9D,-50,11,1,0,1,1,1,0,0,0,0,-93,0,6,1,19747063,0,110,0,0,19.919958,384,[110 96 6 0 0 0 0 0 0 0 0 0 -4 22 -3 21 -3 25 -7 25 -6 24 -7 19 -7 22 -7 20 -6 21 -9 22 -11 23 -10 24 -10 22 -11 22 -10 17 -9 24 -9 19 -11 19 -9 18 -9 18 -10 17 -9 19 -11 15 -11 18 -11 20 -9 18 0 0 -8 18 -6 19 -7 19 -5 18 -8 15 -6 17 -7 18 -5 16 -4 17 -2 15 -3 17 -4 15 -3 15 -1 15 -2 15 0 15 -1 18 0 13 1 15 2 13 0 14 1 14 0 15 1 14 -1 13 1 12 0 0 0 0 0 0 0 0 0 0 -1 -1 -1 -1 2 -23 2 -24 -1 -24 -3 -20 8 -13 7 -12 7 -14 8 -13 6 -12 5 -10 5 -12 4 -11 4 -13 5 -13 5 -13 4 -12 3 -14 3 -12 2 -11 1 -11 0 -12 2 -12 -1 -10 1 -11 2 -10 -1 -10 2 -11 -1 -11 1 -11 0 -11 -7 -11 0 -10 0 -9 -1 -8 0 -9 0 -8 -1 -8 -1 -8 -1 -8 0 -7 0 -7 1 -7 0 -7 1 -6 0 -6 -1 -5 0 -4 -1 -4 0 -3 0 -3 0 -2 0 -2 0 -2 -1 -1 0 -1 0 0 0 0 -1 -1 -1 -1 -1 -1 -1 -1 -1 -1 -1 -1 -1 -1 -1 -1 -1 -1 0 0 0 0 13 31 12 29 14 33 11 32 12 33 8 27 9 34 8 28 13 35 6 36 6 38 6 36 8 39 6 37 4 30 7 33 9 31 6 34 6 26 5 30 2 27 8 29 2 29 4 29 1 34 5 28 23 27 4 28 6 27 8 23 8 23 6 25 10 24 7 24 10 23 11 22 8 21 10 22 9 23 12 21 11 20 15 15 11 16 14 18 10 16 13 14 11 16 13 14 14 13 13 17 12 15 11 14 11 15 23 5 27 4 26 4 27 -2 -1 -1 ]
CSI_DATA,STA,08:3A:F2:51:5D:9D,-50,11,1,0,1,1,1,0,0,0,0,-93,0,6,1,19750066,0,110,0,0,19.929901,384,[110 96 6 0 0 0 0 0 0 0 0 0 -23 2 -22 2 -26 3 -28 -1 -26 0 -22 -2 -25 -2 -23 -2 -24 -1 -24 -4 -27 -5 -27 -4 -26 -4 -25 -6 -21 -6 -27 -4 -22 -5 -22 -6 -21 -5 -20 -5 -21 -5 -22 -5 -19 -7 -21 -6 -23 -7 -21 -4 0 0 -21 -4 -21 -2 -21 -3 -20 -1 -18 -4 -19 -2 -20 -3 -18 -2 -19 -1 -17 2 -18 1 -16 -1 -17 0 -16 2 -16 1 -17 3 -19 2 -15 4 -15 4 -13 5 -15 3 -15 3 -15 3 -15 4 -14 2 -13 3 0 0 0 0 0 0 0 0 0 0 -1 -1 -1 -1 22 3 24 3 23 -1 20 -3 14 8 12 7 14 7 12 8 12 6 10 5 12 5 11 3 14 3 13 4 13 5 12 4 13 4 12 3 10 3 12 1 11 0 12 1 9 0 10 1 9 2 10 0 10 1 10 -1 11 1 10 -1 10 -6 10 0 9 0 8 0 9 -1 8 0 8 -1 7 0 6 0 7 0 6 0 6 1 5 1 5 1 4 1 4 0 3 1 3 0 2 1 2 0 2 0 1 0 0 1 -1 0 -1 0 -1 0 -1 0 -1 -1 -1 -1 -1 -1 -1 -1 -1 -1 -1 -1 -1 -1 -1 -1 -1 -1 0 0 0 0 -33 18 -31 18 -35 20 -35 17 -35 18 -31 14 -37 15 -30 13 -38 20 -39 11 -41 12 -40 12 -42 13 -41 12 -33 9 -37 12 -34 14 -38 10 -30 10 -33 9 -31 6 -33 12 -32 6 -33 8 -38 6 -32 9 -28 24 -31 9 -31 10 -27 11 -26 11 -29 10 -27 14 -26 11 -26 13 -25 15 -24 12 -24 14 -25 12 -23 15 -22 14 -17 17 -19 14 -20 17 -18 14 -16 16 -17 15 -15 16 -14 16 -19 15 -17 15 -16 14 -16 14 -7 24 -6 27 -6 26 1 27 -1 -1 ]
CSI_DATA,STA,08:3A:F2:51:5D:9D,-50,11,1,0,1,1,1,0,0,0,0,-93,0,6,1,19750529,0,110,0,0,19.940131,384,[110 96 6 0 0 0 0 0 0 0 0 0 -11 -21 -11 -20 -13 -23 -10 -26 -10 -24 -7 -21 -9 -23 -8 -22 -8 -22 -6 -24 -6 -26 -7 -26 -6 -26 -5 -25 -3 -21 -7 -26 -4 -22 -3 -22 -4 -21 -4 -20 -3 -21 -4 -22 -1 -20 -2 -22 -3 -24 -4 -21 0 0 -4 -21 -7 -20 -6 -20 -7 -19 -3 -19 -6 -19 -6 -20 -6 -17 -7 -18 -9 -15 -8 -16 -6 -16 -6 -16 -8 -14 -8 -15 -9 -14 -10 -17 -9 -12 -9 -13 -10 -11 -9 -13 -9 -13 -9 -13 -10 -12 -8 -13 -8 -11 0 0 0 0 0 0 0 0 0 0 -1 -1 -1 -1 -6 23 -6 24 -2 23 0 20 -9 17 -7 15 -7 17 -9 16 -6 16 -5 12 -5 15 -3 13 -3 15 -4 15 -5 15 -3 14 -4 16 -4 14 -3 12 -1 14 1 13 -2 13 1 11 -1 12 -2 11 1 12 -1 11 0 12 -1 12 0 11 3 10 0 11 0 11 1 10 1 10 -1 9 1 10 0 8 0 8 0 8 0 7 -1 7 -2 7 -2 6 -1 5 -1 5 -1 4 -1 4 -2 3 -2 2 -2 1 -2 1 -2 1 -2 0 -2 0 -2 -1 -1 -2 -1 -1 -1 -1 -1 -1 -1 -1 -1 -1 -1 -1 -1 -1 -1 -1 -1 -1 0 0 0 0 -27 -34 -27 -31 -30 -36 -27 -37 -27 -36 -21 -32 -25 -38 -22 -31 -28 -40 -20 -41 -21 -44 -21 -42 -22 -45 -20 -44 -17 -35 -21 -40 -22 -38 -18 -40 -18 -32 -16 -35 -14 -33 -20 -35 -13 -36 -15 -36 -14 -41 -16 -33 -22 -30 -16 -33 -18 -32 -18 -29 -18 -27 -16 -31 -21 -28 -18 -28 -20 -27 -22 -27 -19 -23 -20 -24 -18 -26 -21 -25 -20 -23 -23 -18 -20 -18 -24 -21 -19 -17 -21 -15 -20 -16 -23 -15 -23 -14 -21 -19 -20 -17 -19 -16 -19 -15 -23 -10 -28 -9 -27 -8 -28 -1 -1 -1 ]
CSI_DATA,STA,08:3A:F2:51:5D:9D,-49,11,1,0,1,1,1,0,0,0,0,-93,0,6,1,19751021,0,110,0,0,19.951285,384,[110 96 6 0 0 0 0 0 0 0 0 0 7 -21 6 -19 7 -24 10 -23 8 -22 9 -18 9 -21 9 -18 9 -20 11 -19 13 -21 12 -22 12 -20 13 -19 11 -16 12 -22 11 -18 12 -17 10 -16 10 -16 10 -16 10 -17 12 -14 11 -16 12 -18 10 -17 0 0 9 -17 7 -18 8 -18 6 -17 8 -15 7 -17 8 -17 6 -16 5 -17 2 -15 3 -16 5 -14 4 -15 2 -15 3 -15 1 -16 2 -18 0 -14 0 -15 -1 -14 1 -15 0 -15 1 -15 -1 -15 1 -13 0 -13 0 0 0 0 0 0 0 0 0 0 -1 -1 -1 -1 -16 15 -18 16 -14 16 -10 16 -16 9 -14 8 -15 10 -16 8 -13 10 -11 7 -11 9 -9 9 -11 11 -11 9 -12 9 -11 9 -11 10 -10 9 -9 8 -8 11 -7 10 -9 10 -5 9 -7 9 -7 8 -5 10 -8 9 -5 10 -7 9 -6 10 -3 11 -5 9 -5 9 -4 8 -5 9 -5 7 -4 8 -4 7 -4 6 -5 6 -4 6 -5 5 -4 4 -4 4 -4 3 -4 4 -3 2 -3 3 -3 1 -3 1 -3 0 -3 0 -2 0 -2 -1 -1 -1 -1 -2 -2 -2 -1 -1 -1 -1 -1 -1 -1 -1 -1 -1 -1 -1 -1 -1 -1 -1 -1 -1 0 0 0 0 2 -39 0 -35 0 -42 4 -39 2 -41 3 -34 4 -41 3 -34 2 -44 10 -41 11 -42 10 -41 11 -44 11 -41 8 -34 7 -40 6 -38 10 -40 5 -32 8 -34 9 -31 5 -35 11 -33 9 -34 13 -37 7 -34 0 -35 7 -33 4 -33 2 -30 1 -30 5 -31 0 -32 1 -30 -1 -30 -3 -32 -2 -27 -2 -29 1 -29 -2 -29 -3 -28 -9 -26 -5 -23 -7 -28 -5 -23 -8 -23 -6 -23 -9 -23 -10 -23 -6 -25 -7 -24 -6 -22 -6 -22 -15 -20 -17 -20 -16 -20 -22 -16 -1 -1 ]
CSI_DATA,STA,08:3A:F2:51:5D:9D,-50,11,1,0,1,1,1,0,0,0,0,-93,0,6,1,19751434,0,110,0,0,19.961711,384,[110 96 6 0 0 0 0 0 0 0 0 0 19 12 18 11 22 13 21 16 20 15 16 14 18 15 16 14 18 14 16 16 18 19 18 18 17 18 16 18 12 16 19 18 15 16 13 17 13 15 13 14 13 15 14 16 10 16 13 16 14 17 14 14 0 0 14 14 15 12 15 13 15 11 12 13 14 11 15 12 13 10 15 10 14 7 15 8 12 9 13 9 14 6 14 7 15 5 17 7 14 4 14 4 13 2 14 5 14 4 14 5 14 4 12 5 12 3 0 0 0 0 0 0 0 0 0 0 -1 -1 -1 -1 -16 -19 -15 -20 -18 -18 -17 -13 -8 -17 -7 -15 -8 -17 -7 -17 -7 -15 -7 -12 -8 -14 -8 -11 -11 -13 -9 -13 -9 -14 -9 -12 -10 -13 -9 -12 -8 -11 -10 -10 -11 -9 -10 -10 -10 -7 -9 -9 -8 -9 -10 -7 -9 -9 -11 -7 -10 -10 -10 -7 -12 -4 -10 -7 -9 -7 -8 -6 -9 -6 -8 -7 -8 -7 -8 -6 -7 -6 -7 -5 -7 -5 -6 -6 -5 -7 -4 -6 -4 -6 -4 -4 -3 -4 -3 -4 -3 -3 -3 -3 -1 -3 -2 -3 -1 -3 0 -2 0 -2 1 -1 1 -1 -1 -1 -1 -1 -1 -1 -1 -1 -1 -1 -1 -1 -1 -1 -1 -1 -1 -1 0 0 0 0 37 8 36 6 41 7 39 10 39 9 33 9 39 12 32 8 43 9 37 17 41 18 39 16 42 18 39 18 32 15 37 15 37 12 36 16 31 11 32 14 28 14 33 11 29 16 31 15 34 20 31 12 37 2 31 13 31 11 29 8 28 7 29 10 31 5 28 7 29 5 30 3 25 4 28 3 28 6 29 3 28 2 26 -4 24 -1 27 -2 23 -1 24 -4 23 -2 23 -5 23 -6 25 -2 24 -2 22 -2 22 -3 20 -13 23 -16 22 -17 17 -21 -1 -1 ]
CSI_DATA,STA,08:3A:F2:51:5D:9D,-50,11,1,0,1,1,1,0,0,0,0,-93,0,6,1,19752536,0,110,0,0,19.971923,384,[110 96 6 0 0 0 0 0 0 0 0 0 -20 11 -19 11 -22 13 -25 11 -23 11 -21 7 -23 10 -21 8 -22 9 -23 7 -26 7 -26 8 -25 7 -25 5 -21 4 -25 8 -22 5 -22 4 -21 5 -20 5 -21 4 -22 5 -19 2 -21 4 -23 5 -20 6 0 0 -20 6 -19 7 -20 7 -18 8 -18 5 -18 7 -19 7 -16 7 -17 9 -14 10 -15 10 -15 7 -15 7 -13 9 -14 9 -13 10 -16 11 -11 10 -11 10 -9 11 -12 9 -11 10 -12 10 -11 10 -11 8 -9 9 0 0 0 0 0 0 0 0 0 0 -1 -1 -1 -1 23 -2 24 -3 22 -6 19 -8 18 2 16 1 17 1 17 3 16 1 13 0 15 -1 13 -2 16 -3 15 -1 15 -1 14 -2 16 -2 14 -2 12 -2 13 -5 12 -6 12 -4 9 -5 11 -4 11 -2 11 -5 11 -3 10 -5 12 -4 11 -6 8 -8 10 -5 10 -4 8 -5 9 -5 9 -4 9 -4 8 -4 7 -3 8 -3 7 -3 7 -2 7 -1 6 -1 5 -1 5 -2 4 -1 4 -1 3 0 3 -1 2 0 2 0 1 1 0 1 0 1 0 1 -1 1 -1 -1 -1 -1 -1 -1 -1 -1 -1 -1 -1 -1 -1 -1 -1 -1 -1 -1 0 0 0 0 -27 30 -24 29 -28 33 -30 30 -29 30 -26 25 -32 29 -26 25 -32 33 -35 25 -37 27 -36 27 -38 28 -37 26 -31 21 -33 25 -30 26 -34 24 -27 22 -30 21 -28 18 -29 24 -31 18 -30 20 -36 20 -28 21 -22 29 -29 21 -27 21 -24 22 -22 22 -25 20 -22 24 -22 21 -21 23 -21 25 -19 22 -18 23 -21 22 -18 24 -17 23 -12 25 -13 21 -14 25 -12 21 -9 23 -11 22 -9 24 -9 23 -13 22 -11 22 -11 21 -10 21 -2 24 1 28 1 27 7 26 -1 -1 ]
CSI_DATA,STA,08:3A:F2:51:5D:9D,-50,11,1,0,1,1,1,0,0,0,0,-93,0,6,1,19752862,0,110,0,0,19.982259,384,[110 96 6 0 0 0 0 0 0 0 0 0 -19 -14 -19 -12 -23 -14 -21 -18 -21 -16 -16 -15 -19 -17 -16 -16 -18 -15 -17 -18 -18 -21 -19 -20 -17 -20 -16 -20 -13 -17 -19 -19 -15 -17 -14 -18 -14 -17 -14 -16 -13 -17 -15 -17 -11 -17 -13 -18 -14 -19 -14 -16 0 0 -14 -16 -16 -14 -16 -15 -16 -13 -13 -14 -15 -13 -15 -14 -14 -12 -16 -12 -15 -8 -15 -10 -13 -11 -14 -10 -14 -8 -15 -8 -16 -7 -17 -9 -15 -6 -15 -6 -14 -4 -14 -6 -15 -6 -15 -6 -15 -5 -13 -7 -13 -5 0 0 0 0 0 0 0 0 0 0 -1 -1 -1 -1 17 15 18 16 19 12 17 9 7 14 6 13 8 14 6 14 7 12 5 10 7 11 7 9 9 10 8 11 8 11 8 10 9 11 8 10 7 8 9 7 9 5 8 8 8 5 7 6 7 7 8 6 9 5 12 7 9 5 8 5 10 0 8 5 8 5 7 4 7 4 6 5 7 4 6 4 6 4 5 4 5 3 4 4 4 4 3 4 3 4 3 2 1 2 2 3 1 3 1 2 0 2 0 1 0 2 -1 1 -2 1 -2 0 -2 0 -1 -1 -1 -1 -1 -1 -1 -1 -1 -1 -1 -1 -1 -1 -1 -1 -1 -1 0 0 0 0 -36 -4 -34 -3 -39 -4 -37 -7 -38 -5 -32 -6 -38 -9 -32 -6 -41 -6 -38 -13 -40 -13 -38 -13 -41 -12 -39 -13 -32 -11 -36 -11 -35 -8 -37 -13 -30 -8 -32 -12 -28 -12 -33 -7 -30 -13 -31 -12 -35 -16 -31 -10 -37 5 -30 -10 -31 -8 -28 -6 -28 -5 -29 -8 -30 -4 -28 -5 -29 -3 -29 -1 -26 -2 -27 -1 -27 -4 -28 -1 -26 -1 -24 5 -23 1 -26 3 -22 1 -22 4 -23 3 -22 5 -21 6 -24 2 -23 3 -21 3 -21 3 -19 17 -20 20 -19 19 -15 24 -1 -1 ]
CSI_DATA,STA,08:3A:F2:51:5D:9D,-45,11,0,0,0,0,0,0,0,0,0,-93,0,6,1,19754896,0,110,0,0,19.992847,128,[110 96 6 0 0 0 0 0 0 0 0 0 -22 14 -22 13 -24 14 -24 14 -25 13 -23 10 -24 11 -23 10 -24 11 -25 9 -26 11 -26 10 -25 10 -24 9 -22 7 -26 11 -22 7 -23 7 -22 7 -22 7 -21 7 -22 8 -20 6 -20 8 -21 9 -20 9 0 0 -19 9 -20 10 -18 10 -18 10 -16 8 -17 10 -17 10 -15 9 -16 11 -16 10 -16 11 -14 10 -14 11 -14 11 -14 10 -14 11 -14 12 -13 11 -12 11 -12 11 -12 11 -12 11 -12 11 -11 12 -11 10 -10 10 0 0 0 0 0 0 0 0 0 0 ]
CSI_DATA,STA,08:3A:F2:51:5D:9D,-49,11,1,0,1,1,1,0,0,0,0,-93,0,6,1,19755509,0,110,0,0,19.996826,384,[110 96 6 0 0 0 0 0 0 0 0 0 -12 -18 -11 -18 -14 -20 -12 -23 -11 -21 -8 -19 -10 -21 -9 -19 -10 -20 -8 -21 -8 -24 -9 -23 -8 -23 -7 -23 -5 -20 -9 -23 -6 -20 -5 -20 -6 -19 -6 -19 -5 -19 -6 -20 -3 -18 -5 -20 -6 -22 -6 -19 0 0 -7 -19 -8 -18 -8 -18 -8 -16 -6 -17 -8 -17 -8 -18 -8 -16 -9 -16 -10 -12 -10 -14 -7 -14 -8 -14 -10 -13 -9 -13 -11 -12 -11 -14 -10 -11 -11 -11 -11 -9 -10 -11 -10 -11 -10 -11 -11 -11 -9 -11 -9 -9 0 0 0 0 0 0 0 0 0 0 -1 -1 -1 -1 7 21 7 23 10 19 9 16 -2 15 -1 14 0 16 -2 15 0 14 -1 11 0 12 1 11 2 13 2 13 0 13 1 12 2 13 2 12 1 10 3 10 4 9 3 10 4 8 3 9 2 9 4 9 3 9 4 8 3 10 4 8 7 6 3 8 3 8 3 7 3 7 3 7 4 7 3 6 2 6 2 6 2 6 1 6 1 6 1 5 0 4 1 4 0 3 0 4 -1 2 -1 2 -1 2 -1 1 -2 1 -2 1 -2 1 -2 0 -3 0 -1 -1 -1 -1 -1 -1 -1 -1 -1 -1 -1 -1 -1 -1 -1 -1 -1 -1 0 0 0 0 -29 -20 -28 -19 -33 -22 -29 -23 -31 -22 -25 -20 -29 -24 -25 -19 -33 -23 -27 -27 -29 -30 -28 -28 -30 -30 -27 -29 -22 -24 -27 -26 -27 -23 -25 -27 -22 -20 -23 -23 -19 -23 -25 -22 -20 -24 -21 -24 -23 -29 -22 -22 -31 -15 -22 -22 -23 -21 -22 -18 -21 -17 -22 -19 -25 -16 -22 -17 -23 -15 -25 -14 -22 -13 -23 -14 -22 -16 -23 -13 -23 -12 -23 -7 -21 -9 -25 -9 -20 -9 -21 -6 -21 -8 -22 -5 -21 -5 -22 -9 -21 -8 -20 -8 -20 -8 -23 4 -26 7 -25 6 -23 12 -1 -1 ]
CSI_DATA,STA,08:3A:F2:51:5D:9D,-50,11,1,0,1,1,1,0,0,0,0,-93,0,6,1,19915299,0,110,0,0,20.81869,384,[110 96 6 0 0 0 0 0 0 0 0 0 20 11 19 9 23 11 22 14 22 13 17 12 20 14 17 13 19 13 18 15 19 17 20 16 18 16 17 17 13 15 20 16 15 14 14 15 14 14 14 13 14 14 15 14 11 14 14 14 15 16 14 12 0 0 14 12 15 10 15 11 15 9 12 11 15 9 15 10 13 7 15 7 14 4 14 6 12 7 13 6 13 4 13 4 14 3 16 4 12 2 13 2 12 0 13 2 13 1 13 2 13 1 12 2 11 1 0 0 0 0 0 0 0 0 0 0 -1 -1 -1 -1 -20 -8 -21 -8 -21 -5 -18 -1 -11 -10 -10 -9 -11 -10 -10 -10 -10 -8 -8 -7 -10 -7 -9 -5 -11 -6 -11 -7 -11 -7 -10 -6 -12 -7 -11 -6 -9 -6 -10 -4 -10 -3 -10 -4 -9 -2 -9 -4 -8 -5 -9 -2 -9 -4 -10 -3 -10 -4 -9 -2 -10 2 -8 -3 -8 -3 -6 -2 -7 -2 -7 -3 -7 -3 -6 -3 -6 -3 -5 -3 -4 -3 -4 -3 -4 -4 -3 -4 -3 -4 -2 -3 -2 -3 -1 -3 0 -2 0 -3 1 -3 1 -2 1 -3 2 -2 2 -1 3 -1 3 -1 -1 -1 -1 -1 -1 -1 -1 -1 -1 -1 -1 -1 -1 -1 -1 -1 -1 -1 -1 -1 0 0 35 -2 33 -2 38 -3 36 0 38 -2 31 1 37 3 30 1 40 -2 38 6 40 7 38 6 41 6 38 7 31 6 36 5 33 2 35 5 27 2 30 5 27 6 30 1 29 7 30 6 34 9 28 4 32 -11 28 4 28 2 24 0 24 -1 25 1 26 -3 24 -1 24 -4 24 -6 21 -4 23 -4 24 -3 23 -5 22 -6 18 -11 18 -6 20 -10 17 -6 16 -10 17 -8 16 -10 15 -11 19 -8 17 -8 16 -8 16 -8 10 -19 10 -23 10 -22 4 -25 -1 -1 ]
CSI_DATA,STA,08:3A:F2:51:5D:9D,-50,11,1,0,1,1,1,0,0,0,0,-93,0,6,1,19917429,0,110,0,0,20.92571,384,[110 96 6 0 0 0 0 0 0 0 0 0 16 -17 15 -16 17 -20 20 -18 18 -18 16 -14 19 -16 17 -14 18 -15 20 -14 22 -15 21 -15 21 -14 21 -13 18 -10 21 -15 18 -11 18 -10 17 -11 17 -10 17 -10 18 -11 17 -7 18 -10 19 -11 16 -11 0 0 16 -11 14 -13 15 -12 13 -12 14 -10 13 -12 14 -12 12 -11 12 -13 8 -12 10 -13 10 -10 10 -11 8 -12 8 -13 7 -13 9 -15 5 -12 6 -13 4 -12 6 -12 6 -12 6 -12 5 -13 6 -11 4 -11 0 0 0 0 0 0 0 0 0 0 -1 -1 -1 -1 -16 13 -17 14 -14 15 -9 15 -14 5 -13 4 -14 5 -14 4 -12 5 -10 4 -11 6 -9 6 -10 7 -11 6 -11 6 -11 6 -11 7 -10 6 -9 5 -8 7 -7 7 -8 7 -6 6 -7 6 -8 5 -6 7 -8 6 -6 7 -9 6 -6 6 -3 9 -6 6 -6 6 -5 4 -5 5 -6 4 -6 4 -5 4 -5 3 -5 3 -4 2 -5 1 -5 1 -5 0 -4 0 -3 0 -3 -1 -3 -1 -2 -1 -2 -2 -1 -2 -1 -2 -2 -4 0 -4 0 -4 1 -4 1 -4 -1 -1 -1 -1 -1 -1 -1 -1 -1 -1 -1 -1 -1 -1 -1 -1 -1 -1 -1 -1 0 0 12 -36 11 -34 12 -40 15 -36 13 -39 13 -31 17 -37 13 -30 14 -40 21 -36 23 -38 22 -36 23 -39 22 -36 18 -28 19 -35 16 -33 20 -34 14 -27 17 -29 17 -25 14 -30 19 -27 18 -27 23 -30 15 -28 5 -34 16 -27 13 -28 10 -25 9 -25 12 -25 8 -28 9 -25 7 -26 5 -27 5 -24 6 -25 8 -25 5 -26 4 -25 -2 -24 2 -21 0 -25 1 -20 -2 -21 0 -21 -3 -21 -4 -21 1 -23 0 -21 -1 -20 -1 -20 -12 -19 -15 -21 -14 -20 -19 -15 -1 -1 ]
CSI_DATA,STA,08:3A:F2:51:5D:9D,-50,11,1,0,1,1,1,0,0,0,0,-93,0,6,1,19919562,0,110,0,0,20.103139,384,[110 96 6 0 0 0 0 0 0 0 0 0 0 -24 0 -22 0 -27 3 -27 2 -26 3 -22 4 -25 4 -22 3 -23 6 -24 7 -26 6 -26 6 -25 7 -24 7 -20 6 -26 6 -21 8 -21 6 -20 6 -19 7 -19 6 -20 8 -17 7 -20 7 -21 5 -19 0 0 5 -19 3 -19 4 -20 2 -18 4 -17 2 -18 3 -18 2 -16 1 -18 -1 -15 -1 -17 1 -15 0 -16 -2 -15 -1 -15 -3 -15 -2 -18 -3 -13 -3 -14 -4 -12 -3 -14 -3 -13 -3 -14 -4 -13 -3 -13 -4 -12 0 0 0 0 0 0 0 0 0 0 -1 -1 -1 -1 -5 20 -5 20 -1 19 1 17 -8 12 -7 11 -7 13 -8 12 -6 11 -5 9 -5 11 -3 10 -3 12 -5 11 -5 12 -4 11 -4 12 -4 11 -3 9 -2 11 0 10 -3 11 0 9 -2 9 -3 8 -1 9 -2 9 -1 9 -2 9 -1 9 4 9 -1 8 -2 8 -1 7 -1 7 -3 6 -1 6 -2 6 -2 5 -2 5 -2 4 -3 4 -3 3 -3 2 -3 2 -2 2 -2 1 -3 1 -3 0 -2 0 -2 -1 -2 -2 -2 -3 -2 -3 -1 -4 -1 -4 -1 -4 -1 -1 0 0 0 0 -1 -1 -1 -1 -1 -1 0 0 0 0 -1 -1 -1 -1 -1 -1 -16 -35 -16 -32 -18 -37 -14 -37 -16 -37 -12 -32 -12 -38 -11 -32 -16 -40 -9 -40 -10 -42 -9 -41 -10 -43 -8 -41 -6 -34 -8 -38 -11 -36 -8 -38 -8 -30 -6 -33 -3 -30 -9 -32 -4 -33 -5 -32 -4 -37 -8 -31 -20 -29 -7 -30 -8 -30 -9 -26 -9 -25 -8 -28 -11 -26 -9 -25 -12 -25 -14 -25 -12 -22 -13 -23 -10 -24 -13 -23 -12 -22 -16 -17 -13 -17 -16 -20 -13 -17 -14 -16 -13 -17 -15 -15 -15 -14 -14 -18 -14 -16 -13 -15 -13 -15 -21 -7 -24 -6 -23 -6 -25 -1 -1 -1 ]
CSI_DATA,STA,08:3A:F2:51:5D:9D,-50,11,1,0,1,1,1,0,0,0,0,-93,0,6,1,19920008,0,110,0,0,20.113781,384,[110 96 6 0 0 0 0 0 0 0 0 0 14 18 13 17 17 19 15 22 14 20 10 18 12 20 11 19 12 19 10 21 11 23 12 23 11 22 9 22 7 19 12 23 9 19 7 20 8 18 8 17 7 18 8 19 5 17 7 18 8 20 8 17 0 0 9 17 10 15 10 16 10 14 8 15 10 14 10 15 9 12 11 13 11 9 11 10 9 11 10 11 11 9 11 9 12 8 13 10 11 6 12 7 11 4 11 7 11 6 12 6 12 5 10 6 10 4 0 0 0 0 0 0 0 0 0 0 -1 -1 -1 -1 -13 -16 -13 -19 -15 -15 -14 -11 -5 -15 -5 -13 -7 -15 -5 -15 -6 -13 -5 -11 -7 -12 -7 -9 -8 -11 -8 -12 -7 -12 -7 -11 -9 -12 -8 -11 -7 -10 -8 -9 -9 -8 -8 -9 -8 -6 -8 -8 -7 -8 -8 -7 -7 -8 -9 -7 -8 -9 -8 -7 -9 -4 -7 -7 -7 -7 -6 -5 -6 -6 -6 -6 -6 -6 -5 -5 -5 -5 -4 -5 -4 -4 -3 -5 -2 -5 -2 -5 -2 -4 -1 -3 0 -3 -1 -3 1 -2 0 -2 1 -2 2 -2 1 -2 2 -1 3 0 3 1 3 1 -1 -1 -1 -1 -1 -1 -1 -1 -1 -1 -1 -1 -1 -1 -1 -1 -1 -1 -1 -1 0 0 33 17 31 15 37 18 33 20 35 19 28 17 33 21 28 16 37 20 31 25 34 27 32 26 35 28 32 26 25 21 31 23 30 20 30 24 25 18 25 20 22 19 28 18 23 22 25 21 26 26 25 18 33 9 24 18 25 16 23 13 23 12 23 15 26 11 23 11 25 9 26 8 22 8 24 8 23 11 25 7 23 6 23 1 21 3 24 2 19 3 20 -1 20 2 20 -1 20 -2 22 2 21 1 19 0 19 0 19 -10 22 -13 20 -13 17 -18 -1 -1 ]
CSI_DATA,STA,08:3A:F2:51:5D:9D,-50,11,1,0,1,1,1,0,0,0,0,-93,0,6,1,19920477,0,110,0,0,20.123757,384,[110 96 6 0 0 0 0 0 0 0 0 0 -5 22 -4 21 -4 25 -7 26 -6 24 -7 20 -8 23 -7 20 -7 22 -9 22 -11 24 -10 24 -10 23 -11 22 -10 18 -10 24 -9 19 -11 19 -9 18 -8 17 -9 18 -9 19 -10 15 -9 18 -10 19 -8 18 0 0 -7 18 -5 18 -6 18 -4 17 -6 15 -4 17 -5 17 -3 15 -3 17 0 15 -1 16 -2 14 -1 15 0 14 0 14 2 14 1 16 2 13 3 13 3 11 2 13 3 13 2 13 3 13 1 12 3 11 0 0 0 0 0 0 0 0 0 0 -1 -1 -1 -1 1 -21 2 -21 -2 -21 -3 -18 6 -14 5 -13 5 -14 6 -13 4 -13 3 -11 3 -13 2 -11 1 -14 2 -13 3 -13 2 -12 1 -14 1 -12 1 -11 0 -11 -2 -12 0 -12 -2 -10 -1 -10 0 -10 -2 -10 0 -10 -2 -10 0 -11 -2 -10 -5 -9 -1 -9 -1 -9 -1 -8 -1 -8 0 -8 -1 -8 -1 -7 -1 -6 0 -6 0 -5 1 -5 1 -5 1 -4 1 -4 1 -3 1 -2 1 -2 1 -1 1 -1 2 0 1 0 1 1 1 1 1 2 1 2 1 3 -1 -1 -1 -1 -1 -1 -1 -1 -1 -1 -1 -1 -1 -1 -1 -1 -1 -1 -1 -1 0 0 11 34 11 32 13 37 10 37 11 36 7 31 7 37 8 30 12 39 4 38 5 41 4 39 6 42 4 40 3 32 5 37 7 35 3 36 5 28 3 31 1 29 6 31 1 30 3 31 0 35 4 29 18 28 4 29 5 28 7 25 7 24 6 26 10 25 8 24 10 23 11 23 9 21 10 22 9 23 12 22 12 20 15 16 12 16 14 18 11 16 14 13 12 15 14 13 15 12 13 16 13 14 12 13 12 14 21 6 24 5 24 3 24 -2 -1 -1 ]
CSI_DATA,STA,08:3A:F2:51:5D:9D,-50,11,1,0,1,1,1,0,0,0,0,-93,0,6,1,19920939,0,110,0,0,20.133622,384,[110 96 6 0 0 0 0 0 0 0 0 0 -23 -3 -22 -2 -26 -2 -27 -6 -25 -5 -21 -6 -25 -6 -22 -6 -23 -5 -23 -7 -26 -9 -26 -8 -24 -9 -23 -9 -19 -9 -26 -8 -21 -8 -20 -9 -20 -8 -19 -7 -19 -8 -20 -7 -17 -9 -19 -9 -21 -9 -19 -6 0 0 -19 -6 -19 -4 -20 -4 -18 -3 -17 -5 -18 -3 -19 -4 -17 -2 -18 -2 -15 1 -17 0 -15 -2 -15 -1 -15 1 -15 1 -15 3 -18 2 -13 3 -14 4 -12 4 -14 3 -13 3 -14 3 -13 4 -13 2 -11 3 0 0 0 0 0 0 0 0 0 0 -1 -1 -1 -1 19 -5 21 -6 18 -9 15 -10 12 2 11 2 12 1 11 3 11 1 9 1 10 0 9 -1 11 -2 11 -1 11 0 10 -1 11 -2 10 -1 8 -1 9 -2 8 -4 9 -2 6 -3 8 -2 7 -2 7 -3 8 -2 7 -3 8 -2 7 -3 6 -8 7 -3 6 -2 5 -2 5 -3 6 -2 5 -2 4 -2 4 -1 4 -1 4 -1 4 0 4 0 3 0 3 0 2 0 1 0 1 1 0 1 0 0 -1 1 -1 1 -1 1 -2 1 -3 2 -3 1 -3 1 -1 -1 -1 -1 -1 -1 -1 -1 -1 -1 -1 -1 -1 -1 -1 -1 -1 -1 -1 -1 0 0 -28 16 -26 16 -30 18 -30 15 -30 17 -26 12 -31 13 -25 12 -32 19 -33 12 -36 12 -34 12 -36 14 -34 12 -28 9 -32 11 -28 13 -31 11 -24 9 -27 9 -25 7 -26 12 -27 7 -27 8 -32 8 -25 10 -21 27 -25 9 -25 10 -21 10 -20 11 -22 10 -20 14 -20 11 -19 13 -18 15 -18 13 -18 13 -19 12 -17 15 -16 14 -11 16 -13 13 -13 15 -12 12 -9 14 -11 13 -9 14 -8 14 -12 15 -11 14 -10 13 -10 13 1 22 3 24 4 23 10 23 -1 -1 ]
CSI_DATA,STA,08:3A:F2:51:5D:9D,-50,11,1,0,1,1,1,0,0,0,0,-93,0,6,1,19921270,0,110,0,0,20.143966,384,[110 96 6 0 0 0 0 0 0 0 0 0 -15 -18 -15 -17 -18 -19 -17 -23 -15 -21 -12 -19 -14 -21 -12 -19 -13 -19 -12 -21 -13 -24 -14 -23 -13 -23 -11 -23 -9 -20 -13 -22 -10 -20 -8 -20 -9 -19 -9 -18 -9 -19 -9 -19 -6 -17 -9 -19 -10 -21 -10 -18 0 0 -10 -18 -12 -15 -12 -17 -11 -14 -9 -16 -11 -15 -11 -15 -11 -13 -12 -13 -12 -9 -13 -11 -10 -11 -11 -11 -12 -10 -12 -9 -13 -9 -14 -10 -12 -7 -12 -7 -12 -5 -12 -8 -12 -7 -12 -7 -13 -6 -11 -7 -11 -5 0 0 0 0 0 0 0 0 0 0 -1 -1 -1 -1 9 18 10 18 13 15 11 13 3 14 3 13 5 14 3 15 5 13 3 10 5 11 6 9 7 11 6 11 5 11 6 10 8 11 7 10 5 9 7 8 8 8 6 9 7 6 6 7 6 7 7 6 6 7 7 6 6 7 6 6 8 4 6 6 6 6 5 5 5 5 4 6 5 5 4 4 3 4 3 4 2 4 2 4 2 4 1 3 0 3 0 2 -1 2 -1 2 -2 1 -2 0 -3 0 -3 0 -3 0 -4 -1 -4 -2 -4 -2 -5 -3 -1 -1 -1 -1 -1 -1 -1 -1 -1 -1 -1 -1 -1 -1 -1 -1 -1 -1 -1 -1 0 0 -35 -19 -34 -17 -39 -21 -37 -23 -36 -22 -30 -20 -34 -24 -30 -19 -38 -23 -32 -26 -35 -29 -34 -27 -37 -29 -34 -28 -27 -24 -32 -26 -32 -24 -30 -27 -26 -20 -26 -23 -24 -22 -29 -21 -25 -23 -26 -22 -28 -27 -26 -20 -32 -12 -26 -20 -26 -19 -26 -16 -24 -14 -25 -18 -27 -14 -25 -13 -27 -12 -27 -11 -25 -9 -26 -9 -25 -11 -26 -9 -25 -8 -25 -3 -23 -5 -27 -5 -22 -4 -22 -2 -21 -3 -22 -1 -22 0 -23 -4 -22 -2 -21 -2 -21 -3 -21 7 -23 10 -23 11 -20 15 -1 -1 ]
CSI_DATA,STA,08:3A:F2:51:5D:9D,-50,11,1,0,1,1,1,0,0,0,0,-93,0,6,1,19921786,0,110,0,0,20.154792,384,[110 96 6 0 0 0 0 0 0 0 0 0 14 -19 13 -18 15 -21 18 -20 16 -20 15 -15 17 -18 16 -16 16 -17 18 -15 20 -17 20 -17 19 -16 19 -15 17 -12 19 -18 17 -14 17 -13 16 -13 15 -12 16 -12 16 -13 16 -9 17 -12 18 -13 15 -13 0 0 14 -13 12 -15 13 -15 11 -14 12 -11 11 -14 12 -14 10 -13 10 -14 7 -14 8 -14 9 -12 8 -13 6 -13 6 -13 5 -14 7 -16 4 -13 4 -14 2 -13 4 -13 3 -13 4 -13 3 -13 4 -12 2 -12 0 0 0 0 0 0 0 0 0 0 -1 -1 -1 -1 -11 17 -11 18 -8 19 -4 16 -12 8 -10 7 -11 8 -12 8 -10 8 -8 6 -8 8 -6 8 -8 10 -8 9 -9 8 -8 8 -8 10 -7 9 -6 8 -5 9 -4 9 -6 9 -3 7 -5 7 -5 7 -4 8 -5 8 -3 8 -5 7 -4 8 0 10 -4 7 -4 7 -3 6 -3 6 -4 5 -3 5 -3 4 -3 5 -3 4 -3 3 -3 3 -3 2 -4 2 -3 1 -3 1 -3 0 -3 0 -3 -1 -2 -1 -2 -2 -2 -2 -2 -2 -1 -3 -1 -4 0 -4 0 -4 -1 -1 -1 -1 -1 -1 -1 -1 -1 -1 -1 -1 -1 -1 -1 -1 -1 -1 -1 -1 0 0 3 -36 2 -34 4 -38 5 -38 5 -37 5 -31 7 -36 4 -31 4 -40 10 -36 12 -38 11 -37 11 -40 11 -38 9 -31 10 -34 7 -34 11 -34 6 -28 9 -29 9 -27 6 -31 10 -28 9 -29 13 -32 7 -28 -7 -34 7 -29 6 -28 3 -26 3 -25 4 -26 1 -27 2 -25 0 -26 -2 -26 -1 -22 -1 -24 1 -24 -2 -24 -3 -23 -7 -21 -4 -20 -6 -23 -5 -19 -7 -19 -5 -19 -8 -18 -8 -18 -6 -20 -6 -19 -6 -18 -6 -18 -17 -14 -21 -14 -21 -14 -24 -8 -1 -1 ]
CSI_DATA,STA,08:3A:F2:51:5D:9D,-50,11,1,0,1,1,1,0,0,0,0,-93,0,6,1,19922505,0,110,0,0,20.165209,384,[110 96 6 0 0 0 0 0 0 0 0 0 14 17 14 16 17 19 15 22 14 20 11 18 13 20 11 18 12 19 11 20 11 23 12 22 11 22 9 22 7 19 12 22 9 19 7 20 8 19 8 17 8 18 8 19 5 17 7 19 8 20 9 17 0 0 9 16 10 15 10 16 10 14 8 14 10 14 10 14 9 12 11 13 11 9 11 11 9 11 10 11 11 8 11 9 12 8 13 10 11 6 12 6 11 4 11 7 11 6 11 7 12 6 10 6 10 4 0 0 0 0 0 0 0 0 0 0 -1 -1 -1 -1 -16 -14 -17 -15 -18 -11 -15 -8 -6 -13 -6 -12 -8 -14 -7 -13 -7 -11 -5 -10 -7 -10 -7 -8 -9 -10 -8 -10 -8 -11 -8 -9 -10 -10 -8 -10 -7 -8 -9 -7 -9 -7 -9 -8 -8 -5 -8 -7 -7 -7 -8 -6 -7 -7 -9 -6 -8 -7 -8 -6 -10 -2 -7 -6 -7 -5 -6 -4 -6 -5 -6 -6 -6 -5 -5 -4 -5 -4 -4 -4 -4 -4 -3 -5 -3 -5 -2 -4 -2 -4 -1 -3 0 -3 -1 -3 0 -2 0 -2 1 -2 1 -2 1 -2 2 -1 2 0 2 0 3 1 -1 -1 -1 -1 -1 -1 -1 -1 -1 -1 -1 -1 -1 -1 -1 -1 -1 -1 -1 -1 0 0 33 10 31 9 35 11 33 13 34 12 28 12 32 15 28 10 37 13 32 18 34 20 33 18 36 19 33 19 27 16 30 17 30 14 30 18 24 12 26 15 22 15 28 12 24 16 25 15 28 20 25 13 34 0 25 13 25 12 23 9 23 8 23 10 25 6 23 8 24 5 24 4 21 4 23 4 23 6 23 3 22 2 21 -3 19 0 22 -1 18 0 18 -3 18 -1 18 -3 18 -5 20 -1 19 -2 18 -2 18 -2 16 -13 18 -17 17 -18 13 -21 -1 -1 ]
CSI_DATA,STA,08:3A:F2:51:5D:9D,-51,11,1,0,1,1,1,0,0,0,0,-93,0,6,1,20023427,0,110,0,0,20.190014,384,[110 96 6 0 0 0 0 0 0 0 0 0 24 2 22 2 27 2 27 5 25 5 21 5 24 6 21 6 23 5 23 7 25 9 26 8 24 8 24 9 19 9 25 8 21 8 20 9 19 7 18 7 19 8 20 7 17 9 19 8 21 8 19 5 0 0 19 6 19 3 19 4 18 2 16 5 18 3 18 4 16 2 18 1 15 -2 16 -1 15 1 15 0 15 -2 15 -2 15 -3 17 -3 13 -4 14 -4 12 -5 13 -3 13 -4 13 -4 13 -5 12 -3 11 -4 0 0 0 0 0 0 0 0 0 0 -1 -1 -1 -1 -21 2 -22 3 -20 6 -17 6 -13 -5 -12 -4 -13 -4 -13 -5 -12 -3 -10 -3 -11 -2 -9 0 -12 0 -11 -1 -12 -1 -10 0 -12 0 -11 0 -9 0 -9 1 -9 2 -9 1 -8 2 -8 1 -8 0 -8 2 -8 1 -8 2 -8 1 -7 2 -6 6 -7 2 -7 1 -5 2 -5 1 -6 1 -5 1 -5 1 -4 1 -4 1 -3 1 -3 0 -3 0 -2 0 -2 0 -1 0 0 0 0 0 0 0 1 -1 1 -1 2 -1 2 -2 3 -1 3 -1 3 0 4 1 -1 -1 -1 -1 -1 -1 -1 -1 -1 -1 -1 -1 -1 -1 -1 -1 -1 -1 0 0 0 0 30 -17 28 -17 33 -18 33 -16 32 -16 28 -13 33 -13 26 -14 35 -18 34 -12 37 -13 35 -12 37 -14 36 -12 29 -10 33 -10 31 -14 34 -10 26 -10 28 -9 26 -7 27 -12 27 -8 27 -9 32 -8 26 -12 22 -29 26 -10 26 -11 22 -11 21 -11 23 -11 21 -14 20 -12 20 -15 19 -16 17 -14 18 -15 19 -13 18 -16 17 -15 11 -18 13 -15 14 -17 12 -14 11 -16 12 -14 10 -16 9 -16 12 -16 11 -16 10 -15 10 -15 -1 -23 -2 -26 -3 -26 -7 -25 -1 -1 ]
CSI_DATA,STA,08:3A:F2:51:5D:9D,-50,11,1,0,1,1,1,0,0,0,0,-93,0,6,1,20051849,0,110,0,0,20.218399,384,[110 96 6 0 0 0 0 0 0 0 0 0 -14 17 -13 17 -15 20 -19 19 -17 18 -16 14 -17 17 -16 14 -16 16 -18 15 -20 16 -20 17 -20 15 -20 14 -18 11 -19 16 -18 13 -18 12 -17 12 -16 11 -16 11 -17 12 -16 9 -17 12 -19 13 -15 13 0 0 -15 12 -14 14 -15 14 -12 14 -14 11 -13 13 -13 13 -11 12 -12 14 -8 13 -9 14 -10 12 -9 12 -7 13 -8 13 -7 14 -9 15 -6 13 -5 13 -4 12 -6 13 -5 12 -6 13 -5 13 -6 12 -4 11 0 0 0 0 0 0 0 0 0 0 -1 -1 -1 -1 16 -14 16 -15 14 -17 11 -15 14 -7 12 -6 13 -8 14 -7 11 -7 10 -6 11 -8 9 -7 10 -9 10 -8 10 -8 9 -9 9 -10 8 -9 7 -7 7 -9 5 -10 7 -9 4 -8 6 -8 6 -7 5 -9 6 -8 4 -9 6 -9 5 -9 1 -11 5 -9 4 -8 3 -7 4 -8 4 -7 4 -7 3 -6 3 -6 3 -6 3 -6 3 -5 3 -4 3 -4 3 -3 3 -4 2 -2 2 -2 2 -2 2 -1 2 0 1 0 1 1 0 1 0 2 0 2 -1 2 0 0 -1 -1 -1 -1 -1 -1 -1 -1 -1 -1 -1 -1 -1 -1 0 0 0 0 -1 -1 -9 36 -8 35 -10 38 -12 38 -11 37 -11 31 -14 36 -11 31 -13 40 -17 35 -18 38 -17 37 -18 40 -18 37 -16 30 -16 35 -13 35 -17 34 -12 29 -16 29 -16 26 -13 31 -17 27 -15 29 -19 32 -12 29 0 35 -13 29 -12 28 -9 28 -7 26 -11 28 -7 28 -8 26 -6 28 -4 28 -5 24 -3 27 -5 26 -3 26 -2 26 3 23 0 23 1 26 0 22 2 22 1 22 4 22 4 21 1 23 1 21 2 20 1 20 12 18 17 20 16 20 19 16 -1 -1 ]
CSI_DATA,STA,08:3A:F2:51:5D:9D,-49,11,1,0,1,1,1,0,0,0,0,-93,0,6,1,20084570,0,110,0,0,20.250944,384,[110 96 6 0 0 0 0 0 0 0 0 0 -5 20 -4 20 -5 23 -8 24 -7 22 -8 18 -8 21 -8 19 -8 20 -10 20 -11 22 -10 22 -11 21 -12 20 -11 16 -11 22 -11 18 -11 17 -10 17 -10 16 -11 16 -11 17 -11 14 -11 17 -12 18 -9 17 0 0 -9 17 -7 17 -8 18 -7 17 -9 15 -7 17 -8 17 -6 15 -6 17 -3 15 -3 17 -5 15 -5 15 -3 15 -3 15 -2 16 -3 18 -1 14 -1 15 1 13 -1 15 -1 14 -1 15 0 15 -2 13 0 13 0 0 0 0 0 0 0 0 0 0 -1 -1 -1 -1 12 -21 14 -23 9 -22 6 -21 14 -13 12 -11 13 -13 14 -11 12 -12 10 -9 10 -12 8 -12 9 -14 10 -13 10 -13 9 -13 10 -14 9 -12 8 -11 7 -13 4 -14 7 -13 3 -11 5 -12 6 -11 4 -13 6 -12 4 -13 6 -13 4 -13 -1 -14 3 -13 4 -13 3 -11 2 -12 4 -11 3 -11 2 -10 2 -10 3 -10 2 -10 3 -10 3 -9 3 -9 3 -8 1 -9 1 -7 1 -8 2 -6 0 -6 1 -5 1 -5 1 -5 1 -5 1 -4 1 -4 0 -4 -1 -1 0 0 0 0 -1 -1 -1 -1 -1 -1 0 0 0 0 -1 -1 -1 -1 -1 -1 7 34 7 32 7 37 4 36 6 36 3 30 2 36 4 30 6 39 0 37 -1 40 0 38 -1 41 -2 39 -2 32 -1 36 1 35 -2 37 0 29 -2 31 -3 28 1 32 -4 31 -3 32 -6 36 -1 31 12 32 -2 31 0 31 2 28 2 27 0 29 4 28 2 27 4 28 6 27 4 25 6 26 3 27 6 27 6 25 11 22 7 22 10 25 7 21 10 19 9 20 11 20 11 19 9 23 9 21 8 20 8 20 20 16 24 16 22 14 26 10 -1 -1 ]
CSI_DATA,STA,08:3A:F2:51:5D:9D,-50,11,1,0,1,1,1,0,0,0,0,-93,0,6,1,20092642,0,110,0,0,20.261749,384,[110 96 6 0 0 0 0 0 0 0 0 0 21 -5 20 -5 23 -6 25 -3 23 -4 20 -1 23 -2 21 -1 22 -2 22 0 25 1 25 0 24 1 23 2 20 3 25 0 21 2 20 3 20 2 18 2 19 3 20 2 17 4 20 3 21 3 19 1 0 0 19 1 19 -1 20 0 18 -1 17 1 18 -1 18 0 16 -1 17 -2 14 -4 16 -4 15 -2 15 -2 14 -4 14 -4 14 -6 17 -5 13 -6 14 -5 11 -6 13 -5 13 -5 13 -5 13 -6 12 -4 11 -5 0 0 0 0 0 0 0 0 0 0 -1 -1 -1 -1 -24 2 -23 2 -23 6 -19 7 -15 -5 -14 -5 -15 -5 -15 -6 -13 -4 -11 -3 -13 -3 -11 -1 -13 -1 -13 -2 -13 -2 -12 -2 -14 -1 -13 -1 -11 -2 -11 1 -11 2 -11 0 -9 2 -11 0 -10 0 -10 2 -10 0 -10 2 -11 0 -10 2 -8 8 -10 2 -10 1 -8 1 -8 1 -9 1 -8 2 -8 2 -7 1 -7 1 -6 1 -7 0 -6 1 -6 0 -5 0 -4 1 -4 0 -4 0 -3 0 -2 0 -2 0 -2 0 -1 0 -1 0 -1 0 -1 1 0 1 0 0 0 0 -1 -1 -1 -1 -1 -1 -1 -1 -1 -1 0 0 0 0 -1 -1 -1 -1 21 -23 21 -23 24 -24 25 -23 24 -22 21 -19 26 -20 21 -18 26 -25 28 -19 30 -21 29 -20 31 -22 30 -19 25 -16 28 -17 26 -20 28 -16 22 -16 25 -15 23 -12 24 -17 24 -12 25 -14 30 -14 23 -15 16 -31 24 -15 23 -14 20 -15 19 -14 21 -15 18 -17 18 -15 18 -17 17 -18 15 -16 16 -18 18 -16 16 -18 16 -18 10 -19 12 -16 13 -19 11 -16 10 -17 11 -16 8 -18 8 -17 12 -18 11 -17 10 -16 10 -16 -1 -23 -3 -27 -4 -27 -8 -26 -1 -1 ]
CSI_DATA,STA,08:3A:F2:51:5D:9D,-50,11,1,0,1,1,1,0,0,0,0,-93,0,6,1,20096844,0,110,0,0,20.272796,384,[110 96 6 0 0 0 0 0 0 0 0 0 16 -16 15 -15 17 -18 20 -17 18 -15 17 -12 19 -14 18 -12 18 -13 19 -12 22 -13 21 -13 21 -12 21 -11 18 -9 21 -13 19 -11 19 -8 18 -9 17 -9 18 -8 18 -9 17 -6 18 -9 19 -10 17 -10 0 0 17 -10 15 -11 16 -12 14 -11 15 -9 14 -11 15 -11 13 -10 13 -11 10 -11 11 -13 11 -10 11 -11 9 -12 9 -12 9 -13 11 -14 7 -13 8 -13 5 -12 8 -12 7 -12 7 -12 6 -13 7 -11 5 -11 0 0 0 0 0 0 0 0 0 0 -1 -1 -1 -1 -18 12 -18 12 -17 16 -13 14 -16 3 -15 4 -15 4 -16 3 -14 4 -12 4 -13 5 -10 6 -12 7 -12 6 -13 6 -11 7 -12 8 -11 6 -10 5 -10 7 -9 9 -10 7 -7 7 -9 6 -9 6 -8 7 -8 6 -7 8 -9 7 -7 8 -2 11 -7 8 -7 7 -6 6 -5 7 -6 6 -5 6 -5 5 -4 5 -4 5 -4 5 -4 5 -3 4 -3 4 -3 4 -2 4 -2 3 -1 3 -1 3 -1 3 0 3 0 2 1 2 1 2 1 1 2 2 2 2 0 0 0 0 -1 -1 -1 -1 -1 -1 -1 -1 -1 -1 0 0 0 0 -1 -1 -1 -1 9 -33 9 -32 11 -35 13 -35 13 -33 12 -29 16 -33 11 -29 15 -36 17 -31 18 -34 18 -33 18 -36 18 -34 16 -28 19 -30 16 -32 19 -30 14 -26 17 -26 16 -23 15 -28 16 -24 16 -26 20 -28 13 -26 1 -35 15 -26 14 -25 11 -25 10 -23 13 -26 10 -26 10 -24 8 -26 7 -26 6 -22 5 -25 7 -24 5 -25 5 -25 0 -24 2 -22 2 -25 2 -21 0 -22 1 -21 -1 -22 -1 -21 1 -22 0 -21 0 -20 1 -21 -11 -20 -15 -22 -16 -23 -18 -19 -1 -1 ]
CSI_DATA,STA,08:3A:F2:51:5D:9D,-50,11,1,0,1,1,1,0,0,0,0,-93,0,6,1,20097273,0,110,0,0,20.283386,384,[110 96 6 0 0 0 0 0 0 0 0 0 21 5 20 4 23 5 25 8 22 7 19 8 21 9 19 9 20 8 19 10 22 12 22 11 21 11 20 12 16 11 22 11 19 11 16 11 17 10 16 10 16 11 17 10 13 11 17 11 18 12 17 9 0 0 17 9 17 7 18 8 16 5 15 8 16 6 17 7 15 5 16 5 14 2 16 2 14 4 15 4 15 1 14 1 15 0 17 2 14 -1 14 0 12 -2 14 1 13 0 13 0 14 -2 12 0 12 -1 0 0 0 0 0 0 0 0 0 0 -1 -1 -1 -1 -20 -11 -20 -10 -23 -7 -18 -6 -12 -12 -12 -11 -13 -11 -13 -12 -12 -10 -10 -9 -12 -9 -11 -6 -13 -8 -12 -8 -13 -8 -13 -6 -14 -7 -13 -6 -11 -6 -13 -4 -13 -3 -12 -6 -12 -2 -12 -4 -11 -4 -12 -3 -11 -4 -12 -1 -12 -3 -12 -1 -11 3 -11 -2 -11 -2 -10 -1 -9 -1 -10 -2 -10 -1 -9 -1 -9 -1 -8 0 -8 0 -7 -1 -7 0 -6 0 -6 0 -5 1 -4 1 -5 1 -4 1 -3 1 -3 2 -3 2 -2 2 -2 2 -2 2 -1 3 -1 3 0 0 0 0 -1 -1 -1 -1 -1 -1 -1 -1 -1 -1 0 0 0 0 -1 -1 -1 -1 34 -9 33 -9 37 -8 38 -7 36 -6 32 -5 37 -3 32 -5 40 -6 36 0 39 -2 38 -2 41 -3 39 -1 33 0 36 1 37 -3 36 2 31 -1 32 2 30 3 33 0 29 2 31 0 35 3 30 -2 31 -16 31 -1 29 -1 28 -3 25 -3 29 -2 28 -5 26 -4 27 -6 27 -7 22 -6 24 -8 24 -6 25 -9 24 -9 20 -12 21 -10 23 -11 20 -10 19 -11 19 -9 18 -12 18 -12 20 -10 18 -11 17 -10 18 -10 12 -18 12 -24 12 -25 9 -24 -1 -1 ]
CSI_DATA,STA,08:3A:F2:51:5D:9D,-50,11,1,0,1,1,1,0,0,0,0,-93,0,6,1,20097762,0,110,0,0,20.293539,384,[110 96 6 0 0 0 0 0 0 0 0 0 -7 21 -7 20 -8 23 -12 24 -11 21 -11 18 -12 20 -12 18 -12 19 -13 19 -15 21 -14 21 -14 20 -15 19 -14 15 -15 20 -14 17 -15 15 -14 15 -13 14 -14 14 -14 15 -14 12 -14 15 -15 16 -12 15 0 0 -13 15 -11 16 -11 16 -10 15 -12 13 -11 14 -11 15 -10 13 -9 15 -6 14 -6 15 -7 13 -7 14 -6 14 -6 14 -5 15 -6 16 -4 13 -4 14 -2 13 -5 13 -4 13 -4 13 -2 14 -4 12 -2 12 0 0 0 0 0 0 0 0 0 0 -1 -1 -1 -1 16 -16 14 -16 13 -20 11 -16 14 -8 13 -8 13 -9 14 -8 12 -8 10 -8 11 -9 9 -9 11 -10 10 -9 11 -10 9 -11 10 -12 9 -11 8 -9 7 -10 7 -12 8 -10 5 -10 7 -9 7 -9 5 -10 6 -9 4 -11 6 -10 5 -11 0 -12 5 -11 5 -9 3 -9 3 -9 4 -9 3 -9 2 -8 2 -8 3 -7 2 -7 2 -7 1 -7 1 -6 1 -6 0 -6 0 -5 -1 -5 -1 -5 -1 -4 -1 -4 -2 -4 -2 -3 -3 -3 -3 -4 -3 -3 -3 -4 0 0 0 0 -1 -1 -1 -1 -1 -1 -1 -1 -1 -1 0 0 0 0 -1 -1 -1 -1 1 36 3 36 0 39 -2 41 -2 37 -3 34 -5 39 -4 33 -4 41 -8 37 -7 41 -7 40 -7 42 -8 40 -8 34 -10 36 -7 39 -12 35 -7 31 -10 31 -11 29 -8 33 -11 28 -9 31 -13 34 -7 31 5 33 -9 31 -8 29 -5 29 -5 26 -7 30 -4 28 -5 27 -3 28 -2 28 -1 24 1 27 -2 26 1 26 1 26 4 23 2 23 3 25 3 23 4 21 3 21 5 21 5 20 3 22 5 21 4 20 4 21 12 18 19 19 19 19 19 15 -1 -1 ]
CSI_DATA,STA,08:3A:F2:51:5D:9D,-50,11,1,0,1,1,1,0,0,0,0,-93,0,6,1,20098269,0,110,0,0,20.303725,384,[110 96 6 0 0 0 0 0 0 0 0 0 -23 -2 -22 -2 -26 -2 -27 -5 -24 -5 -21 -6 -24 -6 -22 -6 -22 -6 -22 -8 -25 -9 -25 -8 -24 -8 -23 -9 -19 -9 -24 -9 -21 -9 -19 -10 -20 -9 -18 -8 -19 -9 -20 -9 -16 -10 -20 -9 -21 -9 -19 -7 0 0 -19 -7 -19 -5 -20 -6 -18 -4 -17 -7 -18 -5 -18 -5 -17 -4 -18 -4 -16 0 -17 -1 -15 -3 -16 -2 -15 0 -16 -1 -16 1 -18 0 -15 2 -15 2 -13 3 -15 1 -14 1 -15 2 -14 3 -13 1 -13 2 0 0 0 0 0 0 0 0 0 0 -1 -1 -1 -1 19 10 20 9 23 6 18 5 12 11 12 9 13 9 13 11 12 9 11 7 12 7 11 5 13 6 12 6 13 6 13 4 14 5 13 5 11 4 12 3 14 1 12 4 11 0 11 2 11 3 11 1 10 2 11 -1 12 1 11 -1 10 -5 11 0 10 1 10 0 9 -1 9 0 9 -1 8 -1 8 -1 7 -1 6 -2 7 -2 7 -1 6 -2 5 -2 4 -3 4 -3 4 -3 3 -3 2 -4 2 -3 2 -4 1 -4 1 -4 1 -4 1 -4 1 -5 0 0 0 0 -1 -1 -1 -1 -1 -1 -1 -1 -1 -1 0 0 0 0 -1 -1 -1 -1 -37 10 -36 11 -39 10 -42 9 -38 7 -35 6 -40 4 -35 6 -43 6 -40 1 -43 4 -41 4 -44 4 -43 3 -37 1 -39 0 -41 4 -38 -2 -34 2 -34 -1 -33 -2 -36 1 -32 -2 -34 1 -38 -2 -33 3 -31 15 -34 1 -32 1 -31 4 -28 4 -32 2 -30 5 -29 4 -30 6 -29 7 -24 8 -26 9 -26 7 -26 10 -26 9 -22 12 -23 10 -25 11 -22 11 -20 11 -20 10 -20 13 -20 12 -21 11 -20 12 -19 11 -19 11 -13 17 -13 24 -13 24 -10 24 -1 -1 ]
CSI_DATA,STA,08:3A:F2:51:5D:9D,-48,11,1,0,1,1,1,0,0,0,0,-93,0,6,1,20114225,0,110,0,0,20.313998,384,[110 96 6 0 0 0 0 0 0 0 0 0 -21 -6 -20 -6 -23 -6 -24 -9 -22 -8 -18 -9 -21 -10 -18 -9 -20 -9 -19 -11 -21 -13 -22 -12 -21 -12 -20 -13 -16 -12 -21 -12 -18 -11 -17 -12 -17 -11 -16 -11 -16 -11 -18 -12 -14 -12 -17 -12 -18 -13 -17 -10 0 0 -17 -10 -18 -8 -18 -9 -17 -7 -15 -9 -17 -8 -17 -9 -16 -7 -17 -6 -15 -4 -16 -4 -15 -6 -15 -5 -16 -3 -15 -3 -16 -2 -18 -4 -15 -1 -15 -1 -14 0 -15 -2 -15 -1 -16 -2 -15 0 -14 -2 -14 0 0 0 0 0 0 0 0 0 0 0 -1 -1 -1 -1 24 4 25 6 25 0 22 -2 13 10 11 9 13 9 12 10 12 8 9 7 12 7 11 4 14 5 13 7 13 8 12 6 15 6 13 6 11 5 13 3 13 1 13 4 11 1 11 2 11 4 12 1 11 3 12 1 13 3 12 1 13 -7 11 1 12 1 10 0 10 0 11 1 11 -1 9 -1 9 -1 9 0 9 -1 10 1 10 0 9 0 8 0 7 -2 6 -1 8 -2 6 -1 6 -2 6 -1 6 -2 6 -2 6 -1 6 -1 5 -1 5 -2 -1 -1 -1 -1 -1 -1 -1 -1 -1 -1 -1 -1 -1 -1 -1 -1 -1 -1 0 0 0 0 -29 9 -28 9 -32 10 -31 7 -31 9 -26 5 -32 5 -26 6 -34 9 -33 3 -36 3 -34 2 -37 4 -35 3 -28 2 -32 3 -29 6 -32 2 -25 3 -28 2 -25 -1 -28 5 -27 0 -28 1 -33 -2 -28 2 -28 19 -27 1 -28 4 -24 4 -23 5 -25 3 -24 8 -23 5 -23 7 -23 9 -22 6 -23 8 -23 7 -22 9 -22 8 -17 13 -18 9 -20 12 -18 8 -16 10 -18 10 -15 12 -15 12 -19 11 -18 11 -16 10 -17 9 -9 23 -8 28 -7 26 -1 29 -1 -1 ]
CSI_DATA,STA,08:3A:F2:51:5D:9D,-48,11,1,0,1,1,1,0,0,0,0,-93,0,6,1,20189052,0,110,0,0,20.355708,384,[110 96 6 0 0 0 0 0 0 0 0 0 12 16 12 16 14 18 13 20 12 19 9 17 10 19 9 18 10 18 9 19 9 22 10 21 9 21 8 21 5 18 9 21 7 19 5 18 6 18 6 17 5 18 6 19 3 17 6 18 6 20 7 17 0 0 7 18 9 16 9 17 8 15 6 16 8 15 8 16 8 14 9 15 9 11 10 12 8 12 9 12 10 11 10 11 11 10 11 12 11 9 11 9 11 7 10 10 11 9 11 9 12 8 10 8 10 7 0 0 0 0 0 0 0 0 0 0 -1 -1 -1 -1 -9 -22 -10 -23 -14 -22 -12 -19 -2 -19 -2 -18 -3 -19 -2 -19 -3 -17 -2 -15 -4 -16 -4 -14 -6 -17 -5 -15 -5 -17 -6 -16 -8 -17 -7 -15 -6 -14 -7 -14 -9 -14 -6 -15 -9 -10 -7 -12 -6 -12 -8 -12 -7 -12 -10 -11 -8 -13 -10 -11 -14 -7 -10 -11 -8 -11 -9 -10 -9 -10 -9 -10 -9 -9 -9 -8 -9 -8 -9 -8 -9 -7 -9 -8 -9 -8 -9 -7 -8 -7 -8 -6 -8 -6 -9 -5 -7 -5 -8 -4 -7 -5 -7 -4 -7 -3 -7 -4 -7 -4 -7 -4 -7 -4 -1 -1 -1 -1 -1 -1 -1 -1 -1 -1 -1 -1 -1 -1 -1 -1 -1 -1 0 0 0 0 30 14 30 13 32 16 32 18 30 17 25 16 29 20 25 15 33 19 27 21 30 23 29 21 31 23 29 23 25 20 26 23 29 21 24 24 22 18 22 20 20 20 24 19 20 20 23 19 24 24 23 17 32 8 23 20 22 18 23 16 21 14 22 17 23 14 22 14 24 13 24 12 20 11 24 10 22 12 24 10 24 9 23 5 22 7 24 7 21 6 21 4 21 5 22 3 21 2 22 5 22 4 21 3 21 4 22 -6 26 -11 26 -12 24 -14 -1 -1 ]
CSI_DATA,STA,08:3A:F2:51:5D:9D,-48,11,1,0,1,1,1,0,0,0,0,-93,0,6,1,20197278,0,110,0,0,20.366903,384,[110 96 6 0 0 0 0 0 0 0 0 0 21 8 21 7 24 8 25 12 22 10 19 11 21 12 19 11 20 11 19 12 22 15 22 14 21 14 20 15 16 14 21 14 18 14 16 14 16 13 16 12 16 13 17 13 13 13 16 13 18 14 17 11 0 0 17 12 17 9 18 11 17 8 15 11 17 9 17 10 15 8 17 8 15 4 17 4 15 6 15 6 16 3 15 4 17 2 18 4 15 1 16 1 14 0 15 2 15 1 15 2 16 0 14 2 13 0 0 0 0 0 0 0 0 0 0 0 -1 -1 -1 -1 -19 -19 -20 -18 -24 -16 -20 -13 -12 -18 -12 -16 -14 -17 -12 -19 -12 -16 -11 -14 -13 -15 -12 -11 -15 -14 -14 -13 -14 -14 -15 -12 -17 -13 -15 -12 -14 -11 -15 -10 -17 -8 -14 -11 -15 -7 -14 -9 -13 -9 -15 -7 -14 -8 -16 -6 -16 -8 -16 -5 -16 0 -16 -6 -15 -6 -14 -5 -14 -4 -14 -6 -15 -4 -14 -3 -14 -4 -13 -3 -12 -2 -13 -3 -13 -3 -12 -2 -12 -2 -12 0 -10 -1 -11 0 -10 0 -10 0 -9 0 -10 1 -10 1 -9 0 -9 1 -9 1 -9 1 -1 -1 -1 -1 -1 -1 -1 -1 -1 -1 -1 -1 -1 -1 -1 -1 -1 -1 0 0 0 0 39 -1 38 -2 42 0 43 2 40 2 36 3 41 6 36 3 45 4 40 9 44 8 42 8 45 8 43 9 36 9 39 9 41 7 38 11 34 7 34 10 32 10 36 8 32 11 34 8 38 12 34 6 36 -6 34 8 32 7 32 4 29 3 33 6 33 2 30 3 32 1 31 0 26 0 30 -3 29 0 30 -3 30 -3 26 -8 26 -5 28 -6 24 -6 25 -8 24 -6 24 -9 24 -9 25 -6 24 -8 23 -8 23 -8 20 -15 22 -22 21 -23 17 -24 -1 -1 ]
CSI_DATA,STA,08:3A:F2:51:5D:9D,-49,11,1,0,1,1,1,0,0,0,0,-93,0,6,1,20204625,0,110,0,0,20.378643,384,[110 96 6 0 0 0 0 0 0 0 0 0 -14 18 -14 17 -15 20 -18 19 -17 18 -16 14 -18 16 -17 14 -17 16 -19 14 -21 15 -21 16 -21 15 -21 13 -18 10 -21 16 -18 12 -19 10 -18 11 -17 10 -18 10 -18 11 -18 7 -19 10 -20 11 -17 11 0 0 -17 11 -15 13 -16 13 -14 13 -15 9 -14 12 -15 12 -13 11 -14 13 -10 13 -11 13 -12 11 -11 12 -9 12 -10 12 -9 14 -11 15 -7 13 -8 13 -6 13 -8 13 -7 13 -8 13 -6 13 -8 11 -6 12 0 0 0 0 0 0 0 0 0 0 -1 -1 -1 -1 19 -15 20 -16 17 -19 14 -17 17 -7 15 -6 16 -8 17 -6 15 -8 13 -6 14 -8 12 -8 14 -11 14 -9 15 -9 14 -9 14 -11 13 -10 11 -8 11 -12 9 -13 11 -11 7 -11 9 -10 10 -9 8 -12 10 -10 7 -12 10 -12 8 -13 2 -15 8 -12 7 -12 5 -11 6 -12 7 -11 5 -12 4 -11 4 -11 5 -11 4 -11 5 -11 4 -11 4 -10 3 -10 1 -10 2 -9 0 -10 1 -8 0 -9 1 -9 0 -9 -1 -9 0 -8 0 -9 1 -9 1 -9 -1 -1 -1 -1 -1 -1 -1 -1 -1 -1 -1 -1 -1 -1 -1 -1 -1 -1 0 0 0 0 -10 36 -9 34 -10 39 -13 37 -13 37 -12 31 -16 37 -13 31 -14 40 -20 35 -21 38 -21 36 -22 39 -21 37 -18 29 -19 34 -16 34 -21 33 -14 28 -18 29 -18 25 -16 31 -20 26 -18 28 -23 30 -16 28 -6 35 -17 28 -15 28 -12 26 -11 26 -14 26 -10 28 -12 26 -9 27 -8 29 -8 25 -7 26 -9 25 -6 27 -6 26 0 25 -3 23 -2 27 -3 22 0 23 -2 23 1 23 2 22 -3 24 -1 23 -1 21 -1 22 11 21 16 23 15 22 21 19 -1 -1 ]
CSI_DATA,STA,08:3A:F2:51:5D:9D,-49,11,1,0,1,1,1,0,0,0,0,-93,0,6,1,20208952,0,110,0,0,20.389535,384,[110 96 6 0 0 0 0 0 0 0 0 0 -3 22 -3 20 -3 25 -7 25 -6 24 -6 19 -7 22 -7 20 -6 21 -9 21 -10 23 -9 24 -10 22 -10 21 -10 17 -9 24 -9 19 -11 19 -9 18 -9 17 -9 17 -9 19 -11 15 -10 18 -11 19 -8 17 0 0 -8 18 -6 18 -7 18 -5 18 -7 16 -5 17 -6 18 -4 16 -4 17 -1 15 -2 17 -4 15 -3 15 -1 15 -1 15 1 15 0 18 1 14 2 15 3 13 1 14 2 14 1 14 2 14 0 13 2 12 0 0 0 0 0 0 0 0 0 0 -1 -1 -1 -1 -1 -25 -1 -27 -4 -25 -6 -22 7 -16 6 -14 5 -17 7 -15 5 -15 4 -12 4 -15 2 -13 2 -16 3 -16 4 -16 4 -15 2 -17 2 -16 2 -13 -1 -15 -2 -14 0 -15 -2 -12 -1 -13 0 -12 -3 -13 -1 -14 -4 -13 -1 -15 -3 -14 -11 -12 -3 -13 -4 -13 -4 -10 -4 -12 -3 -11 -5 -11 -5 -10 -5 -10 -4 -10 -5 -9 -4 -11 -5 -11 -5 -10 -5 -9 -6 -7 -5 -7 -7 -7 -4 -7 -6 -7 -5 -7 -7 -6 -7 -6 -6 -6 -6 -7 -5 -7 -5 -6 -1 -1 -1 -1 -1 -1 -1 -1 -1 -1 -1 -1 -1 -1 -1 -1 -1 -1 -1 -1 0 0 12 31 11 29 14 33 10 32 12 33 8 27 8 34 9 28 13 35 5 36 6 38 5 36 7 39 6 37 4 29 6 34 8 31 5 34 6 25 4 29 1 26 7 28 1 29 3 29 1 34 5 28 21 28 4 28 6 27 7 23 8 23 6 24 11 24 7 24 10 22 12 22 10 20 10 22 9 22 12 21 11 20 15 15 11 16 15 18 11 16 14 14 12 16 14 13 15 12 14 17 13 15 12 14 12 14 25 4 27 3 26 2 28 -5 -1 -1 ]
CSI_DATA,STA,08:3A:F2:51:5D:9D,-49,11,1,0,1,1,1,0,0,0,0,-93,0,6,1,20209551,0,110,0,0,20.399707,384,[110 96 6 0 0 0 0 0 0 0 0 0 -22 -6 -21 -6 -25 -6 -25 -9 -24 -9 -19 -9 -22 -10 -20 -10 -21 -9 -21 -12 -23 -13 -23 -12 -22 -13 -21 -13 -17 -12 -23 -12 -18 -11 -18 -13 -17 -11 -17 -11 -17 -12 -19 -12 -15 -13 -17 -12 -19 -13 -17 -10 0 0 -17 -10 -19 -8 -18 -9 -18 -7 -15 -9 -17 -8 -18 -9 -16 -7 -17 -6 -16 -3 -17 -4 -15 -6 -16 -5 -15 -3 -16 -3 -16 -2 -19 -3 -15 0 -15 -1 -14 1 -15 -1 -15 -1 -16 -1 -15 0 -14 -1 -13 0 0 0 0 0 0 0 0 0 0 0 -1 -1 -1 -1 23 2 26 3 24 -1 21 -5 14 8 11 7 14 8 12 9 13 6 10 5 13 5 11 3 14 3 14 5 14 6 13 4 15 4 14 4 11 3 13 1 12 -1 13 1 10 -1 12 0 11 1 12 -1 12 1 12 -2 14 1 12 -2 12 -10 12 -2 12 -2 9 -2 10 -3 11 -2 10 -4 9 -4 9 -4 9 -3 9 -4 9 -3 10 -3 9 -4 8 -4 7 -5 6 -4 7 -6 6 -4 6 -6 6 -4 5 -6 5 -6 6 -5 6 -4 6 -5 6 -5 -1 -1 -1 -1 -1 -1 -1 -1 -1 -1 -1 -1 -1 -1 -1 -1 -1 -1 -1 -1 0 0 -32 9 -31 8 -36 11 -33 6 -35 9 -29 4 -36 5 -28 5 -37 10 -38 2 -40 1 -38 1 -41 2 -38 1 -30 0 -35 3 -31 5 -36 2 -27 3 -30 1 -27 -2 -30 5 -30 -1 -30 -1 -35 -3 -29 2 -31 18 -28 1 -29 3 -24 4 -25 5 -26 3 -25 7 -25 5 -24 7 -24 9 -22 6 -24 8 -25 6 -23 9 -22 8 -18 14 -17 8 -21 12 -18 8 -15 11 -18 10 -16 12 -14 13 -19 11 -18 11 -17 11 -16 10 -9 24 -7 27 -6 25 1 28 -1 -1 ]
CSI_DATA,STA,08:3A:F2:51:5D:9D,-49,11,1,0,1,1,1,0,0,0,0,-93,0,6,1,20210051,0,110,0,0,20.410212,384,[110 96 6 0 0 0 0 0 0 0 0 0 8 -21 7 -20 8 -24 12 -24 10 -22 10 -19 12 -21 11 -19 10 -20 13 -19 15 -21 14 -21 14 -20 14 -19 13 -15 14 -21 13 -17 14 -15 12 -16 11 -15 12 -15 12 -17 13 -13 13 -16 14 -17 11 -16 0 0 11 -16 9 -17 10 -17 8 -16 10 -14 9 -17 9 -17 7 -15 8 -16 4 -15 5 -16 6 -14 6 -15 4 -15 4 -15 2 -16 4 -18 1 -15 2 -15 0 -14 2 -15 1 -15 2 -15 1 -15 2 -14 0 -13 0 0 0 0 0 0 0 0 0 0 -1 -1 -1 -1 -14 21 -14 22 -10 23 -7 20 -15 11 -14 10 -14 13 -15 11 -13 12 -11 9 -12 12 -9 11 -10 14 -11 13 -12 13 -11 13 -11 15 -10 13 -9 11 -7 13 -5 14 -8 13 -4 12 -6 13 -7 12 -4 13 -7 12 -4 14 -7 14 -5 14 2 16 -4 14 -4 13 -2 12 -2 12 -3 12 -1 12 -1 11 -1 11 -1 11 -1 11 -2 11 -1 11 -1 10 0 10 1 10 0 8 2 9 0 9 2 8 1 8 2 8 3 8 2 8 2 8 2 8 1 8 -1 -1 -1 -1 -1 -1 -1 -1 -1 -1 -1 -1 -1 -1 -1 -1 -1 -1 -1 -1 0 0 -2 -37 -3 -35 -3 -40 0 -39 -1 -39 1 -33 2 -39 0 -33 -1 -42 6 -39 7 -42 7 -41 7 -43 7 -41 6 -33 6 -37 3 -37 7 -37 3 -31 6 -32 7 -29 3 -33 8 -31 7 -32 11 -36 5 -32 -7 -35 5 -32 3 -31 1 -29 0 -28 3 -29 -2 -30 0 -28 -2 -29 -4 -29 -1 -26 -3 -28 -1 -28 -4 -28 -4 -26 -9 -24 -6 -23 -8 -26 -6 -22 -9 -22 -7 -22 -10 -21 -11 -21 -7 -23 -8 -22 -8 -21 -8 -21 -19 -17 -23 -18 -23 -16 -27 -11 -1 -1 ]
CSI_DATA,STA,08:3A:F2:51:5D:9D,-53,11,1,0,1,1,1,0,0,0,0,-93,0,6,1,20210403,0,110,0,0,20.420782,384,[110 96 6 0 0 0 0 0 0 0 0 0 -16 41 -9 52 -43 66 -45 63 -29 61 -34 45 -54 50 -33 41 -51 51 -54 51 -60 61 -59 51 -59 48 -56 53 -35 46 -64 58 -51 49 -36 46 -42 50 -48 45 -40 49 -56 46 -40 34 -50 57 -61 62 -45 53 0 0 -44 59 -34 56 -39 65 -21 65 -36 52 -31 64 -37 61 -25 53 -24 56 -18 50 -19 60 -24 52 -13 55 -13 48 -21 49 -10 55 -14 60 -9 47 -7 47 0 47 -9 53 -4 49 -13 57 -3 51 -10 47 -4 45 0 0 0 0 0 0 0 0 0 0 -1 -1 -1 -1 21 -36 18 -34 -9 -54 12 -35 16 -29 16 -23 12 -30 21 -24 14 -21 9 -22 12 -28 9 -22 13 -29 8 -28 13 -18 8 -22 9 -34 6 -24 8 -23 -1 -28 -9 -26 -2 -16 -6 -18 1 -24 3 -18 0 -24 1 -23 -15 -19 -1 -21 -4 -24 -17 -21 -15 -26 -5 -21 -7 -17 -13 -20 -2 -14 -7 -20 -13 -15 -5 -13 -5 -13 -18 -13 -9 -25 -14 -27 -7 -21 -9 -10 -10 -21 -12 -9 -15 -6 -20 -18 -15 -17 -14 -15 -10 -11 -13 -17 -7 -16 -12 -2 -8 -18 -10 -18 -1 -1 -1 -1 0 0 0 0 -1 -1 0 0 0 0 -1 -1 -1 -1 -1 -1 -1 -1 6 40 3 52 -5 59 -7 57 1 55 -6 43 -23 57 -2 50 -11 65 -22 58 -17 70 -15 64 -19 69 -12 67 -9 55 -22 63 -11 61 -13 57 -1 45 -17 52 -14 48 -14 55 -13 48 -13 59 -25 62 -8 58 9 67 -10 64 -6 52 -2 50 3 46 1 51 3 58 0 55 5 55 11 49 4 45 5 50 0 52 11 49 6 49 15 37 13 42 19 43 10 35 16 37 14 42 19 37 22 37 15 47 15 36 12 37 16 39 32 18 36 30 52 31 53 11 -1 -1 ]
CSI_DATA,STA,08:3A:F2:51:5D:9D,-49,11,1,0,1,1,1,0,0,0,0,-93,0,6,1,20210983,0,110,0,0,20.431695,384,[110 96 6 0 0 0 0 0 0 0 0 0 5 21 5 20 7 23 4 25 4 23 2 20 3 23 2 21 3 22 0 22 -1 25 0 25 -1 24 -2 23 -3 19 1 25 -1 20 -2 20 -1 19 -1 19 -2 19 -1 20 -4 17 -3 20 -3 21 -1 19 0 0 -1 19 2 19 1 19 3 17 -1 17 2 17 1 18 2 16 3 17 5 14 4 16 2 15 3 15 5 14 5 14 6 13 6 16 6 12 7 13 8 11 6 12 7 12 6 13 7 12 5 12 6 10 0 0 0 0 0 0 0 0 0 0 -1 -1 -1 -1 -7 -24 -7 -26 -11 -23 -11 -19 3 -18 2 -16 0 -19 2 -18 0 -17 0 -14 -1 -16 -2 -14 -3 -17 -2 -17 -1 -17 -2 -16 -4 -17 -3 -16 -2 -14 -5 -15 -6 -14 -5 -15 -6 -11 -6 -13 -4 -13 -7 -13 -5 -14 -7 -12 -6 -14 -7 -13 -13 -9 -7 -12 -7 -12 -7 -10 -8 -10 -7 -11 -9 -10 -8 -9 -8 -9 -7 -9 -8 -8 -7 -9 -8 -9 -8 -9 -8 -8 -8 -6 -7 -6 -9 -6 -6 -6 -8 -5 -7 -6 -8 -4 -8 -4 -8 -5 -8 -6 -7 -4 -7 -5 -1 -1 -1 -1 -1 -1 -1 -1 -1 -1 -1 -1 -1 -1 -1 -1 -1 -1 -1 -1 0 0 23 25 22 24 26 27 23 27 24 27 18 24 21 30 19 24 25 30 18 32 19 34 18 33 20 35 18 33 14 28 18 31 19 27 17 31 15 23 14 27 12 25 17 26 12 27 14 26 13 32 15 25 28 19 14 25 15 24 16 20 16 19 14 22 19 20 15 20 18 18 20 18 17 16 18 17 16 18 19 17 18 16 20 10 17 12 20 13 16 12 18 9 18 11 19 8 19 7 19 12 18 10 17 9 17 9 24 -2 27 -5 26 -5 26 -12 -1 -1 ]
CSI_DATA,STA,08:3A:F2:51:5D:9D,-45,11,1,0,0,1,1,0,0,0,0,-93,0,6,1,20211480,0,110,0,0,20.441867,256,[110 96 6 0 0 0 0 0 0 0 0 0 -4 11 -4 10 -4 12 -5 12 -5 11 -5 10 -5 10 -6 10 -5 10 -6 10 -6 10 -7 11 -6 10 -6 10 -6 8 -6 11 -6 8 -6 8 -6 8 -6 8 -6 7 -6 9 -5 7 -5 8 -5 9 -5 8 0 0 -4 8 -4 8 -3 8 -3 8 -3 7 -3 8 -3 8 -3 8 -2 8 -2 7 -3 8 -3 7 -2 7 -2 8 -2 7 -2 7 -1 8 -1 7 -1 7 -1 7 -1 6 0 7 0 7 0 7 0 7 0 6 0 0 0 0 0 0 0 0 0 0 -1 -1 -1 -1 -1 -1 -1 -1 4 24 2 21 -2 19 -2 20 -2 22 -2 22 -3 21 -5 20 -4 20 -5 19 -6 22 -6 20 -6 21 -7 22 -7 20 -6 21 -6 19 -6 21 -6 18 -7 16 -6 18 -6 17 -6 17 -7 17 -6 17 -5 16 -5 17 -5 16 -1 -1 -4 16 -3 15 -3 15 -2 17 -2 13 -2 16 -2 14 -1 13 -1 15 0 16 -1 15 -1 14 -1 14 0 14 0 14 0 14 1 14 1 12 2 13 1 13 3 12 3 14 2 12 2 13 2 12 3 12 2 10 4 13 -1 -1 -1 -1 -1 -1 ]
CSI_DATA,STA,08:3A:F2:51:5D:9D,-49,11,1,0,1,1,1,0,0,0,0,-93,0,6,1,20221152,0,110,0,0,20.448450,384,[110 96 6 0 0 0 0 0 0 0 0 0 -13 -18 -13 -17 -15 -20 -13 -23 -12 -20 -9 -19 -11 -21 -9 -19 -10 -20 -9 -21 -9 -23 -10 -23 -9 -23 -8 -23 -6 -20 -9 -23 -7 -20 -5 -20 -6 -20 -6 -18 -5 -19 -7 -20 -4 -17 -6 -19 -6 -21 -7 -18 0 0 -7 -18 -9 -17 -9 -18 -9 -15 -6 -17 -8 -16 -8 -17 -8 -15 -9 -16 -10 -12 -11 -13 -8 -13 -9 -13 -10 -12 -10 -12 -11 -12 -12 -14 -11 -10 -11 -10 -11 -8 -10 -11 -11 -10 -11 -10 -12 -9 -10 -10 -11 -8 0 0 0 0 0 0 0 0 0 0 -1 -1 -1 -1 8 21 9 22 13 20 12 17 0 17 1 16 2 18 0 18 2 16 1 13 3 15 4 13 6 15 4 15 4 16 5 15 6 16 5 15 4 13 7 13 9 12 6 13 8 10 6 12 6 12 8 11 6 11 9 10 8 12 9 10 13 7 9 10 9 10 8 8 8 8 8 9 10 7 9 6 9 7 8 6 8 6 8 7 9 6 9 6 8 5 8 3 8 4 9 3 8 3 8 2 8 3 8 2 8 1 8 2 8 3 8 2 8 3 -1 -1 -1 -1 -1 -1 -1 -1 -1 -1 -1 -1 -1 -1 -1 -1 -1 -1 -1 -1 0 0 -31 -19 -30 -18 -33 -21 -32 -23 -31 -22 -26 -20 -29 -24 -26 -19 -33 -24 -27 -26 -30 -29 -29 -28 -31 -29 -28 -29 -23 -24 -26 -27 -28 -24 -24 -27 -22 -21 -21 -24 -19 -23 -25 -22 -20 -24 -22 -23 -23 -28 -22 -21 -31 -14 -22 -22 -22 -21 -22 -18 -22 -16 -22 -20 -24 -16 -22 -16 -24 -15 -25 -15 -23 -12 -24 -13 -22 -14 -25 -12 -24 -12 -24 -6 -22 -9 -25 -9 -22 -8 -22 -6 -21 -7 -22 -4 -22 -4 -23 -8 -22 -6 -21 -6 -21 -6 -23 4 -26 9 -26 9 -24 14 -1 -1 ]
CSI_DATA,STA,08:3A:F2:51:5D:9D,-48,11,1,1,1,1,1,0,0,0,0,-93,0,6,1,20436115,0,110,0,0,20.602977,384,[110 96 6 0 0 0 0 0 0 0 0 0 20 7 19 7 22 8 21 10 21 10 18 9 19 10 17 10 18 10 18 12 19 13 19 13 18 13 17 13 15 13 19 13 15 12 15 12 15 11 15 12 14 12 15 12 13 13 15 12 16 13 15 10 0 0 14 10 16 9 15 9 15 8 13 9 15 8 15 9 14 7 15 7 14 5 15 5 14 6 15 6 14 4 14 5 15 3 16 4 14 2 14 2 13 1 14 3 14 2 15 3 15 1 14 3 13 1 0 0 0 0 0 0 0 0 0 0 -1 -1 -1 -1 -18 -20 -19 -21 -21 -18 -20 -15 -11 -20 -11 -19 -12 -19 -12 -20 -12 -19 -10 -17 -13 -17 -11 -16 -13 -17 -13 -17 -12 -18 -13 -16 -15 -16 -14 -16 -12 -15 -14 -14 -15 -12 -15 -14 -15 -11 -14 -13 -13 -13 -15 -11 -14 -13 -16 -11 -15 -13 -16 -11 -18 -6 -15 -10 -15 -10 -15 -9 -15 -9 -15 -10 -15 -10 -15 -9 -14 -9 -14 -9 -14 -9 -14 -9 -13 -10 -14 -8 -13 -9 -13 -7 -12 -7 -14 -8 -12 -7 -11 -6 -11 -7 -10 -7 -11 -7 -10 -7 -10 -7 -8 -7 -8 -7 0 0 -1 -1 -1 -1 -1 -1 -1 -1 -1 -1 -1 -1 -1 -1 0 0 0 0 -1 -1 36 -2 35 -1 38 -2 37 1 39 1 34 3 38 3 35 4 39 4 38 9 38 10 38 9 40 8 38 9 33 10 35 8 34 7 36 8 30 7 32 10 31 10 32 7 30 10 32 8 33 12 31 7 34 -3 30 7 30 5 29 4 29 4 29 4 30 3 29 4 28 1 29 1 27 1 29 0 28 2 29 -1 28 -1 26 -5 26 -4 29 -5 23 -5 24 -6 24 -7 24 -6 24 -8 26 -6 25 -6 24 -6 24 -7 21 -16 22 -20 22 -19 18 -22 -1 -1 ]
CSI_DATA,STA,08:3A:F2:51:5D:9D,-48,11,1,1,1,1,1,0,0,0,0,-93,0,6,1,20440643,0,110,0,0,20.614630,384,[110 96 6 0 0 0 0 0 0 0 0 0 21 -6 20 -6 22 -7 24 -5 23 -4 20 -3 22 -3 21 -2 22 -2 22 -1 23 -1 24 -1 23 0 22 0 21 1 24 -1 20 0 20 1 20 0 19 0 20 1 20 0 18 2 19 1 21 1 18 -1 0 0 18 -1 18 -2 19 -2 18 -3 17 -1 17 -3 18 -2 16 -4 17 -4 15 -5 16 -5 15 -4 16 -5 14 -6 15 -6 14 -7 16 -7 12 -7 13 -7 12 -8 13 -7 13 -7 13 -8 13 -9 13 -7 11 -8 0 0 0 0 0 0 0 0 0 0 -1 -1 -1 -1 -26 -9 -26 -9 -27 -6 -24 -4 -21 -12 -20 -10 -21 -10 -21 -11 -21 -9 -18 -9 -21 -7 -19 -6 -21 -6 -21 -8 -20 -8 -21 -6 -22 -5 -20 -6 -18 -6 -20 -3 -19 -2 -20 -3 -18 -1 -20 -2 -19 -3 -19 -1 -19 -3 -20 0 -20 -3 -19 0 -18 4 -18 0 -19 0 -18 1 -18 2 -17 0 -18 1 -17 1 -17 1 -17 2 -17 1 -17 1 -17 0 -16 0 -16 0 -15 2 -14 1 -16 2 -12 1 -13 1 -13 1 -12 1 -12 1 -12 0 -11 0 -11 -1 -11 -1 0 0 -1 -1 -1 -1 -1 -1 -1 -1 -1 -1 -1 -1 -1 -1 0 0 0 0 -1 -1 33 -21 32 -19 35 -22 35 -19 37 -19 33 -15 37 -18 34 -15 38 -18 39 -12 41 -11 40 -12 41 -14 40 -12 36 -8 37 -12 35 -12 37 -11 32 -11 35 -10 33 -9 34 -11 33 -8 34 -10 36 -8 32 -11 30 -17 31 -10 30 -12 29 -13 28 -13 28 -13 28 -15 28 -13 27 -16 27 -16 25 -15 26 -17 26 -14 25 -18 24 -17 21 -19 21 -19 23 -22 18 -18 17 -19 18 -20 17 -20 17 -21 19 -20 19 -20 18 -20 18 -20 11 -24 11 -29 11 -27 6 -29 -1 -1 ]
CSI_DATA,STA,08:3A:F2:51:5D:9D,-49,11,1,1,1,1,1,0,0,0,0,-93,0,6,1,20448822,0,110,0,0,20.625481,384,[110 96 6 0 0 0 0 0 0 0 0 0 13 -17 13 -17 14 -18 16 -18 16 -17 15 -15 16 -15 15 -14 16 -14 16 -14 18 -14 18 -15 18 -14 18 -13 17 -11 18 -14 16 -12 17 -11 15 -11 16 -11 16 -11 16 -11 15 -9 15 -11 17 -12 14 -12 0 0 14 -12 13 -12 13 -13 12 -13 13 -11 12 -12 13 -12 11 -12 11 -13 9 -13 9 -14 10 -12 10 -13 9 -13 9 -13 8 -14 9 -15 6 -13 7 -14 5 -13 7 -14 7 -14 6 -14 5 -14 7 -13 5 -13 0 0 0 0 0 0 0 0 0 0 -1 -1 -1 -1 -21 15 -22 16 -19 17 -16 17 -20 5 -18 5 -19 6 -19 5 -18 6 -17 5 -17 7 -15 7 -17 9 -17 8 -18 7 -16 9 -16 10 -16 9 -15 7 -14 9 -13 10 -13 10 -12 9 -13 9 -13 8 -12 10 -13 10 -12 11 -14 10 -12 12 -7 17 -12 11 -11 11 -11 11 -10 11 -11 10 -10 11 -11 10 -10 10 -10 10 -10 10 -10 10 -11 9 -9 9 -10 8 -8 10 -8 8 -9 9 -8 8 -7 7 -8 7 -7 7 -7 7 -8 6 -7 5 -7 5 -7 6 -1 -1 -1 -1 -1 -1 -1 -1 -1 -1 -1 -1 -1 -1 -1 -1 -1 -1 0 0 0 0 6 -34 7 -33 7 -36 9 -35 10 -36 10 -31 11 -34 10 -32 11 -36 15 -33 17 -34 15 -34 15 -36 15 -34 16 -29 14 -31 13 -30 14 -32 13 -27 15 -29 14 -27 12 -30 14 -27 14 -28 17 -29 12 -28 1 -35 12 -27 11 -27 9 -27 8 -26 9 -26 8 -28 8 -26 6 -27 5 -28 4 -26 4 -28 7 -27 3 -27 4 -26 0 -26 1 -25 0 -28 0 -23 -2 -24 -2 -24 -2 -23 -2 -24 -2 -26 -2 -25 -2 -24 -2 -25 -15 -23 -17 -24 -16 -23 -20 -20 -1 -1 ]
CSI_DATA,STA,08:3A:F2:51:5D:9D,-48,11,1,1,1,1,1,0,0,0,0,-93,0,6,1,20451992,0,110,0,0,20.636258,384,[110 96 6 0 0 0 0 0 0 0 0 0 -2 21 -2 21 -2 22 -4 23 -4 22 -5 20 -6 21 -6 20 -6 20 -6 20 -8 22 -8 22 -8 21 -8 20 -9 19 -8 22 -8 19 -9 18 -8 18 -8 17 -9 17 -8 18 -9 16 -8 17 -9 19 -7 17 0 0 -7 18 -5 17 -5 18 -4 17 -6 16 -5 17 -5 17 -4 16 -3 17 -2 15 -2 16 -3 15 -2 16 -1 15 -2 15 0 16 0 17 1 15 1 15 2 14 0 15 1 15 1 15 3 14 0 14 1 14 0 0 0 0 0 0 0 0 0 0 -1 -1 -1 -1 11 -23 11 -25 9 -26 8 -24 14 -15 14 -15 12 -16 14 -16 13 -15 12 -14 11 -16 10 -15 11 -17 10 -16 12 -16 9 -17 10 -18 9 -17 9 -15 8 -16 6 -17 7 -16 5 -16 7 -16 7 -15 6 -16 6 -16 4 -17 6 -17 5 -18 -2 -19 5 -17 4 -16 4 -16 3 -16 4 -16 4 -16 3 -15 3 -15 4 -15 3 -15 4 -15 5 -15 4 -14 4 -14 3 -14 3 -13 3 -14 3 -11 3 -11 3 -12 3 -10 2 -10 3 -10 3 -9 4 -9 4 -9 -1 -1 -1 -1 -1 -1 -1 -1 -1 -1 -1 -1 -1 -1 -1 -1 -1 -1 0 0 0 0 12 33 11 32 11 35 10 36 8 36 7 33 8 35 7 33 8 37 4 36 3 38 4 37 5 38 3 37 0 34 1 35 3 34 2 35 2 32 1 32 1 31 2 33 1 31 2 32 0 34 3 31 15 30 2 30 2 29 4 29 4 28 5 28 6 28 5 27 7 26 8 27 8 24 8 26 7 26 10 25 9 25 11 23 11 23 12 25 10 21 12 20 13 20 12 19 13 20 12 21 13 21 12 20 13 21 22 15 26 15 26 13 26 11 -1 -1 ]
CSI_DATA,STA,08:3A:F2:51:5D:9D,-48,11,1,1,1,1,1,0,0,0,0,-93,0,6,1,20456616,0,110,0,0,20.646215,384,[110 96 6 0 0 0 0 0 0 0 0 0 -2 24 -3 23 -2 25 -5 26 -5 25 -6 22 -7 24 -7 22 -8 23 -8 23 -9 24 -9 25 -9 24 -10 23 -11 21 -10 24 -10 20 -10 20 -9 20 -10 19 -11 18 -10 20 -11 17 -9 19 -10 21 -8 19 0 0 -9 19 -7 20 -7 20 -6 19 -8 18 -7 19 -7 19 -6 17 -5 19 -4 17 -3 18 -4 17 -3 18 -2 17 -3 17 -1 18 -2 19 0 16 -1 17 0 16 -2 17 -1 17 -1 17 1 17 -1 16 1 15 0 0 0 0 0 0 0 0 0 0 -1 -1 -1 -1 10 -29 8 -29 5 -31 5 -27 14 -16 14 -16 13 -17 14 -17 12 -16 12 -15 11 -17 10 -16 11 -18 11 -17 12 -17 9 -17 9 -19 8 -18 9 -16 8 -16 5 -18 8 -17 5 -16 7 -16 7 -16 6 -17 7 -16 4 -18 6 -18 4 -18 -5 -21 5 -18 5 -17 4 -17 4 -17 4 -16 4 -16 4 -15 3 -15 4 -15 3 -15 4 -16 4 -15 3 -15 4 -14 2 -13 3 -13 2 -14 3 -12 3 -11 3 -12 3 -11 3 -10 3 -10 3 -10 4 -9 4 -10 -1 -1 -1 -1 -1 -1 -1 -1 -1 -1 -1 -1 -1 -1 -1 -1 -1 -1 0 0 0 0 15 34 15 33 15 34 13 37 12 37 10 34 10 37 9 34 11 39 7 37 6 40 8 38 9 40 7 39 3 36 4 37 6 36 5 36 4 32 2 34 2 32 5 34 2 32 4 33 2 35 6 32 23 30 4 32 4 30 7 30 6 29 7 29 7 29 6 28 9 27 9 28 9 24 10 27 9 27 12 25 11 26 13 23 13 24 14 25 12 21 13 20 14 21 13 20 14 20 14 22 15 21 14 20 15 22 26 12 32 10 31 10 30 6 -1 -1 ]
CSI_DATA,STA,08:3A:F2:51:5D:9D,-48,11,1,1,1,1,1,0,0,0,0,-93,0,6,1,20461923,0,110,0,0,20.656352,384,[110 96 6 0 0 0 0 0 0 0 0 0 -20 -10 -19 -10 -21 -10 -21 -13 -20 -12 -17 -12 -18 -13 -17 -13 -17 -14 -17 -14 -18 -15 -19 -15 -18 -15 -17 -16 -15 -16 -18 -16 -15 -15 -14 -15 -15 -14 -14 -14 -14 -15 -14 -15 -12 -14 -14 -14 -15 -15 -15 -12 0 0 -14 -13 -15 -12 -16 -12 -15 -11 -13 -12 -15 -12 -15 -12 -14 -10 -15 -10 -14 -8 -15 -7 -14 -8 -15 -8 -14 -7 -15 -8 -15 -6 -17 -7 -15 -5 -14 -6 -14 -4 -15 -6 -15 -6 -15 -5 -16 -3 -15 -5 -14 -4 0 0 0 0 0 0 0 0 0 0 -1 -1 -1 -1 3 26 5 26 8 25 7 22 2 22 2 21 4 21 3 23 4 22 3 19 5 20 5 18 6 20 5 19 5 20 7 19 8 20 7 19 5 17 8 17 9 16 7 17 9 15 8 17 7 17 9 16 8 16 11 15 9 17 11 15 12 12 10 15 10 14 11 14 11 13 10 14 10 14 10 13 9 13 10 13 10 12 10 12 9 13 10 12 9 12 9 11 8 11 9 12 7 10 7 9 8 10 7 9 7 9 6 9 6 9 5 9 5 9 -1 -1 -1 -1 -1 -1 -1 -1 -1 -1 -1 -1 -1 -1 -1 -1 -1 -1 0 0 0 0 -38 -12 -37 -12 -39 -13 -40 -16 -39 -16 -35 -16 -38 -18 -35 -18 -38 -20 -35 -22 -36 -23 -37 -22 -39 -21 -37 -23 -31 -23 -33 -22 -33 -21 -32 -22 -30 -19 -30 -23 -29 -22 -31 -21 -28 -21 -31 -20 -30 -23 -30 -18 -31 -14 -29 -19 -29 -17 -30 -16 -29 -15 -29 -16 -29 -15 -29 -16 -29 -14 -30 -13 -28 -11 -30 -10 -28 -11 -31 -9 -29 -9 -29 -6 -29 -6 -32 -6 -27 -5 -27 -4 -28 -3 -27 -4 -28 -3 -29 -4 -28 -3 -27 -4 -28 -3 -27 1 -30 5 -30 4 -28 6 -1 -1 ]
CSI_DATA,STA,08:3A:F2:51:5D:9D,-48,11,1,1,1,1,1,0,0,0,0,-93,0,6,1,20462948,0,110,0,0,20.667420,384,[110 96 6 0 0 0 0 0 0 0 0 0 23 0 23 0 25 0 26 2 25 2 22 3 23 4 22 4 23 5 23 5 24 6 25 6 24 6 23 7 21 8 24 7 21 7 20 8 20 7 20 7 19 8 20 8 18 8 20 7 21 8 19 5 0 0 19 6 20 4 20 4 19 3 18 5 19 4 19 5 18 3 18 2 16 0 18 0 17 1 17 1 17 0 17 0 17 -2 19 -1 15 -3 16 -2 15 -3 16 -2 16 -2 17 -2 16 -5 16 -2 15 -4 0 0 0 0 0 0 0 0 0 0 -1 -1 -1 -1 -23 -20 -23 -20 -26 -17 -22 -15 -16 -20 -16 -19 -17 -19 -18 -20 -16 -18 -15 -17 -17 -16 -16 -15 -18 -16 -17 -16 -18 -16 -18 -14 -20 -15 -19 -14 -17 -14 -18 -12 -19 -10 -18 -12 -18 -10 -18 -11 -17 -12 -18 -10 -18 -11 -20 -9 -19 -11 -20 -8 -21 -3 -19 -8 -19 -8 -19 -7 -19 -7 -18 -9 -19 -8 -18 -8 -18 -8 -18 -7 -17 -6 -18 -7 -17 -8 -17 -7 -16 -7 -16 -5 -15 -6 -16 -6 -14 -5 -14 -5 -14 -6 -12 -5 -13 -6 -12 -6 -12 -6 -11 -6 -12 -6 -1 -1 -1 -1 -1 -1 -1 -1 -1 -1 -1 -1 -1 -1 -1 -1 -1 -1 0 0 0 0 39 -13 39 -11 41 -12 43 -10 43 -9 39 -6 43 -6 40 -4 45 -6 43 -2 45 -1 44 -3 46 -3 45 -2 40 2 41 1 41 -2 41 0 38 -1 39 2 37 3 39 0 37 3 38 0 40 4 36 -2 37 -11 36 0 34 -2 35 -3 33 -4 34 -3 34 -4 33 -3 33 -5 33 -7 29 -8 31 -8 31 -6 31 -10 31 -10 28 -12 29 -12 31 -12 26 -11 25 -12 26 -13 25 -13 26 -14 27 -13 27 -14 25 -13 26 -14 20 -20 22 -26 22 -25 17 -26 -1 -1 ]
CSI_DATA,STA,08:3A:F2:51:5D:9D,-49,11,1,1,1,1,1,0,0,0,0,-93,0,6,1,20463448,0,110,0,0,20.678000,384,[110 96 6 0 0 0 0 0 0 0 0 0 1 21 0 20 1 22 -1 23 -1 23 -2 20 -3 21 -3 20 -3 21 -4 21 -5 22 -5 22 -5 22 -6 21 -7 19 -5 22 -6 18 -6 19 -6 18 -6 18 -7 18 -6 19 -7 16 -6 18 -7 19 -5 17 0 0 -5 18 -3 18 -3 18 -2 17 -4 16 -3 17 -3 18 -2 16 -2 17 -1 15 0 16 -1 15 0 16 0 15 0 16 2 15 1 17 2 14 2 14 3 13 2 14 2 14 2 15 4 14 2 14 3 13 0 0 0 0 0 0 0 0 0 0 -1 -1 -1 -1 6 -26 6 -26 3 -26 2 -24 12 -17 10 -16 9 -18 10 -17 10 -17 9 -15 8 -17 8 -16 8 -18 8 -17 9 -17 7 -17 6 -19 6 -18 7 -16 5 -17 3 -17 4 -17 2 -16 4 -16 5 -15 3 -16 4 -16 2 -17 4 -17 2 -18 -6 -19 2 -17 1 -17 1 -16 0 -17 1 -16 1 -16 1 -15 0 -15 1 -15 1 -15 1 -15 2 -15 1 -15 1 -14 0 -14 0 -13 0 -14 0 -12 0 -12 1 -12 1 -11 0 -12 1 -11 1 -11 2 -10 2 -10 -1 -1 -1 -1 -1 -1 -1 -1 -1 -1 -1 -1 -1 -1 -1 -1 -1 -1 0 0 0 0 17 28 16 27 18 29 15 31 15 32 12 29 13 33 11 30 14 33 9 34 8 35 9 34 12 36 9 35 5 32 8 32 9 30 9 32 7 28 6 31 4 29 8 30 5 29 6 30 4 32 8 29 21 26 6 28 8 26 9 26 9 25 9 25 10 26 9 25 10 24 11 24 9 22 12 24 10 24 14 22 12 22 15 19 14 20 16 21 13 18 14 17 15 18 14 17 15 17 15 19 15 18 14 17 15 18 24 10 28 7 27 8 27 3 -1 -1 ]
CSI_DATA,STA,08:3A:F2:51:5D:9D,-45,11,1,1,0,1,1,0,0,0,0,-93,0,6,1,20465125,0,110,0,0,20.687948,256,[110 96 6 0 0 0 0 0 0 0 0 0 12 -26 12 -25 13 -27 13 -25 15 -26 14 -23 15 -24 16 -22 16 -23 17 -23 17 -23 18 -22 17 -21 17 -21 17 -19 17 -22 16 -19 17 -20 16 -18 16 -19 16 -17 16 -19 16 -17 15 -18 15 -18 14 -18 0 0 13 -17 12 -19 11 -18 12 -19 10 -17 11 -18 11 -17 9 -17 9 -19 10 -18 9 -17 8 -17 9 -18 8 -17 9 -19 7 -18 7 -20 6 -19 6 -19 6 -19 6 -17 5 -18 5 -18 6 -18 5 -18 4 -17 0 0 0 0 0 0 0 0 0 0 -1 -1 -1 -1 -1 -1 -1 -1 -5 -55 -3 -51 9 -51 10 -50 12 -51 12 -52 14 -49 15 -48 17 -51 19 -48 19 -48 21 -46 20 -48 22 -49 19 -46 20 -47 21 -43 20 -45 21 -43 22 -41 20 -39 21 -42 22 -38 20 -39 19 -37 17 -39 19 -40 17 -37 -1 -1 16 -37 13 -38 13 -35 14 -36 12 -35 10 -36 11 -35 10 -35 8 -38 5 -37 5 -36 7 -34 4 -34 6 -36 5 -35 3 -33 3 -36 2 -36 4 -36 2 -36 2 -34 -1 -32 0 -33 0 -34 -1 -34 0 -34 -11 -29 -11 -31 -1 -1 -1 -1 -1 -1 ]
CSI_DATA,STA,08:3A:F2:51:5D:9D,-45,11,1,1,0,1,1,0,0,0,0,-93,0,6,1,20465453,0,110,0,0,20.695454,256,[110 96 6 0 0 0 0 0 0 0 0 0 25 10 24 11 26 11 26 11 25 13 23 13 23 13 23 13 23 14 22 16 23 16 22 16 22 16 22 15 20 15 22 16 20 15 19 15 19 15 19 13 18 13 19 13 17 13 18 13 19 13 18 12 0 0 18 10 19 10 18 10 19 9 17 8 19 8 19 8 19 6 18 7 18 7 20 6 17 6 18 6 19 4 19 5 18 4 19 4 19 2 18 3 18 2 17 3 19 2 18 2 17 2 17 1 17 1 0 0 0 0 0 0 0 0 0 0 -1 -1 -1 -1 -1 -1 -1 -1 50 -12 47 -7 48 6 48 7 49 6 50 7 49 8 48 9 51 11 46 12 48 12 46 17 48 16 50 17 47 15 46 16 43 17 46 15 44 16 41 17 42 16 42 15 39 14 40 14 38 15 40 14 40 14 38 13 -1 -1 37 10 37 8 37 9 36 6 34 8 37 5 37 7 37 4 35 2 36 4 38 1 36 2 36 1 36 0 35 0 33 -2 36 -2 35 -3 33 -5 35 -5 32 -3 33 -3 33 -4 32 -6 30 -6 32 -7 27 -16 26 -14 -1 -1 -1 -1 -1 -1 ]
CSI_DATA,STA,08:3A:F2:51:5D:9D,-45,11,1,1,0,1,1,0,0,0,0,-93,0,6,1,20465835,0,110,0,0,20.702155,256,[110 96 6 0 0 0 0 0 0 0 0 0 -10 25 -11 24 -12 27 -12 25 -13 26 -13 23 -14 24 -15 23 -15 24 -16 23 -16 23 -17 23 -16 22 -16 22 -15 20 -16 23 -15 19 -16 20 -15 19 -14 19 -15 19 -14 20 -14 18 -13 19 -14 19 -12 18 0 0 -12 19 -11 20 -9 18 -10 19 -9 17 -9 19 -8 18 -8 19 -7 19 -7 19 -7 19 -7 18 -5 19 -6 18 -5 18 -5 18 -3 19 -4 18 -3 17 -3 18 -3 17 -2 19 -3 18 -2 17 -2 17 -2 17 0 0 0 0 0 0 0 0 0 0 -1 -1 -1 -1 -1 -1 -1 -1 14 48 11 48 -3 49 -4 49 -5 50 -6 50 -7 48 -9 47 -8 51 -11 48 -11 48 -14 47 -13 48 -14 49 -12 47 -13 47 -15 44 -12 46 -14 43 -16 42 -14 41 -14 42 -14 39 -13 40 -14 38 -11 41 -12 41 -11 39 -1 -1 -9 36 -8 38 -6 35 -6 37 -5 35 -4 37 -4 36 -3 37 -1 35 -2 38 3 37 -2 35 2 36 1 33 1 32 3 33 4 35 2 34 4 32 4 33 6 31 5 31 6 31 6 29 8 30 7 30 16 24 18 24 -1 -1 -1 -1 -1 -1 ]
CSI_DATA,STA,08:3A:F2:51:5D:9D,-44,11,0,0,0,0,0,0,0,0,0,-93,0,6,1,20482057,0,110,0,0,20.709372,128,[110 96 6 0 0 0 0 0 0 0 0 0 -4 26 -5 25 -5 27 -5 28 -6 26 -7 24 -7 25 -8 23 -8 25 -9 24 -8 26 -9 26 -9 25 -9 24 -9 22 -8 25 -9 21 -10 21 -9 21 -9 20 -8 20 -9 21 -8 18 -7 20 -7 22 -6 20 0 0 -5 20 -5 20 -4 20 -4 19 -4 17 -3 19 -3 19 -3 17 -1 19 -2 18 -1 19 -1 17 0 18 -1 18 -1 17 0 17 1 18 1 17 1 16 1 16 1 16 2 16 2 16 3 16 2 15 2 14 0 0 0 0 0 0 0 0 0 0 ]
CSI_DATA,STA,08:3A:F2:51:5D:9D,-50,11,1,1,1,1,1,0,0,0,0,-93,0,6,1,20482548,0,110,0,0,20.713023,384,[110 96 6 0 0 0 0 0 0 0 0 0 -22 -11 -21 -11 -23 -11 -23 -14 -23 -14 -20 -13 -21 -14 -19 -14 -20 -14 -20 -15 -20 -17 -21 -16 -20 -16 -19 -17 -17 -17 -20 -17 -17 -15 -16 -16 -16 -15 -16 -15 -15 -15 -16 -15 -14 -15 -16 -15 -17 -16 -16 -13 0 0 -16 -13 -17 -12 -17 -12 -16 -10 -15 -12 -16 -11 -16 -12 -15 -9 -16 -10 -15 -7 -17 -7 -15 -8 -16 -8 -15 -6 -15 -7 -16 -5 -18 -6 -15 -4 -15 -4 -14 -3 -15 -5 -15 -4 -16 -4 -16 -2 -15 -4 -14 -3 0 0 0 0 0 0 0 0 0 0 -1 -1 -1 -1 13 20 15 20 18 17 16 15 8 17 8 16 9 16 8 17 9 16 8 14 10 13 9 12 11 13 10 14 10 14 11 12 13 12 11 12 10 11 11 10 12 8 11 10 11 8 11 9 11 9 12 8 11 8 13 6 12 9 12 6 13 3 12 6 11 6 12 5 11 4 11 5 11 4 10 4 10 3 10 3 9 2 10 3 10 3 10 2 9 2 8 0 8 1 8 0 7 0 6 -1 7 -1 6 -1 6 -1 6 -1 6 -1 6 -2 6 -2 -1 -1 -1 -1 -1 -1 -1 -1 -1 -1 -1 -1 -1 -1 -1 -1 -1 -1 -1 -1 0 0 -42 -6 -41 -6 -43 -6 -44 -9 -44 -9 -40 -10 -42 -11 -39 -10 -44 -11 -41 -15 -42 -18 -42 -15 -44 -15 -42 -17 -37 -17 -39 -16 -39 -14 -38 -16 -35 -14 -35 -16 -33 -15 -36 -14 -33 -15 -35 -14 -36 -18 -34 -12 -37 -3 -33 -12 -32 -11 -33 -9 -31 -9 -32 -9 -32 -8 -32 -8 -31 -6 -32 -5 -29 -3 -32 -4 -30 -5 -31 -2 -30 -2 -29 1 -29 1 -32 1 -26 2 -26 3 -26 4 -25 3 -26 4 -27 3 -27 3 -26 3 -26 3 -24 12 -26 15 -24 16 -21 17 -1 -1 ]
CSI_DATA,STA,08:3A:F2:51:5D:9D,-44,11,0,0,0,0,0,0,0,0,0,-93,0,6,1,20529378,0,110,0,0,20.724108,128,[110 96 6 0 0 0 0 0 0 0 0 0 -24 17 -24 16 -26 16 -27 18 -26 15 -26 13 -26 13 -25 11 -26 12 -27 11 -28 13 -29 12 -27 11 -26 11 -25 9 -27 12 -25 9 -24 8 -24 8 -24 8 -23 8 -24 9 -21 6 -22 9 -23 10 -22 10 0 0 -21 10 -21 11 -20 12 -20 11 -18 10 -18 11 -18 12 -17 11 -17 12 -17 11 -17 13 -16 11 -15 12 -16 12 -15 12 -15 13 -15 14 -14 13 -14 13 -13 12 -13 12 -13 13 -13 13 -12 14 -12 12 -12 12 0 0 0 0 0 0 0 0 0 0 ]
CSI_DATA,STA,08:3A:F2:51:5D:9D,-50,11,1,1,1,1,1,0,0,0,0,-93,0,6,1,20563762,0,110,0,0,20.732034,384,[110 96 6 0 0 0 0 0 0 0 0 0 8 -22 8 -22 8 -24 11 -24 10 -23 11 -20 11 -21 11 -20 12 -20 12 -20 13 -21 14 -21 13 -20 14 -20 14 -18 14 -21 13 -18 13 -17 12 -17 12 -16 13 -16 12 -17 12 -15 11 -16 13 -17 10 -17 0 0 10 -17 8 -17 9 -17 7 -17 9 -15 8 -16 8 -17 7 -15 6 -16 4 -15 4 -16 5 -15 5 -16 3 -16 4 -15 2 -16 3 -17 1 -15 1 -15 0 -14 2 -15 1 -15 1 -15 -1 -14 1 -14 -1 -13 0 0 0 0 0 0 0 0 0 0 -1 -1 -1 -1 -19 14 -17 14 -16 17 -13 16 -16 10 -15 10 -15 11 -16 11 -14 10 -13 10 -12 12 -11 11 -12 12 -12 11 -12 12 -10 13 -10 14 -10 13 -10 11 -8 13 -7 14 -7 13 -6 12 -7 13 -7 12 -7 13 -6 12 -4 14 -6 13 -4 14 -1 14 -4 13 -4 13 -3 13 -3 13 -4 13 -3 12 -3 12 -3 11 -2 12 -2 12 -2 12 -3 11 -2 10 -2 10 -1 10 -1 10 -1 10 -1 9 -1 8 -1 8 -1 7 0 7 -1 6 0 6 0 6 0 7 0 0 -1 -1 -1 -1 -1 -1 -1 -1 -1 -1 -1 -1 -1 -1 0 0 0 0 -1 -1 3 -41 3 -41 3 -44 6 -44 7 -43 8 -40 8 -43 9 -40 10 -44 12 -41 14 -43 12 -42 12 -44 13 -43 14 -37 13 -38 11 -39 12 -38 11 -35 14 -36 13 -34 12 -36 12 -33 10 -35 14 -35 8 -34 1 -36 9 -33 8 -32 6 -33 5 -31 6 -31 5 -32 5 -31 3 -31 2 -30 0 -28 0 -30 1 -29 -1 -30 -1 -29 -4 -28 -4 -28 -5 -30 -5 -25 -5 -25 -7 -25 -6 -25 -7 -25 -6 -25 -7 -25 -7 -24 -7 -25 -13 -20 -17 -21 -17 -22 -18 -19 -1 -1 ]
CSI_DATA,STA,08:3A:F2:51:5D:9D,-50,11,1,1,1,1,1,0,0,0,0,-93,0,6,1,20564380,0,110,0,0,20.743137,384,[110 96 6 0 0 0 0 0 0 0 0 0 4 23 4 22 5 24 3 25 3 25 1 22 2 23 1 22 1 23 0 23 -1 24 -1 25 -1 24 -2 24 -3 21 -1 24 -2 20 -2 21 -1 20 -1 20 -3 19 -2 20 -4 19 -3 20 -3 21 -1 18 0 0 0 18 2 18 1 18 2 17 0 17 2 18 2 17 3 15 2 16 4 15 4 16 2 16 4 14 4 14 3 14 6 13 6 15 6 12 6 12 7 11 5 13 7 12 7 12 8 10 6 11 7 10 0 0 0 0 0 0 0 0 0 0 -1 -1 -1 -1 4 -24 4 -24 2 -23 -1 -21 6 -18 5 -17 5 -19 4 -19 2 -18 4 -16 2 -17 2 -15 1 -17 1 -18 2 -17 -1 -16 -1 -18 -1 -17 0 -15 -2 -16 -4 -14 -3 -16 -4 -14 -5 -16 -2 -14 -5 -13 -2 -15 -6 -15 -4 -15 -6 -14 -7 -11 -5 -14 -6 -14 -8 -11 -6 -13 -6 -12 -7 -13 -6 -11 -6 -11 -6 -12 -6 -11 -6 -12 -4 -12 -6 -10 -5 -10 -7 -9 -5 -8 -7 -9 -5 -7 -6 -8 -5 -7 -4 -7 -6 -7 -4 -6 -6 -5 -5 -6 -5 -7 0 0 -1 -1 -1 -1 -1 -1 -1 -1 -1 -1 -1 -1 -1 -1 0 0 0 0 -1 -1 21 33 20 33 22 35 19 37 20 38 15 35 18 39 14 36 18 40 13 40 12 41 13 40 15 41 13 41 8 36 11 38 13 35 11 37 10 32 9 37 9 33 12 34 7 33 10 33 8 36 11 31 19 26 10 31 11 30 15 28 13 27 12 27 13 27 13 27 14 25 15 26 15 23 15 24 13 24 17 22 16 21 19 19 16 18 20 20 16 16 18 16 19 16 17 15 19 15 18 16 19 15 18 16 18 15 19 10 26 6 23 4 25 1 -1 -1 ]
CSI_DATA,STA,08:3A:F2:51:5D:9D,-50,11,1,1,1,1,1,0,0,0,0,-93,0,6,1,20564677,0,110,0,0,20.753230,384,[110 96 6 0 0 0 0 0 0 0 0 0 -14 18 -14 18 -15 20 -17 19 -17 19 -16 16 -17 17 -17 15 -17 16 -18 15 -20 16 -20 16 -19 15 -19 15 -18 12 -19 16 -18 13 -18 12 -17 12 -17 12 -17 11 -17 12 -17 10 -16 12 -18 13 -15 12 0 0 -15 12 -14 13 -13 13 -12 13 -13 11 -13 13 -13 13 -11 12 -11 13 -9 12 -9 13 -10 12 -9 13 -8 13 -8 13 -7 14 -8 15 -5 13 -6 13 -5 12 -6 13 -6 13 -6 13 -4 13 -6 12 -4 12 0 0 0 0 0 0 0 0 0 0 -1 -1 -1 -1 20 -10 20 -11 18 -13 16 -12 18 -6 16 -7 16 -8 16 -8 15 -8 14 -7 14 -9 13 -8 14 -11 13 -9 14 -10 12 -10 12 -12 12 -11 11 -10 10 -12 9 -13 10 -13 8 -12 9 -11 9 -11 8 -11 9 -12 7 -14 9 -13 7 -14 3 -14 7 -13 6 -12 5 -13 6 -13 5 -12 6 -12 5 -12 5 -12 5 -12 4 -12 5 -12 4 -11 4 -11 4 -10 3 -11 3 -10 2 -10 2 -9 2 -8 2 -9 2 -8 2 -8 2 -8 1 -7 2 -7 2 -7 0 0 -1 -1 -1 -1 -1 -1 -1 -1 -1 -1 -1 -1 -1 -1 0 0 0 0 -1 -1 -14 38 -14 37 -15 40 -18 39 -18 40 -18 35 -20 38 -20 35 -21 39 -24 35 -26 36 -24 36 -23 39 -24 37 -24 31 -23 33 -21 32 -23 33 -20 29 -23 30 -22 28 -21 31 -22 28 -20 30 -24 29 -18 29 -11 34 -19 28 -16 28 -15 28 -14 28 -14 27 -14 28 -14 27 -12 27 -11 29 -10 26 -9 28 -10 26 -7 28 -8 27 -4 26 -4 26 -4 29 -3 24 -2 24 -1 25 -2 24 -1 24 -2 25 -1 24 -1 24 -1 24 7 22 10 24 9 23 12 21 -1 -1 ]
CSI_DATA,STA,08:3A:F2:51:5D:9D,-50,11,1,1,1,1,1,0,0,0,0,-93,0,6,1,20567453,0,110,0,0,20.763902,384,[110 96 6 0 0 0 0 0 0 0 0 0 -16 -18 -16 -18 -18 -19 -16 -22 -16 -21 -13 -19 -14 -20 -13 -20 -13 -20 -12 -21 -12 -23 -13 -23 -12 -22 -11 -22 -10 -21 -13 -22 -10 -20 -10 -20 -10 -19 -10 -19 -9 -19 -11 -19 -7 -18 -10 -19 -10 -20 -10 -17 0 0 -11 -17 -12 -15 -12 -16 -12 -14 -10 -14 -12 -15 -12 -15 -11 -13 -13 -13 -12 -11 -12 -10 -12 -11 -13 -10 -12 -8 -11 -10 -14 -9 -15 -10 -11 -7 -14 -7 -13 -6 -14 -8 -13 -7 -14 -7 -13 -6 -13 -7 -12 -5 0 0 0 0 0 0 0 0 0 0 -1 -1 -1 -1 15 16 16 17 19 14 17 11 7 16 6 14 8 14 8 15 8 13 6 12 9 11 8 11 10 11 9 12 9 12 10 10 11 11 10 10 9 10 11 8 11 6 12 7 11 6 11 7 10 7 12 6 11 7 12 5 12 7 12 5 15 -1 12 5 12 5 12 3 12 3 11 4 11 3 11 3 10 3 10 3 10 3 10 3 11 4 10 2 10 3 9 0 8 1 9 1 7 1 7 1 8 1 7 1 7 0 7 1 6 1 5 1 5 1 -1 -1 -1 -1 -1 -1 -1 -1 -1 -1 -1 -1 -1 -1 -1 -1 -1 -1 0 0 0 0 -36 -14 -34 -14 -37 -14 -36 -17 -38 -17 -32 -17 -36 -18 -32 -18 -37 -18 -34 -24 -34 -25 -34 -24 -36 -23 -34 -24 -29 -23 -31 -21 -30 -19 -32 -20 -28 -18 -29 -21 -27 -20 -30 -18 -26 -20 -28 -20 -29 -24 -28 -18 -36 -5 -28 -17 -27 -15 -27 -12 -25 -12 -27 -12 -29 -12 -28 -12 -26 -8 -27 -11 -25 -8 -26 -6 -27 -7 -26 -6 -26 -3 -25 -3 -25 -3 -28 -3 -23 -2 -24 1 -25 -1 -23 1 -21 0 -23 0 -24 1 -24 1 -23 1 -23 12 -25 18 -21 14 -21 19 -1 -1 ]
CSI_DATA,STA,08:3A:F2:51:5D:9D,-50,11,1,1,1,1,1,0,0,0,0,-93,0,6,1,20567728,0,110,0,0,20.774861,384,[110 96 6 0 0 0 0 0 0 0 0 0 -3 -24 -2 -23 -3 -26 -1 -27 -1 -26 1 -23 1 -24 1 -23 2 -24 3 -25 4 -26 3 -26 4 -25 4 -24 5 -22 4 -25 4 -22 4 -22 3 -20 4 -21 5 -21 4 -21 5 -19 4 -20 5 -22 2 -19 0 0 3 -19 1 -20 1 -19 -1 -20 3 -18 1 -19 1 -19 1 -16 0 -17 -3 -17 -3 -16 -2 -17 -2 -17 -3 -16 -2 -16 -4 -15 -4 -16 -5 -14 -5 -15 -5 -12 -3 -13 -5 -13 -5 -16 -6 -12 -5 -15 -6 -13 0 0 0 0 0 0 0 0 0 0 -1 -1 -1 -1 -11 21 -9 23 -5 23 -3 20 -11 14 -10 14 -8 16 -10 15 -7 16 -8 14 -7 15 -6 14 -6 16 -6 16 -7 16 -5 15 -4 17 -4 15 -5 14 -2 15 -1 14 -2 15 0 13 -2 14 -2 14 0 14 -2 15 1 15 -1 15 0 14 5 14 0 14 1 14 2 13 2 13 1 12 2 13 1 12 2 12 1 12 1 12 1 12 1 12 2 11 2 10 2 10 1 9 3 10 1 8 2 8 1 8 2 7 2 7 1 7 1 7 0 7 0 6 0 0 -1 -1 -1 -1 -1 -1 -1 -1 -1 -1 -1 -1 -1 -1 0 0 0 0 -1 -1 -18 -38 -16 -36 -18 -40 -15 -40 -16 -42 -12 -38 -13 -41 -11 -39 -13 -43 -8 -43 -7 -45 -8 -43 -9 -44 -7 -43 -4 -39 -7 -40 -7 -38 -8 -41 -7 -34 -6 -38 -3 -36 -7 -37 -4 -36 -6 -37 -3 -39 -8 -35 -16 -32 -5 -34 -9 -33 -9 -31 -10 -29 -9 -30 -10 -30 -10 -31 -11 -28 -13 -29 -11 -26 -14 -26 -9 -27 -13 -26 -14 -26 -16 -22 -14 -23 -17 -25 -15 -19 -15 -19 -17 -22 -15 -20 -17 -20 -15 -20 -17 -20 -14 -19 -16 -21 -21 -14 -22 -11 -24 -13 -26 -10 -1 -1 ]
CSI_DATA,STA,08:3A:F2:51:5D:9D,-50,11,1,1,1,1,1,0,0,0,0,-93,0,6,1,20567977,0,110,0,0,20.785563,384,[110 96 6 0 0 0 0 0 0 0 0 0 -1 -24 -1 -24 -1 -26 1 -27 2 -26 3 -23 3 -24 4 -23 4 -24 5 -23 6 -25 6 -25 6 -24 7 -23 8 -22 7 -25 7 -22 8 -20 7 -20 7 -19 7 -20 8 -20 8 -17 6 -19 8 -21 6 -19 0 0 6 -19 4 -19 5 -19 3 -19 4 -17 3 -19 3 -17 2 -17 3 -18 1 -18 0 -17 2 -16 2 -17 0 -16 1 -16 -1 -16 -1 -17 -2 -14 -2 -13 -2 -13 -2 -16 0 -16 -1 -17 -4 -15 -2 -14 -3 -15 0 0 0 0 0 0 0 0 0 0 -1 -1 -1 -1 -19 12 -19 12 -19 15 -14 14 -17 11 -15 10 -15 11 -16 11 -14 11 -14 10 -13 12 -13 12 -13 13 -13 12 -13 12 -11 13 -11 14 -11 13 -11 11 -9 13 -8 14 -10 13 -7 13 -9 12 -9 12 -8 13 -9 13 -6 14 -8 14 -7 14 -4 15 -7 14 -6 13 -5 14 -5 14 -6 12 -5 13 -5 12 -5 12 -5 12 -5 12 -5 12 -5 11 -4 11 -5 11 -4 10 -4 10 -4 10 -4 9 -3 8 -4 9 -4 8 -3 8 -3 7 -3 7 -3 6 -4 6 -1 -1 0 0 0 0 -1 -1 -1 -1 -1 -1 0 0 0 0 -1 -1 -1 -1 -1 -1 -7 -43 -7 -43 -7 -45 -4 -46 -3 -46 -1 -43 -1 -46 0 -43 0 -48 5 -45 6 -46 4 -46 4 -47 6 -46 8 -41 6 -42 5 -43 7 -41 5 -38 8 -38 7 -37 6 -39 9 -35 6 -38 9 -38 5 -36 0 -36 4 -35 4 -34 1 -35 2 -35 3 -34 2 -35 2 -31 1 -32 1 -33 -3 -32 -2 -32 -3 -32 -4 -32 -2 -31 -6 -29 -7 -28 -8 -30 -7 -27 -9 -25 -6 -23 -9 -25 -6 -25 -8 -28 -8 -25 -10 -25 -9 -25 -12 -19 -19 -21 -13 -22 -16 -17 -1 -1 ]
CSI_DATA,STA,08:3A:F2:51:5D:9D,-49,11,1,1,1,1,1,0,0,0,0,-93,0,6,1,20568270,0,110,0,0,20.796114,384,[110 96 6 0 0 0 0 0 0 0 0 0 23 0 22 0 25 0 25 2 25 2 22 3 23 4 22 4 23 4 23 5 24 6 25 5 23 6 23 6 20 7 24 5 20 6 20 6 19 5 19 6 19 6 19 5 18 7 19 4 21 6 18 4 0 0 18 4 18 1 19 1 19 1 16 2 17 2 17 1 15 1 17 -1 16 -1 15 -2 15 -1 15 -1 13 -3 14 -2 14 -4 16 -4 12 -4 14 -4 11 -5 14 -5 14 -7 15 -4 12 -6 13 -4 13 -6 0 0 0 0 0 0 0 0 0 0 -1 -1 -1 -1 -25 -3 -24 -3 -23 0 -21 4 -17 -7 -16 -6 -17 -5 -16 -6 -16 -4 -14 -4 -16 -3 -15 -2 -16 -1 -17 -2 -17 -3 -16 -1 -17 0 -16 0 -14 -1 -15 2 -14 3 -15 3 -13 3 -15 2 -14 1 -14 3 -15 2 -14 4 -15 2 -14 5 -12 10 -13 4 -13 5 -12 5 -12 5 -12 5 -12 5 -12 5 -11 5 -11 5 -12 6 -11 5 -11 4 -10 4 -10 4 -9 5 -8 4 -9 6 -8 4 -7 4 -8 4 -7 3 -7 3 -7 3 -7 3 -7 2 -7 3 -1 -1 -1 -1 -1 -1 -1 -1 -1 -1 -1 -1 -1 -1 -1 -1 -1 -1 0 0 0 0 33 -18 33 -15 35 -18 35 -15 37 -17 33 -13 37 -14 34 -12 38 -15 39 -9 41 -8 39 -9 40 -12 39 -9 34 -6 36 -9 33 -10 36 -10 30 -8 34 -7 31 -6 32 -10 33 -6 32 -9 34 -5 31 -10 27 -23 28 -7 29 -11 25 -11 27 -14 27 -12 26 -13 25 -12 25 -12 24 -16 23 -12 25 -15 23 -12 22 -15 22 -15 16 -19 17 -16 17 -19 13 -17 15 -16 14 -18 16 -15 14 -20 17 -17 17 -17 13 -16 15 -17 4 -22 2 -24 6 -24 -1 -24 -1 -1 ]
CSI_DATA,STA,08:3A:F2:51:5D:9D,-50,11,1,1,1,1,1,0,0,0,0,-93,0,6,1,20568626,0,110,0,0,20.806370,384,[110 96 6 0 0 0 0 0 0 0 0 0 23 4 22 4 24 4 25 6 24 6 21 6 23 7 21 7 22 7 22 9 23 10 23 10 22 10 21 10 19 10 23 9 19 9 19 10 18 8 18 9 18 9 19 8 16 9 18 8 20 9 18 6 0 0 18 6 18 5 18 4 17 3 16 5 18 5 18 5 16 3 16 3 15 1 16 2 16 2 15 2 14 0 15 -1 14 -2 17 -1 13 -4 14 -2 14 -2 13 -1 13 -3 14 -3 13 -4 14 -3 12 -3 0 0 0 0 0 0 0 0 0 0 -1 -1 -1 -1 -22 -13 -23 -12 -20 -8 -21 -5 -15 -13 -15 -11 -16 -11 -16 -11 -16 -9 -14 -8 -17 -8 -14 -7 -17 -7 -16 -8 -16 -8 -16 -6 -17 -5 -16 -5 -15 -6 -16 -3 -16 -2 -17 -3 -15 -1 -16 -3 -15 -3 -16 -1 -16 -2 -16 0 -17 -2 -16 0 -15 5 -15 0 -16 1 -14 2 -15 2 -14 1 -14 1 -14 1 -13 2 -13 2 -13 2 -13 1 -13 1 -13 1 -12 1 -11 2 -10 2 -12 3 -9 2 -10 2 -9 2 -9 2 -9 1 -9 1 -8 1 -7 1 -7 1 -1 -1 -1 -1 -1 -1 -1 -1 -1 -1 -1 -1 -1 -1 -1 -1 -1 -1 0 0 0 0 40 -6 38 -6 42 -8 41 -4 44 -5 38 -2 42 -3 38 -2 43 -3 43 3 44 5 43 3 44 2 43 4 37 5 40 3 37 1 39 2 33 1 37 3 35 4 36 1 35 4 35 3 37 5 34 0 33 -6 33 1 33 -1 31 -1 30 -3 30 -2 30 -6 29 -4 28 -5 30 -9 28 -6 27 -5 28 -3 29 -9 25 -8 25 -13 24 -11 26 -14 20 -13 18 -13 20 -15 20 -11 22 -15 23 -12 21 -12 20 -11 21 -14 14 -19 15 -22 13 -25 10 -25 -1 -1 ]
CSI_DATA,STA,08:3A:F2:51:5D:9D,-50,11,1,1,1,1,1,0,0,0,0,-93,0,6,1,20568919,0,110,0,0,20.816490,384,[110 96 6 0 0 0 0 0 0 0 0 0 3 23 2 22 3 25 1 25 1 25 0 22 0 23 -1 22 -1 23 -2 23 -3 25 -3 25 -3 24 -4 23 -4 21 -3 25 -3 21 -4 21 -3 20 -3 20 -3 20 -3 21 -4 18 -4 20 -4 22 -2 18 0 0 -1 19 0 19 0 18 0 18 -1 16 1 18 1 18 2 15 2 16 3 14 4 14 2 16 5 15 5 13 3 14 6 14 6 16 5 12 7 12 7 11 7 12 6 11 6 12 8 11 6 13 6 10 0 0 0 0 0 0 0 0 0 0 -1 -1 -1 -1 7 -24 6 -23 3 -23 -1 -24 8 -19 6 -17 5 -19 5 -19 4 -18 4 -16 2 -18 3 -16 1 -18 2 -18 3 -18 1 -18 0 -18 0 -17 1 -16 -2 -17 -3 -16 -3 -17 -4 -14 -4 -16 -2 -15 -4 -16 -3 -16 -5 -16 -3 -17 -5 -16 -8 -15 -5 -15 -6 -14 -6 -14 -6 -14 -5 -13 -7 -14 -6 -13 -6 -13 -6 -13 -6 -13 -5 -13 -5 -13 -6 -12 -6 -12 -6 -11 -6 -10 -7 -11 -5 -9 -5 -9 -5 -9 -5 -8 -5 -8 -5 -8 -4 -7 -3 -8 -3 -7 -1 -1 -1 -1 -1 -1 -1 -1 -1 -1 -1 -1 -1 -1 -1 -1 -1 -1 0 0 0 0 16 37 15 37 18 39 15 40 16 42 12 37 13 42 10 38 13 43 7 43 6 44 7 44 9 45 7 43 4 39 7 41 8 38 8 40 7 34 6 37 5 36 7 36 4 36 6 36 3 38 7 33 14 32 6 33 8 32 10 30 11 29 9 30 12 29 11 29 11 28 14 27 11 25 13 28 11 26 15 25 15 24 18 22 17 21 18 22 18 17 18 18 18 17 16 18 19 16 17 19 16 18 17 18 17 16 18 12 26 7 23 8 25 7 -1 -1 ]
CSI_DATA,STA,08:3A:F2:51:5D:9D,-49,11,1,1,1,1,1,0,0,0,0,-93,0,6,1,20676586,0,110,0,0,20.843085,384,[110 96 6 0 0 0 0 0 0 0 0 0 -17 -19 -16 -18 -18 -20 -17 -22 -16 -21 -13 -20 -14 -21 -13 -20 -13 -22 -13 -22 -13 -23 -14 -24 -13 -23 -12 -24 -9 -22 -12 -24 -10 -22 -9 -21 -10 -20 -9 -20 -8 -21 -9 -22 -7 -20 -10 -20 -10 -22 -10 -19 0 0 -9 -20 -11 -18 -12 -18 -12 -16 -10 -18 -11 -17 -11 -18 -11 -15 -11 -15 -13 -12 -13 -13 -12 -14 -12 -13 -13 -12 -13 -12 -13 -11 -15 -13 -13 -10 -14 -10 -13 -9 -13 -11 -13 -10 -14 -10 -15 -9 -12 -9 -14 -9 0 0 0 0 0 0 0 0 0 0 -1 -1 -1 -1 -9 26 -9 25 -1 30 -5 23 -6 24 -3 22 -4 22 -5 22 -3 23 -5 21 -3 19 -1 21 -1 21 -2 21 -2 22 1 20 2 20 0 21 0 18 2 19 4 19 2 21 5 18 5 17 1 17 2 18 2 20 7 18 2 19 5 18 3 15 4 17 4 19 5 18 7 17 4 15 6 16 5 17 3 16 7 15 6 15 6 15 3 14 3 16 4 14 5 13 3 11 4 12 0 11 2 12 0 10 0 10 3 9 1 9 1 10 2 8 -2 7 -1 -1 -1 -1 -1 -1 -1 -1 -1 -1 -1 -1 -1 -1 -1 -1 -1 -1 -1 -1 0 0 -33 -31 -33 -30 -35 -32 -34 -35 -33 -35 -28 -33 -31 -35 -28 -35 -31 -39 -27 -39 -27 -41 -28 -40 -30 -40 -27 -41 -22 -38 -24 -39 -25 -37 -23 -39 -22 -33 -23 -36 -20 -36 -23 -36 -21 -35 -23 -33 -22 -38 -23 -33 -21 -29 -20 -33 -21 -31 -25 -29 -22 -28 -21 -28 -24 -27 -23 -27 -24 -26 -24 -26 -26 -22 -26 -23 -24 -24 -26 -21 -25 -22 -26 -17 -27 -19 -31 -19 -24 -16 -25 -15 -26 -14 -27 -14 -27 -14 -27 -15 -28 -14 -26 -13 -28 -15 -25 -12 -28 -6 -28 -11 -29 -2 -1 -1 ]
CSI_DATA,STA,08:3A:F2:51:5D:9D,-50,11,1,1,1,1,1,0,0,0,0,-93,0,6,1,20676913,0,110,0,0,20.854902,384,[110 96 6 0 0 0 0 0 0 0 0 0 8 -23 8 -23 8 -24 11 -25 10 -23 10 -21 12 -22 11 -20 12 -21 12 -21 14 -22 14 -23 14 -22 14 -21 14 -18 15 -22 14 -19 14 -17 13 -19 13 -17 13 -16 14 -17 13 -15 12 -17 14 -18 12 -18 0 0 11 -18 9 -17 10 -18 10 -18 10 -16 9 -17 9 -18 7 -16 7 -17 4 -16 5 -18 7 -16 6 -16 4 -17 4 -17 4 -17 4 -17 1 -17 2 -17 2 -16 4 -17 2 -16 3 -16 -1 -17 2 -15 0 -16 0 0 0 0 0 0 0 0 0 0 -1 -1 -1 -1 -16 22 -20 22 -13 20 -13 18 -18 10 -16 10 -18 11 -18 12 -16 11 -15 9 -14 13 -13 10 -15 13 -15 13 -15 13 -13 13 -12 14 -12 16 -12 10 -13 14 -11 12 -11 15 -7 14 -11 15 -8 12 -9 12 -8 13 -9 14 -11 12 -10 16 -3 16 -8 13 -10 14 -8 13 -8 15 -10 11 -7 13 -8 13 -9 13 -8 13 -5 14 -8 13 -11 11 -10 11 -8 10 -6 11 -7 10 -9 11 -7 9 -7 7 -7 7 -5 9 -5 7 -6 6 -7 5 -5 5 -8 7 0 0 -1 -1 -1 -1 -1 -1 -1 -1 -1 -1 -1 -1 -1 -1 0 0 0 0 -1 -1 -3 -41 -2 -39 -3 -42 0 -42 0 -43 2 -39 1 -42 2 -38 3 -43 7 -42 9 -44 7 -42 7 -45 9 -43 10 -38 8 -40 7 -39 7 -39 6 -35 9 -37 7 -34 5 -36 9 -34 8 -36 12 -37 6 -36 -7 -36 7 -34 4 -33 3 -33 3 -33 3 -33 1 -33 1 -32 -2 -31 -1 -31 -1 -31 -1 -32 1 -32 -4 -30 -3 -32 -8 -27 -4 -27 -7 -32 -6 -27 -8 -26 -8 -26 -9 -25 -9 -25 -8 -25 -9 -28 -8 -25 -11 -27 -18 -19 -21 -24 -24 -22 -26 -15 -1 -1 ]
CSI_DATA,STA,08:3A:F2:51:5D:9D,-49,11,1,1,1,1,1,0,0,0,0,-93,0,6,1,20677197,0,110,0,0,20.865638,384,[110 96 6 0 0 0 0 0 0 0 0 0 20 -9 19 -8 21 -10 22 -8 22 -8 20 -6 22 -6 20 -5 21 -5 21 -5 23 -4 23 -5 23 -4 23 -3 21 -2 23 -4 21 -2 20 -2 20 -2 20 -2 19 -1 19 -2 19 -1 19 -2 21 -2 18 -4 0 0 18 -3 18 -4 18 -4 17 -5 16 -4 18 -5 17 -4 16 -5 16 -6 15 -6 15 -8 14 -6 14 -6 14 -8 13 -8 13 -8 13 -9 12 -9 11 -8 10 -9 12 -9 11 -9 13 -9 12 -11 12 -9 11 -10 0 0 0 0 0 0 0 0 0 0 -1 -1 -1 -1 -28 -4 -25 -3 -27 5 -22 -1 -21 -6 -20 -6 -21 -4 -21 -5 -19 -6 -18 -5 -18 -2 -16 0 -18 1 -19 -3 -19 -3 -19 -1 -19 1 -18 -2 -18 -1 -19 0 -16 2 -16 2 -16 2 -16 0 -17 0 -15 1 -18 1 -17 3 -18 2 -16 4 -15 11 -16 3 -17 2 -16 5 -15 4 -14 4 -14 3 -16 2 -15 4 -13 3 -13 3 -17 3 -13 2 -14 4 -11 1 -12 2 -13 2 -11 2 -11 0 -9 1 -9 2 -10 -1 -10 -1 -10 -3 -9 0 -8 -3 -8 -1 0 0 -1 -1 -1 -1 -1 -1 -1 -1 -1 -1 -1 -1 -1 -1 0 0 0 0 -1 -1 26 -27 25 -25 27 -28 29 -27 30 -26 28 -23 30 -25 28 -23 32 -26 33 -22 35 -21 33 -21 35 -24 35 -21 32 -17 33 -20 30 -20 32 -20 29 -17 31 -18 27 -16 29 -18 29 -16 30 -18 32 -16 28 -18 22 -27 27 -17 25 -17 26 -17 24 -19 23 -18 24 -20 21 -19 21 -21 21 -20 19 -19 21 -22 22 -20 18 -22 18 -21 13 -23 15 -23 16 -25 14 -19 12 -23 12 -22 11 -23 11 -23 13 -23 14 -22 13 -23 12 -25 1 -24 1 -31 1 -28 -4 -27 -1 -1 ]
CSI_DATA,STA,08:3A:F2:51:5D:9D,-49,11,1,1,1,1,1,0,0,0,0,-93,0,6,1,20683093,0,110,0,0,20.876307,384,[110 96 6 0 0 0 0 0 0 0 0 0 -11 -19 -11 -20 -12 -21 -11 -23 -10 -22 -8 -20 -8 -22 -7 -21 -7 -22 -7 -21 -7 -23 -7 -24 -7 -23 -6 -23 -4 -22 -7 -24 -5 -21 -5 -21 -5 -20 -4 -20 -4 -20 -5 -21 -3 -19 -5 -20 -5 -21 -6 -19 0 0 -6 -19 -7 -18 -7 -18 -8 -17 -6 -17 -7 -17 -7 -18 -7 -16 -8 -16 -9 -13 -9 -14 -8 -14 -9 -14 -10 -13 -9 -14 -11 -13 -11 -14 -11 -11 -10 -11 -10 -10 -10 -12 -10 -11 -11 -12 -12 -10 -10 -11 -11 -10 0 0 0 0 0 0 0 0 0 0 -1 -1 -1 -1 -1 25 1 25 4 25 3 22 -4 19 -4 19 -2 19 -3 20 -2 18 -2 17 -1 18 0 17 0 18 0 18 0 18 2 18 3 19 2 18 1 16 2 17 4 16 3 17 4 15 3 16 3 16 4 16 3 15 6 15 4 16 6 15 9 14 5 15 5 15 6 15 5 14 5 14 5 14 5 14 5 13 4 13 4 13 4 14 4 13 4 12 3 12 3 11 3 11 4 12 2 10 2 10 2 10 1 9 2 8 1 8 0 8 -1 7 -1 7 0 0 -1 -1 -1 -1 -1 -1 -1 -1 -1 -1 -1 -1 -1 -1 0 0 0 0 -1 -1 -29 -24 -28 -25 -30 -26 -29 -29 -28 -29 -25 -28 -27 -29 -25 -28 -27 -32 -24 -31 -25 -34 -25 -32 -28 -32 -25 -33 -20 -32 -21 -33 -22 -31 -22 -32 -20 -28 -20 -31 -19 -29 -21 -30 -18 -28 -21 -29 -20 -31 -21 -26 -29 -20 -20 -27 -20 -25 -22 -25 -20 -23 -21 -23 -21 -23 -21 -23 -22 -21 -23 -21 -22 -17 -23 -18 -22 -19 -24 -17 -23 -17 -24 -15 -24 -15 -26 -16 -23 -13 -22 -12 -24 -11 -23 -11 -24 -11 -24 -12 -25 -11 -23 -11 -24 -11 -26 -3 -30 1 -29 0 -28 2 -1 -1 ]
CSI_DATA,STA,08:3A:F2:51:5D:9D,-50,11,1,1,1,1,1,0,0,0,0,-93,0,6,1,20840550,0,110,0,0,21.7006,384,[110 96 6 0 0 0 0 0 0 0 0 0 20 0 20 1 21 0 23 2 22 3 19 3 20 3 19 4 20 4 20 5 21 6 21 6 21 6 20 7 18 7 21 6 18 6 17 7 18 6 17 6 17 7 18 7 16 7 17 7 19 7 17 5 0 0 17 5 17 4 18 4 17 3 16 4 17 3 17 4 16 3 16 2 14 0 16 1 15 2 15 1 15 0 15 1 15 -1 16 0 14 -2 15 -1 13 -3 15 -1 15 -1 15 -1 15 -3 14 -1 13 -2 0 0 0 0 0 0 0 0 0 0 -1 -1 -1 -1 -24 -10 -25 -10 -25 -7 -23 -4 -14 -14 -13 -12 -15 -13 -14 -13 -14 -12 -12 -11 -14 -10 -13 -9 -15 -9 -14 -10 -14 -11 -14 -9 -16 -9 -14 -9 -13 -9 -14 -7 -14 -6 -15 -7 -13 -5 -14 -7 -13 -7 -14 -5 -14 -7 -15 -5 -15 -8 -15 -5 -17 1 -14 -5 -15 -5 -14 -5 -14 -5 -14 -6 -14 -5 -14 -5 -14 -5 -13 -5 -13 -5 -14 -7 -13 -8 -12 -7 -12 -7 -12 -5 -10 -6 -12 -7 -10 -6 -10 -5 -9 -6 -8 -6 -9 -7 -8 -8 -7 -8 -6 -8 -6 -8 0 0 -1 -1 -1 -1 -1 -1 -1 -1 -1 -1 -1 -1 -1 -1 0 0 0 0 -1 -1 30 -14 29 -13 31 -14 32 -12 33 -12 29 -10 32 -11 29 -10 34 -12 34 -7 36 -6 35 -7 36 -9 35 -6 31 -4 33 -6 31 -7 32 -7 28 -6 31 -5 28 -5 30 -7 29 -4 30 -4 33 -2 29 -6 28 -18 28 -6 28 -7 27 -7 25 -8 26 -8 26 -9 25 -8 24 -10 24 -12 22 -10 24 -11 25 -9 24 -12 23 -11 20 -14 20 -13 22 -15 18 -12 17 -14 18 -14 17 -13 18 -15 20 -14 20 -14 19 -13 19 -14 11 -24 12 -27 11 -26 6 -28 -1 -1 ]
CSI_DATA,STA,08:3A:F2:51:5D:9D,-50,11,1,1,1,1,1,0,0,0,0,-93,0,6,1,20845049,0,110,0,0,21.18420,384,[110 96 6 0 0 0 0 0 0 0 0 0 -2 21 -2 20 -2 22 -4 23 -4 23 -4 20 -5 21 -5 20 -6 21 -7 21 -7 22 -7 22 -7 21 -8 21 -9 19 -8 22 -7 19 -8 18 -8 18 -8 18 -8 17 -8 18 -9 16 -7 18 -8 19 -6 18 0 0 -6 18 -5 18 -5 18 -4 17 -6 16 -5 17 -5 17 -4 15 -3 17 -2 15 -1 16 -2 15 -2 16 -1 15 -1 15 0 15 -1 17 1 14 1 14 2 13 0 15 0 14 1 15 2 14 1 14 1 13 0 0 0 0 0 0 0 0 0 0 -1 -1 -1 -1 11 -22 11 -23 8 -25 7 -22 13 -14 12 -14 12 -14 13 -14 11 -14 11 -13 10 -14 9 -13 10 -15 9 -14 10 -14 8 -15 8 -16 8 -15 8 -13 7 -15 5 -16 6 -15 5 -14 6 -14 6 -13 6 -14 6 -14 4 -15 7 -15 4 -15 -1 -18 5 -15 5 -14 5 -14 4 -15 5 -14 5 -14 5 -14 4 -13 5 -14 5 -13 6 -14 7 -13 6 -13 6 -12 5 -12 6 -11 6 -11 6 -10 6 -10 6 -9 6 -9 6 -8 7 -7 7 -7 7 -6 8 -6 -1 -1 -1 -1 -1 -1 -1 -1 -1 -1 -1 -1 -1 -1 -1 -1 -1 -1 0 0 0 0 12 31 12 31 12 33 10 34 10 35 8 32 9 34 8 32 9 36 5 35 5 37 6 36 8 37 5 37 2 33 3 35 5 34 4 34 3 30 2 32 2 30 3 32 2 30 3 31 1 34 5 30 18 29 4 30 4 29 6 29 5 27 6 27 6 27 6 27 8 25 8 26 8 24 10 26 8 25 11 24 10 24 12 22 11 22 13 24 11 19 12 18 13 19 12 19 12 19 13 20 12 20 12 19 13 20 22 13 26 13 25 12 25 9 -1 -1 ]
CSI_DATA,STA,08:3A:F2:51:5D:9D,-50,11,1,1,1,1,1,0,0,0,0,-93,0,6,1,20845496,0,110,0,0,21.28441,384,[110 96 6 0 0 0 0 0 0 0 0 0 -18 -13 -17 -13 -19 -14 -19 -16 -18 -16 -15 -15 -16 -16 -15 -16 -15 -16 -15 -17 -16 -18 -16 -18 -15 -18 -15 -18 -12 -18 -15 -19 -12 -17 -12 -17 -13 -16 -12 -17 -12 -17 -13 -17 -10 -16 -12 -16 -13 -18 -12 -15 0 0 -12 -15 -14 -14 -14 -14 -14 -13 -12 -14 -13 -13 -13 -14 -12 -12 -13 -12 -13 -10 -14 -10 -12 -11 -13 -10 -13 -9 -13 -10 -14 -8 -15 -10 -14 -7 -13 -7 -13 -6 -13 -8 -13 -8 -14 -8 -14 -6 -13 -8 -13 -6 0 0 0 0 0 0 0 0 0 0 -1 -1 -1 -1 5 24 6 24 9 23 7 21 0 20 1 19 2 20 1 20 2 19 1 17 3 18 3 16 3 18 3 17 3 18 5 17 6 18 5 17 3 15 5 16 7 14 5 15 6 13 5 15 5 14 6 14 5 14 8 14 6 15 7 14 11 12 7 14 7 14 7 14 7 13 6 14 6 14 6 13 6 13 6 13 6 13 5 13 4 14 5 13 4 13 4 12 3 12 3 13 2 11 2 11 1 11 1 10 0 10 -1 10 -1 10 -2 9 -3 9 -1 -1 -1 -1 -1 -1 -1 -1 -1 -1 -1 -1 -1 -1 -1 -1 -1 -1 0 0 0 0 -36 -13 -35 -13 -38 -14 -37 -17 -37 -18 -33 -17 -36 -17 -34 -17 -37 -20 -34 -21 -35 -23 -35 -21 -37 -21 -35 -23 -30 -22 -32 -23 -32 -21 -31 -22 -29 -19 -30 -22 -28 -20 -30 -20 -27 -20 -30 -20 -29 -23 -29 -18 -32 -11 -28 -19 -28 -17 -29 -16 -27 -15 -28 -15 -29 -15 -28 -15 -28 -13 -29 -12 -27 -10 -28 -10 -27 -12 -28 -9 -28 -10 -27 -7 -27 -7 -30 -7 -26 -5 -25 -4 -26 -4 -25 -5 -26 -4 -27 -5 -27 -5 -26 -5 -27 -5 -26 3 -29 7 -28 6 -27 9 -1 -1 ]
CSI_DATA,STA,08:3A:F2:51:5D:9D,-50,11,1,1,1,1,1,0,0,0,0,-93,0,6,1,20845901,0,110,0,0,21.39500,384,[110 96 6 0 0 0 0 0 0 0 0 0 3 -21 4 -22 3 -22 6 -24 5 -22 6 -21 7 -21 7 -20 8 -21 8 -20 9 -22 9 -22 8 -21 9 -21 10 -19 9 -21 9 -19 9 -18 9 -18 9 -17 10 -17 9 -18 9 -16 8 -18 9 -19 7 -18 0 0 8 -18 6 -17 6 -18 5 -17 7 -16 6 -17 7 -17 5 -16 5 -17 2 -15 2 -17 3 -16 3 -16 2 -16 3 -16 1 -17 2 -17 0 -15 1 -15 -1 -14 1 -16 1 -15 0 -15 -2 -15 0 -15 -1 -14 0 0 0 0 0 0 0 0 0 0 -1 -1 -1 -1 -19 17 -18 18 -15 20 -14 18 -18 9 -17 9 -16 10 -18 10 -16 10 -15 9 -14 11 -13 10 -14 11 -14 10 -15 10 -13 12 -14 13 -13 12 -13 10 -11 12 -11 13 -11 12 -9 12 -11 11 -11 11 -10 12 -11 11 -9 13 -11 12 -10 13 -6 16 -10 13 -9 12 -9 13 -9 12 -10 11 -10 12 -9 11 -9 11 -10 11 -10 11 -11 11 -11 10 -10 9 -11 9 -10 9 -10 8 -10 9 -10 7 -9 7 -10 6 -10 6 -10 5 -10 4 -10 4 -10 2 -11 2 -1 -1 -1 -1 -1 -1 -1 -1 -1 -1 -1 -1 -1 -1 -1 -1 -1 -1 0 0 0 0 -7 -37 -6 -36 -7 -38 -4 -40 -4 -39 -2 -36 -3 -39 -2 -36 -2 -41 2 -38 2 -41 1 -40 0 -42 2 -41 4 -37 3 -37 2 -37 3 -37 2 -34 4 -35 4 -33 2 -35 4 -33 3 -34 6 -36 1 -33 -9 -34 2 -33 0 -31 -1 -32 -1 -30 -1 -31 -1 -31 -1 -30 -3 -29 -4 -30 -5 -27 -5 -29 -3 -29 -6 -29 -6 -28 -8 -26 -7 -27 -9 -28 -8 -24 -9 -23 -9 -24 -9 -23 -10 -24 -9 -25 -10 -25 -9 -24 -10 -25 -17 -20 -21 -21 -20 -20 -22 -17 -1 -1 ]
CSI_DATA,STA,08:3A:F2:51:5D:9D,-50,11,1,1,1,1,1,0,0,0,0,-93,0,6,1,20846290,0,110,0,0,21.50226,384,[110 96 6 0 0 0 0 0 0 0 0 0 21 -4 20 -3 22 -4 23 -2 23 -2 20 -1 21 0 20 1 21 0 21 1 23 2 23 1 22 2 22 2 20 3 23 2 20 2 20 3 19 2 19 3 19 4 19 3 17 4 19 3 20 3 18 2 0 0 18 2 18 0 18 1 17 -1 16 1 17 0 18 1 16 0 17 -1 15 -2 16 -3 15 -1 15 -2 15 -3 15 -3 15 -4 16 -4 13 -5 14 -4 13 -5 14 -4 14 -4 14 -4 13 -6 13 -4 12 -5 0 0 0 0 0 0 0 0 0 0 -1 -1 -1 -1 -25 -5 -26 -4 -25 -1 -22 -1 -16 -10 -15 -9 -17 -9 -16 -10 -16 -9 -14 -8 -15 -7 -14 -6 -16 -7 -16 -7 -16 -7 -15 -5 -17 -5 -16 -6 -14 -6 -15 -4 -15 -3 -16 -4 -14 -2 -15 -4 -14 -4 -15 -3 -14 -4 -15 -2 -16 -4 -15 -2 -16 5 -15 -2 -15 -3 -15 -2 -15 -2 -14 -3 -15 -3 -14 -3 -14 -3 -14 -3 -13 -2 -14 -3 -13 -4 -13 -4 -13 -5 -13 -4 -12 -4 -13 -5 -10 -4 -10 -4 -10 -6 -9 -5 -9 -6 -9 -7 -7 -7 -7 -7 -7 -7 -1 -1 -1 -1 -1 -1 -1 -1 -1 -1 -1 -1 -1 -1 -1 -1 -1 -1 0 0 0 0 25 -21 25 -20 27 -22 28 -20 30 -20 27 -17 29 -18 27 -16 31 -19 31 -16 33 -15 31 -16 33 -18 32 -16 30 -12 31 -14 29 -15 30 -14 26 -12 29 -11 27 -11 28 -13 27 -11 28 -12 31 -11 26 -13 21 -26 26 -12 25 -13 24 -14 23 -14 24 -14 24 -14 23 -13 22 -15 22 -16 19 -15 21 -16 21 -15 20 -17 20 -16 17 -18 17 -17 18 -19 15 -16 15 -17 15 -18 14 -16 14 -18 16 -18 15 -18 14 -17 15 -18 5 -25 4 -29 4 -29 0 -28 -1 -1 ]
CSI_DATA,STA,08:3A:F2:51:5D:9D,-50,11,1,1,1,1,1,0,0,0,0,-93,0,6,1,20846697,0,110,0,0,21.60937,384,[110 96 6 0 0 0 0 0 0 0 0 0 11 17 11 17 12 18 11 20 10 19 8 18 9 19 8 19 8 20 8 20 8 21 8 21 8 21 6 21 5 20 7 22 5 19 4 19 5 18 5 18 5 19 5 19 3 17 5 18 5 20 6 17 0 0 5 17 7 16 7 17 7 16 5 16 6 16 6 16 6 14 7 15 8 12 8 13 7 13 8 13 8 12 8 13 9 12 10 13 9 11 9 11 9 9 9 11 9 11 9 11 10 10 9 11 9 9 0 0 0 0 0 0 0 0 0 0 -1 -1 -1 -1 4 -25 3 -25 0 -26 1 -23 7 -20 6 -19 5 -20 6 -20 5 -19 5 -18 3 -18 3 -17 3 -20 3 -18 3 -18 1 -18 1 -20 1 -18 2 -17 1 -18 -1 -18 1 -17 -2 -16 0 -16 0 -16 -1 -17 0 -16 -3 -17 -1 -18 -3 -17 -6 -16 -2 -17 -2 -16 -2 -16 -2 -16 -2 -16 -2 -16 -1 -16 -1 -16 0 -16 -1 -15 0 -16 1 -15 0 -15 1 -15 1 -14 1 -14 1 -15 2 -12 2 -12 3 -12 3 -11 3 -11 4 -10 4 -10 5 -9 5 -9 -1 -1 -1 -1 -1 -1 -1 -1 -1 -1 -1 -1 -1 -1 -1 -1 -1 -1 0 0 0 0 28 24 27 24 29 26 28 28 27 28 24 27 26 28 24 27 26 31 23 30 23 32 24 31 26 32 24 32 19 31 20 32 22 30 20 31 18 27 18 29 18 28 19 29 17 28 19 28 18 31 20 26 26 22 19 27 18 25 20 25 19 23 19 24 20 23 19 22 20 21 21 22 20 18 21 19 20 20 22 18 22 18 22 16 22 16 24 17 21 13 21 12 22 12 21 12 22 12 22 13 22 13 21 12 22 13 23 7 29 5 28 4 27 1 -1 -1 ]
CSI_DATA,STA,08:3A:F2:51:5D:9D,-50,11,1,1,1,1,1,0,0,0,0,-93,0,6,1,20846986,0,110,0,0,21.70880,384,[110 96 6 0 0 0 0 0 0 0 0 0 -19 10 -19 9 -20 10 -22 9 -21 8 -20 7 -21 7 -20 6 -21 6 -21 6 -23 6 -23 6 -22 6 -23 4 -21 2 -23 5 -20 3 -20 3 -20 3 -20 2 -20 2 -20 3 -19 1 -19 3 -21 3 -19 4 0 0 -19 3 -18 5 -18 5 -17 5 -17 3 -17 4 -18 4 -16 5 -17 5 -14 6 -15 7 -15 6 -15 7 -14 7 -15 6 -14 8 -15 8 -12 8 -13 8 -11 8 -13 7 -13 7 -13 8 -11 9 -13 8 -11 8 0 0 0 0 0 0 0 0 0 0 -1 -1 -1 -1 23 6 24 5 25 2 22 3 17 8 17 7 17 6 17 8 17 6 16 6 17 5 15 4 17 4 16 4 17 5 17 3 18 2 16 2 14 3 16 2 16 0 16 2 14 0 15 1 14 2 15 0 15 1 15 -2 16 1 16 -1 15 -5 16 0 15 0 15 -1 15 -1 14 0 15 0 14 0 14 0 14 1 14 1 15 1 14 2 14 1 13 2 12 2 12 3 13 3 11 4 10 3 10 4 9 4 9 4 8 4 8 5 7 5 7 6 -1 -1 -1 -1 -1 -1 -1 -1 -1 -1 -1 -1 -1 -1 -1 -1 -1 -1 0 0 0 0 -27 26 -27 25 -28 26 -30 25 -31 24 -29 21 -31 23 -29 21 -33 23 -33 20 -35 20 -34 22 -35 23 -35 20 -33 16 -34 18 -32 18 -33 17 -30 16 -32 15 -30 14 -31 16 -30 14 -31 16 -33 15 -29 17 -24 24 -29 15 -27 16 -26 17 -25 17 -26 16 -25 17 -25 17 -24 18 -24 18 -22 19 -22 20 -22 18 -20 20 -21 19 -18 20 -18 20 -20 22 -17 19 -15 19 -15 20 -15 19 -15 20 -16 20 -16 21 -15 20 -16 20 -9 24 -7 28 -7 27 -4 26 -1 -1 ]
CSI_DATA,STA,08:3A:F2:51:5D:9D,-51,11,1,1,1,1,1,0,0,0,0,-93,0,6,1,20847392,0,110,0,0,21.81072,384,[110 96 6 0 0 0 0 0 0 0 0 0 -21 3 -21 3 -23 3 -25 1 -23 1 -21 0 -22 -1 -21 -1 -22 -1 -22 -2 -23 -2 -24 -2 -23 -2 -23 -3 -21 -4 -23 -3 -21 -4 -20 -4 -20 -3 -20 -4 -20 -5 -20 -4 -18 -5 -20 -3 -21 -4 -19 -2 0 0 -19 -3 -19 -1 -19 -1 -18 -1 -18 -2 -18 -1 -19 -2 -17 -1 -18 0 -16 2 -17 2 -16 1 -16 1 -16 2 -16 2 -16 3 -17 3 -14 4 -15 3 -13 4 -15 3 -14 3 -15 4 -14 5 -14 3 -13 4 0 0 0 0 0 0 0 0 0 0 -1 -1 -1 -1 18 15 19 14 21 12 19 11 14 14 13 13 14 13 14 14 13 12 12 11 14 11 13 10 15 10 13 10 14 11 14 8 16 9 15 9 13 9 14 8 15 6 14 8 14 6 13 7 13 8 14 7 13 7 15 5 14 7 15 5 16 2 14 5 14 6 15 5 15 5 14 6 14 6 13 6 13 6 13 6 13 5 13 6 13 7 12 7 11 7 11 7 10 7 10 8 9 7 8 6 8 7 7 7 7 8 6 8 5 8 4 7 4 8 -1 -1 -1 -1 -1 -1 -1 -1 -1 -1 -1 -1 -1 -1 -1 -1 -1 -1 0 0 0 0 -35 15 -34 15 -37 14 -39 13 -39 12 -36 10 -39 11 -36 10 -40 10 -39 8 -41 7 -40 9 -42 10 -41 7 -38 4 -38 5 -38 6 -38 4 -35 5 -36 3 -35 3 -36 4 -34 3 -35 5 -37 2 -33 6 -32 13 -34 5 -32 5 -32 7 -30 7 -31 7 -31 7 -30 7 -29 8 -30 9 -27 10 -28 11 -28 9 -27 12 -27 11 -25 13 -25 13 -27 14 -22 13 -22 13 -22 14 -21 13 -22 13 -23 13 -23 14 -22 13 -23 14 -17 18 -18 22 -17 22 -15 22 -1 -1 ]
CSI_DATA,STA,08:3A:F2:51:5D:9D,-51,11,1,1,1,1,1,0,0,0,0,-93,0,6,1,20862951,0,110,0,0,21.91424,384,[110 96 6 0 0 0 0 0 0 0 0 0 19 -6 18 -5 21 -7 21 -5 21 -5 19 -3 20 -3 19 -2 20 -2 21 -1 22 -1 22 -1 21 0 21 0 19 1 22 -1 19 0 19 1 18 0 18 0 18 1 19 1 17 2 18 1 20 1 17 0 0 0 18 -1 18 -1 17 -1 17 -2 16 0 17 -2 17 -1 15 -2 16 -3 14 -4 15 -4 14 -2 15 -3 14 -4 14 -4 13 -5 15 -5 12 -6 13 -6 11 -6 13 -5 13 -6 13 -6 12 -7 13 -5 11 -6 0 0 0 0 0 0 0 0 0 0 -1 -1 -1 -1 -23 -10 -23 -9 -24 -6 -21 -5 -16 -12 -16 -11 -17 -10 -17 -11 -16 -10 -14 -9 -16 -8 -15 -7 -17 -7 -16 -8 -16 -9 -16 -7 -17 -7 -16 -7 -14 -7 -16 -5 -16 -4 -16 -5 -15 -4 -16 -5 -15 -5 -15 -4 -15 -5 -16 -3 -17 -5 -16 -3 -16 1 -16 -4 -16 -4 -16 -3 -16 -2 -15 -4 -16 -4 -15 -4 -15 -4 -15 -4 -15 -4 -15 -5 -14 -6 -14 -6 -13 -6 -13 -5 -12 -6 -14 -6 -10 -6 -11 -6 -11 -7 -10 -6 -10 -7 -8 -8 -8 -8 -7 -8 -7 -8 -1 -1 -1 -1 -1 -1 -1 -1 -1 -1 -1 -1 -1 -1 -1 -1 -1 -1 0 0 0 0 27 -20 27 -19 29 -22 30 -20 32 -20 29 -17 32 -18 29 -16 33 -19 34 -14 36 -14 35 -14 35 -16 35 -14 31 -10 33 -13 31 -14 33 -13 29 -12 32 -11 30 -10 31 -12 30 -9 30 -11 33 -9 29 -11 26 -20 29 -11 27 -12 26 -12 25 -13 25 -13 25 -14 25 -12 24 -14 23 -16 21 -15 22 -16 24 -13 22 -16 22 -16 19 -18 19 -17 20 -19 16 -16 16 -18 16 -18 16 -17 16 -18 18 -18 18 -18 17 -17 17 -18 10 -23 10 -26 10 -25 5 -26 -1 -1 ]
CSI_DATA,STA,08:3A:F2:51:5D:9D,-50,11,1,1,1,1,1,0,0,0,0,-93,0,6,1,20927484,0,110,0,0,21.102573,384,[110 96 6 0 0 0 0 0 0 0 0 0 4 20 4 20 4 21 3 23 2 22 1 20 1 21 0 20 0 21 0 21 -1 22 -1 23 -1 22 -2 21 -3 20 -1 22 -2 19 -3 20 -3 18 -2 19 -2 18 -2 19 -4 17 -2 18 -2 20 -1 18 0 0 -1 17 0 18 1 18 1 17 0 16 1 17 0 17 1 15 2 16 3 15 3 15 2 15 4 14 4 15 4 15 5 15 5 16 5 13 5 13 5 11 4 14 5 13 5 13 7 12 5 13 6 12 0 0 0 0 0 0 0 0 0 0 -1 -1 -1 -1 7 -22 7 -25 4 -25 3 -24 10 -20 9 -18 8 -19 9 -18 8 -18 8 -16 7 -18 6 -16 6 -20 6 -18 7 -18 5 -18 4 -21 4 -18 4 -15 2 -18 1 -18 2 -19 0 -17 1 -18 4 -16 0 -18 2 -18 0 -18 2 -19 1 -18 -5 -17 0 -18 0 -18 -2 -16 -2 -17 0 -16 -1 -17 -2 -17 -1 -17 -1 -17 0 -17 1 -17 0 -17 0 -16 2 -15 -1 -15 0 -14 0 -16 0 -12 -1 -13 2 -13 2 -12 1 -13 2 -12 2 -10 2 -10 4 -10 0 0 0 0 -1 -1 -1 -1 -1 -1 -1 -1 -1 -1 0 0 0 0 -1 -1 -1 -1 17 32 16 31 18 33 15 34 16 36 13 32 14 36 11 33 14 36 9 37 9 39 9 38 11 39 9 38 6 34 9 35 9 33 9 36 6 30 7 33 6 31 8 33 6 32 8 32 5 35 7 31 17 29 8 29 10 29 10 28 10 27 10 27 11 27 11 27 12 24 14 26 13 24 13 25 13 25 17 23 13 23 17 20 15 21 19 22 15 19 17 17 18 18 16 17 18 17 17 20 18 18 17 17 17 18 24 11 26 10 23 9 26 6 -1 -1 ]
CSI_DATA,STA,08:3A:F2:51:5D:9D,-50,11,1,1,1,1,1,0,0,0,0,-93,0,6,1,20927795,0,110,0,0,21.112445,384,[110 96 6 0 0 0 0 0 0 0 0 0 -17 12 -17 12 -18 13 -20 12 -20 11 -18 9 -19 10 -18 9 -19 9 -20 8 -21 8 -21 9 -21 8 -21 7 -20 6 -22 8 -18 6 -19 7 -18 6 -19 6 -18 6 -19 7 -18 4 -18 6 -20 5 -17 7 0 0 -17 7 -17 8 -16 8 -15 9 -16 6 -16 8 -16 8 -15 7 -15 8 -13 9 -13 9 -14 8 -13 9 -12 9 -13 10 -11 10 -13 11 -10 11 -10 10 -9 11 -11 10 -11 10 -11 10 -9 11 -10 10 -9 9 0 0 0 0 0 0 0 0 0 0 -1 -1 -1 -1 24 -3 25 -3 25 -6 21 -7 20 3 19 2 20 0 20 1 19 1 16 0 19 -1 17 -1 18 -3 18 -1 19 -1 18 -4 19 -4 18 -3 15 -1 17 -5 16 -6 17 -4 15 -6 17 -5 14 -5 16 -5 16 -5 16 -8 18 -5 16 -7 14 -13 16 -7 16 -7 14 -7 15 -8 15 -6 15 -7 14 -6 14 -6 14 -7 14 -7 15 -6 15 -5 14 -6 14 -4 13 -6 13 -6 13 -5 11 -4 11 -5 12 -4 11 -5 11 -3 10 -2 9 -2 9 -1 10 1 0 0 0 0 -1 -1 -1 -1 -1 -1 -1 -1 -1 -1 0 0 0 0 -1 -1 -1 -1 -21 30 -20 28 -22 30 -24 29 -25 30 -23 25 -25 28 -25 26 -26 29 -29 25 -31 25 -29 26 -29 27 -30 25 -28 20 -28 24 -25 23 -28 24 -24 21 -27 21 -26 20 -26 22 -26 19 -25 21 -28 20 -24 22 -18 30 -24 21 -24 21 -21 22 -21 22 -20 21 -20 22 -20 22 -19 22 -19 24 -17 22 -17 23 -18 22 -16 23 -16 22 -13 24 -11 23 -13 26 -10 22 -9 21 -9 23 -9 22 -9 23 -11 22 -9 23 -9 22 -9 22 2 26 2 26 1 29 4 27 -1 -1 ]
CSI_DATA,STA,08:3A:F2:51:5D:9D,-49,11,1,1,1,1,1,0,0,0,0,-93,0,6,1,20952372,0,110,0,0,21.122952,384,[110 96 6 0 0 0 0 0 0 0 0 0 -10 18 -10 17 -11 19 -13 19 -13 18 -13 16 -13 16 -13 15 -14 15 -14 15 -16 16 -16 17 -16 16 -16 15 -15 13 -16 16 -14 13 -15 13 -14 13 -14 13 -15 12 -14 13 -14 10 -14 13 -15 13 -13 13 0 0 -13 13 -12 14 -12 14 -11 14 -12 12 -11 13 -12 14 -10 13 -10 14 -7 13 -8 14 -9 13 -8 13 -7 13 -7 14 -6 14 -7 16 -5 14 -5 14 -4 13 -6 13 -5 13 -5 14 -4 14 -5 13 -4 13 0 0 0 0 0 0 0 0 0 0 -1 -1 -1 -1 23 -10 23 -11 23 -15 21 -12 20 -6 20 -7 19 -8 21 -7 19 -6 18 -7 18 -8 17 -8 18 -10 17 -8 19 -9 17 -10 17 -12 17 -11 16 -9 16 -10 15 -13 15 -11 13 -12 14 -11 15 -10 14 -11 14 -11 13 -14 15 -12 13 -14 10 -16 13 -13 13 -12 12 -13 12 -14 13 -13 13 -13 12 -12 12 -12 13 -12 12 -12 13 -12 13 -10 12 -11 12 -11 11 -11 12 -11 11 -10 11 -9 10 -9 11 -8 11 -7 10 -7 10 -6 10 -5 11 -5 11 -5 0 0 -1 -1 -1 -1 -1 -1 -1 -1 -1 -1 -1 -1 -1 -1 0 0 0 0 -1 -1 -8 35 -9 34 -9 35 -12 37 -13 36 -13 34 -14 35 -14 33 -15 37 -17 32 -19 35 -17 36 -17 37 -18 35 -19 30 -18 31 -17 33 -18 31 -17 29 -18 29 -17 29 -17 30 -17 27 -16 30 -19 29 -14 29 -8 32 -15 29 -14 27 -13 29 -11 27 -12 28 -12 29 -12 28 -10 27 -10 29 -7 26 -7 29 -8 27 -5 28 -5 28 -3 27 -3 28 -3 29 -2 26 -1 24 0 26 -1 24 0 26 -1 26 0 26 0 25 0 27 6 24 11 27 11 27 12 24 -1 -1 ]
CSI_DATA,STA,08:3A:F2:51:5D:9D,-49,11,1,1,1,1,1,0,0,0,0,-93,0,6,1,20952787,0,110,0,0,21.133805,384,[110 96 6 0 0 0 0 0 0 0 0 0 -23 3 -23 2 -25 3 -27 1 -25 0 -23 -1 -24 -1 -23 -2 -24 -3 -24 -3 -26 -3 -26 -3 -25 -4 -25 -4 -23 -6 -26 -4 -22 -5 -22 -6 -22 -5 -21 -6 -21 -6 -22 -6 -20 -6 -21 -5 -23 -6 -21 -4 0 0 -21 -5 -21 -3 -21 -3 -20 -2 -19 -4 -20 -3 -21 -4 -19 -3 -20 -2 -18 1 -18 1 -17 -1 -18 1 -19 0 -17 0 -18 2 -20 1 -17 3 -17 2 -16 4 -18 1 -17 2 -18 2 -18 4 -17 2 -16 4 0 0 0 0 0 0 0 0 0 0 -1 -1 -1 -1 21 21 23 17 24 18 20 14 15 18 15 18 16 17 15 19 15 17 14 16 16 16 15 14 17 15 16 15 16 16 17 13 19 14 18 13 15 14 17 11 18 9 17 11 17 9 17 12 16 12 17 10 16 11 19 8 18 11 19 8 20 3 18 9 17 9 18 8 18 8 17 9 18 9 16 9 16 9 16 9 15 8 16 9 15 10 16 9 15 10 15 7 13 8 14 9 12 9 11 8 11 9 10 9 10 9 9 9 8 9 7 9 7 10 0 0 -1 -1 -1 -1 -1 -1 -1 -1 -1 -1 -1 -1 -1 -1 0 0 0 0 -1 -1 -39 15 -39 13 -42 15 -44 12 -43 10 -41 8 -43 8 -41 7 -45 8 -44 4 -46 4 -45 6 -47 6 -46 5 -42 0 -42 2 -42 4 -42 2 -39 2 -41 -1 -39 -1 -41 1 -38 -1 -39 3 -41 -1 -38 3 -36 10 -38 2 -36 3 -37 6 -34 4 -36 4 -36 5 -35 5 -34 5 -35 7 -31 9 -32 10 -32 8 -32 10 -33 9 -30 11 -31 12 -31 13 -27 12 -27 11 -27 12 -26 12 -27 12 -27 12 -28 13 -26 13 -27 15 -22 19 -23 26 -24 21 -18 24 -1 -1 ]
CSI_DATA,STA,08:3A:F2:51:5D:9D,-49,11,1,1,1,1,1,0,0,0,0,-93,0,6,1,20953200,0,110,0,0,21.144194,384,[110 96 6 0 0 0 0 0 0 0 0 0 -3 -21 -3 -20 -3 -22 -1 -24 -1 -22 0 -21 0 -22 1 -21 1 -21 2 -21 3 -23 2 -23 3 -22 3 -22 4 -20 3 -23 3 -20 4 -19 3 -19 3 -19 4 -19 3 -19 5 -18 3 -19 4 -21 2 -18 0 0 2 -19 0 -18 1 -19 0 -18 2 -17 0 -18 1 -18 -1 -17 -1 -17 -2 -15 -2 -16 -1 -16 -2 -16 -3 -16 -3 -16 -4 -16 -4 -17 -5 -14 -4 -15 -5 -13 -4 -15 -4 -15 -5 -15 -6 -14 -4 -15 -5 -14 0 0 0 0 0 0 0 0 0 0 -1 -1 -1 -1 -12 23 -11 22 -9 25 -7 22 -15 16 -13 16 -13 17 -14 17 -11 16 -12 15 -11 16 -10 16 -10 17 -10 16 -11 17 -8 17 -8 19 -8 17 -9 15 -7 16 -5 17 -7 17 -4 16 -7 17 -7 16 -5 16 -6 16 -4 17 -6 18 -4 18 2 18 -4 17 -4 17 -3 17 -3 17 -4 16 -4 16 -4 16 -4 16 -4 16 -5 16 -4 16 -5 15 -4 15 -5 14 -4 14 -5 14 -4 15 -5 12 -5 11 -6 12 -6 12 -5 10 -6 10 -6 9 -7 8 -7 8 0 0 -1 -1 -1 -1 -1 -1 -1 -1 -1 -1 -1 -1 -1 -1 0 0 0 0 -1 -1 -17 -32 -15 -32 -17 -34 -15 -36 -14 -35 -12 -33 -13 -36 -11 -34 -12 -38 -8 -37 -8 -39 -9 -38 -11 -39 -9 -39 -6 -35 -7 -36 -8 -35 -8 -36 -7 -32 -6 -35 -4 -33 -7 -33 -4 -33 -7 -33 -5 -35 -8 -32 -17 -29 -6 -32 -8 -30 -9 -30 -9 -29 -9 -29 -10 -30 -9 -29 -11 -28 -12 -28 -12 -24 -13 -26 -11 -26 -14 -26 -14 -26 -15 -23 -15 -23 -17 -25 -15 -20 -15 -20 -16 -21 -15 -20 -17 -21 -16 -22 -17 -21 -16 -20 -17 -22 -22 -13 -26 -13 -26 -13 -27 -9 -1 -1 ]
CSI_DATA,STA,08:3A:F2:51:5D:9D,-49,11,1,1,1,1,1,0,0,0,0,-93,0,6,1,20953583,0,110,0,0,21.155220,384,[110 96 6 0 0 0 0 0 0 0 0 0 17 -16 17 -16 18 -17 20 -16 19 -15 18 -13 19 -14 19 -12 20 -13 20 -12 22 -13 22 -14 21 -13 21 -11 21 -9 21 -12 19 -10 20 -10 19 -10 19 -9 20 -8 20 -9 18 -7 19 -10 21 -10 18 -11 0 0 17 -11 17 -12 17 -12 16 -13 17 -9 16 -11 17 -11 15 -11 15 -12 12 -12 12 -14 14 -12 13 -13 12 -13 13 -13 11 -15 13 -15 10 -13 11 -14 8 -13 10 -13 10 -13 10 -15 10 -15 9 -13 8 -13 0 0 0 0 0 0 0 0 0 0 -1 -1 -1 -1 -30 1 -28 3 -30 7 -27 5 -25 -3 -24 -2 -24 -1 -26 -2 -24 -1 -23 -1 -24 0 -22 1 -24 1 -23 1 -24 1 -23 3 -24 4 -23 4 -22 1 -22 4 -21 6 -21 4 -20 5 -21 4 -21 3 -21 5 -20 4 -20 7 -22 4 -21 8 -17 12 -21 7 -20 6 -19 7 -19 8 -20 6 -20 6 -19 6 -20 5 -19 6 -19 6 -19 6 -19 4 -18 5 -18 4 -17 5 -18 4 -19 4 -16 3 -16 3 -16 2 -15 1 -15 1 -14 0 -14 0 -14 -1 -14 -1 0 0 -1 -1 -1 -1 -1 -1 -1 -1 -1 -1 -1 -1 -1 -1 0 0 0 0 -1 -1 17 -37 18 -35 20 -37 22 -37 22 -36 22 -32 24 -34 24 -32 26 -36 27 -32 29 -33 27 -34 28 -36 28 -34 29 -28 27 -29 26 -30 28 -30 25 -27 28 -27 28 -25 27 -28 26 -26 25 -28 29 -27 23 -29 16 -36 25 -27 22 -27 20 -28 20 -27 22 -27 20 -27 20 -26 19 -28 19 -29 15 -25 15 -30 17 -28 15 -31 15 -31 11 -29 11 -29 12 -32 9 -27 10 -29 8 -29 8 -27 10 -29 10 -30 9 -30 7 -28 8 -27 -1 -31 -6 -33 -3 -36 -7 -30 -1 -1 ]
CSI_DATA,STA,08:3A:F2:51:5D:9D,-49,11,1,1,1,1,1,0,0,0,0,-93,0,6,1,20953912,0,110,0,0,21.166106,384,[110 96 6 0 0 0 0 0 0 0 0 0 21 6 21 6 23 6 24 9 23 9 20 9 21 10 20 10 20 10 20 11 22 12 22 12 21 12 20 12 18 13 22 13 18 11 18 12 17 11 17 12 17 12 18 12 15 13 17 11 19 13 17 10 0 0 17 10 18 8 18 9 17 7 16 9 17 8 18 9 16 7 17 7 16 5 18 4 16 5 18 5 16 4 16 3 17 2 18 3 15 2 16 2 16 1 16 3 16 2 17 2 16 0 16 2 15 1 0 0 0 0 0 0 0 0 0 0 -1 -1 -1 -1 -18 -24 -19 -25 -21 -22 -19 -18 -11 -23 -11 -21 -13 -21 -12 -23 -12 -20 -11 -19 -13 -19 -12 -17 -14 -19 -13 -19 -13 -19 -15 -17 -16 -18 -15 -17 -13 -17 -14 -16 -16 -14 -15 -16 -16 -13 -15 -15 -14 -15 -16 -14 -15 -15 -18 -13 -16 -16 -18 -13 -20 -8 -17 -13 -17 -13 -18 -12 -18 -12 -16 -13 -17 -13 -16 -13 -16 -12 -16 -13 -15 -12 -16 -13 -14 -13 -15 -13 -14 -13 -14 -11 -13 -12 -14 -13 -12 -11 -11 -11 -11 -12 -10 -11 -10 -12 -9 -12 -8 -12 -7 -11 -7 -12 0 0 -1 -1 -1 -1 -1 -1 -1 -1 -1 -1 -1 -1 -1 -1 0 0 0 0 -1 -1 39 -2 39 -1 42 -1 42 1 42 2 38 4 42 4 39 4 43 5 41 8 42 9 42 8 44 7 43 9 37 10 39 10 39 8 39 10 35 8 36 11 35 10 37 9 34 10 37 8 37 12 35 7 36 -4 34 7 33 6 35 6 33 4 33 4 34 5 34 4 32 1 33 2 31 1 33 -1 32 0 31 -4 31 -2 30 -5 30 -5 32 -5 27 -4 25 -7 28 -7 27 -6 27 -9 28 -7 28 -8 27 -7 29 -7 23 -15 26 -20 23 -21 22 -22 -1 -1 ]
CSI_DATA,STA,08:3A:F2:51:5D:9D,-49,11,1,1,1,1,1,0,0,0,0,-93,0,6,1,20954343,0,110,0,0,21.176706,384,[110 96 6 0 0 0 0 0 0 0 0 0 1 22 1 22 1 24 -1 25 -1 24 -2 22 -3 23 -4 22 -4 23 -4 23 -4 25 -4 25 -4 24 -5 24 -6 21 -5 25 -5 21 -7 20 -5 20 -6 20 -7 20 -6 21 -7 18 -5 21 -5 22 -4 20 0 0 -5 20 -3 20 -4 20 -2 19 -4 18 -3 19 -3 20 -2 17 -1 19 1 17 1 18 0 17 1 16 1 17 1 17 2 17 2 18 3 16 4 16 4 14 2 17 3 16 4 16 6 15 3 15 5 15 0 0 0 0 0 0 0 0 0 0 -1 -1 -1 -1 16 -24 14 -25 11 -28 12 -25 17 -18 16 -18 14 -19 16 -19 14 -18 14 -17 13 -19 12 -18 13 -20 12 -18 13 -19 10 -20 10 -22 9 -20 10 -18 9 -19 7 -21 9 -19 6 -19 8 -19 9 -19 7 -19 8 -19 4 -21 7 -20 5 -22 0 -22 6 -20 5 -19 4 -20 5 -20 5 -19 6 -19 5 -19 5 -19 6 -19 5 -18 6 -19 6 -17 5 -18 6 -18 5 -17 6 -17 5 -17 6 -15 7 -14 7 -14 7 -13 6 -13 7 -12 6 -11 7 -10 9 -10 0 0 -1 -1 -1 -1 -1 -1 -1 -1 -1 -1 -1 -1 -1 -1 0 0 0 0 -1 -1 15 37 14 37 14 38 13 41 11 40 9 38 9 41 8 39 9 43 5 40 6 43 7 42 8 44 6 43 2 40 3 40 5 40 2 39 4 36 1 38 1 37 3 38 1 36 5 37 2 39 6 36 14 34 3 36 5 33 7 34 6 32 7 33 8 33 5 32 8 31 9 31 10 29 13 31 11 29 14 29 11 28 15 26 14 27 14 28 12 26 14 24 16 26 14 24 14 24 15 25 16 23 14 24 16 25 21 19 31 17 28 18 28 13 -1 -1 ]
CSI_DATA,STA,08:3A:F2:51:5D:9D,-49,11,1,1,1,1,1,0,0,0,0,-93,0,6,1,20954772,0,110,0,0,21.186701,384,[110 96 6 0 0 0 0 0 0 0 0 0 -21 10 -21 9 -22 11 -24 9 -24 9 -22 7 -23 7 -22 6 -23 6 -23 5 -25 5 -25 5 -25 5 -25 3 -23 2 -25 5 -22 3 -22 2 -21 3 -21 2 -22 2 -22 2 -20 0 -21 2 -23 2 -21 4 0 0 -21 3 -20 5 -21 5 -19 5 -19 3 -19 5 -20 4 -17 5 -18 6 -16 7 -17 7 -16 6 -17 7 -16 6 -16 8 -16 9 -17 8 -13 9 -14 9 -13 9 -15 9 -15 8 -15 9 -13 10 -15 8 -13 9 0 0 0 0 0 0 0 0 0 0 -1 -1 -1 -1 27 6 27 6 29 2 26 2 21 9 21 8 22 7 22 9 22 7 19 6 22 5 20 5 22 4 21 5 22 6 21 3 23 3 22 3 19 4 20 1 20 -1 21 1 19 -1 20 1 19 2 20 0 20 1 20 -2 21 1 20 -3 19 -7 20 -2 20 -1 19 -2 19 -3 19 -1 20 -1 19 -1 18 -1 19 -1 18 -1 19 -1 18 1 18 0 18 0 17 -1 16 0 17 0 14 0 14 1 14 2 13 1 13 2 12 3 12 3 11 4 11 4 0 0 -1 -1 -1 -1 -1 -1 -1 -1 -1 -1 -1 -1 -1 -1 0 0 0 0 -1 -1 -30 27 -29 26 -32 28 -33 26 -34 26 -32 22 -35 24 -33 22 -36 25 -38 20 -40 20 -38 21 -39 23 -40 21 -37 15 -37 19 -35 19 -37 19 -32 16 -36 16 -34 14 -35 18 -34 14 -34 17 -38 14 -32 18 -29 25 -32 16 -31 18 -29 20 -28 18 -29 17 -28 19 -28 17 -28 19 -26 21 -23 20 -24 22 -24 20 -26 22 -23 20 -20 24 -21 23 -22 25 -18 21 -18 23 -19 24 -17 22 -19 23 -21 23 -19 24 -19 22 -17 23 -9 29 -6 32 -10 33 -4 31 -1 -1 ]
CSI_DATA,STA,08:3A:F2:51:5D:9D,-44,11,0,0,0,0,0,0,0,0,0,-93,0,6,1,20958817,0,110,0,0,21.197075,128,[110 96 6 0 0 0 0 0 0 0 0 0 -23 -16 -22 -16 -24 -18 -24 -18 -23 -19 -19 -18 -20 -19 -18 -19 -20 -20 -19 -21 -21 -21 -20 -22 -19 -21 -18 -20 -16 -20 -20 -22 -15 -20 -15 -20 -15 -19 -15 -19 -14 -19 -16 -20 -13 -19 -16 -18 -17 -19 -16 -17 0 0 -16 -17 -17 -17 -17 -15 -17 -16 -14 -14 -16 -14 -17 -15 -16 -14 -17 -13 -17 -14 -18 -13 -15 -12 -17 -11 -17 -12 -16 -12 -17 -12 -19 -12 -16 -11 -16 -10 -16 -10 -16 -10 -17 -10 -17 -10 -18 -10 -17 -9 -16 -8 0 0 0 0 0 0 0 0 0 0 ]
CSI_DATA,STA,08:3A:F2:51:5D:9D,-48,11,1,1,1,1,1,0,0,0,0,-93,0,6,1,20985469,0,110,0,0,21.201548,384,[110 96 6 0 0 0 0 0 0 0 0 0 15 -18 15 -18 16 -19 19 -19 18 -18 17 -15 18 -16 18 -14 19 -15 19 -14 20 -15 21 -16 20 -15 21 -14 20 -12 21 -15 19 -12 19 -11 18 -11 18 -11 19 -10 19 -12 18 -9 17 -12 20 -12 18 -13 0 0 16 -13 16 -13 17 -13 15 -13 16 -11 15 -14 16 -14 14 -13 13 -13 11 -13 12 -14 12 -13 11 -14 11 -14 11 -14 10 -16 11 -16 8 -15 9 -15 7 -15 9 -14 9 -14 9 -16 7 -15 9 -14 7 -14 0 0 0 0 0 0 0 0 0 0 -1 -1 -1 -1 -31 7 -27 10 -28 11 -25 14 -24 1 -24 2 -25 3 -26 1 -23 1 -21 2 -22 4 -20 4 -22 5 -21 4 -22 4 -21 6 -22 7 -21 6 -20 5 -19 6 -18 9 -19 7 -17 8 -19 7 -19 6 -18 8 -19 7 -17 10 -20 8 -17 10 -13 16 -18 10 -17 9 -17 10 -16 10 -17 9 -17 8 -17 8 -17 8 -17 8 -16 8 -16 8 -17 7 -16 7 -16 6 -15 7 -15 6 -15 6 -14 5 -13 5 -14 4 -13 4 -13 3 -12 2 -12 1 -12 1 -13 1 -1 -1 -1 -1 -1 -1 -1 -1 -1 -1 -1 -1 -1 -1 -1 -1 -1 -1 0 0 0 0 14 -38 14 -38 15 -39 18 -40 18 -39 18 -35 20 -37 20 -35 22 -39 23 -35 25 -36 23 -37 23 -39 24 -37 24 -32 24 -32 22 -34 23 -32 21 -31 23 -30 22 -29 22 -32 23 -26 20 -31 24 -30 20 -31 11 -36 21 -30 18 -30 18 -33 16 -30 16 -30 17 -30 16 -29 15 -32 11 -29 12 -28 11 -30 14 -28 9 -32 10 -30 5 -29 7 -31 6 -33 6 -28 4 -28 3 -29 5 -28 4 -30 5 -30 4 -29 3 -28 3 -30 -7 -28 -12 -32 -10 -33 -13 -28 -1 -1 ]
CSI_DATA,STA,08:3A:F2:51:5D:9D,-43,11,0,0,0,0,0,0,0,0,0,-93,0,6,1,20990139,0,110,0,0,21.212404,128,[110 96 6 0 0 0 0 0 0 0 0 0 18 16 17 17 18 18 19 18 17 19 15 18 15 19 14 18 15 19 14 20 16 20 16 21 15 20 14 19 12 18 16 21 12 19 11 18 12 18 12 17 12 17 12 18 10 17 13 16 14 17 13 16 0 0 13 15 14 15 14 14 14 14 13 12 14 13 14 13 13 12 15 12 14 12 15 11 13 11 15 10 14 11 14 10 15 10 16 10 15 9 15 9 15 8 15 8 15 8 15 8 15 7 14 7 14 7 0 0 0 0 0 0 0 0 0 0 ]
CSI_DATA,STA,08:3A:F2:51:5D:9D,-51,11,1,1,1,1,1,0,0,0,0,-93,0,6,1,21184368,0,110,0,0,21.350915,384,[110 96 6 0 0 0 0 0 0 0 0 0 -17 -18 -17 -18 -18 -19 -18 -21 -17 -20 -14 -20 -15 -21 -14 -20 -14 -21 -13 -21 -14 -23 -15 -23 -14 -22 -13 -23 -11 -22 -13 -23 -11 -21 -10 -21 -11 -20 -10 -20 -10 -20 -10 -21 -8 -19 -10 -20 -11 -21 -11 -18 0 0 -11 -19 -12 -17 -12 -18 -12 -16 -10 -17 -11 -17 -11 -18 -11 -15 -12 -15 -12 -12 -13 -13 -11 -13 -12 -13 -13 -12 -12 -12 -13 -11 -14 -13 -13 -10 -12 -10 -12 -9 -12 -11 -13 -10 -13 -10 -14 -8 -12 -10 -12 -8 0 0 0 0 0 0 0 0 0 0 -1 -1 -1 -1 -5 24 -3 24 0 25 -1 22 -5 20 -4 19 -3 19 -4 20 -2 19 -3 17 -1 18 -1 17 -1 18 0 17 -1 17 1 16 2 18 2 17 0 16 2 15 4 15 2 15 4 14 3 15 1 14 3 14 2 13 5 13 3 14 5 13 6 12 4 13 4 12 4 12 4 11 4 12 4 11 3 11 3 10 3 10 2 9 3 9 2 9 3 9 2 8 2 7 1 7 2 7 1 6 0 5 0 5 0 4 0 4 0 3 0 3 -1 2 -1 1 0 0 0 0 -1 -1 -1 -1 -1 -1 -1 -1 -1 -1 0 0 0 0 -1 -1 -1 -1 -36 -26 -36 -27 -37 -28 -37 -31 -35 -31 -32 -31 -34 -32 -31 -32 -34 -35 -30 -35 -31 -37 -32 -36 -34 -36 -32 -37 -27 -36 -27 -35 -29 -35 -27 -35 -26 -32 -25 -35 -24 -33 -25 -33 -22 -32 -26 -32 -24 -35 -26 -29 -29 -25 -24 -30 -25 -27 -27 -27 -25 -25 -25 -27 -26 -26 -25 -26 -26 -24 -27 -24 -25 -20 -27 -20 -25 -21 -28 -19 -27 -19 -27 -16 -27 -16 -30 -17 -26 -14 -25 -13 -26 -13 -26 -13 -26 -13 -26 -13 -27 -12 -25 -12 -26 -12 -26 -7 -30 -4 -29 -6 -28 -2 -1 -1 ]
CSI_DATA,STA,08:3A:F2:51:5D:9D,-51,11,1,1,1,1,1,0,0,0,0,-93,0,6,1,21189900,0,110,0,0,21.363181,384,[110 96 6 0 0 0 0 0 0 0 0 0 6 23 6 22 8 24 5 26 5 25 3 22 3 25 2 23 3 24 1 24 1 26 1 26 1 25 0 25 -1 23 1 26 0 22 -1 22 0 21 -1 21 -1 21 -1 22 -2 20 0 21 -1 23 1 20 0 0 0 20 2 20 2 20 3 19 1 18 3 19 2 20 3 17 3 18 4 16 5 17 4 16 5 16 6 15 5 15 6 14 7 16 7 13 7 14 7 12 6 14 6 13 7 14 8 12 6 13 7 11 0 0 0 0 0 0 0 0 0 0 -1 -1 -1 -1 3 -25 2 -25 0 -25 0 -22 7 -18 6 -17 5 -19 6 -18 5 -17 4 -15 4 -17 3 -15 2 -17 3 -16 4 -17 2 -16 0 -17 0 -16 2 -15 0 -15 -1 -15 0 -15 -2 -13 -1 -14 0 -14 -2 -14 0 -14 -3 -14 -1 -14 -3 -13 -6 -12 -2 -13 -2 -12 -3 -11 -2 -12 -2 -11 -2 -11 -2 -11 -2 -10 -1 -10 -1 -9 -1 -9 0 -9 -1 -8 -1 -8 -1 -6 0 -6 -1 -6 0 -5 0 -5 0 -4 0 -4 -1 -4 0 -3 0 -2 0 -2 0 -1 -1 -1 -1 -1 -1 -1 -1 -1 -1 -1 -1 -1 -1 -1 -1 -1 -1 -1 0 0 0 0 25 31 24 31 26 32 24 34 24 36 20 33 23 36 20 34 24 38 18 38 18 40 19 39 21 40 19 40 14 36 17 37 18 35 17 37 15 32 14 35 13 34 16 34 13 33 15 33 13 37 16 31 27 27 14 31 15 29 16 28 16 27 16 27 17 28 16 27 18 25 19 25 17 23 19 24 17 24 21 22 19 22 21 18 20 19 23 19 18 16 20 15 20 15 19 15 20 15 20 16 20 15 19 15 20 15 24 7 28 4 28 5 27 1 -1 -1 ]
CSI_DATA,STA,08:3A:F2:51:5D:9D,-51,11,1,1,1,1,1,0,0,0,0,-93,0,6,1,21192286,0,110,0,0,21.373343,384,[110 96 6 0 0 0 0 0 0 0 0 0 -8 -23 -7 -22 -9 -25 -6 -26 -6 -25 -5 -23 -5 -25 -4 -23 -4 -24 -3 -25 -2 -26 -2 -26 -2 -25 -1 -25 0 -23 -2 -26 -1 -23 0 -23 -1 -22 0 -22 0 -22 0 -23 1 -20 0 -22 0 -23 -2 -21 0 0 -1 -21 -3 -20 -3 -20 -4 -19 -2 -19 -3 -19 -3 -20 -3 -18 -4 -18 -5 -16 -6 -17 -4 -17 -5 -17 -6 -16 -5 -16 -7 -16 -7 -17 -7 -14 -7 -14 -7 -13 -6 -15 -7 -14 -7 -15 -8 -13 -6 -14 -7 -12 0 0 0 0 0 0 0 0 0 0 -1 -1 -1 -1 -8 23 -7 24 -4 23 -1 20 -11 16 -9 15 -8 17 -9 15 -7 16 -7 13 -6 15 -6 14 -5 15 -6 15 -6 15 -5 14 -4 16 -4 14 -5 13 -3 13 -1 13 -2 13 0 11 -2 13 -2 12 -1 12 -2 12 0 12 -2 13 -1 12 3 12 -1 11 -1 11 0 10 0 10 0 10 0 10 -1 10 -1 9 -1 9 -2 8 -2 8 -2 8 -1 7 -1 6 -2 5 -2 5 -2 5 -2 4 -2 3 -2 3 -2 2 -2 2 -2 1 -2 1 -2 0 -2 -1 0 0 0 0 -1 -1 -1 -1 -1 -1 -1 -1 -1 -1 0 0 0 0 -1 -1 -1 -1 -25 -35 -23 -33 -27 -36 -23 -37 -24 -38 -20 -35 -22 -39 -20 -36 -23 -40 -17 -42 -16 -43 -17 -42 -19 -42 -17 -42 -12 -38 -16 -39 -16 -37 -16 -40 -14 -34 -13 -38 -12 -35 -16 -36 -11 -36 -13 -36 -11 -39 -14 -34 -22 -31 -13 -33 -15 -32 -16 -30 -16 -30 -15 -29 -17 -29 -16 -30 -17 -27 -19 -27 -17 -26 -18 -26 -16 -27 -19 -25 -17 -24 -20 -21 -19 -21 -23 -23 -18 -18 -19 -18 -20 -18 -19 -18 -20 -17 -20 -20 -20 -18 -18 -18 -19 -18 -25 -10 -27 -8 -25 -9 -28 -4 -1 -1 ]
CSI_DATA,STA,08:3A:F2:51:5D:9D,-51,11,1,1,1,1,1,0,0,0,0,-93,0,6,1,21192695,0,110,0,0,21.384357,384,[110 96 6 0 0 0 0 0 0 0 0 0 -8 -20 -7 -20 -9 -22 -7 -23 -7 -23 -5 -20 -5 -22 -5 -20 -5 -21 -4 -22 -3 -24 -3 -24 -2 -23 -2 -22 -1 -21 -3 -24 -2 -20 -2 -21 -2 -20 -2 -20 -1 -19 -1 -20 0 -19 -2 -20 0 -21 -3 -19 0 0 -2 -19 -4 -19 -3 -18 -4 -18 -1 -17 -4 -17 -3 -18 -4 -15 -5 -16 -5 -15 -6 -16 -4 -15 -5 -15 -6 -14 -6 -15 -7 -13 -8 -15 -7 -13 -7 -13 -8 -11 -7 -12 -6 -12 -7 -14 -8 -11 -6 -13 -7 -10 0 0 0 0 0 0 0 0 0 0 -1 -1 -1 -1 -2 18 3 22 1 21 5 21 -7 14 -7 14 -5 14 -7 14 -5 15 -3 13 -2 13 -2 13 -1 14 -3 13 -3 13 -2 12 -2 14 -2 11 -3 10 -2 12 1 10 -1 12 0 11 -2 10 -1 10 1 11 0 10 1 11 -1 10 2 11 5 11 0 10 2 9 1 10 0 9 -1 8 1 9 -1 8 -1 6 0 8 0 8 0 8 -2 6 -2 5 -1 5 -1 6 -2 3 0 3 -3 4 -1 3 -3 3 -2 0 -1 0 -2 0 -3 0 -2 -1 -2 0 0 0 0 0 -1 -1 -1 -1 -1 -1 -1 -1 -1 -1 0 0 0 0 -1 -1 -1 -1 -27 -23 -25 -23 -28 -25 -26 -26 -27 -27 -22 -25 -25 -27 -23 -26 -26 -28 -21 -32 -21 -33 -21 -32 -23 -32 -21 -32 -17 -30 -20 -30 -20 -27 -21 -29 -17 -26 -17 -29 -16 -27 -18 -27 -16 -28 -17 -29 -15 -32 -17 -26 -30 -20 -16 -26 -17 -25 -18 -22 -17 -22 -17 -22 -19 -21 -16 -22 -18 -20 -21 -19 -18 -19 -19 -20 -17 -20 -19 -17 -18 -19 -21 -15 -19 -15 -24 -15 -17 -14 -20 -13 -19 -12 -18 -13 -19 -12 -19 -13 -19 -12 -20 -13 -18 -13 -24 -2 -26 -1 -24 -1 -22 5 -1 -1 ]
CSI_DATA,STA,08:3A:F2:51:5D:9D,-51,11,1,1,1,1,1,0,0,0,0,-93,0,6,1,21192943,0,110,0,0,21.395271,384,[110 96 6 0 0 0 0 0 0 0 0 0 15 -15 15 -14 16 -16 18 -15 18 -14 16 -12 17 -13 17 -12 17 -12 18 -12 20 -12 20 -12 19 -11 19 -11 18 -9 20 -12 17 -10 18 -9 17 -9 16 -9 16 -9 17 -9 15 -8 17 -9 17 -10 16 -9 0 0 15 -11 14 -12 14 -11 13 -12 14 -9 13 -11 14 -10 12 -10 12 -11 10 -11 10 -12 10 -10 10 -12 10 -11 10 -12 8 -13 9 -13 6 -12 8 -12 6 -12 8 -12 6 -12 7 -13 6 -12 7 -13 5 -11 0 0 0 0 0 0 0 0 0 0 -1 -1 -1 -1 -25 1 -22 -2 -22 6 -19 1 -19 -1 -17 1 -18 -1 -17 0 -17 1 -15 0 -16 1 -16 2 -17 3 -15 2 -15 1 -16 3 -16 2 -14 5 -14 3 -14 4 -13 4 -13 4 -12 6 -12 5 -12 5 -12 6 -10 5 -10 6 -14 4 -12 5 -10 6 -10 5 -10 4 -10 6 -9 6 -10 3 -9 3 -11 4 -11 3 -8 4 -8 3 -7 3 -8 3 -8 1 -6 1 -5 2 -6 0 -7 3 -4 0 -5 1 -4 2 -4 1 -3 0 -3 0 -3 -2 -3 -2 -2 -3 -1 -1 -1 -1 -1 -1 -1 -1 -1 -1 -1 -1 -1 -1 -1 -1 -1 -1 0 0 0 0 21 -32 20 -31 22 -34 24 -33 24 -32 24 -29 25 -31 24 -28 28 -32 29 -28 31 -28 29 -29 30 -31 30 -29 28 -24 29 -26 26 -27 28 -26 25 -24 27 -24 26 -23 26 -25 25 -22 26 -25 28 -24 24 -24 20 -27 23 -23 20 -23 20 -24 18 -25 19 -23 19 -25 19 -24 16 -24 16 -25 13 -23 14 -26 16 -22 13 -26 12 -25 11 -25 10 -25 9 -27 8 -24 8 -24 7 -24 8 -22 6 -24 8 -25 8 -24 6 -24 6 -25 3 -24 -1 -26 0 -25 -3 -25 -1 -1 ]
CSI_DATA,STA,08:3A:F2:51:5D:9D,-51,11,1,1,1,1,1,0,0,0,0,-93,0,6,1,21193398,0,110,0,0,21.405872,384,[110 96 6 0 0 0 0 0 0 0 0 0 22 9 21 9 23 9 23 12 23 12 20 11 21 12 19 12 20 12 20 14 21 15 21 15 20 15 19 15 17 15 21 15 17 13 17 14 17 13 17 14 16 13 17 14 14 14 16 13 18 15 16 11 0 0 17 11 18 10 18 11 17 9 15 11 17 9 17 10 15 7 16 6 16 6 16 6 16 6 16 6 16 5 15 5 15 4 17 3 14 1 16 1 14 1 14 2 15 1 15 3 15 0 13 2 13 1 0 0 0 0 0 0 0 0 0 0 -1 -1 -1 -1 -12 -19 -17 -22 -15 -16 -17 -12 -9 -19 -10 -17 -10 -19 -10 -19 -12 -16 -7 -15 -11 -16 -10 -13 -10 -13 -11 -15 -10 -15 -11 -13 -12 -12 -12 -14 -10 -12 -11 -11 -11 -9 -13 -11 -11 -7 -12 -9 -9 -8 -12 -8 -11 -10 -13 -8 -11 -11 -11 -7 -13 -6 -10 -6 -11 -7 -11 -7 -10 -7 -9 -5 -10 -5 -11 -7 -8 -8 -9 -4 -9 -7 -8 -7 -8 -8 -6 -6 -7 -6 -5 -4 -6 -6 -7 -5 -3 -3 -4 -5 -2 -3 -3 -4 -2 -4 -2 -4 -1 -3 -1 -3 -1 -2 0 0 0 0 -1 -1 -1 -1 -1 -1 -1 -1 -1 -1 0 0 0 0 0 0 -1 -1 42 4 39 5 44 4 41 7 45 7 39 8 43 8 39 8 44 8 42 15 43 17 42 15 45 14 43 15 36 15 41 13 38 12 40 12 35 11 37 14 34 12 38 12 35 15 36 13 38 17 35 10 37 6 34 11 35 8 33 8 33 5 33 8 33 5 32 6 31 4 33 2 30 3 32 2 31 4 31 0 29 0 30 -4 27 -3 31 -6 24 -3 27 -7 26 -7 25 -5 26 -8 29 -5 27 -4 25 -5 27 -4 21 -14 23 -18 23 -16 21 -21 -1 -1 ]
CSI_DATA,STA,08:3A:F2:51:5D:9D,-51,11,1,1,1,1,1,0,0,0,0,-93,0,6,1,21193701,0,110,0,0,21.416122,384,[110 96 6 0 0 0 0 0 0 0 0 0 6 20 5 19 6 21 5 23 4 22 3 20 3 21 2 20 2 21 2 21 1 23 2 23 1 22 0 22 -1 20 1 23 -1 20 0 20 0 19 0 19 0 19 0 20 -2 17 0 19 0 20 1 18 0 0 1 18 3 18 3 18 3 16 1 17 3 17 3 17 4 15 3 16 5 14 4 14 3 15 4 14 5 14 5 13 7 12 7 15 6 11 7 11 7 10 7 11 6 12 8 12 7 11 5 12 6 10 0 0 0 0 0 0 0 0 0 0 -1 -1 -1 -1 5 -24 4 -24 1 -22 -2 -19 7 -17 6 -16 5 -18 5 -16 4 -16 4 -14 3 -17 2 -14 3 -17 3 -16 3 -15 2 -15 1 -16 1 -14 1 -14 -1 -14 -1 -13 -1 -15 -3 -11 0 -13 -2 -13 -2 -13 0 -13 -3 -12 -1 -14 -3 -12 -5 -11 -2 -11 -3 -11 -2 -10 -4 -11 -2 -9 -2 -10 -2 -10 -2 -9 -1 -10 -1 -9 -1 -10 -1 -9 0 -8 0 -7 0 -6 0 -6 -1 -6 0 -5 0 -4 0 -5 0 -3 -1 -3 0 -4 0 -2 0 -2 0 -2 0 0 0 0 -1 -1 -1 -1 -1 -1 -1 -1 -1 -1 0 0 0 0 0 0 -1 -1 19 32 18 31 21 33 18 34 20 35 16 32 18 36 15 33 18 36 12 38 11 40 12 38 14 39 12 39 9 35 13 35 12 34 13 35 11 30 11 34 11 31 13 33 8 31 10 33 7 34 12 31 16 27 12 29 12 28 14 27 15 26 13 26 15 25 13 26 17 23 17 25 16 23 15 24 13 25 17 21 17 21 19 18 17 17 20 20 16 15 19 14 17 15 17 14 19 14 19 16 17 14 16 16 17 14 22 8 24 6 24 7 23 3 -1 -1 ]
CSI_DATA,STA,08:3A:F2:51:5D:9D,-51,11,1,1,1,1,1,0,0,0,0,-93,0,6,1,21194084,0,110,0,0,21.425959,384,[110 96 6 0 0 0 0 0 0 0 0 0 -21 17 -21 16 -23 18 -24 17 -24 17 -22 13 -24 15 -23 13 -24 13 -25 13 -26 13 -27 14 -26 13 -26 12 -25 9 -27 14 -24 10 -24 10 -23 9 -22 9 -22 8 -24 10 -22 8 -23 9 -24 10 -20 10 0 0 -20 11 -20 11 -19 11 -20 13 -20 9 -19 12 -19 11 -18 10 -17 13 -15 13 -15 13 -16 11 -15 12 -12 12 -14 13 -11 14 -14 15 -11 14 -10 13 -10 13 -11 13 -12 13 -11 13 -9 14 -11 13 -10 13 0 0 0 0 0 0 0 0 0 0 -1 -1 -1 -1 27 -2 26 -5 23 -9 23 -10 22 0 21 0 21 -1 19 -1 20 -3 18 -2 20 -5 18 -4 18 -5 19 -3 19 -3 17 -5 18 -6 16 -5 16 -4 16 -7 13 -7 16 -7 12 -6 13 -6 13 -7 13 -6 13 -7 12 -8 14 -7 12 -9 11 -15 12 -7 13 -7 12 -6 10 -8 12 -7 11 -6 10 -7 8 -5 8 -6 10 -5 10 -4 10 -3 7 -3 7 -4 7 -4 6 -4 5 -3 6 -1 5 -1 4 0 4 0 3 -1 1 0 3 1 0 2 3 0 0 0 0 0 -1 -1 -1 -1 -1 -1 -1 -1 -1 -1 0 0 0 0 0 0 -1 -1 -27 39 -26 37 -28 41 -30 39 -31 40 -29 34 -32 38 -30 34 -33 39 -37 34 -39 34 -37 35 -37 37 -39 35 -36 28 -36 33 -33 31 -37 32 -31 28 -34 30 -33 26 -32 29 -33 28 -34 29 -36 27 -29 29 -25 34 -30 28 -28 29 -26 28 -24 28 -24 28 -23 30 -23 28 -21 28 -20 29 -19 31 -21 30 -21 28 -18 29 -16 29 -12 31 -13 29 -14 33 -11 27 -9 27 -10 27 -10 26 -8 27 -11 28 -10 29 -10 27 -10 28 0 28 4 35 4 28 8 31 -1 -1 ]
CSI_DATA,STA,08:3A:F2:51:5D:9D,-45,11,0,0,0,0,0,0,0,0,0,-93,0,6,1,21197239,0,110,0,0,21.436571,128,[110 96 6 0 0 0 0 0 0 0 0 0 10 -28 11 -26 12 -29 12 -29 13 -29 13 -25 14 -26 14 -24 14 -26 16 -25 16 -27 16 -27 15 -26 15 -25 15 -22 15 -27 15 -22 16 -22 15 -21 14 -22 13 -21 14 -22 13 -19 13 -22 13 -23 12 -22 0 0 11 -21 11 -23 9 -22 10 -23 8 -20 8 -21 8 -22 7 -20 6 -21 7 -20 6 -22 6 -19 5 -20 6 -20 5 -21 5 -19 4 -22 3 -19 3 -19 3 -19 2 -19 3 -19 3 -19 2 -18 2 -18 2 -17 0 0 0 0 0 0 0 0 0 0 ]
CSI_DATA,STA,08:3A:F2:51:5D:9D,-51,11,1,1,1,1,1,0,0,0,0,-93,0,6,1,21211559,0,110,0,0,21.440543,384,[110 96 6 0 0 0 0 0 0 0 0 0 -4 -22 -3 -22 -4 -24 -2 -25 -2 -24 -1 -22 0 -23 0 -22 1 -23 1 -23 1 -24 1 -24 1 -24 2 -23 3 -21 2 -24 3 -21 3 -21 2 -20 2 -20 3 -20 3 -21 4 -18 1 -19 3 -21 0 -18 0 0 2 -19 -1 -19 -1 -19 -1 -18 1 -17 0 -19 0 -19 -1 -17 -2 -17 -3 -16 -4 -17 -2 -16 -3 -16 -5 -15 -3 -15 -4 -15 -5 -16 -5 -14 -5 -15 -5 -12 -5 -14 -5 -14 -6 -13 -7 -13 -6 -13 -6 -12 0 0 0 0 0 0 0 0 0 0 -1 -1 -1 -1 -6 24 -4 23 -4 23 -2 20 -9 14 -9 15 -7 16 -9 15 -7 14 -8 14 -5 14 -4 13 -5 15 -5 14 -5 15 -4 14 -3 16 -3 12 -5 13 -4 14 0 13 -3 15 -2 12 -3 12 -3 12 -1 13 -3 13 -1 13 -1 13 0 15 5 12 -1 11 -1 12 0 11 2 11 -1 11 -2 12 0 11 -2 9 -1 10 -3 10 -3 9 -3 8 -1 8 -1 8 -2 7 -1 7 -5 7 -4 6 -2 6 -4 5 -3 5 -3 3 -3 4 -4 3 -4 4 -4 3 0 0 -1 -1 -1 -1 -1 -1 -1 -1 -1 -1 -1 -1 -1 -1 0 0 0 0 -1 -1 -20 -32 -19 -31 -20 -34 -19 -36 -17 -36 -15 -33 -16 -36 -14 -34 -16 -37 -13 -37 -13 -39 -14 -37 -16 -38 -14 -38 -9 -35 -11 -36 -12 -35 -11 -35 -11 -32 -9 -35 -8 -32 -11 -33 -9 -31 -12 -32 -8 -35 -12 -30 -24 -27 -12 -31 -12 -29 -13 -27 -13 -28 -14 -27 -12 -27 -12 -27 -14 -26 -14 -26 -16 -23 -16 -24 -13 -23 -16 -22 -16 -22 -19 -20 -18 -20 -19 -21 -16 -17 -17 -17 -17 -16 -17 -16 -17 -16 -20 -16 -18 -16 -18 -15 -19 -17 -22 -8 -26 -6 -24 -7 -28 -3 -1 -1 ]
CSI_DATA,STA,08:3A:F2:51:5D:9D,-45,11,0,0,0,0,0,0,0,0,0,-93,0,6,1,21218250,0,110,0,0,21.451454,128,[110 96 6 0 0 0 0 0 0 0 0 0 18 -17 18 -16 19 -18 20 -18 20 -16 19 -14 20 -14 19 -13 20 -14 21 -13 22 -14 22 -14 21 -13 20 -13 19 -10 21 -14 19 -10 19 -10 18 -10 18 -10 18 -10 19 -11 17 -8 17 -11 18 -12 17 -11 0 0 16 -11 16 -12 15 -12 15 -12 13 -11 14 -12 14 -12 13 -11 13 -13 13 -11 13 -13 12 -11 12 -13 12 -12 12 -12 11 -12 11 -14 10 -12 10 -12 10 -12 10 -12 10 -13 9 -13 9 -13 9 -12 8 -12 0 0 0 0 0 0 0 0 0 0 ]
CSI_DATA,STA,08:3A:F2:51:5D:9D,-51,11,1,1,1,1,1,0,0,0,0,-93,0,6,1,21277742,0,110,0,0,21.455796,384,[110 96 6 0 0 0 0 0 0 0 0 0 12 15 12 16 13 17 13 19 12 18 10 17 10 18 9 17 9 18 8 18 9 20 9 20 9 20 8 20 6 19 8 20 6 18 6 18 6 17 6 18 5 17 5 18 4 16 6 17 6 18 6 16 0 0 6 16 7 15 7 15 8 13 6 14 7 14 7 15 7 13 8 13 8 11 9 12 8 12 8 12 8 11 8 11 9 10 10 11 10 9 8 8 9 7 9 9 9 9 10 8 10 7 8 8 8 7 0 0 0 0 0 0 0 0 0 0 -1 -1 -1 -1 0 -21 -2 -23 -5 -23 -2 -18 3 -18 0 -17 0 -18 1 -19 0 -16 1 -15 -1 -16 0 -15 0 -16 -2 -16 0 -16 -2 -15 -3 -16 -4 -16 -1 -15 -3 -14 -4 -15 -4 -15 -4 -14 -4 -14 -2 -14 -4 -13 -3 -14 -6 -14 -3 -15 -5 -14 -8 -13 -4 -14 -4 -12 -5 -12 -4 -13 -4 -12 -4 -12 -4 -11 -4 -11 -2 -12 -3 -12 -3 -10 -1 -11 -3 -12 0 -10 -1 -9 -1 -8 -1 -10 -1 -9 0 -9 1 -8 2 -6 2 -6 2 -6 2 -5 2 -5 3 -4 -1 -1 0 0 0 0 -1 -1 -1 -1 -1 -1 0 0 0 0 -1 -1 -1 -1 -1 -1 29 19 29 20 30 20 30 24 29 23 26 22 28 24 25 24 28 26 25 27 25 29 26 27 28 27 26 28 21 27 22 27 22 26 23 27 20 24 20 26 19 24 20 26 17 24 21 24 19 27 21 22 26 17 20 22 19 21 20 19 19 19 20 19 20 18 19 19 19 18 21 16 19 15 22 15 19 15 20 13 21 14 20 11 21 12 23 11 20 10 19 9 20 8 19 9 21 8 21 8 21 9 18 9 20 8 21 2 23 0 24 0 23 -2 -1 -1 ]
CSI_DATA,STA,08:3A:F2:51:5D:9D,-51,11,1,1,1,1,1,0,0,0,0,-93,0,6,1,21289691,0,110,0,0,21.465854,384,[110 96 6 0 0 0 0 0 0 0 0 0 20 -8 18 -7 21 -8 22 -6 22 -6 19 -5 21 -5 20 -4 20 -4 21 -3 22 -3 23 -3 22 -2 21 -2 19 0 22 -3 19 -2 19 -1 19 -2 18 -1 18 0 19 -1 17 1 18 -1 20 -1 17 -2 0 0 17 -2 17 -3 17 -3 16 -4 15 -3 16 -3 16 -3 14 -3 15 -5 13 -5 14 -6 13 -5 14 -5 13 -6 13 -6 11 -7 13 -7 9 -7 10 -7 10 -8 11 -7 11 -7 11 -7 11 -8 10 -7 9 -8 0 0 0 0 0 0 0 0 0 0 -1 -1 -1 -1 -21 -9 -21 -8 -21 -5 -19 -3 -17 -9 -16 -7 -17 -7 -17 -8 -17 -6 -15 -6 -16 -5 -15 -5 -17 -4 -16 -5 -16 -6 -16 -4 -17 -3 -16 -4 -14 -4 -16 -2 -15 0 -16 -2 -14 -1 -14 -2 -14 -2 -15 0 -15 -2 -15 0 -15 -2 -15 0 -14 3 -14 0 -15 0 -14 0 -14 1 -13 -1 -13 0 -13 0 -13 -1 -12 -1 -12 -1 -12 -1 -12 -2 -11 -2 -10 -2 -10 -1 -9 -2 -10 -3 -8 -2 -8 -2 -8 -3 -7 -3 -6 -3 -6 -3 -5 -3 -5 -4 -4 -3 0 0 0 0 -1 -1 -1 -1 -1 -1 -1 -1 -1 -1 0 0 0 0 -1 -1 -1 -1 31 -21 30 -20 33 -23 34 -20 35 -21 32 -17 35 -19 33 -16 36 -19 37 -14 39 -13 38 -14 39 -15 38 -13 34 -10 36 -13 34 -13 35 -13 31 -11 33 -10 32 -9 33 -12 32 -9 32 -11 34 -8 30 -11 28 -16 29 -10 28 -12 27 -13 26 -14 26 -13 26 -14 25 -13 24 -14 24 -16 22 -15 23 -16 24 -14 22 -17 22 -16 18 -18 18 -17 19 -19 15 -16 15 -17 15 -19 15 -17 15 -19 17 -18 16 -18 15 -17 15 -18 10 -20 9 -24 9 -23 5 -24 -1 -1 ]
CSI_DATA,STA,08:3A:F2:51:5D:9D,-51,11,1,1,1,1,1,0,0,0,0,-93,0,6,1,21290074,0,110,0,0,21.476575,384,[110 96 6 0 0 0 0 0 0 0 0 0 14 15 13 14 15 16 13 18 14 18 11 16 12 18 10 17 11 18 10 19 10 20 10 20 9 20 9 20 7 18 10 20 8 17 7 18 7 17 8 18 7 17 8 18 5 16 7 16 7 18 8 15 0 0 8 15 9 15 9 14 9 14 7 14 9 13 9 14 8 12 9 12 8 11 10 11 8 11 9 10 10 9 9 10 10 8 12 9 10 7 10 8 10 6 10 7 10 8 11 8 11 7 10 8 9 7 0 0 0 0 0 0 0 0 0 0 -1 -1 -1 -1 -9 -21 -9 -21 -10 -18 -11 -18 -2 -19 -2 -17 -3 -17 -3 -17 -4 -16 -3 -13 -5 -15 -4 -15 -5 -16 -5 -16 -4 -16 -5 -15 -7 -15 -7 -15 -5 -14 -6 -13 -8 -12 -7 -12 -7 -12 -6 -12 -6 -12 -7 -12 -7 -13 -9 -12 -7 -13 -9 -12 -12 -9 -7 -10 -8 -12 -9 -11 -8 -11 -8 -10 -8 -11 -8 -10 -6 -10 -7 -10 -6 -11 -5 -10 -4 -10 -6 -9 -3 -10 -5 -9 -4 -9 -5 -8 -3 -8 -2 -7 -2 -7 -2 -7 -1 -6 0 -7 -1 -6 -1 -6 1 -4 0 0 0 0 -1 -1 -1 -1 -1 -1 -1 -1 -1 -1 0 0 0 0 -1 -1 -1 -1 32 13 30 14 34 14 31 17 34 18 28 17 31 19 29 18 32 20 29 23 28 25 29 24 31 23 29 24 24 22 27 23 26 20 27 22 22 19 25 22 22 20 25 20 23 21 24 21 23 23 23 18 31 11 23 19 23 17 23 15 23 15 23 14 23 14 21 15 23 12 24 12 22 10 23 12 23 12 23 9 23 9 22 6 22 5 25 6 19 4 21 3 21 4 19 3 22 2 22 5 21 4 20 4 21 3 21 -6 22 -9 24 -8 22 -11 -1 -1 ]
CSI_DATA,STA,08:3A:F2:51:5D:9D,-51,11,1,1,1,1,1,0,0,0,0,-93,0,6,1,21290451,0,110,0,0,21.486697,384,[110 96 6 0 0 0 0 0 0 0 0 0 -13 20 -13 19 -14 21 -17 21 -16 20 -15 17 -16 19 -16 17 -17 17 -17 17 -19 18 -19 18 -18 17 -19 16 -19 14 -19 18 -18 14 -18 14 -17 14 -17 14 -17 13 -17 13 -17 11 -17 13 -18 14 -15 13 0 0 -15 13 -14 14 -14 14 -13 14 -14 12 -13 14 -13 14 -11 13 -12 14 -9 14 -9 14 -10 13 -9 13 -8 13 -9 13 -7 14 -8 15 -5 13 -6 14 -5 13 -7 14 -6 13 -6 14 -4 14 -6 13 -4 12 0 0 0 0 0 0 0 0 0 0 -1 -1 -1 -1 19 -14 21 -15 18 -15 16 -16 19 -7 17 -7 16 -9 17 -8 16 -9 14 -8 15 -10 13 -9 14 -11 14 -9 16 -9 14 -10 14 -11 13 -10 12 -9 12 -11 11 -12 12 -12 9 -11 11 -11 11 -10 10 -11 11 -11 10 -12 12 -11 10 -12 7 -15 10 -12 9 -11 8 -11 9 -12 9 -10 9 -10 8 -9 8 -10 8 -10 8 -9 9 -9 9 -8 8 -7 8 -7 7 -7 7 -6 7 -6 7 -5 6 -5 7 -4 6 -4 5 -3 5 -2 5 -2 5 -1 5 -1 0 0 0 0 -1 -1 -1 -1 -1 -1 -1 -1 -1 -1 0 0 0 0 -1 -1 -1 -1 -9 39 -9 38 -9 41 -12 40 -12 42 -13 36 -13 40 -13 36 -13 41 -19 39 -21 39 -19 39 -19 41 -21 38 -21 33 -18 36 -17 35 -18 37 -16 32 -18 33 -18 30 -16 33 -19 31 -18 32 -22 32 -16 31 -6 37 -16 30 -13 30 -12 30 -11 29 -12 29 -10 30 -11 28 -8 28 -8 29 -8 28 -7 29 -9 28 -5 28 -5 27 -1 27 -2 27 -1 29 -1 24 1 24 1 25 1 24 2 24 0 26 0 25 1 24 1 25 11 24 15 24 12 23 17 20 -1 -1 ]
CSI_DATA,STA,08:3A:F2:51:5D:9D,-51,11,1,1,1,1,1,0,0,0,0,-93,0,6,1,21291011,0,110,0,0,21.497266,384,[110 96 6 0 0 0 0 0 0 0 0 0 -19 -11 -19 -11 -21 -11 -20 -13 -20 -13 -17 -12 -18 -14 -17 -13 -17 -14 -17 -15 -17 -16 -18 -16 -17 -16 -16 -16 -14 -16 -18 -16 -14 -15 -14 -15 -14 -14 -13 -15 -13 -15 -14 -15 -11 -14 -13 -14 -14 -15 -13 -13 0 0 -14 -13 -14 -12 -14 -12 -14 -10 -12 -11 -14 -11 -14 -11 -13 -10 -14 -9 -13 -8 -14 -8 -13 -8 -13 -8 -13 -7 -13 -7 -13 -6 -15 -7 -13 -4 -13 -5 -13 -4 -13 -5 -13 -5 -14 -5 -13 -3 -13 -5 -12 -3 0 0 0 0 0 0 0 0 0 0 -1 -1 -1 -1 14 16 14 17 15 14 15 11 6 15 6 13 8 14 7 14 8 13 6 11 8 12 8 11 9 11 8 12 8 12 8 11 10 11 9 11 7 10 9 9 10 7 10 9 9 7 9 9 8 9 10 8 9 9 10 8 10 10 10 8 13 4 9 7 9 7 9 7 9 6 9 7 9 6 8 7 7 6 8 6 7 7 7 7 7 8 6 7 6 7 6 5 5 5 5 6 3 5 3 4 3 5 3 5 3 5 2 5 1 5 0 4 -1 4 0 0 0 0 -1 -1 -1 -1 -1 -1 -1 -1 -1 -1 0 0 0 0 -1 -1 -1 -1 -36 -3 -34 -4 -38 -3 -36 -6 -39 -6 -33 -7 -37 -7 -34 -8 -38 -8 -36 -13 -37 -15 -36 -14 -39 -13 -37 -14 -32 -15 -34 -13 -32 -11 -34 -12 -29 -11 -32 -13 -29 -13 -32 -11 -29 -14 -30 -13 -31 -16 -29 -11 -33 -1 -28 -11 -28 -9 -27 -7 -27 -7 -27 -7 -28 -6 -27 -7 -27 -5 -27 -4 -26 -4 -27 -4 -26 -5 -26 -3 -25 -3 -24 1 -23 0 -27 1 -21 1 -21 3 -22 3 -22 2 -22 3 -23 2 -23 2 -22 2 -22 3 -19 13 -20 15 -19 12 -17 18 -1 -1 ]
CSI_DATA,STA,08:3A:F2:51:5D:9D,-51,11,1,1,1,1,1,0,0,0,0,-93,0,6,1,21291317,0,110,0,0,21.507861,384,[110 96 6 0 0 0 0 0 0 0 0 0 -8 -21 -7 -20 -8 -22 -7 -23 -6 -22 -5 -20 -5 -22 -4 -21 -3 -22 -3 -22 -3 -23 -4 -24 -4 -23 -3 -22 -1 -21 -3 -23 -2 -20 -2 -20 -2 -19 -2 -19 -1 -19 -2 -20 0 -18 -3 -19 -2 -20 -3 -18 0 0 -3 -18 -5 -18 -5 -17 -5 -17 -3 -16 -4 -17 -4 -17 -5 -15 -6 -16 -7 -14 -7 -14 -6 -14 -7 -14 -7 -13 -7 -13 -8 -12 -9 -14 -8 -11 -8 -11 -8 -10 -8 -11 -8 -12 -9 -11 -10 -10 -8 -11 -8 -9 0 0 0 0 0 0 0 0 0 0 -1 -1 -1 -1 -1 21 -1 21 1 21 3 19 -5 17 -4 15 -3 16 -3 16 -2 16 -2 14 -1 15 0 14 0 15 0 15 -1 15 1 15 2 16 1 15 0 13 3 14 3 12 2 14 3 11 3 13 2 12 4 12 2 13 4 12 3 13 4 12 6 11 4 12 4 12 4 11 4 11 4 10 4 11 3 10 3 10 3 10 3 10 2 10 2 10 2 9 2 9 1 8 1 8 1 8 0 7 0 7 0 7 -1 6 0 5 -1 5 -1 5 -2 4 -2 4 -1 -1 -1 -1 -1 -1 -1 -1 -1 -1 -1 -1 -1 -1 -1 -1 -1 -1 0 0 0 0 -24 -30 -22 -29 -25 -31 -23 -32 -23 -33 -19 -30 -22 -33 -19 -31 -22 -35 -17 -36 -17 -38 -18 -37 -20 -37 -18 -36 -14 -33 -17 -34 -17 -32 -17 -34 -15 -29 -14 -32 -13 -31 -16 -31 -13 -31 -15 -31 -13 -33 -16 -29 -22 -25 -14 -28 -16 -26 -17 -25 -17 -24 -16 -24 -18 -24 -17 -24 -18 -22 -20 -22 -18 -20 -19 -21 -18 -21 -20 -19 -19 -19 -21 -16 -20 -15 -23 -16 -19 -13 -19 -12 -20 -12 -20 -12 -20 -12 -21 -13 -21 -12 -20 -12 -20 -12 -23 -5 -25 -3 -24 -3 -25 2 -1 -1 ]
CSI_DATA,STA,08:3A:F2:51:5D:9D,-51,11,1,1,1,1,1,0,0,0,0,-93,0,6,1,21291622,0,110,0,0,21.518722,384,[110 96 6 0 0 0 0 0 0 0 0 0 7 -20 7 -19 7 -22 9 -21 9 -22 8 -18 10 -20 10 -18 10 -19 12 -19 13 -19 13 -20 13 -19 13 -18 12 -15 13 -20 12 -16 13 -16 11 -15 11 -16 12 -15 11 -15 12 -13 11 -14 13 -15 11 -15 0 0 10 -15 9 -16 9 -15 8 -15 9 -13 8 -15 8 -15 6 -14 6 -15 5 -14 5 -14 5 -13 5 -14 4 -13 5 -14 3 -14 4 -16 1 -13 2 -14 1 -13 2 -13 1 -13 2 -14 1 -14 3 -13 1 -13 0 0 0 0 0 0 0 0 0 0 -1 -1 -1 -1 -18 14 -16 13 -14 13 -11 16 -16 7 -14 7 -15 9 -15 8 -14 9 -14 8 -13 9 -12 9 -12 11 -13 9 -14 8 -13 9 -12 11 -12 10 -10 7 -9 11 -9 10 -10 10 -8 9 -10 9 -9 9 -8 9 -10 10 -9 11 -11 10 -8 12 -5 12 -9 10 -8 11 -7 9 -8 11 -7 8 -7 10 -8 9 -7 8 -7 9 -8 9 -8 8 -10 7 -8 6 -7 6 -6 7 -7 5 -7 5 -7 5 -7 5 -6 3 -6 4 -5 3 -5 0 -5 0 -7 0 -5 -1 0 0 0 0 -1 -1 -1 -1 -1 -1 -1 -1 -1 -1 0 0 0 0 -1 -1 -1 -1 0 -38 1 -36 0 -39 3 -38 2 -40 4 -35 4 -39 5 -36 5 -41 10 -38 12 -39 11 -39 10 -40 11 -39 12 -33 9 -36 9 -35 10 -36 8 -31 11 -34 10 -30 9 -34 12 -31 10 -32 14 -33 9 -31 0 -33 7 -30 6 -29 5 -29 4 -28 5 -29 3 -29 5 -28 2 -28 0 -29 1 -27 1 -28 3 -28 1 -26 -1 -27 -4 -26 -3 -25 -4 -28 -3 -23 -6 -22 -5 -24 -6 -22 -8 -24 -5 -24 -4 -25 -3 -23 -5 -23 -11 -19 -16 -20 -14 -20 -19 -18 -1 -1 ]
CSI_DATA,STA,08:3A:F2:51:5D:9D,-51,11,1,1,1,1,1,0,0,0,0,-93,0,6,1,21291960,0,110,0,0,21.529158,384,[110 96 6 0 0 0 0 0 0 0 0 0 21 0 20 0 22 0 23 2 23 2 20 3 21 3 20 4 21 4 21 5 21 6 22 6 21 6 20 7 18 7 22 6 18 6 18 7 18 6 18 6 18 6 18 6 16 7 17 6 18 8 17 4 0 0 17 5 17 4 16 4 17 2 14 5 16 3 16 3 15 2 15 2 14 1 15 0 14 1 15 1 14 0 13 0 14 -2 15 -1 12 -2 13 -2 12 -3 12 -2 13 -2 13 -2 13 -4 12 -2 11 -3 0 0 0 0 0 0 0 0 0 0 -1 -1 -1 -1 -20 -8 -21 -10 -22 -7 -19 -5 -14 -11 -13 -9 -14 -10 -14 -11 -15 -9 -11 -8 -14 -8 -13 -7 -15 -7 -14 -8 -14 -8 -14 -6 -14 -6 -14 -7 -13 -8 -13 -4 -13 -3 -14 -4 -13 -2 -14 -5 -13 -4 -14 -3 -14 -5 -14 -4 -13 -5 -14 -3 -14 3 -13 -3 -12 -3 -12 -3 -12 -2 -11 -3 -12 -3 -12 -4 -11 -3 -11 -2 -11 -3 -11 -5 -9 -4 -9 -4 -9 -5 -8 -3 -9 -4 -9 -5 -7 -4 -7 -4 -7 -4 -6 -3 -5 -5 -4 -5 -4 -4 -4 -5 -3 -4 0 0 0 0 -1 -1 -1 -1 -1 -1 -1 -1 -1 -1 0 0 0 0 -1 -1 -1 -1 31 -15 30 -13 33 -16 33 -13 35 -13 32 -10 36 -11 32 -9 37 -11 36 -6 38 -5 37 -6 38 -8 37 -6 33 -3 35 -5 32 -6 34 -6 30 -5 32 -3 31 -2 33 -5 30 -2 32 -4 32 -2 29 -5 28 -16 29 -3 27 -7 25 -7 26 -8 26 -7 27 -9 26 -8 24 -9 25 -10 22 -8 24 -11 24 -8 23 -10 23 -9 20 -12 20 -12 21 -15 17 -12 17 -13 17 -14 16 -14 18 -14 18 -14 18 -14 16 -13 18 -13 11 -21 10 -23 9 -21 5 -23 -1 -1 ]
CSI_DATA,STA,08:3A:F2:51:5D:9D,-51,11,1,1,1,1,1,0,0,0,0,-93,0,6,1,21300815,0,110,0,0,21.539566,384,[110 96 6 0 0 0 0 0 0 0 0 0 -24 4 -24 3 -26 4 -27 2 -26 2 -24 0 -25 0 -24 0 -25 -1 -25 -2 -27 -3 -27 -2 -26 -3 -25 -4 -23 -5 -26 -3 -23 -4 -22 -4 -22 -4 -22 -4 -22 -4 -22 -4 -20 -5 -21 -4 -23 -5 -20 -3 0 0 -21 -3 -20 -1 -20 -1 -19 0 -19 -3 -19 -1 -20 -1 -18 0 -18 0 -17 2 -17 2 -17 1 -17 1 -16 2 -16 2 -16 4 -18 3 -15 4 -15 4 -14 5 -15 4 -15 4 -15 4 -14 5 -14 4 -13 5 0 0 0 0 0 0 0 0 0 0 -1 -1 -1 -1 21 9 23 8 22 5 21 4 16 10 15 9 16 9 15 10 15 8 14 8 15 6 15 6 16 6 15 6 15 7 15 5 16 4 15 5 13 5 15 4 15 2 15 2 14 1 14 3 13 3 14 2 14 3 15 1 15 3 15 1 14 -3 14 1 14 1 13 1 14 0 12 1 13 1 12 2 11 1 12 1 11 1 11 2 11 3 10 2 9 2 10 1 8 2 9 2 7 2 7 2 7 2 6 2 5 2 4 3 4 3 4 3 3 3 0 0 0 0 -1 -1 -1 -1 -1 -1 -1 -1 -1 -1 0 0 0 0 -1 -1 -1 -1 -36 20 -35 19 -38 20 -40 17 -41 17 -37 14 -40 16 -37 14 -42 16 -42 11 -45 10 -43 11 -44 12 -44 9 -40 6 -41 9 -39 9 -40 9 -36 7 -38 7 -36 6 -37 8 -36 6 -37 7 -39 5 -35 9 -31 18 -34 7 -33 8 -32 10 -31 10 -31 9 -30 11 -30 10 -29 11 -29 13 -27 13 -28 13 -28 11 -26 14 -25 13 -23 15 -23 15 -25 17 -21 14 -20 16 -20 17 -20 15 -19 16 -21 16 -20 16 -20 15 -20 16 -13 23 -13 26 -12 24 -9 25 -1 -1 ]
CSI_DATA,STA,08:3A:F2:51:5D:9D,-47,11,1,1,0,1,1,0,0,0,0,-93,0,6,1,21503253,0,110,0,0,21.669899,256,[110 96 6 0 0 0 0 0 0 0 0 0 10 -17 11 -16 12 -17 12 -17 12 -16 12 -15 12 -15 12 -14 13 -14 13 -14 13 -15 13 -14 13 -14 13 -13 13 -13 13 -13 13 -12 12 -12 12 -11 12 -12 12 -11 11 -11 11 -11 11 -12 10 -12 10 -11 0 0 9 -11 9 -11 9 -11 9 -11 8 -11 8 -11 7 -11 7 -11 7 -11 6 -11 6 -12 6 -11 6 -11 6 -11 5 -11 5 -11 5 -12 4 -11 4 -11 4 -11 3 -11 4 -11 3 -11 3 -11 3 -10 3 -11 0 0 0 0 0 0 0 0 0 0 -1 -1 -1 -1 -1 -1 -1 -1 2 -19 3 -18 6 -17 6 -17 8 -17 8 -18 8 -16 8 -16 9 -17 9 -16 9 -15 9 -15 9 -16 9 -16 9 -15 9 -15 10 -14 9 -14 10 -14 9 -13 9 -13 9 -13 9 -12 8 -12 8 -12 8 -13 7 -13 7 -12 -1 -1 7 -12 6 -12 6 -11 6 -12 5 -11 5 -12 4 -11 5 -12 4 -11 3 -12 3 -12 3 -11 3 -12 3 -12 2 -11 2 -11 2 -11 2 -11 2 -11 1 -11 1 -11 2 -10 0 -10 0 -10 1 -10 1 -10 -2 -9 -1 -10 -1 -1 -1 -1 -1 -1 ]
CSI_DATA,STA,08:3A:F2:51:5D:9D,-43,11,1,1,0,1,1,0,0,0,0,-93,0,6,1,21504056,0,110,0,0,21.677681,256,[110 96 6 0 0 0 0 0 0 0 0 0 13 17 12 18 12 18 12 19 11 19 10 18 10 19 9 19 10 19 9 19 10 19 10 20 9 19 9 18 7 18 9 20 7 18 7 18 6 18 6 17 7 16 6 18 6 16 7 16 7 16 7 15 0 0 7 14 7 15 8 14 7 13 7 13 8 12 8 13 7 11 9 11 8 11 9 11 9 10 9 10 9 10 9 10 9 10 9 10 9 9 9 8 10 8 9 9 9 8 10 8 10 7 10 7 9 6 0 0 0 0 0 0 0 0 0 0 -1 -1 -1 -1 -1 -1 -1 -1 40 8 37 10 31 21 31 22 30 23 32 25 29 24 28 24 30 27 27 25 27 27 26 26 28 26 28 27 26 26 27 26 23 26 25 27 23 27 20 26 21 25 21 25 20 24 20 25 20 22 22 23 21 23 20 21 -1 -1 20 19 20 19 20 18 20 19 19 17 21 16 20 16 20 16 21 15 22 14 23 12 21 12 21 11 21 12 20 11 21 10 21 11 21 10 20 9 21 8 21 9 20 8 21 6 21 5 20 6 19 6 21 -1 21 -3 -1 -1 -1 -1 -1 -1 ]
CSI_DATA,STA,08:3A:F2:51:5D:9D,-47,11,1,1,0,1,1,0,0,0,0,-93,0,6,1,21506757,0,110,0,0,21.684354,256,[110 96 6 0 0 0 0 0 0 0 0 0 11 -16 11 -16 12 -16 12 -17 13 -15 13 -14 13 -14 13 -14 14 -13 14 -13 14 -14 14 -14 14 -13 13 -12 14 -12 14 -13 13 -11 13 -11 13 -11 13 -11 12 -10 12 -10 12 -10 11 -11 11 -11 11 -11 0 0 10 -10 10 -11 10 -10 10 -11 9 -10 9 -10 8 -10 8 -10 8 -10 8 -11 7 -11 6 -10 6 -10 7 -11 6 -10 6 -11 6 -11 5 -11 6 -11 5 -10 5 -10 5 -10 4 -11 4 -11 4 -10 4 -10 0 0 0 0 0 0 0 0 0 0 -1 -1 -1 -1 -1 -1 -1 -1 4 -36 5 -35 13 -33 15 -33 16 -33 17 -34 17 -31 17 -31 18 -33 19 -30 20 -29 19 -28 19 -30 19 -30 18 -30 19 -29 20 -27 19 -28 21 -27 20 -24 19 -25 20 -25 18 -23 19 -23 17 -22 16 -25 16 -24 15 -24 -1 -1 14 -23 13 -22 13 -23 14 -21 12 -22 12 -22 11 -22 11 -22 10 -22 9 -23 7 -23 7 -21 7 -22 8 -22 6 -21 5 -21 5 -22 5 -22 6 -21 4 -20 5 -22 5 -20 2 -20 1 -21 2 -20 2 -20 -3 -20 -4 -20 -1 -1 -1 -1 -1 -1 ]
CSI_DATA,STA,08:3A:F2:51:5D:9D,-47,11,1,1,0,1,1,0,0,0,0,-93,0,6,1,21507224,0,110,0,0,21.691796,256,[110 96 6 0 0 0 0 0 0 0 0 0 19 4 18 4 19 5 19 5 18 6 18 7 17 7 17 7 17 8 17 8 18 7 18 8 17 7 16 8 16 8 16 8 15 9 14 8 14 8 14 8 14 8 14 8 13 7 14 6 14 6 13 6 0 0 13 6 13 5 13 5 13 5 12 4 12 4 12 4 12 4 12 4 12 3 12 2 12 2 12 2 12 2 11 2 11 2 12 1 11 1 11 1 11 1 11 1 11 1 11 0 11 0 11 0 10 0 0 0 0 0 0 0 0 0 0 0 -1 -1 -1 -1 -1 -1 -1 -1 17 5 16 5 17 4 17 5 16 5 18 6 15 6 17 7 16 7 16 7 15 8 15 8 16 8 16 8 15 7 15 8 14 9 14 8 14 9 12 8 13 8 13 8 13 8 12 8 12 7 13 6 13 6 12 6 -1 -1 12 6 11 5 11 5 11 5 11 5 12 5 11 4 11 4 11 4 11 3 11 2 11 2 11 2 11 2 10 2 11 2 10 1 11 1 11 1 10 1 10 1 10 1 9 0 10 0 10 0 10 -1 9 1 10 0 -1 -1 -1 -1 -1 -1 ]
CSI_DATA,STA,08:3A:F2:51:5D:9D,-47,11,1,1,0,1,1,0,0,0,0,-93,0,6,1,21507707,0,110,0,0,21.698052,256,[110 96 6 0 0 0 0 0 0 0 0 0 -5 18 -6 18 -6 18 -6 19 -7 19 -7 17 -8 17 -8 17 -8 18 -9 17 -8 18 -8 18 -8 17 -8 16 -9 16 -8 17 -8 15 -9 15 -9 15 -8 14 -8 14 -8 14 -8 13 -7 14 -7 14 -7 14 0 0 -6 13 -6 13 -5 13 -5 13 -5 12 -4 13 -4 13 -4 12 -3 13 -3 12 -2 13 -2 12 -2 12 -2 12 -2 12 -1 12 -1 12 -1 11 -1 11 0 11 0 11 0 11 0 11 1 11 1 11 1 10 0 0 0 0 0 0 0 0 0 0 -1 -1 -1 -1 -1 -1 -1 -1 14 35 13 32 2 34 0 34 0 34 -1 35 -2 34 -2 34 -3 35 -4 34 -4 35 -6 34 -5 35 -5 36 -4 34 -4 34 -7 32 -6 33 -7 32 -8 30 -6 29 -6 29 -6 29 -7 28 -5 27 -4 28 -4 28 -4 27 -1 -1 -3 26 -2 25 -2 24 -1 25 -1 23 0 25 0 24 1 23 2 24 3 23 4 23 3 22 4 22 4 22 3 20 4 20 5 20 5 20 6 19 6 20 6 19 6 19 7 18 8 18 8 18 8 18 11 15 13 16 -1 -1 -1 -1 -1 -1 ]
CSI_DATA,STA,08:3A:F2:51:5D:9D,-47,11,1,1,0,1,1,0,0,0,0,-93,0,6,1,21508053,0,110,0,0,21.704853,256,[110 96 6 0 0 0 0 0 0 0 0 0 -22 3 -22 2 -23 2 -24 2 -22 1 -22 0 -22 0 -22 -1 -22 -1 -22 -1 -23 0 -23 -1 -22 -1 -21 -1 -21 -2 -22 -1 -20 -2 -19 -2 -19 -2 -19 -2 -19 -2 -19 -2 -17 -2 -18 0 -18 0 -18 0 0 0 -17 0 -17 0 -17 1 -16 1 -16 1 -16 1 -16 1 -15 1 -15 2 -15 2 -15 3 -14 3 -14 4 -14 3 -14 3 -14 4 -14 4 -13 4 -13 4 -13 5 -13 4 -12 5 -12 5 -12 6 -11 6 -11 5 0 0 0 0 0 0 0 0 0 0 -1 -1 -1 -1 -1 -1 -1 -1 -37 18 -35 16 -39 11 -40 10 -40 7 -44 8 -39 6 -41 5 -42 5 -41 4 -41 2 -39 2 -41 4 -42 5 -40 5 -41 4 -39 1 -39 1 -40 0 -35 -1 -37 0 -36 0 -35 -1 -35 -1 -32 2 -34 4 -34 4 -33 3 -1 -1 -32 3 -30 4 -30 5 -29 4 -29 5 -29 6 -28 6 -28 6 -27 7 -27 9 -26 11 -25 10 -25 11 -26 9 -24 8 -24 10 -23 10 -24 11 -23 10 -22 11 -23 12 -22 10 -20 13 -20 13 -19 13 -20 13 -16 13 -16 16 -1 -1 -1 -1 -1 -1 ]
CSI_DATA,STA,08:3A:F2:51:5D:9D,-47,11,1,1,0,1,1,0,0,0,0,-93,0,6,1,21508417,0,110,0,0,21.712088,256,[110 96 6 0 0 0 0 0 0 0 0 0 -12 -17 -11 -17 -11 -18 -11 -18 -10 -18 -9 -18 -9 -18 -8 -19 -8 -18 -8 -19 -9 -19 -8 -19 -7 -18 -8 -18 -6 -18 -7 -18 -6 -17 -6 -17 -6 -16 -6 -17 -6 -16 -6 -16 -5 -15 -7 -15 -7 -16 -7 -14 0 0 -7 -14 -8 -14 -8 -13 -8 -13 -7 -12 -7 -12 -8 -12 -8 -12 -8 -11 -8 -11 -9 -11 -8 -10 -9 -10 -8 -10 -9 -10 -9 -9 -10 -10 -9 -9 -9 -9 -9 -8 -9 -9 -9 -8 -9 -8 -9 -7 -9 -7 -9 -7 0 0 0 0 0 0 0 0 0 0 -1 -1 -1 -1 -1 -1 -1 -1 -34 -16 -32 -16 -27 -24 -27 -26 -26 -26 -27 -27 -24 -27 -25 -28 -25 -28 -22 -29 -21 -29 -21 -28 -22 -29 -23 -30 -23 -28 -23 -29 -20 -29 -20 -28 -20 -28 -17 -27 -18 -26 -18 -27 -17 -27 -17 -25 -16 -24 -19 -24 -19 -24 -18 -23 -1 -1 -17 -22 -18 -20 -18 -19 -18 -20 -18 -18 -18 -19 -18 -18 -18 -18 -19 -17 -20 -15 -20 -14 -19 -14 -20 -14 -20 -15 -18 -13 -18 -12 -20 -12 -20 -12 -19 -12 -19 -11 -20 -10 -19 -11 -19 -8 -19 -8 -19 -9 -20 -9 -18 -2 -20 -2 -1 -1 -1 -1 -1 -1 ]
CSI_DATA,STA,08:3A:F2:51:5D:9D,-46,11,1,1,0,1,1,0,0,0,0,-93,0,6,1,21508754,0,110,0,0,21.720130,256,[110 96 6 0 0 0 0 0 0 0 0 0 -1 -13 -1 -14 -1 -14 -1 -14 0 -14 0 -14 1 -14 0 -12 1 -14 1 -13 1 -14 1 -14 1 -13 1 -13 1 -12 1 -13 1 -12 2 -12 2 -12 1 -11 1 -11 2 -11 1 -10 1 -10 1 -11 1 -11 0 0 0 -11 0 -11 0 -10 0 -10 0 -9 -1 -9 -1 -10 -1 -9 -2 -9 -1 -8 -2 -9 -2 -9 -2 -9 -2 -9 -2 -8 -3 -9 -2 -8 -3 -8 -3 -8 -3 -8 -2 -7 -3 -8 -3 -8 -4 -8 -4 -7 -4 -7 0 0 0 0 0 0 0 0 0 0 -1 -1 -1 -1 -1 -1 -1 -1 -7 -10 -5 -11 -4 -12 -3 -12 -3 -12 -3 -14 -2 -12 -2 -12 -2 -13 -2 -12 -1 -13 -1 -12 -2 -13 -2 -13 -2 -13 -2 -12 -1 -12 -1 -12 -1 -12 0 -11 0 -11 -1 -11 -1 -11 0 -10 -1 -10 -2 -10 -1 -10 -2 -11 -1 -1 -2 -10 -2 -9 -2 -9 -2 -9 -2 -9 -2 -9 -2 -9 -2 -9 -3 -9 -3 -8 -4 -8 -3 -8 -3 -8 -4 -8 -3 -7 -3 -7 -4 -7 -4 -7 -4 -7 -4 -7 -4 -7 -4 -7 -4 -6 -5 -6 -5 -6 -5 -6 -5 -5 -5 -5 -1 -1 -1 -1 -1 -1 ]
CSI_DATA,STA,08:3A:F2:51:5D:9D,-45,11,0,0,0,0,0,0,0,0,0,-93,0,6,1,21511524,0,110,0,0,21.727282,128,[110 96 6 0 0 0 0 0 0 0 0 0 16 19 16 19 17 20 18 21 15 20 14 20 14 20 12 20 13 21 12 21 14 22 14 23 13 21 12 21 11 21 13 22 11 20 9 20 10 19 10 19 9 18 10 19 8 17 10 17 12 18 11 17 0 0 11 16 12 16 12 15 12 15 11 13 12 14 12 13 11 13 13 12 11 12 13 12 11 11 12 11 12 11 12 10 13 10 14 10 13 9 12 9 12 9 12 8 12 8 13 8 13 7 12 7 12 7 0 0 0 0 0 0 0 0 0 0 ]
CSI_DATA,STA,08:3A:F2:51:5D:9D,-46,11,1,1,0,1,1,0,0,0,0,-93,0,6,1,21519325,0,110,0,0,21.730968,256,[110 96 6 0 0 0 0 0 0 0 0 0 26 -4 25 -3 28 -3 26 -3 27 -1 25 -1 26 -1 26 0 26 0 27 2 27 2 27 3 25 2 26 3 24 3 26 2 23 3 24 3 22 3 23 2 23 2 22 2 22 3 21 2 22 2 21 2 0 0 20 0 21 0 19 0 21 -1 18 -1 19 -2 19 -2 18 -2 19 -3 18 -3 19 -3 17 -3 18 -4 17 -4 17 -5 17 -5 18 -6 16 -5 16 -6 16 -6 16 -7 16 -7 16 -7 16 -7 16 -7 15 -7 0 0 0 0 0 0 0 0 0 0 -1 -1 -1 -1 -1 -1 -1 -1 41 -32 39 -27 45 -17 44 -16 46 -18 45 -17 47 -16 45 -14 48 -14 46 -10 48 -12 48 -8 49 -8 51 -7 47 -8 48 -8 45 -7 48 -9 44 -7 44 -6 41 -6 43 -8 42 -5 40 -6 39 -5 40 -7 41 -6 38 -5 -1 -1 37 -8 36 -10 33 -8 35 -11 31 -9 34 -13 33 -11 32 -13 33 -14 33 -14 32 -14 32 -13 31 -16 30 -15 28 -15 27 -15 27 -18 26 -16 26 -19 27 -18 26 -18 25 -20 26 -18 25 -19 26 -20 23 -21 19 -23 19 -24 -1 -1 -1 -1 -1 -1 ]
CSI_DATA,STA,08:3A:F2:51:5D:9D,-51,11,1,1,1,1,1,0,0,0,0,-93,0,6,1,21566293,0,110,0,0,21.738379,384,[110 96 6 0 0 0 0 0 0 0 0 0 -25 3 -24 3 -26 3 -28 2 -26 1 -24 0 -25 0 -24 -1 -25 -1 -25 -2 -26 -3 -27 -2 -26 -3 -25 -4 -24 -5 -26 -3 -23 -4 -22 -4 -22 -4 -22 -4 -22 -4 -22 -4 -19 -5 -21 -4 -22 -4 -21 -2 0 0 -21 -3 -20 -1 -20 -1 -19 0 -19 -2 -19 -1 -20 -1 -18 0 -18 1 -16 3 -17 3 -16 1 -17 2 -16 3 -16 3 -16 4 -17 4 -14 5 -14 5 -13 5 -14 4 -14 4 -14 5 -13 6 -14 4 -13 5 0 0 0 0 0 0 0 0 0 0 -1 -1 -1 -1 18 14 19 12 20 10 19 9 14 12 14 11 14 10 15 12 14 10 13 9 14 8 14 7 15 7 14 7 15 8 14 6 15 6 14 6 13 6 14 4 15 3 14 4 13 3 13 3 13 4 13 3 12 3 13 2 13 4 13 2 12 -1 12 1 12 2 12 1 11 1 11 2 10 2 10 2 9 2 9 2 8 1 8 2 8 2 7 2 6 2 6 1 5 1 5 1 4 1 3 1 3 1 2 1 2 1 1 1 1 1 0 0 0 -1 0 0 0 0 -1 -1 -1 -1 -1 -1 -1 -1 -1 -1 0 0 0 0 -1 -1 -1 -1 -42 15 -41 15 -43 15 -46 13 -45 12 -43 10 -45 10 -43 9 -47 9 -45 6 -48 4 -47 6 -48 7 -47 4 -43 2 -43 2 -43 4 -43 3 -40 3 -41 1 -39 2 -40 3 -38 1 -39 3 -40 0 -37 5 -35 9 -36 3 -35 4 -35 6 -33 6 -33 6 -33 7 -32 6 -31 8 -32 9 -29 10 -30 11 -29 9 -29 11 -28 11 -26 13 -26 13 -28 14 -23 13 -22 13 -22 15 -22 14 -22 14 -23 14 -22 14 -22 14 -22 14 -17 18 -18 21 -17 21 -14 22 -1 -1 ]
CSI_DATA,STA,08:3A:F2:51:5D:9D,-51,11,1,1,1,1,1,0,0,0,0,-93,0,6,1,21575674,0,110,0,0,21.753281,384,[110 96 6 0 0 0 0 0 0 0 0 0 4 24 4 24 5 25 2 27 2 26 0 24 0 25 0 24 -1 24 -1 25 -2 26 -2 26 -2 26 -3 25 -4 23 -2 26 -3 22 -4 22 -4 21 -4 21 -4 21 -4 22 -5 19 -3 20 -4 22 -2 20 0 0 -3 20 -1 20 -1 20 0 19 -2 18 -1 18 -1 19 0 17 0 18 2 16 2 17 1 16 2 16 3 15 2 15 4 15 4 16 4 14 4 14 5 12 4 14 4 14 5 14 6 13 4 13 5 12 0 0 0 0 0 0 0 0 0 0 -1 -1 -1 -1 15 -19 13 -21 11 -22 11 -20 14 -15 12 -15 11 -16 12 -16 11 -15 10 -14 10 -15 9 -14 9 -16 8 -15 9 -16 7 -16 6 -17 6 -16 7 -15 6 -15 5 -16 6 -15 3 -15 4 -14 5 -14 3 -14 5 -14 2 -15 4 -15 3 -15 0 -15 3 -14 3 -13 2 -13 2 -13 3 -12 3 -12 3 -12 2 -11 3 -11 2 -10 4 -10 3 -9 3 -8 3 -8 3 -8 3 -7 2 -7 2 -5 3 -4 3 -4 2 -4 1 -3 2 -2 1 -2 1 -1 1 -1 0 0 0 0 -1 -1 -1 -1 -1 -1 -1 -1 -1 -1 0 0 0 0 -1 -1 -1 -1 17 40 17 41 16 43 15 46 13 45 11 42 11 45 9 43 10 47 6 45 6 46 8 46 9 47 7 47 2 43 4 43 5 43 3 43 4 39 1 40 1 39 3 40 1 38 4 38 1 40 5 37 11 35 4 37 5 34 7 35 6 32 6 33 7 33 6 32 8 31 8 32 9 28 11 29 9 28 13 29 12 28 13 25 13 25 14 27 13 23 13 22 14 22 13 22 15 22 14 23 15 21 14 21 15 22 17 18 23 17 22 17 22 14 -1 -1 ]
CSI_DATA,STA,08:3A:F2:51:5D:9D,-51,11,1,1,1,1,1,0,0,0,0,-93,0,6,1,21576079,0,110,0,0,21.763493,384,[110 96 6 0 0 0 0 0 0 0 0 0 -22 12 -22 11 -23 13 -26 11 -25 11 -23 8 -24 9 -23 7 -24 7 -25 7 -26 7 -27 7 -25 6 -25 5 -24 3 -26 6 -23 4 -23 3 -22 4 -22 3 -22 3 -22 3 -21 1 -22 3 -23 4 -20 5 0 0 -21 4 -20 5 -20 6 -19 6 -19 4 -18 5 -19 5 -17 5 -17 6 -15 7 -16 8 -16 6 -15 7 -14 7 -15 7 -14 9 -15 9 -12 9 -12 9 -11 9 -13 8 -13 8 -13 9 -11 10 -12 8 -11 9 0 0 0 0 0 0 0 0 0 0 -1 -1 -1 -1 23 0 24 -1 24 -4 21 -3 18 5 17 3 17 3 18 4 17 2 16 2 16 1 15 1 17 0 15 1 16 1 15 -1 16 -2 15 -1 14 0 14 -2 14 -4 14 -2 12 -3 13 -2 13 -1 13 -2 13 -2 13 -4 13 -2 12 -4 11 -7 12 -3 11 -3 11 -3 11 -3 11 -2 10 -2 10 -2 9 -2 9 -2 9 -2 9 -2 8 -1 8 -1 7 -1 6 -1 6 -1 5 0 4 0 4 0 3 0 3 0 3 1 2 1 1 1 1 1 0 0 0 0 0 0 -1 -1 -1 -1 -1 -1 -1 -1 -1 -1 0 0 0 0 -1 -1 -1 -1 -27 32 -28 31 -29 32 -32 32 -32 30 -31 28 -33 29 -32 27 -34 30 -35 25 -38 25 -36 27 -37 29 -37 26 -36 21 -35 22 -33 23 -34 22 -31 20 -34 19 -32 18 -33 20 -31 17 -32 20 -34 18 -29 20 -22 30 -30 19 -28 19 -27 21 -25 20 -26 20 -25 20 -25 19 -23 20 -23 21 -20 20 -21 22 -21 20 -19 23 -19 22 -16 22 -16 22 -17 24 -14 21 -13 21 -13 22 -13 21 -13 21 -14 21 -13 21 -12 20 -13 22 -3 24 -1 28 -1 28 2 26 -1 -1 ]
CSI_DATA,STA,08:3A:F2:51:5D:9D,-51,11,1,1,1,1,1,0,0,0,0,-93,0,6,1,21576501,0,110,0,0,21.773758,384,[110 96 6 0 0 0 0 0 0 0 0 0 -20 -16 -20 -16 -22 -17 -21 -19 -20 -19 -17 -18 -18 -19 -17 -18 -17 -20 -16 -20 -17 -22 -17 -22 -16 -21 -15 -22 -13 -21 -16 -22 -13 -20 -13 -20 -13 -19 -13 -19 -12 -19 -12 -19 -10 -19 -12 -19 -13 -20 -13 -17 0 0 -12 -17 -13 -16 -14 -16 -14 -15 -12 -16 -13 -15 -13 -16 -12 -13 -13 -13 -13 -11 -14 -12 -12 -12 -13 -12 -13 -11 -13 -11 -14 -10 -15 -11 -14 -8 -13 -8 -13 -7 -13 -8 -13 -8 -14 -9 -14 -7 -13 -8 -13 -7 0 0 0 0 0 0 0 0 0 0 -1 -1 -1 -1 10 22 11 21 14 19 12 16 3 18 3 16 4 17 3 17 4 16 3 15 5 15 5 14 6 14 5 15 5 15 6 14 7 14 6 13 5 13 7 11 8 10 7 12 7 9 7 11 6 11 7 10 6 11 8 10 7 11 7 9 11 7 7 9 7 9 7 8 7 8 6 9 6 8 5 8 5 8 5 7 4 7 4 8 3 7 3 7 3 6 2 5 2 5 2 5 1 4 1 3 1 4 0 3 0 3 0 2 -1 2 -1 1 -2 1 0 0 0 0 -1 -1 -1 -1 -1 -1 -1 -1 -1 -1 0 0 0 0 -1 -1 -1 -1 -41 -13 -40 -13 -43 -13 -42 -16 -43 -17 -38 -17 -41 -18 -37 -18 -42 -19 -38 -23 -39 -25 -39 -23 -41 -23 -39 -24 -33 -24 -35 -23 -34 -21 -35 -22 -32 -19 -33 -23 -30 -21 -33 -20 -29 -22 -32 -21 -31 -25 -31 -19 -37 -9 -29 -19 -30 -16 -30 -15 -29 -15 -29 -15 -30 -14 -29 -14 -29 -12 -29 -11 -27 -10 -29 -10 -27 -11 -28 -8 -28 -9 -27 -5 -27 -5 -30 -5 -25 -4 -25 -3 -26 -2 -24 -3 -26 -2 -26 -4 -26 -3 -24 -3 -25 -2 -24 9 -26 12 -25 11 -23 15 -1 -1 ]
CSI_DATA,STA,08:3A:F2:51:5D:9D,-51,11,1,1,1,1,1,0,0,0,0,-93,0,6,1,21576949,0,110,0,0,21.784655,384,[110 96 6 0 0 0 0 0 0 0 0 0 22 -12 22 -11 23 -13 26 -11 24 -10 23 -8 23 -9 23 -8 23 -7 24 -7 25 -7 26 -8 25 -7 25 -6 23 -4 25 -6 23 -5 22 -4 21 -4 21 -4 21 -4 21 -4 20 -3 21 -5 22 -5 20 -6 0 0 20 -6 19 -7 19 -7 18 -8 17 -5 17 -7 18 -7 16 -7 16 -8 14 -9 15 -10 14 -8 14 -9 13 -9 14 -9 12 -11 13 -11 11 -10 11 -10 10 -10 11 -10 11 -10 11 -11 9 -12 10 -10 9 -11 0 0 0 0 0 0 0 0 0 0 -1 -1 -1 -1 -24 -7 -24 -6 -25 -2 -22 -3 -20 -7 -20 -7 -20 -5 -21 -6 -19 -5 -18 -5 -19 -3 -17 -2 -19 -3 -18 -3 -19 -3 -18 -1 -19 -1 -18 -1 -16 -2 -17 0 -16 2 -16 0 -15 1 -15 1 -15 0 -15 1 -15 1 -15 3 -15 1 -15 3 -14 5 -15 2 -14 2 -13 3 -14 2 -13 1 -12 1 -12 1 -11 1 -12 1 -11 1 -11 1 -10 0 -9 0 -9 0 -8 0 -8 -1 -7 -1 -7 -1 -6 -1 -6 -1 -5 -2 -3 -2 -3 -2 -3 -2 -2 -2 -2 -2 0 0 0 0 -1 -1 -1 -1 -1 -1 -1 -1 -1 -1 0 0 0 0 0 0 -1 -1 33 -30 33 -30 35 -30 38 -30 37 -28 36 -25 38 -27 36 -24 40 -26 40 -22 42 -22 40 -23 42 -25 42 -23 39 -18 39 -19 39 -21 38 -19 35 -18 36 -17 36 -16 36 -18 34 -15 35 -19 37 -16 32 -19 29 -24 33 -18 30 -18 30 -20 28 -19 29 -19 28 -20 27 -19 25 -20 26 -21 22 -20 23 -22 24 -20 22 -23 21 -23 18 -23 18 -23 19 -25 16 -22 15 -22 15 -23 14 -22 14 -23 15 -23 14 -23 13 -23 14 -24 8 -24 7 -28 7 -28 4 -26 -1 -1 ]
CSI_DATA,STA,08:3A:F2:51:5D:9D,-51,11,1,1,1,1,1,0,0,0,0,-93,0,6,1,21577458,0,110,0,0,21.795357,384,[110 96 6 0 0 0 0 0 0 0 0 0 22 11 21 11 23 11 24 14 22 14 20 14 20 14 19 14 19 15 19 15 20 17 20 17 19 17 18 17 16 17 19 17 17 16 15 16 16 16 15 15 15 16 15 15 13 14 15 14 16 16 15 13 0 0 15 13 16 11 16 12 15 10 14 12 15 10 15 11 14 9 15 9 14 6 16 7 14 7 15 7 15 5 14 6 15 4 16 5 14 3 14 3 13 2 14 4 14 3 15 3 15 1 14 3 13 1 0 0 0 0 0 0 0 0 0 0 -1 -1 -1 -1 -15 -20 -16 -19 -18 -18 -16 -15 -9 -19 -9 -17 -10 -17 -10 -18 -10 -16 -9 -15 -11 -15 -9 -13 -11 -14 -10 -14 -11 -15 -11 -13 -13 -13 -12 -13 -10 -13 -11 -11 -12 -10 -12 -11 -12 -9 -11 -10 -11 -11 -12 -9 -11 -10 -13 -9 -11 -10 -12 -8 -14 -5 -11 -9 -11 -8 -11 -7 -11 -7 -11 -8 -10 -8 -9 -7 -9 -7 -9 -7 -8 -6 -8 -7 -7 -7 -7 -7 -6 -7 -6 -6 -5 -5 -6 -6 -4 -5 -3 -4 -3 -4 -3 -4 -2 -4 -1 -3 -1 -3 -1 -2 0 -2 0 0 0 0 -1 -1 -1 -1 -1 -1 -1 -1 -1 -1 0 0 0 0 0 0 -1 -1 41 3 41 4 42 3 44 6 43 7 39 8 43 9 39 10 44 10 41 13 42 15 42 13 44 13 43 14 37 16 37 14 38 12 38 14 35 12 35 15 33 14 36 13 32 14 35 12 35 16 34 10 38 -1 33 11 31 9 32 7 31 7 31 7 31 6 31 7 30 4 31 4 28 3 30 2 29 3 30 0 29 0 27 -3 27 -2 29 -3 25 -3 24 -4 25 -5 24 -4 25 -5 25 -4 25 -5 24 -5 25 -6 21 -13 23 -18 23 -17 19 -19 -1 -1 ]
CSI_DATA,STA,08:3A:F2:51:5D:9D,-51,11,1,1,1,1,1,0,0,0,0,-93,0,6,1,21577906,0,110,0,0,21.805655,384,[110 96 6 0 0 0 0 0 0 0 0 0 -3 25 -3 24 -3 26 -6 27 -6 26 -6 23 -7 24 -7 23 -7 23 -8 23 -9 25 -9 25 -9 24 -10 24 -10 22 -9 24 -9 21 -10 20 -9 20 -9 20 -10 19 -9 20 -10 17 -8 19 -9 21 -7 19 0 0 -8 19 -6 19 -5 19 -5 18 -6 17 -5 18 -6 19 -4 17 -3 18 -2 16 -1 17 -2 16 -1 16 -1 16 -1 16 1 16 0 17 2 14 1 15 2 13 1 15 1 14 2 15 3 14 1 14 3 13 0 0 0 0 0 0 0 0 0 0 -1 -1 -1 -1 11 -22 10 -22 7 -23 6 -21 12 -16 11 -15 10 -16 11 -16 10 -15 9 -14 9 -15 8 -14 8 -16 7 -15 8 -15 6 -15 5 -16 6 -16 6 -13 4 -14 3 -15 4 -15 2 -13 3 -14 4 -13 3 -14 4 -13 1 -14 4 -14 2 -14 -3 -15 2 -14 1 -12 1 -12 2 -13 2 -12 2 -12 2 -11 1 -10 3 -10 2 -10 2 -9 3 -9 2 -9 2 -8 2 -7 2 -7 2 -6 2 -5 2 -5 2 -4 2 -4 1 -3 1 -2 1 -2 1 -2 1 -1 0 0 0 0 -1 -1 -1 -1 -1 -1 -1 -1 -1 -1 0 0 0 0 0 0 -1 -1 11 39 11 39 11 42 8 42 8 43 6 40 6 43 5 40 6 44 1 43 0 45 2 44 4 46 2 45 -2 40 0 41 2 40 0 40 1 36 -2 38 -2 36 1 37 -2 35 1 36 -3 38 2 35 15 35 1 34 3 32 4 32 4 31 4 31 5 31 4 31 6 29 7 30 8 27 9 28 7 28 11 27 9 27 12 23 11 24 13 25 11 21 12 20 13 21 12 20 13 20 13 21 13 21 13 20 13 21 20 14 25 13 24 12 25 9 -1 -1 ]
CSI_DATA,STA,08:3A:F2:51:5D:9D,-51,11,1,1,1,1,1,0,0,0,0,-93,0,6,1,21588574,0,110,0,0,21.815583,384,[110 96 6 0 0 0 0 0 0 0 0 0 -18 -17 -18 -17 -20 -18 -19 -20 -19 -20 -16 -19 -16 -19 -15 -18 -15 -20 -15 -20 -15 -22 -16 -22 -15 -22 -14 -22 -12 -21 -15 -22 -12 -19 -12 -20 -12 -18 -12 -19 -11 -18 -13 -19 -10 -18 -12 -18 -12 -20 -12 -17 0 0 -12 -16 -13 -15 -13 -15 -14 -14 -12 -15 -13 -14 -13 -15 -13 -12 -14 -13 -14 -10 -14 -11 -13 -11 -13 -11 -13 -9 -14 -9 -14 -8 -16 -9 -14 -6 -14 -7 -13 -5 -14 -7 -14 -7 -14 -7 -14 -5 -13 -7 -13 -5 0 0 0 0 0 0 0 0 0 0 -1 -1 -1 -1 13 18 14 20 15 16 15 13 5 17 6 15 7 15 6 16 7 14 6 13 8 13 7 12 8 12 8 13 7 13 8 11 9 12 9 11 7 11 9 9 10 8 10 9 9 7 9 9 8 8 10 8 8 9 10 7 9 9 9 7 12 4 8 7 9 7 8 6 8 6 8 6 8 6 7 6 7 6 7 6 6 6 5 6 5 6 5 6 4 5 4 5 3 4 3 5 2 4 1 4 1 4 1 3 1 3 0 3 0 2 -2 2 -2 1 0 0 -1 -1 -1 -1 -1 -1 -1 -1 -1 -1 -1 -1 -1 -1 0 0 0 0 -1 -1 -39 -14 -37 -14 -41 -13 -39 -16 -41 -16 -35 -17 -39 -18 -35 -17 -40 -18 -37 -23 -38 -25 -36 -23 -39 -22 -37 -23 -32 -23 -35 -21 -33 -18 -36 -20 -30 -18 -32 -21 -29 -19 -32 -18 -30 -21 -31 -19 -31 -23 -30 -18 -37 -7 -29 -17 -30 -15 -29 -13 -29 -12 -28 -12 -30 -11 -28 -12 -28 -9 -29 -9 -28 -8 -29 -8 -28 -9 -28 -6 -27 -6 -27 -2 -25 -3 -29 -2 -24 -1 -24 0 -25 1 -23 0 -24 1 -26 -1 -25 0 -24 0 -24 1 -23 11 -23 15 -22 13 -20 18 -1 -1 ]
CSI_DATA,STA,08:3A:F2:51:5D:9D,-50,11,1,0,1,1,1,0,0,0,0,-93,0,6,1,21685518,0,110,0,0,21.852056,384,[110 96 6 0 0 0 0 0 0 0 0 0 -9 -25 -9 -23 -11 -27 -8 -29 -8 -28 -5 -24 -6 -27 -5 -25 -6 -25 -4 -27 -4 -30 -4 -30 -3 -28 -2 -28 -1 -23 -4 -29 -2 -25 0 -25 -2 -23 -2 -23 -1 -23 -2 -24 2 -22 0 -24 0 -26 -2 -23 0 0 -2 -23 -5 -22 -4 -22 -5 -21 -1 -20 -4 -21 -4 -21 -5 -19 -5 -20 -7 -17 -7 -18 -4 -17 -5 -17 -7 -16 -7 -16 -9 -16 -9 -19 -8 -14 -9 -14 -9 -12 -8 -14 -9 -14 -8 -15 -9 -14 -7 -14 -8 -12 0 0 0 0 0 0 0 0 0 0 -1 -1 -1 -1 0 24 0 26 4 24 5 20 -7 17 -6 15 -5 17 -7 16 -4 15 -4 12 -3 15 -2 12 -1 15 -3 14 -4 15 -2 14 -2 15 -2 14 -2 12 0 13 1 12 -1 13 2 10 -1 11 -1 10 1 11 -1 11 1 11 -1 12 0 11 5 11 0 10 0 10 0 9 0 9 -1 9 0 8 -1 8 -1 7 -2 7 -3 6 -4 6 -3 6 -3 6 -3 4 -4 4 -4 3 -4 3 -5 1 -5 1 -5 0 -5 0 -5 -1 -5 -2 -4 -3 -4 -4 -4 -4 0 0 0 0 -1 -1 -1 -1 -1 -1 -1 -1 -1 -1 0 0 0 0 -1 -1 -1 -1 -30 -30 -29 -28 -33 -33 -29 -33 -31 -33 -24 -29 -28 -35 -24 -29 -32 -36 -25 -39 -26 -41 -25 -39 -27 -42 -25 -41 -20 -34 -24 -38 -25 -34 -22 -38 -21 -29 -20 -33 -16 -31 -23 -32 -16 -34 -18 -33 -18 -40 -20 -31 -33 -24 -18 -31 -20 -30 -20 -26 -20 -25 -19 -28 -22 -25 -20 -25 -22 -24 -23 -23 -20 -21 -22 -22 -20 -24 -22 -21 -22 -20 -24 -14 -20 -16 -25 -17 -20 -15 -21 -13 -20 -14 -23 -12 -22 -11 -22 -16 -21 -14 -20 -14 -19 -13 -27 -3 -29 0 -29 -1 -29 7 -1 -1 ]
CSI_DATA,STA,08:3A:F2:51:5D:9D,-50,11,1,0,1,1,1,0,0,0,0,-93,0,6,1,21697727,0,110,0,0,21.864014,384,[110 96 6 0 0 0 0 0 0 0 0 0 16 -15 15 -14 17 -17 20 -15 19 -14 17 -12 19 -13 18 -11 18 -12 19 -11 22 -12 21 -13 21 -12 21 -10 18 -8 21 -12 19 -10 18 -8 18 -9 17 -8 17 -8 18 -9 17 -6 18 -8 19 -9 16 -9 0 0 17 -9 15 -11 16 -11 14 -11 15 -8 14 -10 15 -10 13 -9 13 -11 9 -11 11 -12 11 -9 11 -10 9 -11 10 -11 9 -12 11 -13 7 -12 8 -12 6 -12 8 -11 7 -11 8 -11 7 -12 7 -10 6 -11 0 0 0 0 0 0 0 0 0 0 -1 -1 -1 -1 -18 12 -17 12 -15 16 -13 13 -14 3 -14 3 -14 3 -15 2 -12 3 -11 3 -12 4 -10 4 -12 5 -11 4 -12 4 -11 5 -12 6 -10 5 -9 4 -10 5 -9 7 -10 5 -7 5 -8 4 -8 4 -8 5 -8 4 -7 5 -9 4 -8 5 -5 9 -8 5 -8 4 -7 4 -7 4 -8 4 -6 3 -6 3 -7 2 -6 2 -6 3 -6 1 -6 1 -6 0 -6 0 -5 0 -5 -1 -5 -1 -4 -2 -4 -2 -3 -2 -3 -2 -2 -3 -2 -4 -1 -4 -1 -4 -1 -4 0 0 0 0 -1 -1 -1 -1 -1 -1 -1 -1 -1 -1 0 0 0 0 -1 -1 -1 -1 7 -32 6 -32 9 -34 11 -34 10 -32 10 -28 13 -31 9 -28 11 -35 14 -31 15 -33 14 -33 15 -35 15 -32 13 -28 16 -30 13 -32 16 -29 11 -25 14 -25 14 -24 13 -27 13 -24 13 -26 17 -27 11 -26 -3 -34 13 -26 12 -24 9 -24 8 -22 10 -25 8 -24 8 -23 6 -24 5 -25 3 -22 3 -24 6 -22 3 -23 3 -23 -1 -21 1 -21 1 -23 1 -20 0 -20 0 -19 -2 -20 -2 -19 0 -21 0 -20 -1 -18 0 -19 -12 -18 -16 -21 -16 -21 -18 -18 -1 -1 ]
CSI_DATA,STA,08:3A:F2:51:5D:9D,-50,11,1,0,1,1,1,0,0,0,0,-93,0,6,1,21698296,0,110,0,0,21.876523,384,[110 96 6 0 0 0 0 0 0 0 0 0 17 -14 16 -13 18 -16 22 -15 19 -13 18 -11 20 -12 18 -10 19 -12 20 -10 22 -11 22 -11 22 -10 22 -9 19 -7 22 -11 19 -9 19 -7 18 -8 17 -7 18 -7 19 -7 17 -4 19 -7 20 -8 17 -8 0 0 17 -8 16 -10 17 -9 14 -10 15 -7 15 -9 16 -9 13 -9 14 -9 11 -10 12 -11 12 -8 12 -10 10 -11 11 -10 10 -11 12 -12 8 -11 9 -11 7 -11 9 -10 8 -11 9 -11 8 -11 8 -10 6 -10 0 0 0 0 0 0 0 0 0 0 -1 -1 -1 -1 -22 3 -22 3 -21 8 -17 6 -16 -2 -16 -1 -17 -1 -17 -2 -15 -1 -13 0 -14 1 -12 1 -15 2 -14 1 -14 1 -14 2 -15 3 -13 2 -12 2 -12 3 -12 4 -12 2 -10 4 -11 2 -11 2 -11 3 -10 2 -10 4 -11 2 -10 3 -8 6 -10 3 -10 2 -10 3 -9 2 -9 1 -9 2 -8 2 -8 1 -8 0 -7 1 -7 -1 -7 -1 -7 -2 -6 -2 -5 -2 -5 -2 -5 -3 -4 -3 -3 -3 -3 -3 -3 -4 -2 -4 -1 -4 0 -4 1 -4 1 -4 0 0 0 0 -1 -1 -1 -1 -1 -1 -1 -1 -1 -1 0 0 0 0 -1 -1 -1 -1 19 -33 17 -32 20 -35 23 -34 21 -32 20 -28 24 -31 19 -28 24 -35 25 -29 27 -32 26 -31 28 -33 28 -31 24 -26 26 -28 25 -30 27 -26 22 -25 23 -24 23 -22 23 -26 23 -21 23 -24 27 -25 20 -25 13 -32 22 -24 21 -23 18 -24 16 -21 20 -24 16 -24 16 -23 16 -25 14 -25 11 -21 12 -24 13 -22 12 -25 11 -24 7 -24 8 -22 9 -25 7 -21 6 -22 7 -21 5 -23 5 -22 7 -22 6 -22 5 -21 6 -20 -2 -21 -5 -26 -6 -27 -9 -24 -1 -1 ]
CSI_DATA,STA,08:3A:F2:51:5D:9D,-50,11,1,0,1,1,1,0,0,0,0,-93,0,6,1,21698745,0,110,0,0,21.887507,384,[110 96 6 0 0 0 0 0 0 0 0 0 11 19 10 18 12 21 10 23 9 21 7 19 8 21 7 20 7 20 6 21 7 24 8 23 7 23 5 23 3 20 7 23 4 20 3 20 4 19 3 18 3 19 3 20 1 17 4 19 4 21 5 18 0 0 4 19 6 17 6 18 6 16 3 16 6 16 5 17 5 15 6 15 8 12 8 13 6 13 7 13 8 11 8 12 9 11 9 13 9 10 9 10 9 8 8 10 8 10 8 10 9 9 8 9 8 8 0 0 0 0 0 0 0 0 0 0 -1 -1 -1 -1 -11 -19 -11 -19 -15 -17 -13 -14 -1 -15 -2 -14 -2 -14 -1 -14 -2 -13 -2 -11 -3 -12 -3 -11 -4 -12 -4 -12 -4 -13 -4 -12 -5 -12 -4 -11 -4 -10 -4 -10 -6 -10 -4 -10 -5 -8 -4 -9 -3 -9 -5 -8 -4 -9 -5 -8 -4 -10 -5 -9 -10 -6 -5 -9 -4 -8 -4 -7 -4 -8 -3 -8 -4 -7 -3 -7 -3 -7 -2 -7 -3 -6 -2 -7 -1 -6 0 -5 0 -5 -1 -5 0 -4 0 -4 1 -4 1 -3 2 -2 2 -3 2 -2 2 -1 3 -1 3 0 3 0 0 0 0 0 -1 -1 -1 -1 -1 -1 -1 -1 -1 -1 0 0 0 0 -1 -1 -1 -1 29 14 28 13 30 15 29 17 29 16 24 15 27 19 24 15 31 17 26 21 29 22 28 20 30 22 28 22 23 19 25 21 26 18 24 21 21 16 21 19 18 18 23 17 19 19 21 18 22 23 22 16 33 4 21 17 21 16 20 13 19 13 20 15 21 11 19 12 21 11 21 10 19 9 21 8 20 10 21 8 20 8 20 3 18 5 21 5 17 5 18 3 18 4 18 2 17 1 19 4 18 3 17 2 17 3 19 -9 22 -13 21 -13 19 -16 -1 -1 ]
CSI_DATA,STA,08:3A:F2:51:5D:9D,-50,11,1,0,1,1,1,0,0,0,0,-93,0,6,1,21699372,0,110,0,0,21.897336,384,[110 96 6 0 0 0 0 0 0 0 0 0 -20 -11 -19 -11 -22 -12 -22 -15 -20 -14 -17 -14 -19 -15 -17 -14 -18 -14 -17 -15 -19 -18 -20 -17 -19 -17 -17 -17 -14 -16 -19 -17 -16 -16 -14 -16 -15 -15 -14 -14 -14 -16 -15 -16 -11 -15 -14 -16 -15 -17 -14 -14 0 0 -14 -14 -15 -12 -16 -13 -15 -11 -13 -13 -14 -11 -14 -12 -13 -10 -15 -10 -14 -7 -15 -8 -13 -9 -13 -8 -14 -7 -14 -7 -15 -5 -16 -8 -14 -4 -14 -5 -13 -3 -13 -5 -13 -5 -13 -5 -14 -4 -12 -5 -12 -3 0 0 0 0 0 0 0 0 0 0 -1 -1 -1 -1 7 20 7 19 12 18 9 15 3 16 3 15 4 15 3 16 4 15 3 12 5 13 5 11 6 13 5 12 5 13 6 12 7 13 6 11 5 10 6 10 8 9 5 10 6 8 5 9 5 9 6 8 5 8 7 8 6 9 6 8 7 6 6 8 5 8 5 7 4 7 4 8 4 7 4 6 3 6 2 6 2 6 1 6 2 6 1 6 0 5 0 4 -1 4 -1 5 -2 3 -2 3 -3 2 -3 2 -3 2 -4 1 -4 0 -4 -1 -5 -2 0 0 0 0 -1 -1 -1 -1 -1 -1 -1 -1 -1 -1 0 0 0 0 -1 -1 -1 -1 -39 -10 -38 -8 -42 -10 -42 -13 -40 -13 -35 -12 -40 -15 -35 -12 -42 -15 -37 -18 -41 -18 -40 -18 -42 -19 -40 -20 -34 -17 -37 -19 -38 -17 -35 -21 -32 -15 -32 -18 -29 -18 -33 -16 -29 -18 -32 -17 -33 -22 -31 -14 -33 -7 -31 -16 -30 -15 -30 -12 -27 -11 -30 -15 -30 -10 -28 -10 -30 -10 -30 -9 -26 -6 -29 -6 -27 -8 -28 -6 -27 -5 -26 -2 -25 -3 -29 -3 -24 -2 -24 0 -23 -2 -24 1 -24 1 -25 -2 -24 0 -22 -1 -23 -1 -21 6 -24 9 -24 10 -22 12 -1 -1 ]
CSI_DATA,STA,08:3A:F2:51:5D:9D,-50,11,1,0,1,1,1,0,0,0,0,-93,0,6,1,21699710,0,110,0,0,21.908092,384,[110 96 6 0 0 0 0 0 0 0 0 0 0 -23 0 -22 -1 -25 2 -27 2 -24 3 -21 3 -23 4 -21 3 -23 5 -23 6 -25 5 -25 5 -24 6 -23 6 -20 5 -25 6 -21 7 -20 6 -20 6 -18 7 -19 6 -20 8 -17 6 -19 7 -21 4 -19 0 0 5 -19 3 -19 3 -20 2 -18 4 -17 3 -18 3 -18 2 -17 2 -18 -2 -15 -1 -17 1 -15 0 -16 -1 -15 -1 -15 -3 -16 -2 -17 -3 -14 -2 -14 -4 -13 -2 -14 -3 -14 -3 -14 -4 -14 -2 -13 -4 -12 0 0 0 0 0 0 0 0 0 0 -1 -1 -1 -1 -10 19 -9 19 -6 20 -5 17 -11 11 -10 11 -10 11 -12 12 -9 11 -8 9 -8 10 -5 10 -7 12 -7 11 -8 11 -7 11 -6 12 -6 11 -5 9 -5 10 -4 11 -6 10 -3 9 -4 9 -5 9 -3 10 -5 9 -2 9 -4 10 -3 9 0 10 -4 9 -4 8 -3 7 -4 8 -4 7 -3 7 -3 6 -4 6 -4 6 -4 5 -5 5 -4 4 -4 4 -4 3 -5 3 -5 2 -4 1 -4 1 -4 0 -4 -1 -4 -1 -4 -1 -3 -3 -3 -3 -3 -3 -2 -4 -1 -1 -1 -1 -1 -1 -1 -1 -1 -1 -1 -1 -1 -1 -1 -1 -1 -1 0 0 0 0 -14 -36 -14 -35 -14 -38 -12 -41 -12 -38 -9 -34 -10 -38 -10 -33 -12 -41 -7 -39 -8 -42 -8 -40 -9 -43 -8 -42 -5 -35 -5 -39 -8 -39 -3 -39 -6 -32 -3 -33 -2 -32 -6 -34 -2 -32 -5 -33 -2 -37 -6 -32 -17 -30 -5 -33 -6 -31 -7 -30 -7 -27 -6 -30 -9 -28 -7 -27 -10 -28 -10 -28 -10 -23 -11 -25 -9 -24 -12 -25 -11 -24 -14 -21 -12 -21 -14 -23 -12 -20 -13 -18 -12 -18 -15 -18 -14 -18 -13 -20 -13 -18 -13 -17 -12 -18 -18 -11 -24 -11 -24 -11 -23 -7 -1 -1 ]
CSI_DATA,STA,08:3A:F2:51:5D:9D,-50,11,1,0,1,1,1,0,0,0,0,-93,0,6,1,21700138,0,110,0,0,21.918815,384,[110 96 6 0 0 0 0 0 0 0 0 0 24 -6 23 -5 26 -7 29 -4 26 -4 23 -2 26 -2 24 -1 24 -2 25 0 28 0 28 -1 27 0 27 1 23 3 28 0 24 1 22 3 23 2 21 2 22 2 22 2 19 4 22 2 24 2 21 0 0 0 21 1 20 -1 22 -1 19 -2 19 1 20 -1 20 -1 18 -2 19 -3 15 -5 17 -5 16 -2 16 -3 16 -5 15 -5 16 -6 18 -6 14 -7 14 -7 12 -8 14 -6 14 -6 14 -6 13 -8 13 -5 12 -7 0 0 0 0 0 0 0 0 0 0 -1 -1 -1 -1 -24 -7 -24 -5 -26 -1 -21 0 -17 -9 -16 -8 -17 -8 -17 -9 -15 -8 -13 -6 -15 -6 -13 -4 -16 -5 -15 -5 -15 -5 -15 -4 -16 -4 -15 -4 -13 -4 -14 -2 -15 -1 -14 -3 -13 -1 -12 -2 -12 -3 -12 -1 -12 -2 -13 0 -13 -3 -12 -1 -12 4 -12 -1 -11 -2 -11 -2 -10 -1 -10 -3 -10 -2 -9 -2 -9 -3 -8 -3 -8 -2 -7 -3 -7 -4 -6 -4 -5 -4 -5 -3 -4 -4 -4 -5 -3 -4 -2 -4 -2 -4 -1 -4 0 -5 1 -4 1 -4 2 -3 3 -3 0 0 0 0 -1 -1 -1 -1 -1 -1 -1 -1 -1 -1 0 0 0 0 -1 -1 -1 -1 34 -24 33 -24 37 -25 39 -23 37 -22 33 -19 39 -21 33 -19 41 -24 40 -17 42 -20 41 -19 44 -21 43 -18 36 -14 40 -16 39 -19 40 -13 33 -15 35 -12 33 -10 35 -15 33 -10 34 -13 40 -12 32 -15 27 -27 33 -13 32 -13 29 -15 26 -14 31 -14 28 -17 26 -15 27 -17 26 -18 21 -16 23 -19 24 -16 23 -19 22 -19 17 -21 19 -19 20 -21 17 -18 16 -19 17 -17 14 -20 14 -20 17 -19 16 -19 14 -18 15 -17 6 -23 6 -29 6 -30 1 -28 -1 -1 ]
CSI_DATA,STA,08:3A:F2:51:5D:9D,-50,11,1,0,1,1,1,0,0,0,0,-93,0,6,1,21700556,0,110,0,0,21.929408,384,[110 96 6 0 0 0 0 0 0 0 0 0 11 18 11 18 13 20 11 23 10 21 7 19 8 21 7 20 7 20 6 21 7 24 8 23 7 23 6 23 3 20 7 23 5 20 3 20 4 20 3 18 3 19 3 20 1 17 4 19 4 21 5 18 0 0 4 18 6 17 6 18 6 16 4 16 5 16 5 17 5 15 6 15 7 12 8 13 6 13 7 13 8 12 7 12 9 12 9 13 9 10 9 10 9 8 8 11 8 10 8 10 10 9 7 9 8 8 0 0 0 0 0 0 0 0 0 0 -1 -1 -1 -1 6 -20 5 -21 2 -23 2 -19 6 -16 5 -16 5 -17 6 -17 4 -15 4 -13 3 -15 2 -13 2 -15 2 -15 2 -15 1 -15 1 -16 1 -14 1 -13 0 -13 -2 -14 1 -13 -2 -12 0 -12 0 -12 -1 -12 0 -11 -2 -12 0 -12 -1 -12 -3 -11 -1 -12 -1 -11 -1 -10 0 -10 0 -10 0 -10 0 -9 0 -9 1 -8 1 -8 2 -7 2 -7 2 -6 2 -6 2 -5 2 -5 2 -4 3 -3 3 -3 3 -1 3 -1 3 0 2 0 2 1 3 2 2 2 0 0 0 0 -1 -1 -1 -1 -1 -1 -1 -1 -1 -1 0 0 0 0 -1 -1 -1 -1 25 30 26 29 27 33 26 36 24 33 20 30 23 35 20 30 25 37 19 35 22 38 22 37 22 40 20 39 17 34 18 36 21 37 14 36 16 31 14 33 12 31 16 33 12 31 16 32 13 36 17 30 21 26 15 31 15 29 17 27 15 24 15 29 17 25 16 25 17 25 18 24 16 19 19 21 17 21 20 21 19 20 20 16 18 17 20 19 18 15 19 14 17 14 20 13 19 12 18 15 18 13 18 13 17 13 19 9 24 7 25 6 24 3 -1 -1 ]
CSI_DATA,STA,08:3A:F2:51:5D:9D,-50,11,1,0,1,1,1,0,0,0,0,-93,0,6,1,21906078,0,110,0,0,22.72583,384,[110 96 6 0 0 0 0 0 0 0 0 0 20 -5 19 -5 23 -6 24 -3 22 -4 19 -2 22 -2 20 -1 21 -3 21 0 24 0 24 -1 23 0 22 1 19 2 24 -1 20 0 19 2 19 1 18 0 19 1 20 0 17 3 19 2 21 2 19 0 0 0 19 0 18 -2 19 -2 17 -3 16 0 17 -3 18 -2 15 -3 17 -4 13 -5 15 -5 14 -3 14 -4 13 -6 13 -5 13 -7 16 -6 11 -7 12 -7 10 -8 12 -6 12 -7 12 -7 11 -8 11 -6 10 -7 0 0 0 0 0 0 0 0 0 0 -1 -1 -1 -1 -23 -2 -23 -1 -24 2 -20 3 -16 -7 -15 -6 -17 -6 -16 -7 -15 -5 -13 -5 -14 -4 -13 -2 -15 -3 -14 -3 -14 -4 -14 -2 -16 -3 -14 -2 -12 -2 -13 -1 -14 1 -13 -2 -11 1 -12 -1 -11 -2 -11 0 -11 -1 -11 1 -12 -1 -11 0 -10 4 -11 0 -11 0 -9 0 -10 0 -10 -1 -10 -1 -9 -1 -9 -1 -8 -1 -8 -1 -8 -2 -7 -3 -7 -3 -6 -3 -5 -2 -5 -3 -5 -3 -4 -3 -3 -3 -2 -4 -2 -3 -2 -4 0 -4 0 -4 1 -3 1 -3 -1 -1 -1 -1 -1 -1 -1 -1 -1 -1 -1 -1 -1 -1 -1 -1 -1 -1 -1 -1 0 0 26 -21 26 -21 29 -22 30 -22 29 -20 26 -18 31 -18 26 -17 33 -22 32 -15 34 -18 32 -18 35 -19 34 -18 29 -15 32 -16 31 -19 32 -14 26 -15 29 -13 27 -11 28 -16 27 -10 27 -14 33 -12 26 -15 21 -27 28 -15 26 -14 23 -16 21 -14 25 -15 23 -17 22 -15 22 -17 20 -19 17 -15 18 -18 20 -16 18 -19 18 -19 13 -20 14 -18 15 -20 13 -18 12 -19 13 -18 11 -19 11 -19 14 -18 12 -18 11 -17 12 -18 4 -22 0 -27 1 -28 -4 -26 -1 -1 ]
CSI_DATA,STA,08:3A:F2:51:5D:9D,-51,11,1,0,1,1,1,0,0,0,0,-93,0,6,1,21918787,0,110,0,0,22.85793,384,[110 96 6 0 0 0 0 0 0 0 0 0 5 21 5 20 7 24 4 25 4 24 2 20 3 23 2 21 2 22 0 23 0 25 1 25 0 24 -1 24 -2 20 1 25 -1 21 -2 22 -1 20 -1 19 -2 20 -1 21 -4 19 -2 21 -2 22 -1 20 0 0 -1 20 2 20 1 20 2 19 -1 18 1 18 1 19 1 17 3 18 4 16 4 16 2 15 3 16 5 14 5 15 6 14 5 17 6 13 6 13 7 11 5 14 6 13 6 14 7 13 5 13 6 11 0 0 0 0 0 0 0 0 0 0 -1 -1 -1 -1 0 -24 0 -26 -3 -25 -5 -22 7 -18 6 -16 6 -18 7 -16 5 -15 4 -13 4 -15 2 -13 2 -16 3 -16 4 -16 3 -15 2 -16 3 -15 2 -12 1 -14 -1 -14 2 -15 -1 -12 1 -12 2 -12 0 -13 1 -13 -1 -13 2 -14 0 -13 -6 -13 0 -13 1 -12 0 -10 0 -11 2 -11 1 -11 1 -10 1 -10 1 -10 2 -10 3 -9 3 -8 4 -8 3 -7 3 -8 3 -6 4 -7 4 -5 3 -5 4 -4 4 -4 4 -3 5 -2 5 -1 4 0 5 1 -1 -1 0 0 0 0 -1 -1 -1 -1 -1 -1 0 0 0 0 -1 -1 -1 -1 -1 -1 22 28 22 25 25 30 21 31 23 31 17 26 21 31 19 26 24 32 18 34 19 37 18 35 20 37 18 36 14 29 18 33 19 31 16 34 14 26 15 30 11 27 17 29 11 30 13 30 12 35 15 28 27 23 14 28 15 28 15 23 15 23 14 25 17 23 16 22 17 22 19 21 17 20 18 20 16 21 19 20 18 18 21 14 17 15 20 17 17 14 18 12 18 13 19 11 19 10 19 15 18 13 17 13 16 13 25 3 29 1 27 1 29 -5 -1 -1 ]
CSI_DATA,STA,08:3A:F2:51:5D:9D,-51,11,1,0,1,1,1,0,0,0,0,-93,0,6,1,21919930,0,110,0,0,22.96127,384,[110 96 6 0 0 0 0 0 0 0 0 0 1 -23 1 -22 0 -26 4 -26 3 -25 4 -21 4 -24 4 -21 3 -23 6 -23 8 -25 7 -26 7 -25 8 -23 8 -19 7 -26 7 -21 8 -20 7 -20 7 -19 8 -19 7 -21 9 -17 9 -20 9 -21 6 -20 0 0 6 -20 4 -20 5 -20 3 -20 6 -17 4 -19 5 -19 3 -17 3 -20 0 -17 1 -18 3 -16 2 -17 0 -16 0 -17 -2 -17 0 -19 -2 -15 -2 -16 -3 -14 -1 -16 -2 -16 -1 -16 -3 -16 -1 -15 -2 -14 0 0 0 0 0 0 0 0 0 0 -1 -1 -1 -1 -9 23 -9 25 -5 23 -3 21 -13 13 -12 11 -12 13 -13 11 -11 12 -9 9 -10 12 -7 11 -8 13 -9 12 -10 12 -9 12 -9 14 -8 11 -7 9 -6 12 -4 12 -7 12 -5 9 -6 10 -6 9 -5 11 -6 10 -5 11 -7 11 -5 11 0 13 -5 10 -6 10 -5 8 -5 9 -6 8 -5 9 -5 8 -6 7 -5 7 -6 7 -7 7 -7 6 -7 5 -7 4 -6 5 -6 3 -7 3 -6 2 -6 2 -6 1 -6 1 -6 0 -6 -1 -6 -2 -5 -2 -5 -3 -1 -1 0 0 0 0 -1 -1 -1 -1 -1 -1 0 0 0 0 -1 -1 -1 -1 -1 -1 -14 -34 -14 -32 -15 -38 -12 -36 -13 -37 -9 -31 -10 -37 -10 -31 -14 -40 -8 -39 -8 -42 -8 -40 -8 -43 -7 -41 -5 -33 -7 -39 -9 -36 -6 -39 -7 -30 -5 -34 -3 -31 -8 -33 -3 -34 -4 -34 -2 -38 -7 -32 -20 -31 -5 -32 -7 -33 -7 -28 -8 -28 -6 -29 -10 -29 -8 -27 -11 -28 -12 -28 -12 -25 -12 -26 -9 -26 -12 -26 -11 -24 -16 -21 -12 -20 -16 -24 -12 -20 -14 -19 -12 -19 -15 -18 -15 -17 -14 -21 -14 -20 -13 -18 -12 -19 -24 -11 -28 -11 -27 -10 -30 -5 -1 -1 ]
CSI_DATA,STA,08:3A:F2:51:5D:9D,-51,11,1,0,1,1,1,0,0,0,0,-93,0,6,1,21920342,0,110,0,0,22.106851,384,[110 96 6 0 0 0 0 0 0 0 0 0 19 -5 18 -5 21 -6 23 -4 21 -4 18 -2 21 -2 19 -2 20 -2 20 -1 23 0 23 -1 22 0 21 1 18 2 23 -1 19 1 18 2 19 1 17 1 18 1 19 1 16 3 19 2 20 2 18 0 0 0 18 0 17 -1 19 -1 16 -2 16 1 17 -1 17 -1 15 -1 16 -2 13 -4 15 -4 14 -2 14 -3 14 -4 13 -4 13 -5 16 -5 12 -5 13 -6 11 -6 12 -5 12 -5 13 -5 12 -6 12 -4 10 -5 0 0 0 0 0 0 0 0 0 0 -1 -1 -1 -1 -23 -2 -24 -1 -23 2 -19 2 -15 -8 -14 -7 -15 -7 -14 -9 -13 -7 -11 -6 -13 -5 -11 -4 -14 -4 -14 -5 -14 -5 -13 -5 -15 -4 -13 -4 -11 -4 -13 -2 -12 -1 -12 -4 -11 -1 -11 -3 -11 -3 -11 -1 -11 -3 -12 -1 -12 -4 -11 -2 -12 3 -11 -3 -11 -3 -10 -2 -10 -2 -10 -3 -10 -2 -9 -3 -9 -3 -8 -4 -8 -4 -8 -5 -8 -5 -7 -5 -7 -5 -7 -4 -5 -5 -6 -5 -4 -6 -3 -5 -3 -5 -3 -5 -2 -5 -1 -5 -1 -6 0 -5 1 -5 -1 -1 0 0 0 0 -1 -1 -1 -1 -1 -1 0 0 0 0 -1 -1 -1 -1 -1 -1 23 -21 22 -21 25 -23 26 -20 26 -21 23 -17 27 -19 22 -17 28 -22 29 -17 31 -18 30 -18 32 -19 31 -18 26 -14 29 -16 27 -18 29 -15 23 -14 25 -13 24 -11 25 -15 25 -11 26 -13 30 -12 24 -14 19 -27 25 -13 24 -13 21 -14 20 -13 23 -13 21 -16 19 -14 19 -16 19 -17 17 -15 17 -16 18 -15 17 -17 17 -16 12 -18 13 -16 15 -19 13 -15 11 -16 12 -15 11 -17 10 -17 14 -17 12 -17 12 -15 12 -15 3 -22 1 -27 0 -26 -4 -26 -1 -1 ]
CSI_DATA,STA,08:3A:F2:51:5D:9D,-90,11,1,0,1,1,1,0,0,0,0,-93,0,6,1,21920802,0,110,0,0,22.117489,384,[110 96 6 0 0 0 0 0 0 0 0 0 -12 2 2 0 12 -31 22 -28 -8 -22 15 -26 5 -30 -6 -33 -22 -28 -19 -44 17 -47 -14 -71 -25 -74 -3 -58 -21 -23 -13 -52 1 -63 -14 -29 -17 -56 -1 -50 3 -46 -15 -73 -11 -56 -9 -83 7 -107 2 -90 0 0 1 -72 -4 -99 -13 -82 -28 -76 -13 -81 -11 -75 -4 -121 6 -99 -15 -108 -23 -69 -4 -91 14 -65 1 -96 -6 -78 26 -84 -21 -102 8 -117 9 -78 14 -100 -19 -36 21 -72 21 -66 5 -74 5 -89 -8 -38 -6 -56 0 0 0 0 0 0 0 0 0 0 -1 -1 -1 -1 -12 33 -53 42 -15 44 6 53 -36 39 -25 24 -38 31 -62 19 -40 3 -14 19 -26 28 -27 25 -23 25 -27 11 -38 9 -21 23 -5 10 -49 4 -53 8 -27 7 -6 18 -16 -16 9 7 -27 -1 -25 -12 -15 8 -1 3 -14 1 -10 7 -10 10 -23 26 -18 14 -13 -17 -1 3 -24 -4 5 6 -18 5 -3 31 -9 -4 7 -11 20 13 -20 4 -16 -12 -4 13 -1 -4 -29 10 5 14 1 10 -1 6 -17 8 -14 10 1 -4 -9 -6 1 -10 10 -1 -10 -11 -1 -2 0 0 -1 -1 -1 -1 -1 -1 -1 -1 -1 -1 -1 -1 -1 -1 0 0 0 0 -1 -1 -17 -13 -6 -24 -5 -17 1 -34 -5 -18 0 -20 0 -30 -11 -17 -33 -34 -20 -26 -10 -48 -27 -53 -38 -54 -28 -40 -18 -32 -19 -36 -38 -58 -29 -39 -52 -33 -16 -48 -11 -32 -31 -66 -42 -50 -28 -65 -18 -81 -39 -66 -61 -45 -37 -67 -34 -73 -25 -53 -62 -47 -21 -75 -47 -54 -42 -71 -35 -69 -39 -72 -33 -71 -25 -66 -26 -66 -33 -78 -34 -66 -9 -70 -32 -61 -37 -72 -26 -49 -20 -67 -27 -43 -42 -48 -24 -59 -27 -44 -35 -65 -16 -34 -16 -48 -58 -16 -46 -28 -25 -26 -51 -26 -1 -1 ]
CSI_DATA,STA,08:3A:F2:51:5D:9D,-50,11,1,0,1,1,1,0,0,0,0,-93,0,6,1,21928794,0,110,0,0,22.128862,384,[110 96 6 0 0 0 0 0 0 0 0 0 20 4 19 4 22 4 23 8 21 7 18 7 20 8 18 8 19 7 19 9 22 11 22 9 21 10 20 11 16 10 21 10 18 10 16 11 17 10 16 9 16 10 17 10 13 10 17 11 18 11 17 9 0 0 17 9 17 7 18 8 16 6 15 8 16 7 16 8 15 6 16 6 14 2 16 3 14 5 15 4 15 2 14 3 15 1 17 3 14 0 15 1 13 -1 14 2 14 1 14 1 14 0 13 1 12 0 0 0 0 0 0 0 0 0 0 0 -1 -1 -1 -1 -20 -15 -20 -14 -24 -12 -19 -9 -10 -15 -10 -15 -12 -15 -10 -16 -10 -13 -9 -11 -11 -13 -10 -9 -12 -12 -11 -12 -11 -12 -12 -11 -13 -12 -11 -11 -10 -10 -11 -9 -13 -8 -10 -10 -11 -7 -10 -9 -10 -9 -11 -8 -10 -9 -12 -7 -11 -10 -11 -8 -14 -3 -11 -8 -10 -9 -10 -7 -10 -7 -9 -9 -9 -8 -8 -7 -8 -8 -7 -7 -7 -7 -7 -8 -6 -8 -6 -8 -5 -8 -5 -7 -4 -7 -4 -8 -3 -7 -2 -7 -1 -6 -1 -6 -1 -6 0 -6 1 -5 1 -4 2 -4 -1 -1 0 0 0 0 -1 -1 -1 -1 -1 -1 0 0 0 0 -1 -1 -1 -1 -1 -1 33 -7 32 -8 35 -8 37 -5 34 -5 31 -4 36 -3 30 -5 38 -5 35 0 39 -1 38 -1 40 -2 39 0 33 1 36 1 36 -2 35 3 31 0 31 2 29 3 33 -1 29 3 32 1 35 4 30 -1 31 -13 31 1 30 0 29 -2 26 -2 29 -1 28 -4 27 -2 27 -5 27 -6 23 -5 25 -7 25 -4 26 -7 25 -7 21 -11 22 -8 24 -9 21 -8 20 -9 20 -8 20 -11 19 -11 22 -9 20 -9 19 -9 19 -9 15 -18 16 -24 16 -25 12 -25 -1 -1 ]
CSI_DATA,STA,08:3A:F2:51:5D:9D,-50,11,1,0,1,1,1,0,0,0,0,-93,0,6,1,21929359,0,110,0,0,22.139057,384,[110 96 6 0 0 0 0 0 0 0 0 0 -8 19 -7 18 -8 22 -12 22 -10 20 -11 17 -12 19 -11 17 -11 18 -12 18 -14 20 -13 21 -13 19 -14 18 -13 14 -14 20 -13 16 -14 14 -13 15 -13 14 -14 14 -14 15 -14 12 -13 15 -14 16 -12 15 0 0 -12 15 -10 16 -11 16 -10 15 -12 13 -10 15 -11 15 -9 13 -9 15 -6 14 -6 16 -7 13 -7 14 -5 14 -6 14 -5 15 -7 16 -3 14 -4 14 -2 13 -5 14 -4 13 -4 14 -3 14 -4 13 -3 12 0 0 0 0 0 0 0 0 0 0 -1 -1 -1 -1 18 -15 18 -16 15 -21 14 -16 16 -8 15 -8 16 -9 17 -8 14 -7 12 -7 14 -8 11 -8 14 -10 12 -9 14 -9 12 -10 13 -11 12 -10 10 -8 11 -9 10 -12 11 -8 8 -10 9 -8 10 -8 9 -9 9 -9 8 -10 10 -9 9 -10 6 -12 9 -10 9 -8 8 -8 8 -8 9 -7 8 -8 8 -7 8 -7 8 -6 7 -6 9 -5 8 -5 8 -4 7 -4 7 -4 7 -3 7 -2 6 -1 6 -1 6 0 6 -1 5 0 4 1 3 2 3 2 3 3 0 0 -1 -1 -1 -1 -1 -1 -1 -1 -1 -1 -1 -1 -1 -1 0 0 0 0 -1 -1 0 35 2 34 -1 38 -3 39 -3 36 -4 32 -5 37 -3 32 -4 40 -8 36 -7 40 -7 38 -8 41 -9 39 -8 33 -9 36 -6 38 -12 35 -7 31 -9 31 -10 29 -8 33 -10 29 -8 32 -12 35 -6 31 5 34 -8 32 -8 30 -5 30 -5 26 -7 30 -3 29 -4 27 -2 29 -2 29 0 25 0 27 -2 26 1 27 1 27 4 24 2 24 2 26 3 23 4 22 3 22 6 22 5 22 3 23 5 22 4 21 4 22 13 19 18 22 19 21 20 17 -1 -1 ]
CSI_DATA,STA,08:3A:F2:51:5D:9D,-50,11,1,0,1,1,1,0,0,0,0,-93,0,6,1,21929759,0,110,0,0,22.149193,384,[110 96 6 0 0 0 0 0 0 0 0 0 -21 0 -21 0 -24 1 -26 -2 -23 -2 -21 -3 -23 -3 -21 -4 -22 -3 -22 -5 -25 -5 -25 -5 -24 -5 -23 -6 -20 -7 -24 -6 -21 -6 -19 -7 -20 -6 -19 -6 -19 -7 -20 -7 -17 -8 -20 -7 -22 -7 -19 -5 0 0 -19 -6 -19 -3 -20 -4 -18 -3 -18 -6 -18 -4 -19 -4 -17 -4 -18 -3 -16 0 -17 0 -16 -2 -16 -1 -16 0 -16 0 -17 2 -18 0 -15 2 -15 2 -14 3 -15 1 -15 1 -15 1 -15 3 -14 1 -13 2 0 0 0 0 0 0 0 0 0 0 -1 -1 -1 -1 17 17 17 15 22 13 17 11 10 14 11 14 12 14 11 16 10 13 9 11 11 12 11 9 13 11 11 10 11 11 12 10 13 11 12 10 10 9 12 9 14 8 10 9 11 6 10 8 10 9 11 7 9 7 11 5 11 8 11 6 12 2 11 6 10 7 10 7 9 6 9 8 9 7 8 6 8 7 7 7 7 5 7 7 6 8 6 8 5 7 5 6 3 6 3 7 2 6 2 5 1 5 1 5 0 5 -1 5 -2 5 -2 3 -3 3 -1 -1 0 0 0 0 -1 -1 -1 -1 -1 -1 0 0 0 0 -1 -1 -1 -1 -1 -1 -36 9 -36 11 -40 9 -43 8 -38 7 -35 5 -40 5 -35 6 -43 6 -39 2 -43 4 -42 4 -45 4 -43 2 -38 1 -40 0 -42 3 -39 -3 -35 2 -35 -1 -34 -2 -37 1 -33 -3 -35 0 -39 -3 -34 3 -33 10 -36 0 -33 0 -33 3 -29 3 -34 1 -32 4 -31 3 -32 5 -31 6 -26 6 -28 8 -28 6 -29 8 -28 8 -24 11 -25 9 -27 9 -24 10 -22 10 -22 9 -22 12 -22 11 -23 9 -22 10 -21 10 -22 9 -17 15 -20 22 -19 22 -16 22 -1 -1 ]
CSI_DATA,STA,08:3A:F2:51:5D:9D,-50,11,1,0,1,1,1,0,0,0,0,-93,0,6,1,21930196,0,110,0,0,22.159271,384,[110 96 6 0 0 0 0 0 0 0 0 0 -24 -7 -23 -6 -26 -7 -27 -11 -24 -9 -22 -10 -23 -11 -21 -11 -22 -11 -22 -12 -25 -13 -26 -12 -24 -12 -23 -14 -19 -14 -25 -14 -21 -14 -18 -14 -20 -13 -18 -13 -18 -14 -19 -14 -16 -14 -19 -13 -21 -14 -20 -12 0 0 -19 -13 -20 -10 -21 -11 -19 -9 -17 -12 -18 -10 -19 -11 -17 -10 -19 -9 -17 -5 -19 -5 -17 -7 -18 -6 -18 -5 -17 -5 -19 -4 -20 -6 -17 -3 -17 -4 -16 -1 -17 -4 -16 -3 -17 -3 -17 -1 -15 -3 -15 -2 0 0 0 0 0 0 0 0 0 0 -1 -1 -1 -1 9 25 10 24 16 24 11 21 5 21 5 20 7 20 5 23 5 18 5 17 6 18 7 15 8 18 7 16 8 18 9 17 9 18 8 16 7 15 8 15 11 15 6 15 9 12 7 12 6 13 8 13 6 13 10 11 8 13 9 12 10 10 9 13 7 12 8 12 7 11 6 12 7 11 6 11 6 11 5 11 4 10 3 11 4 11 3 10 2 10 1 9 1 9 0 8 -1 8 -1 7 -2 7 -2 7 -2 6 -3 4 -3 4 -4 4 -5 3 -1 -1 0 0 0 0 -1 -1 -1 -1 -1 -1 0 0 0 0 -1 -1 -1 -1 -1 -1 -44 -5 -44 -3 -47 -6 -50 -9 -44 -8 -41 -9 -45 -11 -41 -9 -49 -12 -43 -14 -48 -14 -48 -13 -50 -14 -48 -16 -42 -15 -43 -17 -47 -15 -40 -19 -40 -14 -38 -16 -36 -16 -40 -15 -35 -17 -39 -14 -41 -19 -39 -12 -39 -6 -39 -15 -36 -14 -38 -11 -33 -9 -37 -13 -36 -10 -34 -9 -37 -9 -36 -8 -31 -4 -35 -3 -33 -6 -35 -3 -35 -3 -31 1 -32 -1 -34 -1 -31 1 -29 1 -28 0 -30 3 -30 3 -30 0 -29 2 -28 2 -28 1 -25 7 -30 12 -31 14 -27 15 -1 -1 ]
CSI_DATA,STA,08:3A:F2:51:5D:9D,-50,11,1,0,1,1,1,0,0,0,0,-93,0,6,1,21930642,0,110,0,0,22.170068,384,[110 96 6 0 0 0 0 0 0 0 0 0 4 -24 3 -23 3 -27 7 -28 6 -26 7 -22 8 -25 7 -22 7 -23 9 -23 11 -26 10 -26 11 -25 11 -24 11 -20 11 -26 10 -22 11 -20 11 -20 10 -19 11 -20 11 -20 12 -17 12 -20 12 -22 9 -20 0 0 10 -20 7 -21 9 -21 6 -20 9 -18 7 -19 8 -20 6 -18 6 -20 2 -17 3 -19 5 -17 5 -18 3 -18 3 -18 1 -19 3 -20 0 -17 0 -17 -1 -16 1 -17 1 -17 1 -17 0 -17 1 -16 0 -15 0 0 0 0 0 0 0 0 0 0 -1 -1 -1 -1 -16 23 -15 23 -12 25 -9 23 -17 11 -15 11 -16 12 -18 10 -15 11 -12 9 -14 11 -10 10 -12 13 -13 11 -13 11 -12 12 -12 13 -12 11 -11 10 -10 12 -8 13 -11 11 -7 11 -9 10 -10 10 -8 11 -9 9 -7 12 -10 11 -8 11 -2 15 -8 11 -10 10 -8 9 -8 9 -9 9 -8 10 -8 9 -8 8 -8 7 -7 7 -9 7 -10 6 -9 5 -8 5 -7 5 -7 3 -8 3 -7 2 -7 1 -7 1 -7 1 -6 0 -6 -1 -5 -2 -5 -2 -4 -3 -1 -1 0 0 0 0 -1 -1 -1 -1 -1 -1 0 0 0 0 -1 -1 -1 -1 -1 -1 -11 -38 -12 -36 -12 -40 -9 -41 -9 -39 -7 -34 -6 -41 -7 -34 -9 -43 -4 -41 -4 -44 -4 -42 -5 -46 -3 -44 -2 -38 -2 -41 -5 -41 0 -41 -3 -34 0 -36 1 -34 -3 -37 1 -34 0 -36 3 -41 -3 -35 -19 -35 -1 -36 -1 -35 -4 -32 -4 -30 -2 -33 -6 -32 -4 -31 -6 -31 -8 -32 -7 -27 -9 -29 -6 -29 -9 -29 -9 -28 -13 -24 -10 -25 -12 -28 -10 -24 -11 -23 -10 -23 -13 -23 -13 -22 -11 -25 -11 -24 -11 -22 -10 -23 -22 -16 -28 -17 -28 -17 -30 -12 -1 -1 ]
CSI_DATA,STA,08:3A:F2:51:5D:9D,-50,11,1,0,1,1,1,0,0,0,0,-93,0,6,1,21931161,0,110,0,0,22.180846,384,[110 96 6 0 0 0 0 0 0 0 0 0 18 10 17 10 20 11 20 15 18 13 15 13 17 14 15 13 16 13 15 14 17 17 18 16 17 16 15 16 12 15 17 17 14 15 12 16 13 15 12 14 12 15 12 15 9 15 13 15 13 17 13 14 0 0 13 15 14 12 14 14 13 11 11 13 13 12 13 13 12 11 13 11 13 7 14 8 12 9 12 9 13 7 12 8 14 7 15 9 13 6 13 6 12 4 12 7 13 6 13 6 14 5 12 6 12 4 0 0 0 0 0 0 0 0 0 0 -1 -1 -1 -1 -15 -19 -16 -19 -20 -17 -16 -15 -5 -17 -6 -16 -7 -17 -5 -18 -5 -15 -5 -13 -6 -15 -6 -12 -7 -15 -7 -14 -7 -15 -7 -14 -9 -15 -8 -14 -6 -12 -7 -12 -9 -12 -6 -12 -8 -10 -7 -11 -6 -11 -8 -11 -6 -11 -9 -10 -7 -12 -8 -11 -13 -7 -8 -11 -7 -10 -7 -10 -6 -10 -6 -11 -6 -10 -6 -9 -6 -10 -4 -9 -5 -9 -4 -10 -3 -9 -3 -9 -3 -9 -3 -8 -2 -8 -2 -8 0 -7 0 -7 1 -6 1 -6 1 -6 1 -5 1 -5 2 -4 3 -3 -1 -1 0 0 0 0 -1 -1 -1 -1 -1 -1 0 0 0 0 -1 -1 -1 -1 -1 -1 33 1 33 0 35 2 36 4 34 4 30 4 34 7 30 4 37 6 33 9 37 9 36 8 38 9 36 10 31 9 33 10 35 8 32 12 29 8 29 11 26 11 30 9 26 11 29 10 31 14 29 8 34 -6 29 10 27 9 27 6 24 6 28 8 27 5 25 6 27 4 27 3 22 2 26 1 25 3 26 1 25 1 23 -4 22 -1 24 -2 22 -1 21 -3 21 -1 21 -4 21 -4 22 -2 21 -3 20 -3 21 -2 19 -13 22 -19 22 -20 18 -21 -1 -1 ]
CSI_DATA,STA,08:3A:F2:51:5D:9D,-48,11,1,0,1,1,1,0,0,0,0,-93,0,6,1,22031759,0,110,0,0,22.198223,384,[110 96 6 0 0 0 0 0 0 0 0 0 20 -3 20 -4 23 -4 25 -1 22 -2 19 0 22 0 20 1 21 0 21 2 24 2 24 1 23 2 22 3 19 4 23 2 20 3 19 4 19 3 18 3 18 4 19 4 16 5 19 4 21 4 19 2 0 0 18 3 18 0 19 1 17 0 17 3 17 0 18 1 16 0 17 -1 14 -3 16 -3 15 -1 15 -2 15 -3 14 -3 15 -5 17 -4 13 -5 14 -5 12 -6 14 -4 13 -5 14 -5 13 -6 13 -4 12 -5 0 0 0 0 0 0 0 0 0 0 -1 -1 -1 -1 -23 -11 -23 -10 -26 -6 -21 -6 -16 -13 -16 -11 -17 -11 -17 -13 -16 -11 -13 -9 -16 -9 -14 -7 -17 -8 -16 -8 -17 -9 -16 -7 -18 -8 -17 -6 -15 -6 -16 -6 -17 -3 -16 -7 -15 -3 -15 -5 -15 -5 -16 -4 -14 -5 -16 -2 -16 -4 -16 -3 -16 2 -16 -3 -16 -4 -15 -2 -14 -2 -15 -4 -15 -2 -14 -2 -14 -3 -13 -3 -13 -2 -14 -3 -14 -3 -13 -3 -13 -3 -11 -2 -11 -2 -12 -2 -10 -3 -9 -3 -9 -3 -9 -3 -8 -2 -8 -3 -8 -3 -7 -3 -7 -4 -1 -1 0 0 0 0 -1 -1 -1 -1 0 0 0 0 0 0 -1 -1 -1 -1 -1 -1 30 -18 29 -19 33 -19 36 -17 33 -16 30 -13 35 -14 30 -13 37 -16 35 -11 38 -13 36 -12 40 -13 38 -12 33 -9 36 -9 36 -12 35 -7 30 -9 32 -6 30 -5 33 -9 30 -4 31 -8 35 -6 30 -10 27 -20 31 -8 29 -8 28 -11 25 -9 29 -8 27 -11 27 -10 27 -12 26 -13 21 -11 23 -14 24 -12 24 -15 23 -14 19 -17 20 -14 22 -16 18 -15 18 -15 18 -14 17 -17 17 -17 19 -15 17 -16 17 -15 18 -15 11 -20 11 -28 10 -28 7 -27 -1 -1 ]
CSI_DATA,STA,08:3A:F2:51:5D:9D,-48,11,1,0,1,1,1,0,0,0,0,-93,0,6,1,22032251,0,110,0,0,22.209481,384,[110 96 6 0 0 0 0 0 0 0 0 0 -3 23 -3 23 -4 26 -7 27 -6 24 -7 21 -8 24 -8 22 -8 23 -9 22 -11 25 -10 25 -10 24 -11 23 -11 20 -10 25 -10 21 -11 19 -11 19 -10 18 -11 19 -11 20 -12 16 -11 19 -12 21 -9 19 0 0 -10 19 -7 19 -8 21 -6 19 -9 17 -7 18 -8 19 -6 17 -6 18 -2 17 -2 19 -5 16 -4 17 -2 17 -3 17 -1 18 -2 19 0 16 0 16 2 15 -1 16 -1 16 0 16 1 16 -1 15 1 14 0 0 0 0 0 0 0 0 0 0 -1 -1 -1 -1 20 -19 20 -21 17 -25 15 -20 18 -13 17 -13 17 -14 19 -13 16 -13 14 -12 15 -14 12 -14 14 -16 14 -14 15 -16 13 -16 14 -17 12 -16 12 -14 11 -16 9 -18 11 -15 7 -15 9 -15 11 -14 8 -15 10 -15 7 -17 10 -16 7 -17 2 -18 8 -17 9 -16 7 -15 6 -16 8 -15 7 -15 6 -14 6 -14 7 -14 5 -14 7 -14 7 -13 7 -13 6 -12 4 -13 6 -11 5 -11 6 -10 5 -10 6 -9 4 -9 4 -9 5 -7 4 -7 4 -7 4 -7 -1 -1 -1 -1 -1 -1 -1 -1 -1 -1 -1 -1 -1 -1 -1 -1 -1 -1 0 0 0 0 5 41 6 40 5 44 2 46 2 44 1 39 -1 45 0 38 0 48 -5 43 -4 47 -4 46 -4 49 -5 47 -6 40 -6 43 -4 44 -9 42 -4 37 -8 37 -9 36 -6 39 -9 35 -6 37 -10 41 -3 37 5 37 -5 37 -5 36 -2 35 -1 32 -4 35 0 34 -2 33 0 33 2 34 2 29 4 32 1 31 5 32 5 31 9 27 6 28 7 31 7 26 9 26 7 26 10 26 10 25 7 27 9 26 9 25 8 25 16 22 22 23 22 23 24 19 -1 -1 ]
CSI_DATA,STA,08:3A:F2:51:5D:9D,-48,11,1,0,1,1,1,0,0,0,0,-93,0,6,1,22032800,0,110,0,0,22.219695,384,[110 96 6 0 0 0 0 0 0 0 0 0 -12 -19 -12 -18 -14 -21 -12 -23 -11 -21 -8 -19 -9 -21 -8 -20 -8 -20 -7 -21 -8 -24 -9 -23 -8 -23 -7 -23 -4 -20 -8 -24 -6 -21 -4 -20 -5 -20 -5 -19 -4 -20 -5 -20 -2 -18 -5 -20 -5 -21 -6 -19 0 0 -5 -19 -8 -18 -7 -19 -8 -17 -5 -17 -7 -17 -6 -18 -7 -16 -7 -17 -9 -13 -9 -14 -7 -14 -8 -14 -9 -13 -9 -13 -10 -13 -11 -16 -10 -11 -10 -12 -10 -10 -9 -12 -10 -12 -10 -12 -11 -11 -9 -11 -10 -10 0 0 0 0 0 0 0 0 0 0 -1 -1 -1 -1 -4 24 -3 25 1 25 0 21 -7 18 -6 17 -5 19 -8 19 -5 17 -5 15 -4 18 -2 15 -3 18 -3 17 -3 17 -2 18 -2 19 -1 17 -2 15 0 16 2 17 -2 16 2 14 0 15 0 15 1 15 0 15 4 15 1 16 3 15 7 14 2 15 2 15 3 14 2 14 2 14 3 14 2 13 2 13 1 13 2 12 1 12 2 12 1 12 1 11 1 11 1 10 1 10 -1 10 0 7 -2 8 1 8 0 8 0 7 -1 7 -1 6 -1 6 -1 -1 -1 -1 -1 -1 -1 -1 -1 -1 -1 -1 -1 -1 -1 -1 -1 -1 0 0 0 0 -28 -27 -28 -26 -30 -29 -29 -32 -27 -30 -23 -28 -25 -32 -23 -28 -28 -34 -22 -34 -25 -36 -25 -35 -26 -37 -24 -36 -20 -32 -21 -34 -24 -34 -18 -35 -19 -29 -17 -31 -16 -30 -20 -32 -15 -30 -19 -30 -18 -35 -19 -28 -25 -24 -18 -30 -18 -28 -20 -26 -18 -24 -18 -28 -20 -25 -19 -24 -20 -25 -21 -24 -19 -20 -22 -20 -20 -21 -23 -20 -22 -20 -23 -16 -21 -16 -24 -18 -21 -15 -21 -14 -20 -14 -23 -13 -23 -13 -22 -15 -22 -13 -21 -13 -21 -14 -23 -6 -29 -4 -29 -4 -28 0 -1 -1 ]
CSI_DATA,STA,08:3A:F2:51:5D:9D,-48,11,1,0,1,1,1,0,0,0,0,-93,0,6,1,22033348,0,110,0,0,22.230775,384,[110 96 6 0 0 0 0 0 0 0 0 0 20 -5 20 -5 23 -6 25 -3 22 -3 20 -1 22 -1 20 -1 21 -1 21 0 24 1 24 0 23 0 23 2 19 3 24 0 21 2 19 3 19 2 18 2 19 3 20 3 17 4 19 3 21 3 19 1 0 0 19 2 18 -1 20 0 17 -1 17 2 17 0 18 1 16 0 18 -2 14 -4 16 -4 15 -1 15 -2 15 -4 14 -4 15 -6 17 -5 13 -6 14 -5 12 -6 14 -5 13 -5 14 -5 13 -7 13 -5 12 -6 0 0 0 0 0 0 0 0 0 0 -1 -1 -1 -1 -25 -3 -26 -2 -26 1 -22 2 -17 -9 -16 -8 -18 -8 -17 -9 -16 -7 -14 -6 -16 -6 -14 -4 -17 -4 -16 -5 -17 -5 -17 -4 -18 -4 -16 -4 -15 -4 -15 -2 -16 0 -15 -3 -14 0 -14 -2 -14 -3 -15 -1 -14 -2 -15 0 -16 -2 -15 0 -14 7 -15 0 -15 -1 -13 0 -14 0 -14 -1 -14 0 -13 0 -13 0 -12 -1 -12 0 -12 -1 -13 -2 -12 -1 -11 -1 -11 1 -10 -1 -11 0 -10 -1 -9 0 -9 -1 -8 -1 -8 -1 -7 -2 -7 -2 -7 -2 -7 -2 -1 -1 -1 -1 -1 -1 -1 -1 -1 -1 -1 -1 -1 -1 -1 -1 -1 -1 0 0 0 0 26 -22 25 -21 28 -23 30 -21 28 -21 25 -17 30 -18 25 -17 31 -22 32 -16 34 -18 33 -17 36 -19 34 -17 29 -13 32 -14 31 -17 32 -13 26 -13 28 -12 27 -9 28 -14 27 -9 28 -12 33 -10 27 -13 22 -26 28 -12 26 -12 24 -13 22 -13 25 -13 23 -15 23 -13 22 -15 22 -17 18 -15 20 -17 21 -15 20 -17 19 -17 14 -19 16 -16 17 -19 14 -16 14 -18 14 -16 12 -19 13 -18 15 -18 15 -18 13 -17 14 -17 5 -24 2 -29 2 -29 -3 -28 -1 -1 ]
CSI_DATA,STA,08:3A:F2:51:5D:9D,-48,11,1,0,1,1,1,0,0,0,0,-93,0,6,1,22033842,0,110,0,0,22.241374,384,[110 96 6 0 0 0 0 0 0 0 0 0 5 20 5 19 6 23 3 24 3 22 1 20 1 22 0 21 1 21 -1 21 -1 24 0 24 -1 23 -2 23 -3 19 -1 24 -2 20 -4 19 -2 20 -2 18 -3 19 -3 20 -5 17 -3 19 -4 21 -2 19 0 0 -2 19 0 18 0 19 1 17 -2 17 0 17 -1 18 0 16 1 17 3 14 3 16 1 15 2 15 4 14 3 14 5 15 4 17 5 13 5 14 6 12 4 14 5 13 5 13 6 13 4 13 5 12 0 0 0 0 0 0 0 0 0 0 -1 -1 -1 -1 3 -25 3 -25 -1 -27 -1 -22 8 -17 7 -16 7 -18 8 -17 6 -16 6 -14 6 -16 3 -15 4 -17 4 -17 5 -17 4 -17 3 -18 3 -17 3 -15 1 -16 0 -17 2 -16 -1 -14 1 -15 2 -14 0 -15 2 -15 -2 -15 1 -16 -1 -16 -7 -16 -1 -16 0 -15 -1 -14 -1 -14 0 -14 -2 -15 -2 -14 -1 -13 0 -13 -1 -12 1 -13 0 -13 0 -13 0 -12 -1 -11 0 -10 -1 -11 0 -9 0 -9 1 -9 0 -9 0 -8 1 -8 0 -7 1 -7 1 -7 -1 -1 -1 -1 -1 -1 -1 -1 -1 -1 -1 -1 -1 -1 -1 -1 -1 -1 0 0 0 0 21 27 21 26 22 29 20 31 20 30 16 26 18 32 16 26 21 33 14 33 16 36 16 34 18 37 15 35 12 30 13 33 16 32 11 33 12 27 11 29 9 28 13 29 8 28 11 29 9 34 12 27 24 23 11 29 11 27 13 25 12 23 11 26 15 24 12 24 14 23 16 22 13 19 16 21 14 22 17 21 16 20 18 15 15 17 18 18 15 15 17 14 15 15 18 13 18 13 16 16 17 15 16 14 16 15 23 6 28 5 29 4 27 -1 -1 -1 ]
CSI_DATA,STA,08:3A:F2:51:5D:9D,-48,11,1,0,1,1,1,0,0,0,0,-93,0,6,1,22034372,0,110,0,0,22.251364,384,[110 96 6 0 0 0 0 0 0 0 0 0 -21 5 -20 5 -23 6 -26 4 -23 3 -21 1 -23 2 -22 1 -22 2 -22 0 -25 0 -25 1 -24 -1 -24 -1 -21 -3 -25 0 -22 -1 -20 -3 -21 -2 -19 -2 -20 -3 -21 -2 -18 -5 -21 -3 -22 -3 -20 -1 0 0 -20 -2 -19 1 -20 0 -18 1 -18 -2 -18 0 -19 0 -17 0 -18 1 -15 4 -17 4 -16 1 -16 2 -16 4 -15 4 -16 5 -18 4 -14 5 -14 5 -12 6 -15 4 -14 5 -14 5 -14 6 -14 4 -12 5 0 0 0 0 0 0 0 0 0 0 -1 -1 -1 -1 24 7 24 6 25 3 22 2 16 10 15 8 16 8 16 10 15 7 13 7 16 7 14 5 17 5 15 6 16 6 16 4 17 5 16 4 14 4 16 2 16 0 15 4 14 0 14 3 14 4 15 1 14 3 15 -1 15 2 15 0 15 -6 15 0 14 1 14 0 13 0 13 1 14 0 13 0 13 0 12 0 12 0 12 1 12 1 11 1 11 1 10 -1 9 0 10 0 9 1 9 0 8 2 8 0 7 1 7 1 6 2 6 1 6 1 -1 -1 -1 -1 -1 -1 -1 -1 -1 -1 -1 -1 -1 -1 -1 -1 -1 -1 0 0 0 0 -30 20 -29 20 -33 22 -35 20 -33 19 -30 15 -36 16 -30 14 -37 19 -36 13 -39 16 -37 15 -40 16 -39 15 -34 11 -36 13 -36 15 -36 10 -31 11 -33 8 -31 7 -34 11 -31 6 -32 10 -37 8 -31 12 -27 22 -32 10 -30 10 -28 12 -26 11 -29 10 -28 13 -27 11 -27 13 -26 14 -23 12 -23 15 -24 13 -24 16 -23 15 -19 18 -20 15 -21 17 -18 15 -18 16 -18 15 -17 17 -17 17 -19 16 -17 16 -17 16 -17 16 -9 22 -8 28 -9 28 -4 27 -1 -1 ]
CSI_DATA,STA,08:3A:F2:51:5D:9D,-48,11,1,0,1,1,1,0,0,0,0,-93,0,6,1,22034803,0,110,0,0,22.261572,384,[110 96 6 0 0 0 0 0 0 0 0 0 -14 -17 -13 -17 -16 -19 -15 -22 -13 -20 -10 -19 -11 -20 -10 -19 -11 -20 -10 -21 -11 -23 -11 -22 -10 -22 -9 -22 -7 -20 -11 -22 -8 -20 -7 -20 -8 -19 -7 -18 -7 -19 -8 -20 -4 -18 -7 -20 -8 -21 -9 -18 0 0 -8 -18 -10 -17 -10 -18 -10 -16 -7 -17 -9 -16 -9 -17 -9 -15 -10 -15 -11 -12 -12 -13 -9 -13 -10 -13 -11 -12 -11 -11 -13 -11 -13 -13 -12 -9 -12 -10 -12 -8 -12 -10 -12 -10 -12 -10 -13 -9 -11 -9 -11 -8 0 0 0 0 0 0 0 0 0 0 -1 -1 -1 -1 15 18 16 18 20 16 17 13 3 15 4 15 4 15 3 16 4 14 3 12 5 13 6 10 7 12 6 13 6 13 6 12 8 13 7 12 6 11 8 10 10 10 7 11 8 8 7 9 7 10 8 9 7 9 9 8 9 11 9 8 15 3 10 9 8 9 8 7 8 7 8 9 9 7 8 7 8 6 7 7 7 6 7 7 8 7 7 7 7 7 7 5 6 6 6 6 4 6 5 5 4 5 5 4 4 4 4 5 3 4 3 4 2 4 0 0 -1 -1 -1 -1 -1 -1 -1 -1 -1 -1 -1 -1 -1 -1 0 0 0 0 -1 -1 -30 -11 -30 -10 -32 -13 -32 -15 -30 -14 -27 -13 -30 -16 -26 -12 -33 -15 -28 -18 -31 -19 -30 -18 -33 -19 -31 -19 -26 -17 -28 -19 -30 -16 -27 -19 -24 -15 -24 -16 -21 -17 -26 -15 -22 -17 -25 -16 -26 -20 -24 -14 -34 -1 -24 -15 -24 -15 -24 -11 -22 -11 -24 -13 -25 -10 -23 -10 -25 -9 -25 -8 -22 -8 -24 -6 -23 -8 -25 -6 -24 -6 -22 -1 -22 -3 -24 -3 -21 -3 -20 -1 -21 -2 -21 0 -20 0 -22 -2 -22 -1 -20 -1 -21 -2 -21 13 -23 18 -23 18 -19 21 -1 -1 ]
CSI_DATA,STA,08:3A:F2:51:5D:9D,-48,11,1,0,1,1,1,0,0,0,0,-93,0,6,1,22035240,0,110,0,0,22.272307,384,[110 96 6 0 0 0 0 0 0 0 0 0 13 -17 13 -17 15 -19 18 -18 16 -17 15 -14 17 -16 16 -14 16 -14 17 -14 19 -15 19 -16 19 -14 19 -13 17 -10 19 -15 17 -12 17 -10 17 -11 15 -11 16 -10 17 -11 16 -8 17 -11 18 -12 15 -12 0 0 16 -12 13 -13 15 -13 12 -13 14 -10 13 -12 14 -12 12 -12 12 -13 8 -13 10 -14 10 -11 10 -12 8 -13 8 -13 7 -15 9 -15 6 -14 6 -14 4 -13 7 -14 6 -14 6 -14 5 -15 6 -13 4 -13 0 0 0 0 0 0 0 0 0 0 -1 -1 -1 -1 -24 9 -22 10 -22 14 -18 12 -20 3 -19 4 -20 4 -21 3 -18 4 -16 4 -17 5 -15 6 -18 7 -17 5 -18 6 -16 7 -18 8 -16 7 -15 6 -15 8 -14 10 -15 7 -11 9 -14 7 -14 7 -12 9 -14 7 -12 10 -14 9 -12 10 -8 14 -13 10 -12 9 -11 9 -11 9 -12 9 -11 9 -10 9 -11 8 -10 8 -9 9 -10 8 -10 7 -10 7 -10 6 -9 7 -9 6 -9 7 -8 6 -8 6 -8 4 -8 5 -7 4 -7 3 -6 3 -7 3 -7 3 -1 -1 -1 -1 -1 -1 -1 -1 -1 -1 -1 -1 -1 -1 -1 -1 -1 -1 -1 -1 0 0 11 -35 10 -34 13 -37 15 -37 14 -35 13 -31 18 -35 14 -31 17 -38 20 -32 20 -36 19 -35 21 -37 21 -35 18 -30 20 -32 18 -35 22 -30 16 -28 19 -28 19 -25 17 -30 19 -25 18 -28 22 -30 15 -29 6 -35 18 -29 16 -27 13 -28 12 -25 15 -27 12 -28 13 -26 11 -28 10 -29 7 -25 7 -28 9 -26 7 -28 6 -27 1 -26 4 -25 4 -28 3 -24 2 -25 2 -24 0 -26 0 -25 3 -26 1 -25 1 -24 1 -24 -8 -23 -13 -27 -13 -28 -16 -23 -1 -1 ]
CSI_DATA,STA,08:3A:F2:51:5D:9D,-48,11,1,0,1,1,1,0,0,0,0,-93,0,6,1,22035725,0,110,0,0,22.282984,384,[110 96 6 0 0 0 0 0 0 0 0 0 17 13 16 12 19 13 18 17 17 15 14 14 15 16 13 15 15 15 13 17 15 19 15 18 15 19 13 19 10 16 15 19 12 16 10 17 11 16 11 15 10 16 11 16 8 16 10 17 11 18 12 15 0 0 11 15 13 13 13 14 13 12 10 13 12 12 12 14 11 11 13 11 12 8 13 9 11 10 12 10 13 8 13 8 14 6 15 9 13 5 14 6 13 4 13 6 13 6 13 6 14 5 12 6 12 4 0 0 0 0 0 0 0 0 0 0 -1 -1 -1 -1 -16 -21 -16 -20 -20 -18 -17 -15 -7 -19 -7 -17 -9 -18 -7 -19 -7 -16 -6 -14 -8 -15 -8 -13 -10 -16 -9 -15 -9 -16 -10 -14 -12 -16 -11 -14 -9 -13 -11 -13 -13 -11 -10 -13 -11 -10 -11 -11 -10 -12 -12 -10 -10 -12 -13 -10 -11 -12 -12 -10 -16 -5 -12 -10 -11 -10 -11 -9 -12 -8 -11 -10 -12 -9 -11 -8 -11 -8 -10 -8 -10 -7 -10 -9 -10 -9 -10 -9 -9 -8 -9 -6 -8 -6 -9 -6 -7 -6 -7 -6 -6 -6 -7 -6 -7 -6 -6 -6 -5 -6 -4 -5 -4 -5 -1 -1 -1 -1 -1 -1 -1 -1 -1 -1 -1 -1 -1 -1 -1 -1 -1 -1 -1 -1 0 0 33 8 33 6 36 8 36 11 34 10 30 10 34 13 29 9 38 12 32 16 36 16 34 16 38 16 35 17 30 14 32 16 34 13 31 17 28 12 28 15 25 15 30 13 25 16 28 14 30 19 28 12 34 1 28 14 27 12 27 9 24 8 27 11 28 8 25 9 27 6 28 5 23 4 26 4 25 6 27 3 26 3 24 -3 23 0 26 0 22 0 23 -2 22 0 23 -3 22 -4 24 0 23 -2 21 -2 22 -2 20 -13 23 -18 23 -19 19 -21 -1 -1 ]
CSI_DATA,STA,08:3A:F2:51:5D:9D,-46,11,1,0,0,1,1,0,0,0,0,-93,0,6,1,22259054,0,110,0,0,22.425672,256,[110 96 6 0 0 0 0 0 0 0 0 0 -5 13 -6 12 -5 14 -6 13 -6 13 -7 12 -7 12 -7 11 -7 12 -7 11 -7 13 -7 13 -7 12 -7 12 -8 11 -7 12 -8 10 -8 10 -7 10 -7 10 -7 9 -7 10 -6 9 -5 10 -5 10 -6 10 0 0 -5 9 -4 10 -4 10 -4 10 -4 8 -4 9 -4 9 -3 9 -3 9 -3 8 -2 9 -2 8 -2 9 -2 9 -2 8 -2 9 -1 9 -2 8 -1 8 -1 8 -1 8 -1 8 0 8 0 8 0 7 0 7 0 0 0 0 0 0 0 0 0 0 -1 -1 -1 -1 -1 -1 -1 -1 6 10 6 10 0 11 0 11 -1 12 0 13 -1 12 -2 12 -1 12 -3 11 -2 13 -2 11 -1 12 -1 12 -1 11 -1 11 -2 11 -2 12 -2 11 -4 9 -3 11 -3 9 -2 10 -3 10 -2 9 -2 9 -1 9 -1 9 -1 -1 -1 9 -1 8 -1 9 -1 9 -1 7 0 8 0 8 0 7 1 8 1 8 1 8 1 7 1 7 1 7 1 7 1 7 1 7 1 7 1 7 2 7 2 7 2 6 2 6 3 6 2 5 2 6 4 5 5 5 -1 -1 -1 -1 -1 -1 ]
CSI_DATA,STA,08:3A:F2:51:5D:9D,-50,11,1,0,1,1,1,0,0,0,0,-93,0,6,1,22267446,0,110,0,0,22.434667,384,[110 96 6 0 0 0 0 0 0 0 0 0 7 -23 7 -21 7 -26 11 -25 10 -24 10 -20 11 -22 11 -20 10 -21 13 -21 14 -23 13 -23 14 -22 14 -21 13 -17 13 -23 12 -19 13 -18 12 -18 11 -17 13 -17 12 -18 13 -15 13 -18 14 -19 11 -18 0 0 11 -18 8 -19 9 -19 8 -19 10 -16 8 -18 9 -18 7 -16 7 -18 4 -17 4 -18 6 -15 5 -16 3 -16 3 -16 2 -17 3 -19 0 -16 1 -16 -1 -15 2 -16 1 -16 1 -16 -1 -16 1 -15 0 -14 0 0 0 0 0 0 0 0 0 0 -1 -1 -1 -1 -12 21 -12 22 -8 23 -6 20 -14 12 -13 11 -13 13 -14 12 -11 12 -10 10 -10 12 -8 11 -9 13 -9 12 -10 13 -8 12 -9 14 -8 13 -7 11 -6 13 -4 13 -7 12 -3 11 -5 11 -6 11 -3 12 -5 11 -2 11 -5 12 -3 12 3 12 -3 12 -3 11 -1 10 -1 10 -2 10 -1 10 0 8 -1 8 -1 8 -1 8 -1 8 0 7 0 6 0 6 1 6 1 5 2 5 1 4 1 4 1 4 2 3 3 2 2 3 3 2 3 2 3 3 -1 -1 -1 -1 -1 -1 -1 -1 -1 -1 -1 -1 -1 -1 -1 -1 -1 -1 0 0 0 0 -5 -38 -6 -37 -5 -42 -3 -42 -2 -40 -1 -36 0 -41 -1 -35 -2 -43 4 -40 3 -44 3 -42 3 -45 3 -43 4 -36 4 -39 0 -40 6 -39 1 -33 4 -35 6 -32 1 -36 6 -33 3 -34 7 -38 1 -34 -13 -35 3 -34 1 -33 -2 -31 -1 -29 0 -32 -3 -31 -2 -30 -4 -30 -6 -30 -4 -27 -7 -28 -4 -28 -7 -28 -7 -28 -11 -24 -8 -24 -10 -27 -9 -23 -10 -22 -9 -22 -12 -21 -12 -21 -10 -23 -11 -22 -10 -21 -10 -21 -20 -15 -26 -15 -25 -15 -27 -10 -1 -1 ]
CSI_DATA,STA,08:3A:F2:51:5D:9D,-50,11,1,0,1,1,1,0,0,0,0,-93,0,6,1,22268356,0,110,0,0,22.445642,384,[110 96 6 0 0 0 0 0 0 0 0 0 18 14 18 13 21 15 20 18 19 16 15 15 18 17 15 16 17 16 15 18 16 21 17 20 16 20 15 20 11 18 17 20 13 18 12 18 12 17 12 16 12 17 13 17 9 17 12 18 13 19 13 16 0 0 13 16 14 14 14 15 14 13 11 14 14 13 14 14 13 12 14 12 13 8 15 10 12 11 13 10 14 8 14 8 15 7 16 9 13 5 14 5 13 3 14 6 14 5 14 6 14 5 12 6 12 4 0 0 0 0 0 0 0 0 0 0 -1 -1 -1 -1 -18 -19 -18 -20 -20 -16 -18 -12 -8 -18 -8 -16 -9 -17 -8 -18 -8 -15 -7 -13 -9 -14 -9 -12 -11 -14 -10 -13 -10 -15 -10 -13 -12 -13 -11 -13 -10 -11 -12 -10 -12 -9 -11 -11 -11 -7 -11 -9 -10 -9 -12 -7 -11 -9 -12 -7 -12 -9 -12 -7 -15 -3 -12 -7 -11 -7 -10 -5 -10 -5 -10 -6 -11 -5 -10 -4 -10 -4 -9 -4 -9 -3 -8 -4 -8 -4 -8 -3 -8 -2 -7 -1 -6 -1 -7 0 -6 -1 -6 0 -5 -1 -5 1 -5 1 -5 1 -5 1 -5 1 -5 2 -1 -1 -1 -1 -1 -1 -1 -1 -1 -1 -1 -1 -1 -1 -1 -1 -1 -1 0 0 0 0 37 8 35 7 40 7 38 10 39 9 32 10 38 13 32 9 42 11 37 17 39 18 38 17 41 17 38 18 31 15 36 16 35 13 35 17 30 11 31 15 27 15 33 12 28 17 30 15 33 20 30 12 37 0 30 13 30 12 28 8 27 7 28 11 30 7 28 8 28 6 30 4 26 4 27 3 27 6 28 3 27 2 25 -3 24 0 27 -2 23 0 23 -3 23 -1 23 -5 23 -5 25 -1 23 -3 22 -3 22 -2 21 -14 22 -19 21 -19 17 -23 -1 -1 ]
CSI_DATA,STA,08:3A:F2:51:5D:9D,-49,11,1,0,1,1,1,0,0,0,0,-93,0,6,1,22268800,0,110,0,0,22.455939,384,[110 96 6 0 0 0 0 0 0 0 0 0 -6 21 -6 20 -6 23 -9 24 -9 22 -9 18 -10 21 -9 19 -9 20 -11 19 -13 22 -12 22 -13 21 -13 20 -12 16 -12 22 -11 18 -12 17 -11 17 -11 16 -11 16 -11 18 -12 13 -12 16 -13 18 -10 17 0 0 -10 17 -8 18 -9 18 -7 17 -9 15 -7 17 -8 17 -6 15 -6 16 -3 15 -4 16 -6 14 -5 15 -3 15 -3 15 -1 16 -3 18 -1 14 0 15 1 13 -1 14 0 14 -1 14 0 14 -2 13 0 12 0 0 0 0 0 0 0 0 0 0 -1 -1 -1 -1 12 -20 12 -21 9 -23 7 -20 13 -13 11 -13 11 -14 13 -13 10 -12 9 -11 10 -13 7 -12 9 -15 9 -13 9 -14 8 -13 8 -15 7 -14 6 -12 5 -14 3 -15 6 -13 2 -12 4 -12 5 -12 3 -13 4 -12 2 -13 4 -13 1 -13 -3 -14 1 -13 2 -12 0 -11 0 -12 2 -11 1 -11 0 -10 0 -10 0 -10 -1 -9 0 -9 0 -9 0 -8 -1 -8 -3 -7 -2 -7 -3 -6 -3 -5 -3 -6 -3 -5 -3 -5 -4 -4 -4 -4 -4 -4 -4 -4 -4 -4 -1 -1 -1 -1 -1 -1 -1 -1 -1 -1 -1 -1 -1 -1 -1 -1 -1 -1 0 0 0 0 4 36 5 35 4 39 2 39 2 37 1 33 -1 39 0 33 1 42 -5 38 -4 41 -3 40 -4 43 -4 40 -5 34 -4 37 -1 37 -6 37 -3 31 -5 33 -7 31 -3 34 -7 30 -4 32 -8 36 -2 32 10 33 -4 32 -2 31 1 29 1 28 -2 30 2 30 0 28 2 29 4 28 2 24 5 26 2 27 6 27 6 26 10 22 7 22 9 25 7 21 9 20 8 21 10 20 11 20 8 22 9 20 9 19 9 20 18 15 23 15 23 15 25 11 -1 -1 ]
CSI_DATA,STA,08:3A:F2:51:5D:9D,-49,11,1,0,1,1,1,0,0,0,0,-93,0,6,1,22269227,0,110,0,0,22.466068,384,[110 96 6 0 0 0 0 0 0 0 0 0 -14 -20 -14 -19 -17 -22 -15 -25 -14 -23 -11 -21 -12 -23 -11 -21 -12 -21 -10 -23 -11 -26 -11 -26 -10 -25 -9 -25 -6 -21 -11 -25 -8 -23 -6 -22 -8 -21 -7 -20 -7 -21 -8 -22 -4 -20 -7 -22 -7 -23 -8 -20 0 0 -8 -20 -10 -19 -10 -20 -10 -17 -7 -18 -10 -18 -10 -19 -9 -16 -11 -17 -12 -13 -12 -15 -9 -15 -10 -14 -11 -13 -11 -13 -13 -12 -14 -15 -12 -10 -12 -11 -12 -8 -12 -11 -12 -11 -12 -11 -13 -10 -11 -11 -11 -9 0 0 0 0 0 0 0 0 0 0 -1 -1 -1 -1 8 24 9 24 12 22 11 19 0 19 1 17 2 18 0 19 2 17 1 14 3 16 4 14 5 16 4 16 3 16 4 16 6 16 5 15 4 13 7 13 8 12 6 13 8 10 6 12 5 12 8 11 6 11 8 10 7 12 8 10 12 7 8 10 8 9 8 8 7 7 7 9 8 7 7 7 7 6 6 6 6 6 6 6 7 6 7 5 6 4 6 2 5 3 6 2 5 2 5 1 4 1 5 0 5 0 5 0 5 0 5 -1 5 -1 -1 -1 -1 -1 -1 -1 -1 -1 -1 -1 -1 -1 -1 -1 -1 -1 -1 -1 0 0 0 0 -34 -22 -34 -20 -37 -23 -36 -26 -35 -25 -29 -22 -33 -27 -29 -22 -37 -27 -31 -31 -33 -32 -32 -31 -35 -33 -32 -32 -27 -27 -30 -29 -31 -27 -28 -31 -26 -24 -25 -27 -22 -26 -28 -25 -22 -27 -26 -27 -25 -32 -26 -24 -35 -15 -25 -26 -25 -24 -26 -20 -24 -18 -25 -22 -27 -19 -25 -19 -27 -18 -28 -17 -25 -16 -27 -14 -25 -17 -28 -14 -26 -13 -27 -8 -24 -10 -28 -10 -24 -9 -24 -7 -23 -8 -25 -6 -25 -5 -25 -9 -25 -8 -23 -7 -23 -7 -25 4 -29 9 -29 8 -26 13 -1 -1 ]
CSI_DATA,STA,08:3A:F2:51:5D:9D,-49,11,1,0,1,1,1,0,0,0,0,-93,0,6,1,22269649,0,110,0,0,22.476937,384,[110 96 6 0 0 0 0 0 0 0 0 0 4 -24 3 -23 4 -27 7 -28 6 -26 7 -21 7 -25 7 -22 7 -24 10 -23 11 -26 10 -26 10 -24 12 -23 11 -19 10 -26 10 -21 11 -20 10 -20 9 -19 10 -19 10 -21 11 -17 11 -20 11 -21 8 -20 0 0 9 -20 6 -21 7 -21 5 -20 8 -17 6 -19 7 -19 5 -18 4 -19 1 -18 2 -19 4 -17 3 -17 1 -17 1 -18 -1 -18 1 -20 -1 -16 -1 -17 -3 -15 0 -16 -1 -16 -1 -16 -2 -16 0 -15 -2 -14 0 0 0 0 0 0 0 0 0 0 -1 -1 -1 -1 -12 22 -12 23 -8 24 -5 21 -15 13 -13 13 -13 14 -14 13 -11 13 -10 11 -10 14 -8 12 -9 15 -10 14 -10 14 -9 14 -9 15 -8 14 -7 12 -5 14 -4 14 -6 14 -3 12 -5 13 -6 12 -3 13 -5 13 -2 13 -5 14 -2 14 4 14 -2 13 -3 12 -1 11 0 11 -3 11 -1 11 -1 10 -1 9 0 10 0 9 0 9 -1 9 0 8 0 7 2 7 1 6 2 6 1 6 2 5 2 5 2 4 3 3 2 4 3 3 3 3 3 4 -1 -1 -1 -1 -1 -1 -1 -1 -1 -1 -1 -1 -1 -1 -1 -1 -1 -1 0 0 0 0 -9 -40 -10 -38 -10 -44 -7 -43 -8 -42 -5 -36 -5 -44 -4 -36 -7 -46 0 -44 -1 -46 -1 -45 -1 -48 0 -46 1 -37 -1 -42 -3 -41 1 -42 -2 -34 1 -37 3 -34 -2 -38 4 -36 1 -37 5 -41 -1 -36 -14 -36 0 -36 -1 -35 -4 -32 -5 -31 -2 -33 -6 -33 -4 -31 -6 -32 -8 -32 -7 -29 -9 -29 -6 -30 -9 -30 -9 -28 -14 -25 -10 -24 -13 -27 -11 -23 -13 -23 -11 -23 -14 -22 -14 -21 -11 -25 -12 -23 -12 -22 -12 -22 -21 -16 -26 -15 -25 -15 -28 -9 -1 -1 ]
CSI_DATA,STA,08:3A:F2:51:5D:9D,-45,11,1,0,0,1,1,0,0,0,0,-93,0,6,1,22269931,0,110,0,0,22.487563,256,[110 96 6 0 0 0 0 0 0 0 0 0 9 -8 9 -7 10 -8 10 -8 10 -8 10 -7 10 -6 9 -6 10 -7 10 -5 11 -7 11 -6 11 -6 10 -6 10 -5 11 -6 9 -5 9 -4 9 -4 9 -5 9 -4 9 -4 8 -4 8 -5 9 -5 8 -5 0 0 8 -5 8 -5 7 -5 7 -6 6 -5 7 -6 7 -5 6 -6 7 -6 7 -5 6 -6 6 -5 6 -6 6 -6 6 -6 6 -6 5 -7 5 -5 5 -6 5 -5 4 -6 5 -6 5 -6 5 -6 4 -6 4 -6 0 0 0 0 0 0 0 0 0 0 -1 -1 -1 -1 0 0 0 0 -2 -25 0 -20 8 -18 8 -18 8 -20 9 -20 11 -18 10 -18 11 -17 11 -16 12 -19 11 -16 13 -17 12 -18 12 -17 12 -16 12 -16 12 -17 11 -14 12 -13 11 -15 11 -14 12 -14 11 -13 11 -13 10 -13 10 -14 9 -13 -1 -1 9 -13 8 -13 8 -12 8 -15 7 -13 8 -14 7 -13 6 -14 7 -13 7 -14 5 -14 6 -13 6 -13 7 -14 4 -13 5 -13 4 -13 3 -13 4 -14 4 -13 3 -14 4 -13 3 -12 3 -13 3 -12 3 -13 -3 -11 -2 -11 -1 -1 -1 -1 -1 -1 ]
CSI_DATA,STA,08:3A:F2:51:5D:9D,-45,11,1,0,0,1,1,0,0,0,0,-93,0,6,1,22270431,0,110,0,0,22.494439,256,[110 96 6 0 0 0 0 0 0 0 0 0 5 9 4 9 5 9 5 9 5 9 4 9 4 9 3 9 3 9 3 10 4 10 3 10 3 9 3 9 2 9 4 10 3 8 3 8 2 8 2 8 2 8 3 8 2 7 3 8 3 9 3 7 0 0 3 7 4 8 3 7 3 7 3 6 4 6 4 6 3 6 4 5 4 6 4 6 4 5 4 5 4 5 4 5 4 5 5 5 4 5 4 5 4 4 4 4 4 4 5 4 5 4 4 3 4 3 0 0 0 0 0 0 0 0 0 0 -1 -1 -1 -1 -1 -1 -1 -1 17 11 16 10 13 13 13 12 14 12 13 14 12 14 11 14 12 13 10 14 12 16 11 15 11 16 11 16 10 15 10 15 9 15 12 15 8 13 8 14 9 14 9 13 8 14 9 13 9 13 9 12 9 13 9 11 -1 -1 9 11 9 10 8 10 11 11 9 8 10 10 9 9 9 8 10 9 11 8 10 8 10 8 10 7 10 8 10 7 9 7 11 6 10 5 11 6 9 6 11 5 11 6 10 5 10 5 10 4 10 4 8 2 9 1 -1 -1 -1 -1 -1 -1 ]
CSI_DATA,STA,08:3A:F2:51:5D:9D,-45,11,1,0,0,1,1,0,0,0,0,-93,0,6,1,22270827,0,110,0,0,22.500454,256,[110 96 6 0 0 0 0 0 0 0 0 0 -25 -8 -24 -8 -26 -9 -26 -9 -25 -10 -22 -11 -24 -11 -22 -11 -23 -11 -23 -13 -24 -13 -24 -14 -22 -13 -21 -12 -19 -12 -24 -12 -19 -12 -20 -12 -19 -11 -19 -12 -18 -10 -20 -11 -16 -12 -19 -10 -20 -11 -19 -9 0 0 -18 -8 -20 -9 -19 -7 -19 -8 -16 -7 -17 -6 -19 -5 -17 -6 -18 -4 -18 -6 -19 -4 -16 -4 -16 -4 -16 -5 -17 -3 -16 -3 -18 -3 -16 -2 -16 -3 -15 -2 -16 -1 -15 -2 -16 -1 -15 -1 -14 -1 -14 -1 0 0 0 0 0 0 0 0 0 0 -1 -1 -1 -1 -1 -1 -1 -1 -25 7 -23 5 -23 -1 -23 0 -24 0 -25 -1 -24 -1 -23 -3 -24 -2 -22 -4 -25 -3 -23 -5 -23 -5 -24 -6 -23 -5 -22 -4 -22 -6 -24 -3 -20 -5 -20 -5 -20 -4 -21 -5 -20 -5 -20 -4 -19 -6 -19 -4 -19 -4 -19 -4 -1 -1 -17 -2 -18 -2 -17 -1 -19 -1 -15 -1 -17 -1 -17 0 -16 -1 -16 0 -17 0 -17 2 -15 1 -15 1 -15 0 -15 2 -15 1 -15 2 -14 3 -15 3 -13 3 -15 4 -14 3 -13 3 -14 4 -13 3 -13 3 -9 7 -10 7 -1 -1 -1 -1 -1 -1 ]
CSI_DATA,STA,08:3A:F2:51:5D:9D,-44,11,1,0,0,1,1,0,0,0,0,-93,0,6,1,22271295,0,110,0,0,22.508106,256,[110 96 6 0 0 0 0 0 0 0 0 0 -9 -7 -9 -7 -9 -7 -10 -7 -9 -7 -8 -7 -9 -8 -8 -7 -8 -7 -8 -8 -9 -8 -9 -9 -8 -8 -8 -8 -7 -7 -9 -8 -7 -8 -7 -8 -6 -7 -7 -7 -7 -7 -7 -8 -6 -7 -7 -7 -7 -7 -7 -7 0 0 -7 -6 -7 -6 -7 -6 -7 -6 -6 -5 -7 -5 -7 -5 -7 -5 -7 -4 -7 -5 -7 -4 -7 -4 -7 -4 -7 -4 -7 -4 -7 -4 -8 -4 -7 -4 -7 -3 -7 -3 -6 -3 -7 -2 -7 -2 -7 -2 -6 -2 -6 -2 0 0 0 0 0 0 0 0 0 0 -1 -1 -1 -1 -1 -1 -1 -1 -21 1 -20 -2 -18 -7 -19 -6 -19 -6 -20 -7 -19 -7 -18 -9 -19 -8 -17 -9 -20 -8 -18 -9 -18 -10 -19 -10 -17 -8 -17 -10 -16 -9 -18 -9 -15 -9 -15 -10 -16 -9 -15 -10 -16 -9 -15 -9 -14 -9 -14 -9 -15 -9 -14 -8 -1 -1 -15 -6 -14 -7 -14 -6 -15 -6 -13 -6 -14 -5 -14 -5 -13 -5 -14 -3 -14 -5 -15 -3 -14 -3 -14 -3 -13 -3 -14 -3 -13 -2 -14 -2 -13 -2 -12 -1 -13 -1 -13 -1 -12 -1 -12 -1 -13 0 -12 0 -12 0 -11 4 -10 3 -1 -1 -1 -1 -1 -1 ]
CSI_DATA,STA,08:3A:F2:51:5D:9D,-45,11,0,0,0,0,0,0,0,0,0,-93,0,6,1,22342966,0,110,0,0,22.515775,128,[110 96 6 0 0 0 0 0 0 0 0 0 11 -26 11 -24 12 -28 12 -27 13 -27 13 -22 14 -24 14 -22 14 -24 16 -23 16 -24 17 -24 16 -23 16 -22 15 -19 17 -24 15 -19 16 -20 15 -18 15 -19 14 -18 15 -20 14 -17 13 -18 14 -20 13 -19 0 0 11 -19 12 -20 10 -19 10 -20 9 -17 9 -19 9 -20 8 -18 7 -20 8 -19 8 -19 7 -17 7 -18 7 -19 6 -19 6 -18 5 -21 5 -18 5 -19 4 -18 4 -18 4 -19 4 -19 3 -19 4 -18 3 -17 0 0 0 0 0 0 0 0 0 0 ]
CSI_DATA,STA,08:3A:F2:51:5D:9D,-49,11,1,0,1,1,1,0,0,0,0,-93,0,6,1,22350616,0,110,0,0,22.523790,384,[110 96 6 0 0 0 0 0 0 0 0 0 7 -22 6 -21 7 -24 11 -25 9 -23 9 -19 10 -22 9 -20 10 -21 12 -20 14 -22 13 -23 13 -21 14 -20 13 -17 13 -22 13 -18 13 -17 12 -17 11 -16 12 -17 13 -18 13 -14 13 -17 14 -18 12 -18 0 0 12 -17 9 -18 10 -19 9 -17 11 -15 9 -17 10 -18 8 -16 8 -18 4 -16 6 -18 7 -15 7 -16 4 -17 5 -17 3 -18 5 -20 2 -17 3 -17 0 -16 3 -17 3 -17 3 -17 1 -17 3 -16 1 -15 0 0 0 0 0 0 0 0 0 0 -1 -1 -1 -1 -9 27 -9 28 -4 30 -3 26 -15 12 -13 12 -14 12 -15 11 -12 11 -11 10 -12 11 -9 11 -10 13 -11 12 -12 13 -11 12 -11 15 -11 13 -9 11 -8 13 -7 14 -9 13 -5 11 -8 11 -8 11 -7 13 -8 12 -5 12 -8 13 -6 14 3 18 -6 14 -7 12 -5 11 -5 11 -7 12 -5 12 -5 11 -5 11 -6 11 -5 10 -6 11 -6 10 -5 10 -5 9 -4 9 -5 8 -5 9 -5 7 -4 7 -5 7 -4 7 -4 6 -4 5 -4 5 -4 4 -4 4 0 0 0 0 -1 -1 -1 -1 -1 -1 -1 -1 -1 -1 0 0 0 0 0 0 -1 -1 -11 -29 -11 -29 -11 -32 -9 -32 -9 -31 -7 -28 -6 -31 -8 -27 -10 -35 -4 -33 -5 -36 -5 -34 -7 -37 -5 -35 -4 -30 -3 -33 -6 -33 -2 -33 -4 -27 -2 -28 0 -27 -5 -29 -1 -28 -3 -28 0 -33 -4 -28 -24 -29 -3 -29 -3 -28 -5 -25 -4 -24 -4 -27 -7 -26 -5 -25 -8 -25 -9 -25 -8 -22 -9 -23 -7 -23 -10 -24 -10 -23 -13 -19 -10 -20 -12 -22 -10 -20 -11 -18 -10 -19 -13 -18 -12 -17 -12 -21 -12 -20 -11 -18 -11 -19 -26 -10 -32 -10 -32 -10 -33 -4 -1 -1 ]
CSI_DATA,STA,08:3A:F2:51:5D:9D,-49,11,1,0,1,1,1,0,0,0,0,-93,0,6,1,22351115,0,110,0,0,22.535103,384,[110 96 6 0 0 0 0 0 0 0 0 0 18 5 18 5 21 5 22 8 20 7 17 8 19 8 17 8 18 8 17 10 19 12 20 11 19 11 18 12 14 11 19 11 16 11 14 12 15 11 14 10 14 10 15 11 12 11 15 11 16 12 15 9 0 0 15 10 15 8 16 9 15 7 13 9 15 8 15 8 14 6 15 6 13 3 15 4 13 6 14 5 14 3 14 4 15 2 16 4 14 1 14 2 13 0 14 2 14 2 14 2 15 1 13 3 13 1 0 0 0 0 0 0 0 0 0 0 -1 -1 -1 -1 -20 -17 -22 -17 -24 -14 -21 -11 -11 -17 -11 -16 -12 -17 -11 -19 -11 -16 -9 -14 -11 -14 -11 -11 -13 -14 -12 -14 -12 -15 -12 -13 -14 -14 -12 -13 -11 -12 -13 -12 -15 -10 -12 -13 -13 -9 -12 -10 -11 -10 -13 -9 -12 -10 -14 -9 -13 -11 -14 -9 -16 -3 -14 -9 -13 -10 -12 -8 -12 -8 -12 -9 -13 -8 -12 -7 -12 -7 -11 -7 -11 -6 -11 -8 -11 -8 -10 -8 -10 -8 -10 -6 -8 -6 -10 -7 -8 -6 -7 -5 -7 -6 -7 -5 -7 -5 -6 -5 -6 -6 -5 -5 -5 -5 0 0 0 0 -1 -1 -1 -1 -1 -1 -1 -1 -1 -1 0 0 0 0 0 0 -1 -1 32 -4 32 -5 35 -4 36 -2 34 -2 30 -1 34 0 29 -2 37 -2 34 2 37 3 35 3 38 3 36 4 30 4 34 5 35 2 33 6 28 3 29 4 27 5 30 3 28 5 29 5 32 8 29 3 31 -8 29 3 28 3 27 1 25 1 28 2 27 -2 26 -1 27 -3 26 -4 22 -3 26 -4 25 -2 26 -5 25 -5 22 -9 22 -6 25 -7 21 -6 21 -8 21 -7 20 -10 20 -10 23 -8 22 -8 21 -8 21 -7 17 -18 19 -23 18 -24 14 -26 -1 -1 ]
CSI_DATA,STA,08:3A:F2:51:5D:9D,-49,11,1,0,1,1,1,0,0,0,0,-93,0,6,1,22351449,0,110,0,0,22.545420,384,[110 96 6 0 0 0 0 0 0 0 0 0 -15 16 -15 16 -17 18 -20 17 -18 16 -17 13 -19 14 -18 13 -18 13 -19 13 -22 14 -21 15 -21 13 -21 12 -19 9 -22 13 -20 10 -20 8 -19 9 -18 8 -19 8 -20 9 -18 6 -19 9 -21 9 -18 10 0 0 -19 9 -17 11 -18 11 -16 10 -17 8 -17 10 -17 10 -15 10 -16 11 -12 12 -13 13 -13 10 -13 11 -12 12 -13 11 -12 13 -14 13 -11 13 -11 13 -8 12 -12 12 -11 12 -11 12 -10 14 -11 11 -9 12 0 0 0 0 0 0 0 0 0 0 -1 -1 -1 -1 28 -4 28 -5 29 -9 24 -8 23 3 21 2 22 1 23 3 21 1 18 1 20 0 17 -1 21 -2 20 -1 21 -1 20 -2 22 -3 20 -3 17 -2 19 -4 19 -6 19 -2 15 -6 17 -3 16 -3 16 -5 17 -3 16 -7 18 -4 18 -6 15 -12 17 -6 17 -5 15 -5 15 -6 16 -4 15 -6 14 -6 14 -6 15 -4 13 -5 15 -3 14 -4 13 -4 12 -3 12 -5 11 -3 11 -4 10 -2 10 -3 10 -1 9 -3 8 -3 8 -1 7 -1 7 -1 6 -1 0 0 0 0 -1 -1 -1 -1 -1 -1 -1 -1 -1 -1 0 0 0 0 -1 -1 -1 -1 -18 35 -16 34 -19 37 -23 37 -21 35 -19 30 -23 34 -19 30 -24 37 -26 31 -28 34 -27 33 -29 36 -29 33 -26 27 -28 30 -27 32 -29 28 -23 26 -26 25 -25 23 -25 27 -26 23 -26 25 -31 26 -23 27 -16 32 -25 25 -24 25 -21 25 -19 24 -23 25 -19 26 -19 25 -18 26 -18 27 -15 24 -15 27 -17 25 -15 28 -14 27 -10 26 -12 25 -13 29 -10 25 -8 26 -10 25 -7 26 -7 26 -11 26 -9 26 -9 25 -10 24 0 28 4 33 5 32 9 31 -1 -1 ]
CSI_DATA,STA,08:3A:F2:51:5D:9D,-49,11,1,0,1,1,1,0,0,0,0,-93,0,6,1,22351929,0,110,0,0,22.556056,384,[110 96 6 0 0 0 0 0 0 0 0 0 -23 -1 -22 -1 -25 -1 -27 -4 -25 -3 -21 -5 -24 -5 -22 -5 -23 -5 -23 -7 -25 -8 -25 -7 -24 -8 -24 -9 -20 -9 -25 -8 -21 -8 -20 -10 -20 -8 -19 -8 -20 -9 -21 -9 -17 -10 -20 -9 -22 -10 -20 -7 0 0 -20 -8 -20 -5 -21 -6 -19 -5 -18 -7 -19 -6 -20 -6 -18 -5 -20 -4 -17 -1 -19 -1 -17 -3 -18 -3 -17 -1 -17 -1 -18 1 -21 -1 -16 1 -17 1 -15 3 -17 0 -17 1 -18 1 -17 2 -16 0 -15 2 0 0 0 0 0 0 0 0 0 0 -1 -1 -1 -1 22 17 23 18 26 14 23 11 13 18 13 16 14 17 13 19 13 16 11 13 14 14 13 11 16 13 14 13 15 15 15 13 17 14 16 13 13 11 16 11 18 9 14 12 15 7 13 10 13 10 15 9 14 9 16 6 15 11 16 7 18 2 16 8 15 9 14 7 14 6 14 8 15 6 13 6 13 7 13 7 12 5 13 7 12 7 12 7 11 6 11 5 10 5 10 6 8 5 9 5 8 5 8 4 7 4 6 5 6 4 5 4 5 4 0 0 0 0 -1 -1 -1 -1 -1 -1 -1 -1 -1 -1 0 0 0 0 0 0 -1 -1 -39 9 -37 10 -42 9 -43 6 -42 6 -36 4 -41 4 -36 5 -45 6 -42 1 -45 0 -44 1 -47 0 -45 -1 -38 -1 -41 -1 -42 1 -41 -4 -35 0 -36 -3 -35 -3 -38 0 -35 -4 -37 -2 -41 -6 -36 0 -36 10 -37 -1 -35 0 -34 2 -31 2 -34 0 -33 4 -32 3 -33 5 -33 6 -30 6 -30 7 -31 5 -31 8 -30 8 -27 12 -27 9 -31 10 -25 10 -24 11 -25 10 -25 13 -24 13 -28 10 -26 11 -25 11 -25 10 -20 19 -21 26 -20 27 -17 28 -1 -1 ]
CSI_DATA,STA,08:3A:F2:51:5D:9D,-49,11,1,0,1,1,1,0,0,0,0,-93,0,6,1,22352377,0,110,0,0,22.566441,384,[110 96 6 0 0 0 0 0 0 0 0 0 -1 -21 -1 -19 -2 -22 1 -24 0 -22 2 -19 2 -22 2 -20 2 -21 3 -21 4 -23 3 -23 4 -22 5 -22 5 -18 4 -23 5 -20 6 -19 4 -19 4 -18 5 -18 4 -19 6 -16 5 -19 5 -20 3 -19 0 0 4 -19 1 -19 2 -19 1 -18 3 -17 1 -18 2 -18 1 -16 0 -18 -2 -15 -2 -17 0 -15 -1 -16 -3 -16 -2 -15 -4 -16 -3 -18 -5 -14 -4 -15 -5 -13 -4 -15 -5 -15 -4 -15 -6 -15 -3 -14 -5 -13 0 0 0 0 0 0 0 0 0 0 -1 -1 -1 -1 -3 25 -1 26 3 26 3 22 -9 15 -8 15 -8 16 -10 15 -7 15 -6 12 -6 14 -4 13 -5 16 -5 15 -6 15 -5 15 -4 17 -4 15 -4 13 -3 15 -1 15 -4 14 0 12 -3 13 -3 13 -1 13 -3 13 0 13 -2 14 0 14 8 14 0 14 -1 14 0 12 0 12 -1 13 1 12 0 11 0 11 0 11 0 11 -1 12 0 11 0 11 -1 10 0 9 -1 9 0 9 -1 8 -1 8 -1 7 -1 7 0 6 -1 6 -1 6 -2 6 -2 5 0 0 -1 -1 -1 -1 -1 -1 -1 -1 -1 -1 -1 -1 -1 -1 0 0 0 0 -1 -1 -17 -27 -17 -25 -18 -28 -16 -30 -15 -28 -12 -25 -13 -30 -13 -25 -17 -31 -12 -30 -13 -33 -13 -32 -14 -34 -12 -33 -10 -27 -10 -31 -13 -30 -10 -31 -10 -25 -9 -27 -7 -25 -12 -27 -8 -27 -9 -27 -8 -31 -11 -26 -25 -22 -10 -27 -10 -26 -12 -23 -11 -22 -11 -25 -13 -22 -12 -22 -14 -22 -15 -22 -14 -18 -15 -20 -13 -20 -16 -20 -15 -20 -18 -15 -15 -17 -18 -18 -15 -15 -16 -14 -15 -15 -18 -13 -17 -13 -17 -16 -17 -15 -16 -14 -16 -15 -25 -5 -30 -2 -30 -1 -29 3 -1 -1 ]
CSI_DATA,STA,08:3A:F2:51:5D:9D,-49,11,1,0,1,1,1,0,0,0,0,-93,0,6,1,22352858,0,110,0,0,22.577216,384,[110 96 6 0 0 0 0 0 0 0 0 0 21 -6 20 -6 23 -7 26 -4 23 -4 21 -2 23 -2 21 -2 22 -2 22 -1 26 -1 25 -2 24 -1 24 0 20 2 25 -1 22 0 20 2 21 1 19 1 20 2 21 2 18 3 21 1 23 1 20 -1 0 0 20 0 20 -2 21 -2 19 -3 18 0 19 -2 20 -2 17 -2 18 -3 15 -6 17 -7 16 -4 16 -5 16 -6 15 -6 16 -8 19 -7 14 -8 15 -8 12 -9 15 -7 15 -8 15 -8 14 -10 14 -8 12 -8 0 0 0 0 0 0 0 0 0 0 -1 -1 -1 -1 -30 -5 -30 -4 -31 1 -26 1 -21 -10 -21 -9 -22 -9 -22 -11 -20 -8 -18 -7 -20 -7 -18 -4 -21 -5 -20 -6 -21 -7 -21 -5 -22 -4 -21 -4 -18 -4 -20 -2 -21 0 -19 -4 -17 0 -18 -2 -18 -3 -18 0 -18 -2 -18 1 -20 -2 -18 1 -18 7 -19 1 -18 -1 -17 0 -16 1 -17 -1 -17 1 -16 1 -16 0 -15 0 -15 2 -16 0 -15 -1 -15 0 -14 -1 -13 2 -13 0 -13 0 -12 -1 -11 0 -10 -1 -10 0 -9 -1 -9 -1 -9 -2 -8 -1 -8 -2 0 0 -1 -1 -1 -1 -1 -1 -1 -1 -1 -1 -1 -1 -1 -1 0 0 0 0 -1 -1 30 -22 28 -23 32 -23 35 -22 32 -21 29 -18 34 -19 28 -19 35 -22 35 -17 38 -19 37 -19 39 -20 38 -18 33 -15 36 -15 35 -19 36 -13 30 -14 31 -12 31 -12 32 -15 31 -11 31 -14 36 -13 30 -16 25 -26 31 -15 30 -14 28 -16 25 -15 29 -15 26 -18 25 -16 25 -19 24 -20 20 -18 22 -21 23 -18 23 -21 22 -21 17 -23 18 -20 20 -23 17 -20 16 -21 16 -20 14 -23 14 -23 17 -22 16 -22 15 -21 16 -21 6 -27 5 -34 3 -35 -1 -32 -1 -1 ]
CSI_DATA,STA,08:3A:F2:51:5D:9D,-49,11,1,0,1,1,1,0,0,0,0,-93,0,6,1,22353340,0,110,0,0,22.587879,384,[110 96 6 0 0 0 0 0 0 0 0 0 8 20 8 19 10 22 7 25 7 22 5 20 6 23 4 21 6 21 4 22 4 25 5 25 4 24 3 24 1 21 4 25 2 21 1 21 2 21 2 19 1 20 2 21 -1 18 1 21 2 22 3 20 0 0 3 20 5 19 5 20 5 18 2 18 5 18 4 19 5 17 6 18 7 14 8 16 6 15 6 15 8 14 7 14 9 14 9 17 9 13 10 13 10 11 8 14 9 13 9 13 11 13 8 13 9 11 0 0 0 0 0 0 0 0 0 0 -1 -1 -1 -1 -4 -30 -4 -30 -9 -30 -8 -25 5 -22 4 -21 3 -23 5 -23 3 -20 3 -18 2 -21 0 -17 0 -21 0 -20 2 -21 0 -20 -1 -22 -1 -20 -1 -18 -2 -20 -4 -20 -1 -20 -5 -16 -3 -17 -2 -17 -4 -17 -2 -18 -6 -17 -3 -19 -5 -18 -11 -16 -4 -18 -4 -18 -5 -16 -4 -16 -3 -17 -5 -16 -5 -15 -5 -15 -4 -15 -5 -14 -3 -15 -3 -15 -4 -14 -3 -14 -4 -13 -3 -12 -4 -12 -2 -11 -3 -10 -2 -10 -3 -10 -3 -9 -2 -9 -1 -9 -1 -8 0 -8 0 0 -1 -1 -1 -1 -1 -1 -1 -1 -1 -1 -1 -1 -1 -1 0 0 0 0 -1 -1 26 25 27 23 28 27 27 29 25 27 22 25 24 29 22 24 28 30 22 30 24 33 23 32 25 34 23 34 19 29 20 32 24 30 18 32 19 26 17 28 15 27 20 28 15 27 18 28 18 33 19 26 31 19 19 27 18 26 20 24 18 21 19 25 21 21 19 21 22 20 22 20 19 17 23 18 21 19 23 18 23 17 23 12 22 14 25 15 21 13 22 10 22 12 24 9 23 9 23 13 23 11 22 11 22 11 27 1 33 -3 34 -5 31 -8 -1 -1 ]
CSI_DATA,STA,08:3A:F2:51:5D:9D,-49,11,1,0,1,1,1,0,0,0,0,-93,0,6,1,22354139,0,110,0,0,22.597988,384,[110 96 6 0 0 0 0 0 0 0 0 0 -22 5 -22 5 -24 6 -27 3 -25 3 -22 1 -24 1 -22 0 -23 1 -24 -1 -27 -1 -27 0 -26 0 -25 -2 -22 -3 -26 -1 -23 -2 -22 -4 -22 -2 -21 -2 -21 -3 -22 -2 -19 -5 -22 -3 -23 -3 -21 -1 0 0 -22 -2 -21 1 -22 1 -20 1 -20 -1 -20 1 -21 0 -19 1 -20 2 -16 5 -18 5 -17 2 -18 3 -17 5 -17 4 -17 6 -20 6 -15 7 -16 6 -14 7 -16 6 -16 6 -16 6 -16 8 -15 5 -14 7 0 0 0 0 0 0 0 0 0 0 -1 -1 -1 -1 28 5 29 4 31 -1 26 -1 19 10 19 9 20 8 20 11 18 8 16 7 18 7 16 3 20 5 18 5 19 6 19 4 21 4 19 4 17 4 18 2 19 0 18 4 16 -1 16 2 17 3 17 1 16 2 17 -2 18 1 17 -1 16 -7 17 -1 17 1 16 -1 15 -1 16 0 16 -1 15 -1 15 -1 14 0 13 -1 14 0 14 0 14 0 13 0 12 -1 11 0 12 0 10 0 9 -1 9 1 9 -1 8 0 8 1 7 1 6 1 6 1 0 0 -1 -1 -1 -1 -1 -1 -1 -1 -1 -1 -1 -1 -1 -1 0 0 0 0 -1 -1 -31 21 -30 22 -34 22 -36 21 -34 19 -31 17 -36 18 -30 17 -38 20 -36 15 -39 17 -38 17 -40 19 -39 17 -34 13 -37 14 -37 17 -38 11 -31 13 -33 11 -32 9 -34 14 -32 9 -33 12 -37 11 -31 14 -25 26 -33 13 -31 13 -29 15 -27 13 -31 13 -27 16 -27 15 -27 17 -27 18 -22 17 -23 19 -24 17 -24 19 -23 19 -18 20 -20 19 -22 21 -19 19 -17 19 -18 18 -16 21 -16 21 -19 20 -17 21 -16 19 -17 19 -8 26 -6 34 -5 34 -1 32 -1 -1 ]
CSI_DATA,STA,08:3A:F2:51:5D:9D,-48,11,1,0,1,1,1,0,0,0,0,-93,0,6,1,22454436,0,110,0,0,22.620962,384,[110 96 6 0 0 0 0 0 0 0 0 0 -8 -20 -7 -19 -9 -22 -6 -24 -6 -23 -4 -20 -4 -22 -3 -20 -4 -22 -2 -22 -2 -25 -3 -24 -2 -24 -1 -23 1 -20 -2 -25 -1 -21 1 -21 0 -20 0 -19 1 -20 0 -21 3 -18 1 -20 1 -22 -1 -20 0 0 0 -20 -2 -20 -2 -20 -3 -19 0 -18 -2 -19 -1 -20 -2 -17 -3 -19 -5 -15 -5 -17 -2 -16 -3 -16 -5 -16 -5 -16 -7 -16 -6 -19 -7 -14 -7 -15 -7 -13 -6 -15 -6 -15 -6 -16 -7 -15 -5 -15 -7 -13 0 0 0 0 0 0 0 0 0 0 -1 -1 -1 -1 1 27 2 27 7 27 6 23 -7 16 -7 16 -7 17 -8 17 -6 15 -5 13 -6 14 -3 13 -4 16 -4 15 -5 16 -3 15 -3 17 -3 15 -3 13 -2 15 1 15 -3 15 0 13 -3 13 -3 13 -1 14 -2 13 0 14 -3 14 0 14 9 14 0 14 -2 14 0 12 -1 12 -2 13 -1 13 -1 12 -1 12 -1 11 -1 11 -2 12 -2 11 -2 11 -2 10 -1 10 -2 9 -2 9 -2 8 -2 8 -3 8 -2 7 -2 7 -3 6 -4 6 -3 5 -3 5 0 0 0 0 -1 -1 -1 -1 -1 -1 -1 -1 -1 -1 0 0 0 0 -1 -1 -1 -1 -24 -19 -25 -18 -26 -22 -26 -23 -23 -23 -21 -20 -21 -24 -21 -19 -25 -25 -20 -26 -23 -28 -22 -26 -24 -28 -22 -28 -18 -24 -18 -27 -22 -25 -18 -28 -17 -22 -16 -24 -14 -23 -18 -24 -14 -24 -16 -24 -16 -29 -18 -22 -32 -14 -17 -24 -16 -24 -17 -20 -16 -19 -17 -22 -18 -20 -17 -20 -19 -19 -20 -18 -17 -15 -19 -16 -17 -18 -20 -16 -20 -16 -21 -11 -19 -13 -21 -15 -18 -13 -19 -12 -18 -13 -20 -10 -19 -10 -19 -14 -20 -13 -18 -11 -19 -13 -26 1 -31 4 -32 4 -29 8 -1 -1 ]
CSI_DATA,STA,08:3A:F2:51:5D:9D,-49,11,1,0,1,1,1,0,0,0,0,-93,0,6,1,22551794,0,110,0,0,22.718230,384,[110 96 6 0 0 0 0 0 0 0 0 0 -14 14 -13 14 -15 17 -18 15 -16 14 -16 11 -17 13 -16 12 -16 12 -18 12 -19 13 -19 14 -19 13 -19 12 -17 8 -19 13 -18 10 -17 8 -17 9 -16 8 -17 9 -17 9 -16 6 -17 9 -18 10 -16 10 0 0 -16 10 -14 11 -16 12 -13 11 -15 9 -14 11 -15 11 -13 10 -13 11 -10 11 -11 13 -11 10 -11 11 -9 12 -10 12 -9 13 -11 14 -7 13 -8 13 -6 12 -9 12 -8 12 -8 12 -7 13 -8 11 -6 12 0 0 0 0 0 0 0 0 0 0 -1 -1 -1 -1 21 -12 21 -13 20 -17 17 -14 18 -4 17 -4 17 -5 18 -3 16 -4 14 -4 16 -5 13 -6 16 -7 15 -5 15 -6 15 -7 16 -8 14 -7 13 -6 14 -7 13 -10 14 -6 11 -8 12 -6 12 -5 12 -7 12 -6 10 -9 13 -7 12 -9 9 -13 12 -8 12 -6 11 -7 11 -7 12 -6 11 -7 10 -6 10 -6 11 -5 10 -5 11 -4 11 -4 10 -4 10 -3 9 -4 9 -2 9 -2 9 -1 8 -2 8 0 7 0 7 0 6 1 6 2 6 2 5 2 -1 -1 -1 -1 -1 -1 -1 -1 -1 -1 -1 -1 -1 -1 -1 -1 -1 -1 -1 -1 0 0 -9 30 -7 30 -11 32 -12 33 -11 31 -11 27 -14 30 -11 27 -13 34 -16 29 -16 33 -16 32 -17 34 -17 32 -15 27 -17 29 -15 32 -19 28 -14 25 -16 25 -16 24 -15 27 -16 23 -15 26 -19 28 -13 26 -1 32 -15 26 -14 25 -12 25 -10 23 -14 26 -10 25 -10 24 -8 26 -8 25 -6 22 -6 25 -8 24 -5 26 -5 25 -1 24 -3 23 -3 25 -3 22 -1 22 -2 22 1 22 0 22 -2 23 -1 22 -1 21 -2 22 9 22 14 25 15 25 16 22 -1 -1 ]
CSI_DATA,STA,08:3A:F2:51:5D:9D,-45,11,1,0,0,1,1,0,0,0,0,-93,0,6,1,22567079,0,110,0,0,22.733638,256,[110 96 6 0 0 0 0 0 0 0 0 0 5 -9 5 -9 6 -10 6 -10 7 -9 6 -9 7 -8 6 -8 7 -8 7 -8 7 -9 8 -9 7 -8 8 -8 7 -7 7 -8 7 -6 7 -7 7 -7 7 -7 6 -6 7 -7 7 -6 6 -7 6 -8 6 -7 0 0 5 -7 5 -8 5 -7 6 -7 5 -7 5 -7 4 -7 4 -7 4 -7 4 -7 4 -7 3 -7 3 -7 4 -7 3 -7 3 -7 4 -8 3 -7 3 -7 2 -7 3 -7 3 -7 2 -7 2 -7 2 -7 2 -6 0 0 0 0 0 0 0 0 0 0 -1 -1 -1 -1 0 0 0 0 4 -21 6 -17 8 -18 6 -19 8 -19 8 -19 8 -18 9 -17 9 -19 10 -17 11 -18 11 -17 10 -18 10 -18 10 -17 10 -17 11 -16 10 -18 10 -15 11 -15 11 -15 12 -15 10 -14 11 -14 11 -14 9 -13 10 -15 9 -14 -1 -1 8 -14 8 -14 8 -14 7 -15 7 -13 7 -15 6 -14 7 -13 5 -14 6 -15 5 -14 5 -14 5 -14 5 -13 4 -14 5 -14 4 -14 4 -13 4 -14 3 -14 4 -14 3 -14 3 -13 2 -14 2 -13 2 -13 0 -12 2 -13 -1 -1 -1 -1 -1 -1 ]
CSI_DATA,STA,08:3A:F2:51:5D:9D,-45,11,1,0,0,1,1,0,0,0,0,-93,0,6,1,22567611,0,110,0,0,22.741008,256,[110 96 6 0 0 0 0 0 0 0 0 0 4 9 4 9 5 10 5 10 4 10 3 9 3 9 3 9 3 10 2 10 3 10 3 11 3 10 3 10 2 9 3 10 2 9 2 9 2 9 2 9 2 9 2 9 1 8 2 8 3 9 2 8 0 0 3 8 3 8 3 8 3 8 3 7 4 6 4 7 3 6 4 6 4 6 4 7 4 6 4 6 4 6 4 6 4 6 5 6 4 5 4 5 5 5 5 5 5 5 4 5 4 5 4 5 4 4 0 0 0 0 0 0 0 0 0 0 -1 -1 -1 -1 0 0 0 0 19 9 15 9 13 12 12 11 13 12 13 13 13 12 11 13 12 13 11 14 12 14 11 15 11 15 11 15 10 15 10 15 9 14 12 13 8 12 9 13 9 12 9 14 9 13 10 13 9 14 8 13 10 13 9 12 -1 -1 9 10 10 11 9 10 11 11 9 9 10 9 11 9 10 9 10 8 12 10 11 8 11 7 10 6 10 8 11 6 11 5 12 7 11 5 11 6 11 5 12 6 10 5 11 5 11 5 10 4 10 5 12 -1 11 -2 -1 -1 -1 -1 -1 -1 ]
CSI_DATA,STA,08:3A:F2:51:5D:9D,-45,11,1,0,0,1,1,0,0,0,0,-93,0,6,1,22568098,0,110,0,0,22.747105,256,[110 96 6 0 0 0 0 0 0 0 0 0 -11 3 -10 2 -11 3 -11 3 -12 2 -11 1 -11 1 -10 1 -12 1 -11 0 -12 1 -12 1 -12 1 -11 1 -10 0 -12 1 -10 0 -10 0 -10 0 -10 1 -10 0 -10 0 -9 0 -9 1 -10 1 -9 1 0 0 -9 1 -9 2 -8 1 -9 3 -7 1 -9 2 -8 2 -8 2 -9 2 -8 2 -7 3 -7 2 -7 2 -8 2 -7 2 -7 2 -8 4 -7 3 -7 3 -7 2 -6 4 -7 3 -6 3 -7 3 -7 3 -7 3 0 0 0 0 0 0 0 0 0 0 -1 -1 -1 -1 0 0 0 0 -12 17 -12 14 -15 10 -15 10 -16 10 -16 12 -16 10 -16 8 -18 9 -17 8 -19 9 -18 7 -19 9 -19 8 -18 9 -18 8 -18 7 -18 9 -16 6 -16 5 -16 7 -16 6 -17 6 -16 6 -16 6 -15 6 -16 7 -14 6 -1 -1 -14 7 -14 7 -14 7 -14 9 -12 7 -13 8 -12 8 -12 8 -13 8 -12 10 -11 10 -11 9 -11 8 -12 8 -10 9 -10 8 -11 9 -9 9 -10 9 -9 9 -9 10 -9 9 -9 9 -9 10 -9 9 -8 9 -5 10 -4 11 -1 -1 -1 -1 -1 -1 ]
CSI_DATA,STA,08:3A:F2:51:5D:9D,-45,11,1,0,0,1,1,0,0,0,0,-93,0,6,1,22568549,0,110,0,0,22.753861,256,[110 96 6 0 0 0 0 0 0 0 0 0 -8 -8 -8 -8 -8 -8 -8 -9 -8 -8 -7 -8 -7 -9 -7 -9 -7 -9 -7 -9 -7 -10 -7 -10 -7 -9 -7 -9 -6 -9 -7 -9 -6 -9 -6 -9 -5 -8 -5 -8 -5 -8 -6 -9 -5 -8 -5 -8 -6 -9 -6 -8 0 0 -6 -8 -6 -8 -6 -7 -6 -7 -6 -6 -6 -7 -6 -7 -6 -6 -6 -6 -5 -6 -6 -6 -6 -6 -6 -6 -6 -6 -6 -6 -6 -6 -7 -6 -6 -5 -6 -5 -6 -5 -6 -5 -6 -5 -6 -5 -7 -5 -6 -5 -6 -5 0 0 0 0 0 0 0 0 0 0 -1 -1 -1 -1 -1 -1 -1 -1 -22 2 -21 0 -17 -6 -17 -5 -18 -7 -18 -7 -17 -6 -16 -8 -17 -7 -16 -8 -18 -8 -17 -10 -16 -10 -17 -10 -16 -10 -17 -10 -16 -9 -18 -8 -14 -9 -14 -9 -14 -8 -15 -9 -14 -10 -14 -8 -14 -9 -13 -8 -14 -9 -13 -9 -1 -1 -13 -7 -14 -6 -12 -6 -15 -6 -12 -5 -14 -6 -13 -5 -13 -5 -13 -5 -13 -5 -13 -4 -13 -5 -13 -5 -13 -5 -12 -4 -12 -4 -13 -2 -11 -3 -14 -2 -12 -4 -12 -1 -13 -3 -12 -3 -14 -3 -13 -3 -13 -2 -11 2 -11 3 -1 -1 -1 -1 -1 -1 ]
CSI_DATA,STA,08:3A:F2:51:5D:9D,-45,11,1,0,0,1,1,0,0,0,0,-93,0,6,1,22568954,0,110,0,0,22.761239,256,[110 96 6 0 0 0 0 0 0 0 0 0 9 -8 10 -8 10 -9 11 -9 11 -8 10 -7 10 -8 10 -7 10 -7 11 -7 11 -7 11 -7 11 -7 10 -6 10 -5 12 -7 10 -5 10 -5 10 -6 10 -5 9 -5 10 -6 9 -4 9 -5 10 -6 9 -6 0 0 8 -6 9 -6 8 -6 8 -6 7 -5 7 -7 7 -7 6 -6 6 -7 7 -6 7 -7 6 -7 6 -7 6 -7 6 -7 6 -8 6 -8 6 -7 5 -7 5 -8 5 -7 4 -7 5 -7 5 -8 4 -7 4 -7 0 0 0 0 0 0 0 0 0 0 -1 -1 -1 -1 0 0 0 0 8 -25 10 -20 14 -18 14 -19 14 -19 15 -20 14 -19 15 -17 15 -19 16 -16 16 -18 17 -18 17 -18 17 -17 16 -16 16 -15 16 -14 17 -19 15 -14 16 -15 14 -14 16 -13 15 -14 15 -15 16 -13 14 -13 16 -14 14 -13 -1 -1 11 -14 12 -14 12 -13 12 -15 10 -12 10 -15 9 -14 9 -13 9 -16 10 -17 9 -16 9 -15 8 -15 8 -14 8 -15 7 -15 7 -16 7 -15 5 -15 6 -15 6 -16 6 -15 5 -15 5 -16 5 -14 4 -14 1 -14 0 -14 -1 -1 -1 -1 -1 -1 ]
CSI_DATA,STA,08:3A:F2:51:5D:9D,-50,11,1,0,1,1,1,0,0,0,0,-93,0,6,1,22569535,0,110,0,0,22.768197,384,[110 96 6 0 0 0 0 0 0 0 0 0 0 21 1 20 2 23 -1 25 -1 23 -2 20 -2 22 -3 20 -2 21 -4 21 -6 24 -5 24 -5 23 -6 22 -6 19 -5 24 -5 20 -7 20 -6 19 -5 18 -6 19 -5 20 -8 17 -7 19 -7 21 -5 19 0 0 -5 19 -2 19 -3 20 -2 18 -5 17 -2 18 -3 18 -2 16 -1 18 1 15 1 17 -1 15 -1 16 1 15 1 16 3 16 2 18 3 14 3 15 4 13 2 15 3 15 3 15 4 15 2 14 3 13 0 0 0 0 0 0 0 0 0 0 -1 -1 -1 -1 4 -26 5 -27 1 -26 -1 -24 11 -17 9 -15 10 -17 11 -15 8 -16 8 -12 7 -15 6 -13 6 -17 7 -16 8 -16 7 -15 7 -17 7 -16 6 -13 4 -15 2 -15 5 -16 2 -13 4 -14 5 -12 2 -14 5 -14 2 -15 6 -15 4 -15 -4 -17 4 -14 4 -14 2 -12 3 -13 5 -12 3 -13 3 -12 3 -12 4 -12 4 -12 6 -11 6 -11 6 -10 6 -9 5 -10 5 -7 5 -9 6 -7 5 -7 6 -6 6 -6 5 -5 6 -4 6 -3 6 -3 6 -2 0 0 0 0 -1 -1 -1 -1 -1 -1 -1 -1 -1 -1 0 0 0 0 -1 -1 -1 -1 16 30 15 28 18 32 14 32 16 32 11 27 13 33 12 27 17 35 10 36 10 38 10 37 11 39 10 38 7 30 11 34 12 31 9 35 9 27 8 31 5 28 11 30 5 31 6 31 4 36 8 30 21 27 7 29 10 29 10 25 10 25 8 27 13 25 10 25 13 24 14 24 12 23 13 23 11 24 14 22 13 21 18 17 13 17 17 20 13 17 15 16 14 17 17 15 17 14 16 19 15 17 14 16 14 16 25 8 29 6 27 6 30 -1 -1 -1 ]
CSI_DATA,STA,08:3A:F2:51:5D:9D,-50,11,1,0,1,1,1,0,0,0,0,-93,0,6,1,22570047,0,110,0,0,22.778119,384,[110 96 6 0 0 0 0 0 0 0 0 0 -22 1 -21 2 -25 2 -26 0 -24 0 -20 -2 -23 -1 -21 -2 -22 -1 -23 -4 -25 -5 -25 -4 -24 -4 -24 -6 -20 -6 -25 -4 -21 -5 -21 -6 -20 -5 -19 -4 -20 -5 -21 -5 -18 -7 -20 -6 -22 -7 -20 -4 0 0 -20 -4 -20 -2 -21 -3 -19 -1 -18 -4 -19 -2 -20 -2 -18 -1 -19 0 -16 2 -18 1 -16 -1 -17 -1 -16 1 -17 1 -17 3 -20 2 -15 4 -15 4 -13 5 -16 3 -16 3 -16 3 -15 4 -15 2 -14 3 0 0 0 0 0 0 0 0 0 0 -1 -1 -1 -1 23 10 25 10 24 6 22 4 15 13 14 11 16 12 14 13 15 11 11 9 14 10 13 7 16 8 15 10 15 10 14 9 16 10 15 9 12 8 15 6 15 5 14 7 13 4 13 6 12 7 14 5 13 7 14 5 14 8 14 6 15 0 14 6 14 7 12 5 13 5 12 7 13 5 12 5 11 6 11 6 10 6 10 8 9 9 9 8 8 8 9 6 6 6 8 7 5 7 5 6 4 7 4 7 4 7 2 7 1 7 0 7 0 6 0 0 0 0 -1 -1 -1 -1 -1 -1 -1 -1 -1 -1 0 0 0 0 -1 -1 -1 -1 -33 16 -31 15 -37 18 -36 14 -36 16 -31 11 -37 13 -31 11 -39 15 -39 9 -42 10 -40 9 -43 10 -41 8 -34 6 -39 9 -36 10 -39 7 -31 8 -34 6 -32 4 -35 9 -34 3 -35 5 -39 2 -33 7 -30 18 -33 6 -33 8 -29 9 -28 9 -30 7 -29 11 -29 9 -28 11 -28 13 -25 11 -26 12 -28 10 -26 13 -25 12 -21 17 -21 13 -25 16 -21 13 -19 15 -20 14 -19 17 -19 16 -23 15 -21 14 -20 13 -20 13 -13 23 -12 27 -12 25 -7 29 -1 -1 ]
CSI_DATA,STA,08:3A:F2:51:5D:9D,-50,11,1,0,1,1,1,0,0,0,0,-93,0,6,1,22570726,0,110,0,0,22.788327,384,[110 96 6 0 0 0 0 0 0 0 0 0 13 -17 12 -17 14 -20 17 -19 15 -18 14 -14 16 -17 15 -15 15 -16 17 -14 20 -15 19 -16 19 -15 19 -13 17 -11 19 -16 17 -12 17 -11 17 -12 16 -11 16 -11 17 -12 16 -9 18 -10 19 -11 16 -12 0 0 16 -12 14 -13 15 -13 13 -13 15 -10 14 -13 14 -13 12 -12 13 -13 9 -13 11 -14 11 -11 11 -12 9 -13 10 -13 9 -14 11 -15 7 -13 8 -14 5 -14 8 -14 7 -14 8 -14 7 -14 8 -12 6 -12 0 0 0 0 0 0 0 0 0 0 -1 -1 -1 -1 -25 10 -25 10 -22 12 -19 14 -21 0 -19 1 -20 1 -20 0 -18 2 -15 0 -18 3 -15 3 -18 4 -18 2 -19 2 -18 3 -19 4 -17 3 -15 2 -16 5 -15 6 -17 4 -13 5 -15 4 -14 3 -14 6 -15 3 -14 5 -17 3 -15 5 -13 11 -15 5 -15 4 -13 4 -13 5 -14 2 -14 4 -13 3 -13 3 -13 3 -13 2 -13 1 -13 0 -13 0 -11 -1 -12 1 -10 -1 -12 -1 -10 -2 -10 -1 -9 -3 -9 -2 -8 -3 -8 -4 -7 -5 -7 -5 -6 -5 0 0 0 0 -1 -1 -1 -1 -1 -1 -1 -1 -1 -1 0 0 0 0 -1 -1 -1 -1 11 -35 9 -34 11 -39 13 -36 13 -37 12 -30 15 -36 12 -31 14 -40 20 -35 21 -37 20 -35 22 -38 22 -35 18 -29 19 -34 16 -34 20 -34 15 -28 18 -29 18 -26 16 -31 20 -27 19 -28 24 -30 17 -29 8 -34 17 -28 16 -29 12 -26 11 -27 15 -27 11 -29 11 -27 10 -28 8 -29 9 -26 9 -28 11 -26 8 -28 7 -27 1 -27 4 -25 4 -29 4 -24 2 -25 3 -24 0 -25 -1 -25 4 -27 3 -25 3 -24 3 -24 -8 -25 -12 -28 -11 -27 -18 -25 -1 -1 ]
CSI_DATA,STA,08:3A:F2:51:5D:9D,-50,11,1,0,1,1,1,0,0,0,0,-93,0,6,1,22571634,0,110,0,0,22.799122,384,[110 96 6 0 0 0 0 0 0 0 0 0 0 21 1 20 1 23 -2 25 -1 23 -3 20 -3 23 -3 20 -2 21 -5 21 -6 24 -5 24 -6 23 -7 22 -7 19 -5 24 -6 20 -7 19 -6 19 -6 18 -7 18 -6 20 -8 16 -7 19 -8 21 -6 19 0 0 -6 19 -3 19 -4 20 -3 18 -5 17 -3 18 -4 18 -3 16 -2 18 0 16 0 17 -2 15 -2 16 1 15 0 15 2 16 1 18 2 15 2 15 4 13 2 15 2 15 2 15 3 15 0 14 2 13 0 0 0 0 0 0 0 0 0 0 -1 -1 -1 -1 12 -23 12 -25 9 -26 6 -23 15 -15 13 -14 13 -16 15 -14 12 -14 10 -12 11 -15 8 -13 10 -17 11 -15 12 -15 10 -15 11 -16 10 -15 9 -12 8 -15 7 -17 10 -14 5 -13 7 -13 8 -12 6 -14 8 -13 6 -15 9 -14 7 -15 2 -16 7 -14 7 -14 6 -13 6 -13 8 -12 7 -13 6 -12 6 -12 7 -12 7 -11 9 -10 9 -10 8 -9 8 -9 8 -9 8 -7 8 -8 8 -5 7 -6 8 -4 7 -5 7 -4 7 -2 7 -1 7 -1 7 0 0 0 0 0 -1 -1 -1 -1 -1 -1 -1 -1 -1 -1 0 0 0 0 -1 -1 -1 -1 14 32 14 31 15 35 13 36 13 35 10 31 11 36 10 31 14 39 7 38 7 41 7 39 8 42 6 40 5 33 7 37 9 37 4 38 6 31 4 33 2 31 7 33 2 32 3 33 1 38 5 32 15 31 4 32 5 31 7 29 7 27 5 30 9 28 7 28 10 27 11 28 10 24 11 26 8 27 11 26 11 25 15 21 12 21 14 24 11 21 14 19 12 20 16 19 15 18 12 22 13 21 12 20 12 20 21 14 26 14 26 14 28 8 -1 -1 ]
CSI_DATA,STA,08:3A:F2:51:5D:9D,-46,11,0,0,0,0,0,0,0,0,0,-93,0,6,1,22574975,0,110,0,0,22.808990,128,[110 96 6 0 0 0 0 0 0 0 0 0 17 -17 17 -16 18 -18 19 -18 19 -17 18 -14 19 -16 18 -14 19 -15 21 -14 21 -15 22 -15 21 -14 20 -13 19 -11 22 -15 19 -11 20 -10 18 -10 18 -11 17 -10 19 -11 17 -9 17 -11 18 -12 17 -12 0 0 16 -12 17 -12 16 -12 16 -12 14 -11 14 -13 14 -13 13 -12 13 -13 14 -12 14 -13 12 -11 12 -13 12 -13 12 -12 12 -13 12 -14 11 -12 11 -13 10 -13 10 -13 10 -13 10 -13 10 -13 10 -12 9 -12 0 0 0 0 0 0 0 0 0 0 ]
CSI_DATA,STA,08:3A:F2:51:5D:9D,-49,11,1,0,1,1,1,0,0,0,0,-93,0,6,1,22647398,0,110,0,0,22.817036,384,[110 96 6 0 0 0 0 0 0 0 0 0 -18 -12 -17 -12 -20 -13 -20 -17 -18 -15 -15 -15 -17 -16 -15 -15 -16 -15 -15 -16 -17 -19 -17 -18 -16 -18 -15 -19 -12 -17 -16 -18 -13 -17 -12 -17 -13 -17 -12 -16 -12 -16 -13 -17 -9 -16 -12 -17 -13 -18 -13 -15 0 0 -13 -16 -14 -14 -14 -15 -13 -13 -12 -15 -13 -13 -14 -14 -13 -12 -14 -12 -13 -9 -15 -10 -12 -11 -13 -11 -14 -9 -13 -9 -15 -8 -16 -10 -14 -7 -14 -7 -14 -5 -14 -8 -14 -7 -14 -7 -15 -7 -13 -8 -13 -6 0 0 0 0 0 0 0 0 0 0 -1 -1 -1 -1 14 19 15 21 19 17 16 15 3 17 4 16 5 17 3 18 4 15 3 13 4 14 6 11 6 14 5 13 5 15 5 13 7 15 6 13 5 12 6 12 8 11 5 12 6 9 5 11 5 11 7 10 5 11 7 9 6 11 7 10 11 7 6 11 5 11 5 9 5 9 4 10 6 9 4 8 5 9 3 9 4 8 3 9 3 9 2 9 2 8 2 7 0 7 1 7 -1 7 0 6 -1 6 -1 5 -1 5 -2 5 -3 4 -3 3 -3 3 -1 -1 -1 -1 -1 -1 -1 -1 -1 -1 -1 -1 -1 -1 -1 -1 -1 -1 0 0 0 0 -33 -6 -33 -4 -36 -6 -37 -8 -35 -7 -31 -7 -35 -10 -30 -6 -37 -8 -34 -12 -37 -13 -36 -13 -39 -13 -36 -14 -30 -12 -33 -14 -34 -12 -32 -15 -29 -10 -29 -13 -27 -13 -31 -11 -27 -13 -29 -13 -31 -16 -29 -11 -35 2 -29 -12 -28 -11 -28 -9 -25 -8 -28 -10 -27 -6 -26 -7 -28 -5 -27 -5 -24 -4 -27 -4 -26 -5 -27 -3 -27 -3 -24 1 -24 -1 -27 0 -23 -1 -22 1 -22 0 -23 3 -22 3 -24 0 -24 1 -22 0 -23 0 -21 12 -24 17 -24 18 -20 21 -1 -1 ]
CSI_DATA,STA,08:3A:F2:51:5D:9D,-49,11,1,0,1,1,1,0,0,0,0,-93,0,6,1,22648127,0,110,0,0,22.828344,384,[110 96 6 0 0 0 0 0 0 0 0 0 20 0 20 0 23 0 24 3 22 2 19 4 22 4 20 4 21 3 20 5 23 6 23 5 22 6 22 7 18 7 23 6 19 6 18 8 19 7 17 6 17 7 19 7 15 8 18 7 20 8 18 6 0 0 18 6 18 4 19 5 17 3 16 5 17 4 17 4 16 3 18 2 15 0 16 0 15 2 16 2 15 0 15 0 16 -2 18 0 14 -2 15 -2 13 -3 15 -1 15 -2 15 -2 15 -3 14 -1 13 -2 0 0 0 0 0 0 0 0 0 0 -1 -1 -1 -1 -26 -5 -26 -5 -28 -1 -23 -1 -13 -11 -13 -10 -14 -11 -14 -11 -13 -10 -11 -9 -12 -9 -12 -6 -14 -8 -13 -8 -14 -8 -13 -7 -15 -7 -13 -7 -12 -6 -12 -6 -14 -4 -12 -7 -12 -4 -11 -5 -11 -7 -12 -5 -11 -6 -12 -3 -12 -6 -12 -4 -14 3 -12 -5 -11 -6 -10 -4 -10 -4 -10 -6 -11 -5 -9 -4 -10 -5 -8 -5 -8 -4 -8 -6 -8 -6 -7 -6 -7 -6 -7 -5 -5 -5 -6 -6 -5 -5 -4 -5 -3 -6 -3 -5 -3 -6 -2 -5 -2 -5 -1 -5 -1 -5 -1 -1 -1 -1 -1 -1 -1 -1 -1 -1 -1 -1 -1 -1 -1 -1 -1 -1 0 0 0 0 25 -17 24 -17 28 -17 29 -17 27 -15 25 -13 28 -13 24 -14 31 -16 29 -12 32 -13 30 -13 33 -15 32 -13 27 -11 30 -9 30 -14 30 -8 25 -10 27 -8 25 -7 27 -10 25 -7 26 -9 30 -8 25 -10 21 -27 26 -9 25 -8 23 -11 21 -9 24 -10 23 -12 21 -11 21 -13 21 -13 18 -14 19 -14 20 -12 19 -14 19 -14 15 -16 16 -14 18 -15 16 -14 14 -14 15 -13 14 -16 14 -15 16 -15 15 -15 14 -14 15 -14 6 -24 4 -30 4 -31 0 -28 -1 -1 ]
CSI_DATA,STA,08:3A:F2:51:5D:9D,-49,11,1,0,1,1,1,0,0,0,0,-93,0,6,1,22651700,0,110,0,0,22.838844,384,[110 96 6 0 0 0 0 0 0 0 0 0 -20 -8 -19 -8 -22 -9 -23 -12 -21 -11 -18 -11 -20 -12 -18 -12 -19 -12 -18 -13 -21 -15 -21 -13 -20 -14 -19 -14 -16 -14 -20 -14 -17 -14 -15 -14 -16 -13 -15 -13 -15 -13 -16 -14 -13 -14 -16 -14 -17 -14 -17 -12 0 0 -16 -12 -17 -10 -18 -11 -16 -9 -15 -11 -16 -10 -17 -10 -15 -9 -16 -9 -15 -5 -17 -5 -15 -7 -15 -7 -16 -5 -15 -5 -16 -4 -18 -6 -15 -3 -15 -3 -14 -1 -15 -4 -15 -3 -15 -3 -16 -2 -14 -4 -14 -2 0 0 0 0 0 0 0 0 0 0 -1 -1 -1 -1 17 17 18 17 21 15 17 13 8 16 7 15 9 16 8 17 8 14 7 13 9 14 9 11 10 13 9 12 9 14 10 12 11 13 10 11 8 11 10 10 11 9 8 11 10 8 8 10 7 10 9 9 8 9 10 8 9 10 10 9 14 5 9 9 8 9 8 7 8 8 8 9 8 8 7 7 7 7 6 8 6 7 5 9 5 8 5 8 4 7 4 7 3 7 3 7 2 7 1 6 0 6 0 5 0 5 -1 5 -1 4 -2 4 -2 4 -1 -1 -1 -1 -1 -1 -1 -1 -1 -1 -1 -1 -1 -1 -1 -1 -1 -1 0 0 0 0 -34 1 -34 2 -37 1 -39 -1 -36 -1 -32 -2 -37 -4 -31 -2 -40 -2 -36 -6 -39 -6 -38 -5 -41 -5 -39 -6 -33 -6 -36 -7 -37 -4 -35 -9 -31 -5 -32 -8 -30 -8 -33 -6 -30 -8 -32 -6 -35 -10 -32 -4 -34 9 -32 -6 -30 -6 -30 -3 -27 -2 -31 -5 -29 -1 -28 -2 -30 0 -29 1 -25 1 -27 3 -27 1 -28 3 -28 3 -25 7 -24 4 -27 5 -24 5 -23 5 -23 5 -23 8 -23 7 -24 5 -23 6 -22 6 -23 5 -20 16 -20 22 -21 22 -17 23 -1 -1 ]
CSI_DATA,STA,08:3A:F2:51:5D:9D,-49,11,1,0,1,1,1,0,0,0,0,-93,0,6,1,22655006,0,110,0,0,22.849377,384,[110 96 6 0 0 0 0 0 0 0 0 0 18 8 17 8 21 9 21 12 19 11 16 11 18 12 16 12 17 11 16 13 19 15 19 14 18 14 17 15 13 14 18 15 15 14 13 14 14 13 13 12 13 13 14 14 11 14 14 14 15 15 14 12 0 0 14 12 15 10 15 11 15 9 12 11 14 10 14 11 13 9 15 9 13 6 15 7 13 8 14 7 14 5 14 6 15 5 16 7 14 4 14 4 13 2 14 5 14 4 14 4 14 3 13 4 13 3 0 0 0 0 0 0 0 0 0 0 -1 -1 -1 -1 -19 -18 -20 -17 -23 -15 -19 -13 -8 -18 -7 -17 -9 -17 -7 -18 -8 -15 -6 -13 -8 -15 -8 -12 -10 -14 -9 -14 -9 -15 -9 -14 -10 -15 -10 -13 -8 -12 -9 -12 -11 -11 -8 -13 -9 -9 -8 -11 -7 -11 -10 -10 -8 -11 -10 -9 -9 -12 -10 -10 -15 -5 -9 -11 -8 -10 -8 -9 -8 -9 -7 -10 -8 -9 -7 -9 -7 -9 -6 -10 -7 -9 -5 -10 -5 -9 -4 -9 -4 -9 -5 -8 -3 -8 -3 -8 -2 -8 -2 -7 -1 -7 -1 -7 -1 -6 0 -6 0 -5 1 -5 1 -5 0 0 0 0 -1 -1 -1 -1 -1 -1 -1 -1 -1 -1 0 0 0 0 0 0 -1 -1 32 -2 31 -2 35 -1 35 1 34 1 29 2 34 4 30 1 38 1 33 5 37 5 35 5 38 5 36 6 31 6 34 7 34 4 33 8 28 4 29 7 27 8 30 5 28 8 30 6 33 10 29 4 33 -10 29 6 28 6 27 3 25 2 27 4 27 1 26 2 27 0 27 -1 23 -1 25 -2 25 0 26 -3 25 -3 23 -7 22 -4 25 -5 21 -4 21 -6 21 -4 21 -7 20 -8 23 -5 22 -6 20 -6 21 -5 18 -16 19 -22 19 -23 15 -24 -1 -1 ]
CSI_DATA,STA,08:3A:F2:51:5D:9D,-50,11,1,0,1,1,1,0,0,0,0,-93,0,6,1,22655415,0,110,0,0,22.859481,384,[110 96 6 0 0 0 0 0 0 0 0 0 -20 11 -19 11 -22 13 -25 11 -22 10 -20 7 -23 9 -21 8 -22 8 -23 7 -25 7 -25 8 -24 7 -25 6 -21 3 -26 7 -22 5 -22 3 -21 4 -20 4 -21 3 -22 4 -20 1 -22 4 -23 4 -20 5 0 0 -21 5 -20 7 -21 6 -18 7 -19 4 -19 6 -20 6 -17 6 -18 7 -15 8 -16 9 -15 6 -16 7 -14 8 -14 8 -14 10 -17 10 -13 10 -13 10 -11 10 -14 9 -13 9 -13 9 -12 10 -13 8 -11 9 0 0 0 0 0 0 0 0 0 0 -1 -1 -1 -1 26 4 26 3 28 -1 23 0 19 7 18 6 20 6 19 9 18 6 15 5 18 5 16 3 19 4 17 4 18 4 17 3 19 3 17 3 15 3 16 1 17 -1 15 3 15 0 14 2 15 3 15 1 14 2 15 -1 15 2 15 0 14 -5 15 0 14 2 14 1 13 0 13 2 14 1 12 1 12 2 11 2 11 2 11 3 11 4 10 4 10 4 9 3 8 3 8 4 7 4 6 4 5 5 5 4 4 5 3 5 3 5 2 4 1 5 -1 -1 -1 -1 -1 -1 -1 -1 -1 -1 -1 -1 -1 -1 -1 -1 -1 -1 0 0 0 0 -27 29 -26 29 -30 30 -33 30 -31 27 -28 24 -33 27 -28 23 -35 29 -34 23 -37 26 -35 26 -38 27 -37 25 -33 21 -35 22 -35 25 -37 19 -30 20 -33 17 -32 16 -33 20 -31 15 -32 19 -37 18 -30 20 -23 28 -32 19 -30 18 -28 20 -24 18 -29 19 -26 21 -26 19 -26 21 -25 22 -20 19 -21 23 -22 20 -21 23 -21 23 -16 23 -17 22 -19 24 -16 21 -15 22 -16 21 -14 23 -14 23 -17 22 -15 22 -14 21 -15 21 -7 24 -5 31 -5 31 0 30 -1 -1 ]
CSI_DATA,STA,08:3A:F2:51:5D:9D,-49,11,1,0,1,1,1,0,0,0,0,-93,0,6,1,22655913,0,110,0,0,22.869672,384,[110 96 6 0 0 0 0 0 0 0 0 0 3 -21 3 -20 3 -23 6 -25 5 -22 6 -20 7 -22 6 -19 6 -20 8 -20 9 -23 8 -23 9 -22 10 -21 9 -18 9 -22 9 -19 10 -17 9 -18 8 -17 9 -17 9 -18 10 -15 9 -18 10 -19 8 -18 0 0 8 -18 6 -18 7 -19 5 -17 8 -16 6 -17 7 -18 5 -16 5 -18 1 -16 2 -17 4 -15 3 -16 2 -16 2 -16 0 -17 2 -19 -1 -15 0 -16 -1 -14 1 -15 0 -15 1 -16 -1 -16 1 -14 0 -14 0 0 0 0 0 0 0 0 0 0 -1 -1 -1 -1 -22 15 -20 15 -19 19 -16 15 -19 7 -18 8 -18 9 -20 8 -16 8 -15 7 -16 8 -13 9 -16 10 -14 8 -16 9 -15 10 -15 11 -14 10 -13 8 -13 10 -12 11 -13 8 -10 10 -12 8 -12 8 -11 9 -12 7 -10 10 -12 9 -11 10 -8 12 -12 9 -11 8 -10 9 -10 8 -11 7 -11 8 -10 7 -11 7 -11 6 -9 6 -11 5 -10 5 -10 4 -10 4 -10 3 -9 2 -9 3 -9 1 -8 1 -8 -1 -8 0 -7 0 -6 -1 -6 -2 -5 -2 -5 -3 -1 -1 -1 -1 -1 -1 -1 -1 -1 -1 -1 -1 -1 -1 -1 -1 -1 -1 0 0 0 0 -4 -37 -5 -37 -3 -39 -2 -42 -1 -38 -1 -35 1 -40 0 -35 0 -43 4 -38 4 -42 3 -41 3 -44 4 -43 5 -37 5 -38 3 -41 8 -37 4 -34 6 -34 8 -33 5 -36 8 -32 5 -34 9 -37 3 -34 -5 -34 5 -35 3 -32 1 -33 1 -29 3 -33 0 -32 1 -31 -1 -32 -1 -33 -3 -27 -5 -29 -2 -29 -5 -30 -5 -30 -8 -26 -6 -27 -7 -29 -7 -26 -7 -25 -6 -24 -9 -25 -9 -25 -6 -25 -8 -25 -7 -24 -7 -25 -12 -20 -20 -23 -20 -25 -20 -19 -1 -1 ]
CSI_DATA,STA,08:3A:F2:51:5D:9D,-50,11,1,0,1,1,1,0,0,0,0,-93,0,6,1,22656247,0,110,0,0,22.880283,384,[110 96 6 0 0 0 0 0 0 0 0 0 15 -17 14 -15 17 -19 19 -17 18 -17 16 -13 19 -15 17 -13 17 -14 20 -12 22 -14 21 -14 21 -13 21 -12 18 -9 22 -14 19 -11 19 -10 18 -10 18 -9 18 -9 19 -10 18 -6 19 -9 21 -9 18 -10 0 0 18 -10 16 -12 17 -11 15 -12 16 -9 16 -11 17 -11 14 -10 15 -12 11 -12 12 -13 13 -10 13 -11 11 -12 11 -12 10 -13 13 -14 9 -13 10 -13 7 -13 10 -12 10 -13 10 -13 9 -13 10 -12 8 -12 0 0 0 0 0 0 0 0 0 0 -1 -1 -1 -1 -24 13 -24 13 -22 17 -18 14 -19 1 -18 1 -19 2 -20 0 -17 1 -15 1 -16 2 -14 3 -17 4 -16 2 -17 2 -16 3 -17 5 -15 4 -14 3 -14 4 -14 6 -15 4 -12 5 -13 4 -13 2 -13 5 -13 3 -12 5 -14 4 -13 5 -10 12 -14 5 -13 3 -11 4 -12 4 -13 2 -12 3 -11 2 -11 2 -11 2 -10 2 -11 1 -10 0 -10 0 -10 -1 -9 1 -9 -1 -9 -1 -8 -1 -8 -1 -7 -3 -7 -2 -7 -3 -6 -4 -5 -4 -4 -4 -4 -4 -1 -1 -1 -1 -1 -1 -1 -1 -1 -1 -1 -1 -1 -1 -1 -1 -1 -1 0 0 0 0 7 -34 7 -33 9 -36 11 -35 11 -34 10 -30 14 -34 10 -30 12 -38 16 -33 17 -36 16 -34 16 -38 17 -35 15 -30 17 -32 14 -34 18 -31 13 -27 16 -28 17 -25 14 -30 16 -25 15 -28 20 -29 13 -28 -1 -37 15 -28 14 -27 10 -26 10 -25 13 -26 10 -27 11 -25 9 -27 8 -28 6 -24 5 -26 8 -25 6 -27 5 -27 0 -25 3 -24 3 -26 3 -23 2 -23 3 -23 0 -23 0 -23 3 -24 1 -23 1 -22 2 -23 -11 -23 -17 -27 -16 -27 -19 -23 -1 -1 ]
CSI_DATA,STA,08:3A:F2:51:5D:9D,-49,11,1,0,1,1,1,0,0,0,0,-93,0,6,1,22656742,0,110,0,0,22.891045,384,[110 96 6 0 0 0 0 0 0 0 0 0 18 9 17 9 20 10 21 13 18 12 15 12 17 13 16 12 17 12 15 14 17 16 18 15 17 15 16 16 13 14 17 16 15 15 12 15 13 14 12 13 12 14 13 14 10 14 13 14 14 16 13 13 0 0 13 13 14 11 15 12 14 10 12 12 13 11 14 12 12 10 14 10 13 6 14 8 12 9 13 8 14 7 13 7 14 6 16 8 13 5 14 5 13 3 13 6 13 5 13 5 14 4 12 5 12 4 0 0 0 0 0 0 0 0 0 0 -1 -1 -1 -1 -6 -25 -7 -25 -11 -25 -9 -21 -1 -21 -2 -19 -3 -21 -2 -22 -2 -19 -2 -17 -3 -18 -4 -15 -5 -19 -4 -17 -3 -18 -4 -17 -5 -19 -5 -18 -4 -16 -6 -16 -8 -16 -4 -16 -7 -14 -5 -15 -4 -15 -6 -14 -4 -14 -7 -14 -5 -15 -6 -14 -9 -12 -6 -14 -5 -14 -6 -13 -5 -13 -4 -14 -5 -13 -4 -12 -4 -13 -3 -12 -3 -11 -2 -12 -1 -12 -1 -12 -1 -12 -1 -10 0 -10 -1 -10 1 -8 1 -8 2 -7 1 -7 2 -8 2 -6 3 -6 3 -5 3 -4 -1 -1 -1 -1 -1 -1 -1 -1 -1 -1 -1 -1 -1 -1 -1 -1 -1 -1 0 0 0 0 35 9 35 8 37 9 38 13 36 12 32 11 36 15 32 12 40 15 34 18 37 19 36 18 39 20 37 19 31 17 34 18 36 16 32 21 30 15 29 18 26 18 31 17 26 19 29 17 31 22 29 16 33 9 30 16 28 15 29 13 26 11 28 15 29 11 27 12 28 11 30 9 23 7 27 7 27 9 29 7 28 6 26 2 25 4 28 4 24 3 25 1 24 3 26 1 26 0 25 4 25 2 24 2 24 2 23 -3 28 -9 28 -8 25 -12 -1 -1 ]
CSI_DATA,STA,08:3A:F2:51:5D:9D,-50,11,1,0,1,1,1,0,0,0,0,-93,0,6,1,22657197,0,110,0,0,22.901233,384,[110 96 6 0 0 0 0 0 0 0 0 0 -8 21 -7 20 -9 23 -12 24 -11 21 -11 18 -12 21 -11 18 -11 20 -13 19 -16 21 -15 21 -15 20 -15 19 -14 15 -15 21 -14 17 -15 16 -14 16 -13 15 -14 15 -14 16 -15 12 -15 15 -16 17 -13 16 0 0 -13 16 -11 17 -12 17 -10 16 -12 14 -11 15 -12 16 -10 15 -10 16 -6 15 -7 16 -9 14 -8 15 -6 15 -7 15 -5 16 -7 18 -4 15 -4 15 -2 14 -6 15 -4 14 -5 15 -3 15 -5 14 -4 13 0 0 0 0 0 0 0 0 0 0 -1 -1 -1 -1 16 -20 16 -21 14 -25 11 -21 16 -9 15 -9 16 -10 17 -8 14 -8 12 -7 14 -9 11 -9 13 -11 13 -10 14 -10 12 -10 13 -12 12 -10 11 -9 11 -10 10 -13 12 -10 8 -10 10 -9 11 -8 9 -10 10 -9 8 -11 11 -10 9 -11 5 -16 10 -10 10 -9 8 -9 8 -9 10 -8 9 -9 8 -8 8 -7 9 -7 8 -7 9 -6 9 -5 9 -5 9 -4 8 -5 7 -4 8 -4 7 -2 7 -2 6 -1 6 -1 6 -1 5 0 5 1 4 2 4 2 0 0 0 0 -1 -1 -1 -1 -1 -1 -1 -1 -1 -1 0 0 0 0 -1 -1 -1 -1 4 34 5 33 4 37 2 38 2 35 1 32 -1 36 2 31 2 39 -4 36 -3 39 -3 37 -2 41 -4 39 -4 33 -5 36 -1 36 -7 35 -3 30 -6 31 -7 29 -4 33 -7 29 -6 31 -9 35 -3 30 13 33 -5 31 -4 30 -1 28 -2 27 -3 29 0 28 -1 27 1 28 2 28 1 24 3 26 1 26 4 27 4 26 8 23 5 23 5 25 5 23 7 21 5 22 8 21 8 20 5 23 6 22 6 21 6 22 18 17 25 19 25 19 26 14 -1 -1 ]
CSI_DATA,STA,08:3A:F2:51:5D:9D,-49,11,1,0,1,1,1,0,0,0,0,-93,0,6,1,22871756,0,110,0,0,23.38400,384,[110 96 6 0 0 0 0 0 0 0 0 0 19 15 18 13 22 16 21 19 19 18 15 16 18 18 15 17 17 17 16 19 17 22 18 21 17 20 15 21 11 18 17 21 13 18 12 19 12 17 11 17 11 18 12 18 9 17 12 18 13 19 13 16 0 0 13 16 14 14 14 15 14 13 11 14 13 13 13 14 13 11 14 12 13 8 15 9 12 10 13 10 14 7 13 8 14 6 16 9 13 5 14 5 13 4 13 6 14 5 14 5 14 4 12 5 12 4 0 0 0 0 0 0 0 0 0 0 -1 -1 -1 -1 -18 -18 -20 -19 -22 -14 -19 -12 -9 -18 -9 -16 -10 -17 -9 -18 -10 -15 -8 -13 -11 -14 -10 -11 -13 -13 -12 -13 -11 -15 -12 -13 -13 -14 -12 -12 -10 -11 -13 -10 -14 -9 -13 -11 -12 -7 -12 -9 -11 -9 -13 -7 -12 -9 -13 -7 -13 -10 -13 -8 -16 -3 -13 -8 -13 -8 -11 -6 -12 -6 -11 -7 -12 -6 -11 -5 -11 -5 -11 -6 -11 -5 -10 -6 -10 -6 -9 -5 -9 -5 -8 -4 -7 -4 -8 -4 -6 -4 -6 -3 -6 -3 -6 -2 -6 -2 -5 -2 -5 -2 -4 -2 -4 -2 0 0 -1 -1 -1 -1 -1 -1 -1 -1 -1 -1 -1 -1 -1 -1 0 0 0 0 -1 -1 39 8 38 6 43 8 40 11 40 10 33 10 39 13 33 9 43 11 38 16 41 18 39 17 42 18 39 18 32 15 37 17 37 13 35 18 30 12 31 15 27 15 32 12 29 16 30 15 33 19 30 12 37 0 30 13 30 12 28 9 27 8 28 11 29 6 27 7 29 5 29 4 25 3 27 3 27 5 28 2 27 1 25 -4 23 -1 27 -2 22 -1 22 -4 22 -2 23 -6 22 -6 24 -3 23 -4 21 -4 22 -3 20 -15 22 -20 20 -20 16 -24 -1 -1 ]
CSI_DATA,STA,08:3A:F2:51:5D:9D,-49,11,1,0,1,1,1,0,0,0,0,-93,0,6,1,22872434,0,110,0,0,23.49539,384,[110 96 6 0 0 0 0 0 0 0 0 0 -24 8 -22 8 -26 10 -29 6 -27 7 -23 4 -26 5 -24 4 -24 5 -26 2 -29 2 -28 3 -27 2 -27 0 -22 -1 -28 3 -23 1 -24 -1 -23 0 -22 1 -22 0 -23 1 -21 -2 -23 -1 -24 -1 -22 1 0 0 -21 1 -21 4 -21 3 -20 4 -19 1 -19 3 -20 3 -18 4 -19 5 -16 7 -17 7 -16 4 -16 5 -15 7 -15 7 -14 8 -18 9 -13 8 -13 9 -11 9 -13 8 -13 8 -13 8 -13 9 -13 7 -11 8 0 0 0 0 0 0 0 0 0 0 -1 -1 -1 -1 23 -9 24 -9 22 -13 18 -12 17 0 16 0 18 -1 17 1 16 -1 13 -1 15 -2 13 -4 16 -5 15 -4 16 -3 15 -4 16 -5 15 -5 13 -4 14 -6 13 -8 14 -6 10 -7 12 -6 12 -5 11 -7 12 -6 11 -8 13 -6 11 -8 7 -14 11 -8 11 -7 9 -7 9 -8 10 -6 10 -7 8 -7 8 -7 8 -7 8 -7 8 -6 9 -6 8 -6 7 -6 6 -6 5 -5 6 -5 5 -4 4 -4 4 -4 3 -4 3 -4 4 -4 3 -3 2 -3 2 -3 0 0 -1 -1 -1 -1 -1 -1 -1 -1 -1 -1 -1 -1 -1 -1 0 0 0 0 -1 -1 -26 29 -23 28 -28 31 -29 28 -29 29 -25 22 -31 26 -25 24 -31 30 -33 24 -35 26 -33 25 -35 27 -35 25 -29 20 -33 23 -29 24 -34 21 -25 19 -28 18 -27 16 -27 21 -29 17 -28 18 -33 18 -26 19 -16 33 -26 18 -26 19 -22 19 -21 18 -24 18 -20 21 -20 19 -19 21 -18 22 -16 19 -16 20 -18 19 -16 22 -15 21 -10 22 -11 19 -13 23 -11 18 -9 20 -10 19 -7 21 -7 20 -11 21 -9 20 -8 19 -9 19 4 24 7 28 8 27 13 26 -1 -1 ]
CSI_DATA,STA,08:3A:F2:51:5D:9D,-49,11,1,0,1,1,1,0,0,0,0,-93,0,6,1,22872850,0,110,0,0,23.59913,384,[110 96 6 0 0 0 0 0 0 0 0 0 4 -25 4 -24 4 -27 8 -29 7 -26 8 -22 8 -25 8 -23 8 -24 10 -23 12 -26 11 -26 11 -25 12 -24 11 -20 11 -25 11 -22 12 -19 11 -20 9 -19 10 -19 10 -20 11 -16 11 -19 12 -21 9 -20 0 0 9 -20 6 -20 7 -20 5 -19 8 -17 6 -19 7 -19 5 -17 5 -19 1 -17 2 -18 4 -16 3 -17 1 -17 1 -17 0 -17 1 -19 -2 -16 -1 -16 -3 -14 -1 -16 -1 -16 -1 -16 -3 -16 0 -15 -2 -14 0 0 0 0 0 0 0 0 0 0 -1 -1 -1 -1 -7 24 -7 24 -3 25 -2 21 -12 13 -11 13 -11 15 -12 14 -9 13 -8 11 -8 14 -6 12 -6 15 -7 14 -8 15 -7 15 -6 16 -6 14 -5 13 -4 14 -2 14 -5 14 -1 12 -4 13 -4 12 -2 13 -4 13 -1 13 -4 14 -2 13 5 14 -2 14 -2 13 -1 12 -1 12 -2 12 0 11 0 10 -1 10 -1 10 0 10 -2 10 -1 10 -1 9 -1 8 0 8 -1 7 0 7 -1 6 0 6 -1 6 0 5 0 4 0 4 0 4 0 3 -1 3 0 0 -1 -1 -1 -1 -1 -1 -1 -1 -1 -1 -1 -1 -1 -1 0 0 0 0 -1 -1 -12 -39 -12 -37 -12 -42 -9 -42 -10 -41 -7 -35 -7 -41 -8 -34 -10 -44 -4 -41 -4 -45 -4 -43 -4 -46 -3 -44 -2 -37 -2 -41 -5 -40 -1 -40 -3 -33 -1 -35 0 -32 -5 -35 1 -33 -1 -34 2 -39 -3 -34 -18 -33 -2 -34 -4 -33 -5 -30 -5 -28 -4 -31 -8 -29 -6 -28 -9 -28 -10 -28 -9 -25 -10 -27 -8 -27 -10 -27 -11 -25 -15 -21 -11 -22 -14 -24 -12 -21 -13 -19 -12 -20 -15 -19 -15 -18 -13 -21 -14 -20 -13 -19 -13 -19 -23 -11 -28 -11 -28 -9 -29 -5 -1 -1 ]
CSI_DATA,STA,08:3A:F2:51:5D:9D,-49,11,1,0,1,1,1,0,0,0,0,-93,0,6,1,22873251,0,110,0,0,23.70603,384,[110 96 6 0 0 0 0 0 0 0 0 0 10 -21 10 -20 11 -23 14 -23 13 -21 12 -18 14 -20 13 -18 13 -19 14 -18 17 -19 16 -20 17 -19 17 -18 15 -14 16 -20 15 -16 15 -14 14 -15 13 -14 14 -14 15 -15 14 -11 15 -14 16 -15 13 -15 0 0 13 -15 11 -16 12 -16 9 -15 12 -13 10 -15 11 -15 9 -14 8 -16 5 -14 6 -16 8 -14 7 -14 5 -15 5 -14 4 -16 6 -17 3 -14 3 -15 1 -14 4 -14 3 -14 3 -14 2 -15 3 -13 2 -13 0 0 0 0 0 0 0 0 0 0 -1 -1 -1 -1 -14 19 -15 20 -11 21 -8 19 -14 9 -14 9 -14 11 -15 9 -13 9 -11 8 -11 10 -8 9 -10 12 -11 11 -11 11 -10 11 -11 12 -10 11 -9 10 -7 12 -6 13 -9 11 -5 11 -7 11 -7 10 -6 11 -7 11 -5 11 -8 12 -5 12 1 14 -5 12 -6 11 -4 10 -4 10 -6 10 -4 10 -4 9 -4 9 -4 9 -3 9 -4 9 -4 8 -4 8 -3 7 -2 7 -3 6 -3 7 -2 5 -2 5 -2 5 -1 4 -2 3 -2 3 -2 3 -1 3 -1 3 0 0 -1 -1 -1 -1 -1 -1 -1 -1 -1 -1 -1 -1 -1 -1 0 0 0 0 -1 -1 0 -37 -1 -36 0 -41 2 -40 2 -39 3 -34 5 -38 3 -33 3 -42 8 -38 9 -41 8 -39 8 -42 9 -40 8 -33 9 -37 6 -37 10 -36 6 -31 8 -32 9 -29 6 -33 9 -30 8 -31 12 -34 6 -31 -7 -34 7 -31 6 -30 3 -28 3 -26 5 -29 1 -29 2 -27 0 -28 -2 -28 -2 -24 -2 -26 0 -26 -2 -27 -3 -26 -8 -23 -5 -23 -6 -25 -5 -22 -7 -21 -6 -21 -9 -21 -9 -21 -6 -23 -7 -22 -6 -20 -6 -21 -17 -17 -22 -18 -22 -17 -25 -13 -1 -1 ]
CSI_DATA,STA,08:3A:F2:51:5D:9D,-49,11,1,0,1,1,1,0,0,0,0,-93,0,6,1,22873643,0,110,0,0,23.81107,384,[110 96 6 0 0 0 0 0 0 0 0 0 10 19 10 19 12 21 10 25 9 22 7 20 8 22 6 20 7 21 6 22 6 24 7 24 6 24 5 23 3 20 6 24 4 22 2 20 3 20 3 19 3 20 3 20 1 17 3 20 4 21 5 19 0 0 4 19 6 17 6 19 6 16 4 17 6 16 5 17 5 15 6 16 8 12 9 14 6 13 7 13 8 12 8 12 10 12 10 14 9 10 9 10 9 8 8 11 9 10 9 10 11 9 8 9 9 8 0 0 0 0 0 0 0 0 0 0 -1 -1 -1 -1 -6 -24 -7 -25 -10 -21 -10 -19 1 -19 0 -17 -2 -19 1 -19 -1 -17 -1 -14 -2 -16 -3 -13 -4 -16 -4 -17 -3 -17 -4 -16 -5 -17 -5 -16 -4 -14 -6 -14 -7 -14 -5 -15 -7 -11 -6 -13 -5 -13 -7 -12 -6 -13 -8 -12 -7 -14 -8 -12 -12 -9 -7 -12 -7 -12 -7 -10 -7 -10 -6 -11 -7 -10 -7 -9 -7 -9 -6 -9 -6 -8 -5 -9 -6 -9 -6 -8 -5 -8 -5 -6 -5 -6 -6 -6 -4 -6 -4 -5 -3 -5 -4 -4 -4 -4 -3 -4 -4 -4 -3 -3 -3 -3 0 0 -1 -1 -1 -1 -1 -1 -1 -1 -1 -1 -1 -1 -1 -1 0 0 0 0 -1 -1 28 26 27 23 31 27 28 29 28 28 23 25 26 30 23 24 30 30 24 32 25 35 25 33 27 35 24 35 19 28 23 32 24 29 21 32 19 25 19 27 16 26 21 27 16 27 18 27 19 32 19 25 28 19 18 25 19 24 19 21 18 19 19 22 21 19 19 19 21 18 22 17 20 16 22 16 20 17 22 15 21 14 22 9 20 11 24 11 19 10 20 7 19 9 21 6 21 5 21 9 21 8 19 7 19 7 23 -2 26 -5 26 -6 25 -11 -1 -1 ]
CSI_DATA,STA,08:3A:F2:51:5D:9D,-45,11,1,0,0,1,1,0,0,0,0,-93,0,6,1,22874541,0,110,0,0,23.91152,256,[110 96 6 0 0 0 0 0 0 0 0 0 -16 -3 -15 -3 -16 -3 -17 -3 -15 -4 -14 -5 -14 -4 -14 -5 -14 -5 -15 -6 -15 -5 -15 -6 -14 -6 -14 -6 -13 -6 -14 -5 -12 -6 -12 -6 -11 -6 -12 -5 -11 -5 -12 -5 -11 -6 -12 -5 -12 -4 -11 -3 0 0 -11 -3 -12 -3 -11 -3 -11 -3 -10 -2 -11 -3 -11 -2 -11 -2 -11 -1 -10 -1 -10 -1 -9 -1 -9 -1 -10 -2 -10 0 -9 -1 -10 0 -10 0 -10 0 -9 1 -9 1 -9 0 -8 1 -9 1 -8 0 -8 0 0 0 0 0 0 0 0 0 0 0 -1 -1 -1 -1 -1 -1 0 0 -23 16 -22 12 -25 4 -25 5 -26 4 -28 4 -27 3 -25 1 -26 4 -25 0 -27 2 -26 0 -28 0 -28 0 -25 0 -25 -1 -24 -1 -26 1 -22 -2 -23 -3 -22 -1 -23 -1 -22 -1 -22 -1 -21 0 -20 -1 -22 0 -21 1 -1 -1 -19 3 -20 2 -19 2 -19 4 -17 2 -17 4 -18 3 -17 3 -16 5 -18 6 -17 7 -16 5 -15 5 -14 5 -16 6 -15 6 -16 6 -14 6 -13 6 -13 7 -13 8 -13 7 -13 8 -13 7 -11 7 -11 7 -8 12 -7 13 -1 -1 -1 -1 -1 -1 ]
CSI_DATA,STA,08:3A:F2:51:5D:9D,-45,11,1,0,0,1,1,0,0,0,0,-93,0,6,1,22874920,0,110,0,0,23.98386,256,[110 96 6 0 0 0 0 0 0 0 0 0 0 -15 1 -15 1 -16 1 -17 2 -16 2 -15 3 -15 2 -14 3 -15 3 -14 3 -16 3 -16 3 -15 4 -15 4 -12 3 -16 4 -13 5 -12 4 -13 3 -12 3 -12 4 -12 3 -11 3 -11 3 -12 2 -12 0 0 1 -12 2 -12 1 -11 1 -11 1 -10 0 -11 1 -11 0 -10 -1 -11 0 -10 0 -11 -1 -10 -1 -10 -1 -10 0 -10 -1 -10 -2 -10 -2 -9 -2 -8 -2 -9 -2 -8 -3 -9 -2 -9 -3 -9 -3 -8 -3 -8 0 0 0 0 0 0 0 0 0 0 -1 -1 -1 -1 -1 -1 0 0 -27 -14 -23 -17 -10 -21 -11 -20 -11 -22 -11 -24 -10 -23 -8 -21 -9 -20 -7 -21 -8 -23 -7 -22 -7 -24 -7 -25 -6 -22 -7 -22 -6 -20 -7 -24 -5 -20 -4 -20 -4 -20 -5 -20 -6 -20 -5 -19 -6 -19 -5 -17 -5 -19 -5 -18 -1 -1 -7 -17 -7 -16 -6 -15 -8 -16 -6 -13 -8 -15 -7 -14 -7 -14 -8 -14 -10 -14 -9 -15 -8 -13 -8 -13 -9 -13 -8 -12 -8 -13 -9 -11 -8 -11 -10 -10 -9 -11 -10 -10 -10 -11 -9 -10 -10 -11 -10 -10 -10 -10 -14 -4 -13 -4 -1 -1 -1 -1 -1 -1 ]
CSI_DATA,STA,08:3A:F2:51:5D:9D,-45,11,1,0,0,1,1,0,0,0,0,-93,0,6,1,22875371,0,110,0,0,23.105845,256,[110 96 6 0 0 0 0 0 0 0 0 0 15 -2 14 -1 15 -2 16 -2 15 0 14 1 14 1 14 1 15 1 14 2 15 1 15 1 14 1 14 1 13 2 15 1 13 2 12 2 12 2 12 1 11 2 12 2 10 2 11 0 12 0 11 0 0 0 11 0 10 -1 10 -1 10 -2 9 -1 10 -2 10 -1 8 -2 10 -3 9 -1 9 -2 8 -2 9 -3 10 -3 8 -3 8 -3 8 -4 7 -4 8 -4 8 -3 7 -4 8 -5 7 -4 7 -5 7 -4 6 -5 0 0 0 0 0 0 0 0 0 0 -1 -1 -1 -1 -1 -1 0 0 10 -28 11 -25 19 -14 18 -14 19 -14 20 -16 19 -12 20 -10 19 -12 19 -10 22 -11 20 -11 21 -11 22 -11 19 -11 20 -10 20 -9 21 -11 18 -8 18 -7 18 -8 18 -8 18 -8 17 -8 17 -8 16 -8 17 -9 15 -9 -1 -1 14 -9 13 -10 13 -9 14 -11 12 -9 13 -10 12 -10 11 -10 11 -11 10 -12 10 -13 9 -10 9 -10 11 -11 9 -11 9 -11 9 -13 8 -12 8 -12 7 -11 7 -12 8 -12 6 -11 7 -12 6 -12 6 -12 0 -13 -1 -12 -1 -1 -1 -1 -1 -1 ]
CSI_DATA,STA,08:3A:F2:51:5D:9D,-45,11,1,0,0,1,1,0,0,0,0,-93,0,6,1,22875804,0,110,0,0,23.112720,256,[110 96 6 0 0 0 0 0 0 0 0 0 6 13 5 13 6 14 6 14 5 14 4 13 4 14 3 13 4 14 3 14 4 15 4 15 4 14 3 14 2 12 4 15 3 13 2 12 2 12 2 11 3 11 3 12 2 10 3 11 3 11 3 11 0 0 4 10 4 10 4 10 4 9 3 8 5 8 5 9 4 8 5 8 4 8 5 8 5 7 6 7 6 7 5 7 5 7 6 6 6 6 5 6 6 6 5 6 6 5 6 5 6 5 7 4 6 4 0 0 0 0 0 0 0 0 0 0 -1 -1 -1 -1 -1 -1 0 0 29 4 25 4 18 14 19 14 18 14 19 16 18 15 16 16 18 15 15 17 17 16 17 17 17 18 17 17 16 16 15 16 13 16 17 16 13 15 12 17 14 15 13 16 13 14 12 15 12 14 12 14 13 15 12 13 -1 -1 13 10 13 11 13 11 14 11 11 9 14 9 13 9 12 9 13 7 15 8 15 7 14 7 13 5 13 6 13 5 13 5 13 6 13 5 13 4 13 4 14 4 13 4 14 2 14 2 12 1 12 0 13 -3 13 -5 -1 -1 -1 -1 -1 -1 ]
CSI_DATA,STA,08:3A:F2:51:5D:9D,-48,11,1,0,1,1,1,0,0,0,0,-93,0,6,1,22956280,0,110,0,0,23.123175,384,[110 96 6 0 0 0 0 0 0 0 0 0 -19 -13 -18 -12 -22 -14 -21 -17 -20 -16 -16 -15 -18 -16 -16 -15 -17 -16 -16 -18 -17 -20 -17 -20 -16 -19 -15 -19 -12 -17 -17 -19 -14 -17 -12 -17 -13 -16 -12 -16 -12 -17 -13 -17 -9 -16 -11 -17 -13 -19 -12 -15 0 0 -12 -15 -14 -14 -14 -14 -14 -12 -11 -14 -13 -13 -13 -14 -12 -11 -14 -11 -13 -8 -14 -9 -11 -10 -12 -10 -13 -8 -13 -8 -14 -7 -15 -9 -13 -5 -13 -6 -13 -4 -13 -6 -13 -6 -13 -6 -13 -5 -12 -6 -12 -4 0 0 0 0 0 0 0 0 0 0 -1 -1 -1 -1 14 16 14 16 16 13 15 10 6 15 6 13 7 14 5 14 7 12 5 10 8 12 7 9 9 10 8 11 8 12 8 10 10 11 9 10 7 9 10 8 10 6 10 9 9 5 9 7 8 7 10 6 9 7 10 5 10 8 10 6 13 1 10 5 10 5 9 4 9 4 8 5 10 4 8 3 8 3 8 3 7 3 8 4 8 4 7 3 7 3 7 1 5 1 6 2 5 2 5 1 4 1 5 0 5 0 4 1 4 1 3 0 3 0 0 0 0 0 -1 -1 -1 -1 -1 -1 -1 -1 -1 -1 0 0 0 0 -1 -1 -1 -1 -38 -9 -36 -8 -41 -9 -39 -13 -39 -11 -32 -11 -38 -15 -33 -12 -42 -13 -37 -19 -38 -20 -37 -20 -40 -21 -38 -20 -31 -17 -35 -17 -35 -15 -34 -19 -29 -13 -30 -17 -26 -17 -32 -14 -27 -19 -29 -17 -31 -21 -29 -15 -34 -5 -28 -15 -29 -13 -27 -10 -27 -9 -27 -13 -28 -9 -26 -10 -28 -9 -28 -6 -25 -7 -26 -5 -26 -8 -27 -5 -25 -4 -24 1 -22 -1 -26 -1 -21 -1 -22 1 -22 0 -22 2 -22 3 -23 -1 -22 1 -21 1 -21 0 -19 11 -21 16 -20 14 -17 19 -1 -1 ]
CSI_DATA,STA,08:3A:F2:51:5D:9D,-48,11,1,0,1,1,1,0,0,0,0,-93,0,6,1,22961858,0,110,0,0,23.135921,384,[110 96 6 0 0 0 0 0 0 0 0 0 -3 22 -2 21 -2 25 -5 26 -5 24 -6 20 -6 23 -6 20 -5 22 -8 22 -10 24 -9 24 -9 23 -10 22 -9 18 -9 24 -9 19 -10 19 -8 18 -8 17 -9 17 -8 19 -10 15 -9 18 -10 19 -8 18 0 0 -8 18 -5 18 -6 18 -4 17 -7 15 -4 17 -5 17 -4 15 -3 16 -1 15 -1 16 -3 14 -2 15 0 14 0 14 1 14 0 17 2 13 2 14 3 12 1 13 2 13 2 13 3 13 1 12 2 11 0 0 0 0 0 0 0 0 0 0 -1 -1 -1 -1 1 -23 1 -23 -1 -23 -5 -20 7 -15 6 -13 5 -15 7 -14 5 -13 4 -11 4 -14 2 -12 2 -15 3 -15 4 -15 2 -13 2 -16 2 -14 1 -12 -1 -13 -2 -13 0 -14 -3 -11 -1 -12 0 -11 -3 -12 0 -13 -3 -12 -1 -14 -3 -13 -9 -11 -2 -12 -3 -12 -3 -10 -3 -11 -2 -11 -4 -10 -4 -9 -4 -9 -3 -9 -3 -9 -2 -9 -3 -9 -3 -8 -3 -8 -4 -7 -3 -6 -4 -7 -3 -6 -3 -5 -3 -6 -3 -5 -4 -4 -3 -5 -3 -5 -3 -4 -2 -4 0 0 0 0 -1 -1 -1 -1 -1 -1 -1 -1 -1 -1 0 0 0 0 -1 -1 -1 -1 12 33 12 31 14 35 10 35 13 36 8 30 9 36 8 29 13 37 6 37 5 40 4 38 6 42 4 39 3 31 6 35 8 32 5 36 5 27 4 30 1 28 7 30 0 30 2 30 0 35 4 29 19 29 4 28 6 28 7 24 7 24 5 26 10 24 7 24 9 23 11 22 8 21 10 22 8 23 11 22 11 20 15 16 11 16 14 18 10 15 13 14 11 15 14 13 14 12 13 17 13 15 12 14 12 14 22 6 25 4 24 3 25 -3 -1 -1 ]
CSI_DATA,STA,08:3A:F2:51:5D:9D,-48,11,1,0,1,1,1,0,0,0,0,-93,0,6,1,22962538,0,110,0,0,23.146196,384,[110 96 6 0 0 0 0 0 0 0 0 0 -22 6 -21 6 -25 8 -27 5 -25 5 -21 3 -24 3 -22 2 -23 3 -24 1 -26 0 -26 1 -25 0 -25 -1 -21 -2 -26 1 -22 -1 -21 -2 -21 -1 -20 -1 -20 -1 -21 -1 -19 -3 -21 -2 -22 -2 -20 0 0 0 -20 0 -19 2 -20 2 -18 3 -18 0 -18 2 -19 1 -16 2 -18 3 -15 5 -16 5 -15 3 -15 4 -14 5 -14 5 -14 7 -17 6 -12 7 -12 7 -10 7 -12 6 -12 6 -13 7 -12 8 -12 5 -10 6 0 0 0 0 0 0 0 0 0 0 -1 -1 -1 -1 21 6 22 5 22 2 19 -1 16 7 15 5 17 5 16 7 15 4 12 4 15 2 13 1 16 1 16 2 16 2 15 1 16 1 15 1 13 1 15 -2 14 -4 14 -1 12 -4 13 -2 12 -1 13 -3 13 -1 13 -4 14 -2 13 -4 11 -6 12 -4 12 -4 11 -5 11 -5 11 -3 11 -5 10 -5 10 -4 9 -4 9 -5 9 -3 10 -3 9 -3 8 -4 6 -5 6 -4 6 -5 5 -4 5 -4 5 -4 5 -4 4 -4 4 -3 4 -3 3 -4 3 -3 0 0 0 0 -1 -1 -1 -1 -1 -1 -1 -1 -1 -1 0 0 0 0 -1 -1 -1 -1 -36 20 -33 20 -39 23 -40 20 -39 20 -34 15 -40 18 -34 15 -42 20 -42 12 -45 13 -43 13 -46 13 -44 11 -37 9 -40 13 -38 14 -40 10 -33 11 -36 9 -33 7 -35 13 -35 6 -36 8 -40 6 -33 10 -30 16 -33 9 -32 11 -29 12 -27 12 -31 10 -28 14 -27 12 -27 14 -27 15 -24 13 -25 15 -25 13 -24 16 -22 15 -19 18 -19 15 -22 19 -17 15 -16 17 -16 16 -15 19 -15 18 -19 16 -16 17 -16 16 -15 15 -10 21 -9 25 -9 24 -3 25 -1 -1 ]
CSI_DATA,STA,08:3A:F2:51:5D:9D,-48,11,1,0,1,1,1,0,0,0,0,-93,0,6,1,22962898,0,110,0,0,23.156563,384,[110 96 6 0 0 0 0 0 0 0 0 0 -1 -23 -1 -22 -2 -26 2 -27 1 -25 3 -22 2 -24 3 -22 2 -23 5 -23 6 -26 5 -26 6 -24 7 -23 7 -20 5 -25 6 -22 7 -20 6 -20 5 -19 5 -19 5 -20 7 -17 7 -20 7 -21 5 -19 0 0 4 -19 2 -19 3 -20 1 -18 4 -17 2 -18 2 -19 1 -17 1 -18 -2 -15 -1 -16 1 -15 0 -15 -2 -15 -2 -15 -3 -15 -3 -17 -4 -14 -4 -14 -5 -12 -4 -14 -4 -14 -4 -14 -5 -14 -3 -13 -4 -12 0 0 0 0 0 0 0 0 0 0 -1 -1 -1 -1 -9 19 -9 21 -5 21 -3 19 -11 14 -9 13 -9 14 -11 14 -8 13 -7 11 -7 13 -5 12 -6 15 -6 14 -7 14 -6 14 -5 15 -5 14 -5 12 -3 14 -1 14 -4 13 0 11 -2 12 -3 11 0 13 -3 13 1 12 -2 13 -1 13 4 12 0 13 0 12 1 11 1 11 -1 11 1 11 1 10 1 9 0 10 1 9 0 9 1 9 1 9 1 7 1 7 1 6 2 7 0 6 1 5 1 6 1 5 2 5 1 5 1 4 1 4 1 3 0 0 0 0 -1 -1 -1 -1 -1 -1 -1 -1 -1 -1 0 0 0 0 -1 -1 -1 -1 -14 -38 -15 -36 -15 -41 -12 -41 -12 -40 -9 -35 -9 -41 -10 -35 -12 -44 -6 -41 -6 -44 -5 -42 -6 -45 -5 -43 -4 -36 -5 -41 -7 -40 -2 -40 -5 -33 -3 -34 -2 -33 -6 -35 -1 -34 -3 -34 0 -38 -5 -33 -14 -32 -4 -33 -5 -32 -7 -29 -7 -28 -5 -31 -9 -30 -8 -28 -10 -28 -11 -29 -10 -25 -11 -25 -9 -26 -11 -26 -12 -24 -15 -21 -12 -21 -15 -23 -12 -20 -14 -19 -12 -19 -16 -18 -15 -17 -14 -20 -14 -19 -13 -18 -13 -18 -20 -12 -24 -11 -24 -11 -26 -6 -1 -1 ]
CSI_DATA,STA,08:3A:F2:51:5D:9D,-48,11,1,0,1,1,1,0,0,0,0,-93,0,6,1,22963215,0,110,0,0,23.167140,384,[110 96 6 0 0 0 0 0 0 0 0 0 22 -13 21 -13 24 -15 27 -13 25 -12 22 -8 25 -10 23 -8 23 -9 25 -7 28 -8 28 -9 26 -7 26 -6 22 -4 27 -8 24 -6 23 -4 22 -5 21 -4 22 -4 22 -5 20 -1 22 -4 24 -4 21 -5 0 0 20 -5 19 -8 20 -7 18 -8 18 -5 18 -7 19 -6 16 -7 17 -8 14 -10 15 -10 15 -7 15 -8 13 -10 13 -10 13 -11 15 -12 11 -11 12 -11 9 -11 12 -10 11 -11 11 -11 10 -12 11 -10 9 -10 0 0 0 0 0 0 0 0 0 0 -1 -1 -1 -1 -23 6 -24 8 -23 12 -18 11 -19 -1 -18 0 -19 1 -19 -1 -17 1 -15 0 -16 2 -14 4 -17 4 -16 3 -17 3 -16 4 -17 5 -16 5 -14 3 -14 6 -14 8 -15 6 -11 6 -12 6 -13 4 -12 7 -13 6 -12 8 -14 6 -12 8 -8 13 -12 8 -12 7 -9 7 -10 8 -11 6 -10 7 -8 6 -9 6 -9 6 -8 7 -8 6 -8 6 -8 6 -8 5 -6 6 -6 5 -6 6 -6 4 -5 5 -4 4 -4 5 -3 4 -4 4 -4 3 -4 3 -4 4 -1 -1 -1 -1 -1 -1 -1 -1 -1 -1 -1 -1 -1 -1 -1 -1 -1 -1 0 0 0 0 23 -35 22 -33 26 -37 28 -35 26 -34 24 -28 29 -32 23 -28 30 -35 32 -29 34 -32 32 -31 34 -33 34 -31 29 -25 32 -28 29 -30 32 -26 25 -23 28 -23 27 -20 26 -25 28 -21 27 -23 33 -23 25 -24 16 -36 26 -23 25 -23 21 -23 19 -23 23 -22 20 -25 19 -22 18 -24 17 -26 15 -23 14 -25 16 -23 14 -25 14 -25 8 -26 10 -23 10 -26 9 -22 7 -23 9 -22 6 -24 5 -23 9 -24 7 -23 6 -22 7 -22 -4 -24 -8 -29 -9 -28 -13 -26 -1 -1 ]
CSI_DATA,STA,08:3A:F2:51:5D:9D,-48,11,1,0,1,1,1,0,0,0,0,-93,0,6,1,22963652,0,110,0,0,23.177699,384,[110 96 6 0 0 0 0 0 0 0 0 0 17 14 16 13 19 15 18 19 17 17 13 15 15 17 13 16 14 16 13 19 14 21 14 20 13 20 12 20 9 17 14 20 11 17 9 18 10 17 10 16 9 17 11 17 7 16 9 18 10 19 10 16 0 0 10 16 12 14 11 15 11 13 9 14 11 13 11 14 10 11 12 12 11 9 12 10 9 10 10 10 11 8 11 8 12 7 13 9 11 6 12 6 11 4 11 6 12 6 12 6 12 5 10 6 10 4 0 0 0 0 0 0 0 0 0 0 -1 -1 -1 -1 -14 -18 -15 -19 -17 -15 -15 -12 -6 -16 -6 -15 -8 -16 -6 -16 -7 -14 -5 -12 -8 -13 -7 -10 -10 -13 -9 -13 -8 -14 -9 -12 -10 -13 -9 -12 -8 -10 -11 -10 -11 -8 -10 -10 -10 -7 -10 -9 -9 -9 -11 -7 -9 -9 -11 -7 -11 -10 -11 -8 -13 -3 -11 -7 -11 -7 -10 -6 -10 -5 -9 -7 -10 -5 -9 -5 -9 -5 -9 -5 -9 -5 -9 -5 -9 -5 -8 -5 -7 -5 -8 -3 -6 -3 -8 -3 -6 -3 -6 -2 -6 -2 -6 -2 -6 -2 -6 -2 -6 -3 -5 -1 -5 -1 0 0 0 0 -1 -1 -1 -1 -1 -1 -1 -1 -1 -1 0 0 0 0 -1 -1 -1 -1 36 11 34 10 39 12 36 14 37 13 30 13 36 16 30 13 39 15 34 20 36 21 34 21 37 22 35 22 28 18 33 19 32 16 31 21 27 14 27 18 24 17 30 15 25 19 26 18 29 23 26 15 33 6 25 16 27 15 25 11 24 10 25 13 26 9 24 10 26 8 26 6 22 6 25 6 24 8 25 5 24 5 23 -1 21 2 25 1 21 1 21 -1 20 0 21 -2 20 -3 22 1 21 0 19 0 19 0 19 -11 22 -15 20 -14 17 -20 -1 -1 ]
CSI_DATA,STA,08:3A:F2:51:5D:9D,-48,11,1,0,1,1,1,0,0,0,0,-93,0,6,1,22964307,0,110,0,0,23.187950,384,[110 96 6 0 0 0 0 0 0 0 0 0 -25 8 -23 7 -27 9 -30 6 -27 6 -24 3 -27 5 -25 4 -25 4 -27 1 -30 1 -29 2 -28 1 -27 -1 -23 -2 -29 2 -24 0 -24 -2 -23 -1 -22 0 -22 -1 -24 0 -21 -4 -23 -2 -25 -2 -22 0 0 0 -22 0 -22 3 -22 2 -20 3 -19 0 -20 3 -20 2 -18 3 -19 4 -17 6 -18 6 -17 3 -17 4 -16 6 -16 6 -15 7 -18 7 -14 8 -14 8 -12 8 -14 7 -13 7 -14 7 -13 8 -13 6 -11 7 0 0 0 0 0 0 0 0 0 0 -1 -1 -1 -1 24 -5 25 -5 22 -9 19 -10 18 2 16 2 17 1 17 3 15 0 13 1 16 -1 13 -2 16 -3 16 -2 16 -1 15 -3 16 -3 15 -3 12 -2 13 -5 13 -7 14 -5 10 -6 12 -5 11 -4 11 -7 12 -5 11 -7 13 -5 11 -7 8 -12 11 -7 11 -6 9 -6 9 -8 10 -6 9 -7 8 -7 8 -6 8 -7 7 -6 8 -6 8 -5 8 -6 7 -5 5 -7 5 -5 5 -6 5 -5 4 -5 4 -5 3 -5 3 -5 3 -5 3 -4 3 -5 3 -5 0 0 0 0 -1 -1 -1 -1 -1 -1 -1 -1 -1 -1 0 0 0 0 -1 -1 -1 -1 -31 28 -29 27 -34 31 -35 27 -34 28 -30 21 -36 26 -29 22 -36 29 -38 22 -41 23 -40 22 -42 23 -40 21 -33 16 -37 21 -33 21 -38 19 -29 17 -33 17 -30 13 -31 20 -33 13 -33 16 -38 15 -30 17 -24 30 -30 16 -29 18 -25 17 -24 17 -27 16 -24 20 -23 18 -23 20 -22 21 -21 18 -21 20 -22 18 -20 21 -19 19 -13 22 -15 18 -16 23 -14 18 -11 20 -12 19 -10 21 -9 20 -14 21 -12 19 -12 19 -11 18 1 26 3 29 3 27 10 27 -1 -1 ]
CSI_DATA,STA,08:3A:F2:51:5D:9D,-48,11,1,0,1,1,1,0,0,0,0,-93,0,6,1,22964788,0,110,0,0,23.198349,384,[110 96 6 0 0 0 0 0 0 0 0 0 -12 -20 -11 -19 -14 -22 -11 -25 -11 -23 -7 -20 -9 -23 -8 -21 -9 -22 -7 -23 -7 -25 -7 -25 -7 -24 -5 -24 -3 -20 -7 -25 -5 -22 -3 -21 -4 -20 -4 -19 -4 -20 -5 -21 -1 -19 -3 -20 -3 -22 -5 -19 0 0 -5 -19 -7 -18 -6 -19 -7 -17 -4 -17 -6 -17 -6 -18 -6 -16 -7 -16 -8 -13 -9 -14 -6 -14 -7 -14 -8 -13 -8 -13 -10 -12 -10 -15 -9 -10 -10 -11 -10 -9 -9 -11 -9 -11 -10 -11 -10 -10 -8 -10 -9 -9 0 0 0 0 0 0 0 0 0 0 -1 -1 -1 -1 2 21 3 22 7 21 7 17 -3 16 -2 15 -1 16 -3 16 -1 15 -1 12 1 14 2 12 2 15 1 14 1 15 2 14 3 15 3 14 2 12 5 13 6 11 4 13 5 9 4 11 3 11 5 10 4 11 6 10 5 12 6 10 10 8 6 10 5 10 6 8 6 8 5 9 6 9 6 8 6 7 5 7 5 7 5 8 5 7 5 6 4 6 5 5 4 5 5 5 3 4 4 3 3 4 4 3 4 2 4 3 3 3 3 2 2 2 0 0 0 0 -1 -1 -1 -1 -1 -1 -1 -1 -1 -1 0 0 0 0 -1 -1 -1 -1 -30 -27 -29 -25 -33 -30 -29 -31 -30 -31 -24 -27 -27 -32 -24 -26 -30 -33 -24 -35 -26 -37 -24 -36 -27 -37 -24 -37 -19 -30 -23 -34 -24 -31 -21 -35 -20 -27 -19 -30 -16 -28 -21 -29 -16 -30 -18 -30 -18 -34 -19 -27 -26 -22 -18 -27 -20 -27 -19 -23 -19 -22 -18 -25 -21 -22 -19 -22 -21 -21 -22 -20 -21 -18 -21 -17 -20 -19 -21 -17 -20 -17 -23 -12 -20 -13 -24 -14 -20 -12 -20 -10 -19 -10 -22 -9 -21 -9 -21 -12 -21 -10 -19 -10 -19 -10 -23 -1 -26 2 -26 2 -26 8 -1 -1 ]
CSI_DATA,STA,08:3A:F2:51:5D:9D,-48,11,1,0,1,1,1,0,0,0,0,-93,0,6,1,22965386,0,110,0,0,23.209143,384,[110 96 6 0 0 0 0 0 0 0 0 0 24 -7 23 -7 27 -9 29 -5 27 -5 23 -3 27 -4 24 -3 25 -4 26 -1 29 -1 28 -2 27 -1 26 0 22 1 28 -2 23 0 23 2 22 0 21 0 22 1 23 0 20 3 22 1 24 1 21 -1 0 0 21 -1 21 -3 21 -3 19 -4 18 -1 19 -3 20 -3 17 -4 18 -5 15 -7 16 -7 16 -4 16 -6 14 -8 15 -8 14 -9 17 -9 12 -9 13 -9 11 -10 13 -8 12 -9 13 -9 12 -10 12 -8 10 -9 0 0 0 0 0 0 0 0 0 0 -1 -1 -1 -1 -25 1 -27 1 -25 4 -21 8 -20 -4 -18 -3 -20 -3 -20 -5 -18 -1 -15 -2 -17 0 -14 1 -17 2 -18 1 -19 0 -18 1 -18 2 -17 2 -14 1 -15 5 -14 6 -16 5 -12 5 -14 4 -13 3 -13 6 -14 4 -13 6 -16 5 -14 7 -11 12 -13 7 -13 6 -10 6 -11 7 -12 5 -10 7 -10 7 -10 6 -9 6 -9 6 -10 6 -10 5 -9 5 -8 4 -6 6 -6 5 -7 6 -6 4 -5 5 -5 5 -4 4 -4 4 -4 4 -4 3 -4 4 -4 3 0 0 0 0 -1 -1 -1 -1 -1 -1 -1 -1 -1 -1 0 0 0 0 0 0 -1 -1 37 -25 34 -23 40 -28 39 -23 40 -25 33 -18 40 -22 33 -20 42 -27 44 -18 46 -18 45 -18 47 -19 45 -17 36 -13 42 -19 37 -19 42 -17 32 -15 35 -15 32 -12 34 -18 36 -12 36 -13 41 -12 34 -15 30 -25 32 -15 32 -17 27 -16 26 -18 29 -15 26 -20 26 -18 24 -19 24 -22 21 -20 22 -20 24 -18 22 -21 20 -20 15 -24 15 -19 17 -25 14 -19 13 -22 13 -20 11 -23 10 -23 15 -22 13 -22 12 -21 12 -20 2 -26 1 -28 0 -28 -7 -29 -1 -1 ]
CSI_DATA,STA,08:3A:F2:51:5D:9D,-49,11,1,0,1,1,1,0,0,0,0,-93,0,6,1,23428514,0,110,0,0,23.595115,384,[110 96 6 0 0 0 0 0 0 0 0 0 9 -20 9 -19 10 -22 13 -22 12 -20 11 -17 12 -19 11 -17 12 -18 13 -17 15 -19 15 -20 15 -19 15 -18 14 -14 15 -20 14 -16 15 -15 13 -15 12 -15 13 -15 13 -16 14 -12 14 -15 15 -16 12 -16 0 0 12 -16 10 -17 11 -17 10 -16 11 -14 10 -16 10 -16 8 -15 9 -17 5 -16 6 -17 7 -15 7 -15 5 -16 5 -16 4 -17 6 -18 3 -15 3 -16 1 -15 4 -16 3 -16 3 -16 2 -17 4 -15 2 -15 0 0 0 0 0 0 0 0 0 0 -1 -1 -1 -1 -18 19 -20 21 -16 23 -13 21 -19 9 -17 8 -18 10 -19 9 -17 9 -14 7 -15 10 -12 10 -15 12 -15 11 -16 10 -14 11 -15 12 -14 11 -12 9 -12 12 -11 13 -13 11 -8 11 -10 10 -11 9 -9 11 -11 10 -8 12 -11 11 -9 12 -5 15 -9 12 -9 10 -7 10 -8 10 -9 9 -7 10 -6 9 -7 9 -7 9 -6 9 -8 8 -7 8 -6 7 -6 6 -5 7 -5 5 -5 6 -5 5 -4 5 -4 4 -3 4 -3 4 -3 3 -3 2 -3 2 -3 2 -1 -1 -1 -1 -1 -1 -1 -1 -1 -1 -1 -1 -1 -1 -1 -1 -1 -1 0 0 0 0 1 -36 0 -34 1 -39 4 -38 2 -38 4 -32 5 -37 2 -32 3 -40 8 -37 9 -40 9 -39 9 -42 10 -39 8 -32 9 -37 6 -36 10 -36 6 -30 8 -32 8 -29 5 -33 9 -31 8 -32 12 -35 6 -32 -6 -36 7 -32 6 -31 3 -29 2 -28 5 -30 1 -30 2 -29 0 -30 -2 -30 -1 -27 -2 -29 0 -29 -3 -30 -3 -28 -8 -26 -5 -25 -6 -29 -5 -24 -7 -24 -6 -24 -9 -24 -9 -24 -6 -27 -7 -25 -7 -24 -6 -24 -18 -20 -22 -22 -23 -21 -27 -16 -1 -1 ]
CSI_DATA,STA,08:3A:F2:51:5D:9D,-49,11,1,0,1,1,1,0,0,0,0,-93,0,6,1,23429187,0,110,0,0,23.606429,384,[110 96 6 0 0 0 0 0 0 0 0 0 20 -4 19 -4 23 -5 25 -2 23 -2 20 0 22 0 20 0 21 0 21 2 24 2 24 1 24 2 23 3 19 4 24 2 21 3 20 4 20 4 19 3 19 4 19 4 17 5 20 4 21 4 19 3 0 0 19 3 19 1 20 1 18 0 17 3 18 1 19 1 17 0 18 0 15 -3 17 -3 16 0 16 -1 16 -3 16 -3 16 -4 18 -3 14 -4 15 -5 13 -6 15 -3 15 -4 15 -4 15 -5 14 -3 13 -5 0 0 0 0 0 0 0 0 0 0 -1 -1 -1 -1 -27 -2 -30 -2 -28 3 -23 3 -17 -10 -15 -9 -18 -9 -17 -11 -16 -8 -13 -8 -15 -8 -13 -5 -17 -6 -17 -6 -16 -8 -16 -7 -17 -6 -16 -6 -13 -6 -15 -4 -15 -2 -15 -5 -12 -2 -14 -3 -13 -4 -14 -2 -13 -4 -14 -2 -15 -4 -13 -2 -14 5 -13 -2 -13 -3 -11 -1 -12 -2 -12 -3 -12 -1 -11 -1 -11 -2 -10 -2 -10 -1 -10 -3 -10 -3 -9 -2 -9 -2 -8 -1 -7 -2 -8 -1 -6 -2 -6 -2 -5 -2 -5 -1 -5 -1 -5 -2 -4 -1 -4 -1 -4 -1 -1 -1 -1 -1 -1 -1 -1 -1 -1 -1 -1 -1 -1 -1 -1 -1 -1 -1 0 0 0 0 25 -21 23 -20 27 -23 28 -20 28 -21 24 -16 29 -17 23 -17 30 -21 31 -16 34 -17 32 -16 34 -18 33 -17 27 -13 31 -15 29 -17 32 -14 24 -12 27 -12 25 -10 26 -15 27 -11 27 -12 32 -11 26 -13 21 -28 26 -12 26 -13 22 -13 21 -14 24 -13 23 -16 21 -13 21 -17 21 -17 19 -16 20 -17 21 -15 20 -18 19 -16 14 -20 16 -16 17 -20 15 -16 13 -17 15 -16 13 -18 12 -19 16 -18 15 -18 14 -17 14 -16 4 -27 2 -32 1 -31 -5 -32 -1 -1 ]
CSI_DATA,STA,08:3A:F2:51:5D:9D,-50,11,1,0,1,1,1,0,0,0,0,-93,0,6,1,23468356,0,110,0,0,23.634724,384,[110 96 6 0 0 0 0 0 0 0 0 0 -21 10 -20 10 -23 11 -26 9 -24 8 -21 6 -24 7 -22 5 -22 6 -23 5 -27 5 -26 6 -25 5 -25 4 -22 1 -26 5 -23 3 -22 1 -22 2 -20 2 -22 2 -22 2 -20 -1 -22 2 -24 2 -21 4 0 0 -21 3 -20 6 -21 5 -19 6 -19 3 -19 5 -20 4 -18 5 -19 6 -15 8 -17 8 -16 5 -16 7 -15 8 -15 7 -15 9 -18 9 -13 9 -14 9 -12 9 -15 8 -14 9 -14 9 -13 10 -13 8 -12 9 0 0 0 0 0 0 0 0 0 0 -1 -1 -1 -1 24 10 24 9 28 5 22 6 19 10 18 9 19 8 19 11 18 8 15 7 18 7 16 5 19 6 17 5 18 6 19 4 20 4 17 4 15 4 17 3 18 1 16 5 14 0 14 2 14 3 15 1 14 2 15 -1 15 2 15 0 14 -3 15 0 13 1 13 0 13 0 12 1 12 -1 11 0 11 0 11 0 10 -1 10 0 9 0 8 0 8 0 7 0 6 0 6 0 5 0 5 0 4 0 4 -1 3 -1 2 -1 2 -1 2 -1 1 -2 -1 -1 -1 -1 -1 -1 -1 -1 -1 -1 -1 -1 -1 -1 -1 -1 -1 -1 -1 -1 0 0 -34 24 -33 26 -37 25 -41 25 -38 22 -34 19 -39 21 -34 20 -42 23 -40 18 -43 20 -42 21 -45 20 -44 19 -38 15 -41 16 -42 19 -42 12 -35 15 -37 12 -35 11 -37 14 -35 11 -36 14 -41 13 -34 16 -30 20 -36 14 -34 13 -33 16 -29 15 -34 14 -30 17 -30 16 -30 18 -30 19 -24 18 -26 20 -26 18 -26 21 -25 20 -21 21 -22 20 -24 22 -20 20 -19 21 -19 20 -18 23 -18 22 -20 20 -18 21 -18 20 -19 20 -13 22 -13 29 -12 31 -9 29 -1 -1 ]
CSI_DATA,STA,08:3A:F2:51:5D:9D,-50,11,1,0,1,1,1,0,0,0,0,-93,0,6,1,23473144,0,110,0,0,23.645646,384,[110 96 6 0 0 0 0 0 0 0 0 0 -21 9 -21 8 -24 11 -27 8 -25 7 -22 5 -24 5 -22 4 -23 5 -24 3 -27 3 -27 4 -26 3 -26 2 -22 0 -26 3 -23 1 -22 0 -22 1 -21 1 -22 0 -22 1 -20 -2 -22 0 -24 0 -21 2 0 0 -21 1 -21 4 -22 3 -19 4 -19 1 -20 3 -20 2 -18 3 -19 4 -16 6 -17 6 -16 3 -17 4 -16 6 -16 6 -16 8 -19 7 -14 8 -15 7 -13 8 -15 6 -15 7 -15 7 -15 8 -14 6 -12 7 0 0 0 0 0 0 0 0 0 0 -1 -1 -1 -1 25 -6 25 -6 26 -11 20 -9 17 4 16 3 17 3 17 5 15 3 13 2 15 2 13 0 16 0 15 1 15 1 14 0 16 -1 15 0 13 0 13 -1 14 -4 13 -1 11 -3 12 -1 11 0 12 -2 11 -1 12 -3 13 -1 12 -4 10 -10 11 -3 11 -2 10 -3 10 -2 10 -1 10 -2 8 -2 8 -2 7 -2 7 -2 8 -1 7 -1 7 -1 6 -1 5 -2 5 -1 5 -1 4 -1 3 -1 3 -1 2 -2 2 -1 2 -1 1 -1 1 -1 0 -2 0 0 0 0 -1 -1 -1 -1 -1 -1 -1 -1 -1 -1 0 0 0 0 -1 -1 -1 -1 -19 28 -19 27 -21 30 -23 29 -23 27 -21 24 -25 25 -20 23 -25 30 -27 24 -29 26 -28 25 -29 29 -29 26 -25 22 -27 22 -25 25 -29 21 -22 19 -25 19 -25 16 -24 21 -25 16 -24 19 -30 19 -23 20 -12 34 -24 19 -23 18 -20 19 -19 18 -22 19 -19 21 -20 18 -18 20 -16 21 -15 18 -15 21 -17 19 -15 22 -15 21 -9 21 -12 19 -13 22 -12 19 -10 19 -11 19 -9 20 -9 19 -12 20 -11 20 -9 19 -10 19 3 25 7 30 6 30 12 27 -1 -1 ]
CSI_DATA,STA,08:3A:F2:51:5D:9D,-49,11,1,0,1,1,1,0,0,0,0,-93,0,6,1,23473598,0,110,0,0,23.656047,384,[110 96 6 0 0 0 0 0 0 0 0 0 -16 -15 -16 -14 -19 -16 -18 -19 -17 -17 -13 -16 -15 -18 -13 -17 -14 -17 -12 -19 -14 -21 -15 -20 -14 -20 -12 -20 -10 -18 -14 -21 -11 -19 -9 -19 -10 -18 -9 -17 -9 -18 -10 -19 -6 -17 -9 -18 -10 -20 -10 -17 0 0 -10 -17 -12 -16 -12 -17 -12 -15 -9 -16 -11 -15 -11 -16 -10 -14 -12 -15 -12 -11 -13 -12 -10 -12 -11 -12 -12 -11 -12 -11 -14 -10 -14 -13 -12 -9 -13 -9 -12 -7 -12 -10 -12 -10 -12 -10 -14 -9 -11 -10 -12 -8 0 0 0 0 0 0 0 0 0 0 -1 -1 -1 -1 11 22 12 21 15 20 14 16 1 17 1 16 2 16 0 17 2 15 1 12 3 15 3 12 4 14 3 14 3 15 3 14 5 15 4 14 3 12 4 12 7 11 3 13 5 9 3 10 3 11 5 10 3 10 6 9 4 11 5 10 10 8 5 10 4 10 4 8 4 8 4 9 4 8 4 7 3 7 3 7 3 6 2 7 2 6 3 6 2 5 2 4 2 4 1 4 0 3 0 3 0 3 1 2 1 1 0 1 1 1 1 0 0 0 0 0 0 0 -1 -1 -1 -1 -1 -1 -1 -1 -1 -1 0 0 0 0 -1 -1 -1 -1 -33 -8 -32 -7 -35 -9 -36 -12 -33 -12 -29 -11 -32 -14 -29 -10 -37 -13 -31 -16 -34 -17 -33 -17 -36 -17 -34 -17 -29 -16 -30 -17 -32 -15 -29 -19 -26 -13 -27 -16 -24 -17 -28 -14 -24 -17 -27 -16 -29 -20 -27 -14 -35 -1 -26 -16 -26 -14 -25 -11 -23 -11 -26 -13 -26 -10 -24 -11 -26 -9 -26 -9 -23 -8 -25 -7 -24 -9 -26 -6 -26 -7 -24 -2 -23 -4 -26 -4 -22 -4 -22 -2 -22 -4 -23 -1 -22 -1 -23 -4 -23 -3 -22 -3 -22 -3 -22 10 -26 14 -26 14 -22 18 -1 -1 ]
CSI_DATA,STA,08:3A:F2:51:5D:9D,-50,11,1,0,1,1,1,0,0,0,0,-93,0,6,1,23473933,0,110,0,0,23.666882,384,[110 96 6 0 0 0 0 0 0 0 0 0 7 -22 6 -22 7 -26 10 -25 10 -23 10 -20 11 -22 11 -20 10 -21 12 -21 14 -23 14 -23 14 -22 15 -21 13 -17 15 -23 13 -19 14 -17 13 -17 12 -16 14 -16 13 -17 13 -14 14 -17 15 -18 12 -17 0 0 12 -17 10 -18 11 -18 9 -17 11 -15 10 -17 11 -17 9 -16 9 -17 5 -16 6 -17 8 -15 8 -16 5 -16 5 -16 4 -17 6 -19 3 -16 3 -17 2 -15 4 -16 4 -16 4 -16 3 -16 4 -15 2 -15 0 0 0 0 0 0 0 0 0 0 -1 -1 -1 -1 -22 16 -20 16 -18 20 -15 18 -19 7 -18 7 -19 7 -20 6 -17 7 -15 5 -17 7 -14 8 -16 9 -16 8 -17 8 -15 9 -16 10 -14 9 -13 7 -13 9 -12 11 -14 8 -10 9 -12 7 -12 7 -11 9 -12 7 -10 9 -12 8 -11 10 -7 13 -11 9 -11 7 -9 8 -9 8 -10 6 -9 7 -8 6 -8 6 -8 6 -8 6 -8 6 -7 5 -7 5 -6 4 -6 4 -5 3 -5 2 -5 2 -4 2 -4 2 -3 1 -2 1 -2 1 -2 0 -1 1 -1 0 0 0 0 0 -1 -1 -1 -1 -1 -1 -1 -1 -1 -1 0 0 0 0 -1 -1 -1 -1 -4 -39 -5 -38 -3 -42 -1 -42 0 -40 1 -35 3 -41 1 -35 1 -44 6 -40 6 -43 5 -42 6 -45 7 -43 7 -36 8 -39 5 -40 9 -38 5 -34 8 -34 9 -32 6 -35 10 -32 8 -34 12 -37 5 -34 -7 -36 7 -34 6 -32 3 -31 3 -30 5 -32 2 -32 3 -31 1 -32 0 -32 -1 -28 -2 -30 1 -29 -2 -30 -2 -29 -7 -27 -4 -26 -5 -29 -4 -25 -5 -26 -4 -25 -7 -26 -7 -25 -4 -26 -5 -25 -5 -24 -5 -25 -15 -21 -21 -23 -21 -23 -23 -20 -1 -1 ]
CSI_DATA,STA,08:3A:F2:51:5D:9D,-41,11,1,0,0,1,1,0,0,0,0,-93,0,6,1,23489846,0,110,0,0,23.677386,256,[110 96 6 0 0 0 0 0 0 0 0 0 -2 -15 -1 -14 -2 -16 -2 -16 -1 -16 -1 -14 0 -15 0 -14 0 -15 1 -15 1 -16 1 -15 1 -15 1 -14 2 -13 1 -16 1 -13 2 -13 2 -13 1 -12 1 -12 2 -13 2 -11 1 -12 1 -13 0 -12 0 0 0 -12 0 -12 0 -12 -1 -11 0 -10 -1 -11 -2 -11 -1 -10 -2 -11 -1 -11 -1 -11 -1 -10 -2 -10 -1 -10 -2 -10 -2 -10 -3 -11 -2 -9 -3 -10 -2 -9 -3 -9 -2 -9 -3 -9 -3 -9 -3 -9 -2 -8 0 0 0 0 0 0 0 0 0 0 -1 -1 -1 -1 0 0 0 0 -27 -11 -21 -12 -14 -19 -13 -17 -16 -17 -14 -19 -15 -18 -12 -18 -15 -19 -11 -19 -14 -20 -12 -22 -11 -22 -11 -22 -10 -20 -10 -20 -8 -18 -13 -20 -9 -17 -10 -20 -9 -18 -9 -19 -10 -17 -9 -17 -8 -17 -7 -18 -8 -19 -8 -18 -1 -1 -10 -14 -9 -15 -9 -14 -11 -15 -7 -13 -11 -12 -11 -14 -9 -12 -11 -11 -12 -14 -11 -13 -11 -12 -11 -11 -9 -11 -12 -12 -11 -11 -12 -11 -10 -10 -11 -9 -11 -9 -11 -10 -11 -9 -11 -10 -12 -10 -11 -9 -11 -8 -16 -3 -16 -1 -1 -1 -1 -1 -1 -1 ]
CSI_DATA,STA,08:3A:F2:51:5D:9D,-46,11,1,0,0,1,1,0,0,0,0,-93,0,6,1,23552359,0,110,0,0,23.719003,256,[110 96 6 0 0 0 0 0 0 0 0 0 23 3 23 4 25 4 25 4 24 5 21 6 23 6 21 7 22 6 22 8 24 8 24 9 22 8 22 8 19 8 24 7 19 8 19 8 19 8 19 7 18 7 19 7 16 8 18 6 20 6 18 5 0 0 18 4 19 4 18 3 18 3 16 3 17 2 18 2 16 2 17 1 16 2 17 1 16 1 16 0 17 1 16 0 16 0 17 -1 15 -1 16 -1 15 -1 15 -1 15 -2 16 -2 15 -2 15 -2 14 -2 0 0 0 0 0 0 0 0 0 0 -1 -1 -1 -1 -1 -1 -1 -1 38 -28 34 -19 40 -8 39 -9 40 -11 40 -8 41 -10 38 -5 42 -7 39 -2 44 -7 44 -1 44 -2 45 -1 40 -2 40 -2 37 0 43 -6 33 -1 38 0 36 -2 37 0 36 -1 36 -2 35 0 33 0 36 0 34 -2 -1 -1 31 -6 32 -6 29 -5 32 -8 26 -5 30 -9 30 -8 27 -7 28 -11 31 -9 29 -10 28 -9 26 -10 27 -9 26 -12 25 -11 26 -13 24 -11 24 -14 24 -12 25 -15 24 -14 25 -13 25 -14 22 -13 21 -14 16 -20 16 -20 -1 -1 -1 -1 -1 -1 ]
CSI_DATA,STA,08:3A:F2:51:5D:9D,-46,11,1,0,0,1,1,0,0,0,0,-93,0,6,1,23553305,0,110,0,0,23.726731,256,[110 96 6 0 0 0 0 0 0 0 0 0 -28 14 -28 13 -29 14 -30 14 -29 13 -27 10 -29 12 -28 10 -28 10 -30 9 -31 10 -31 9 -29 9 -29 8 -27 6 -30 10 -26 6 -27 6 -25 6 -26 7 -24 6 -26 8 -23 4 -24 7 -26 8 -24 8 0 0 -22 9 -23 10 -22 10 -22 10 -20 8 -20 11 -20 12 -19 10 -19 12 -19 11 -19 12 -18 10 -17 11 -18 12 -17 11 -17 12 -17 14 -16 13 -15 13 -15 13 -15 13 -15 13 -15 13 -15 13 -14 12 -14 12 0 0 0 0 0 0 0 0 0 0 -1 -1 -1 -1 -1 -1 -1 -1 -26 55 -28 42 -40 34 -39 35 -38 40 -40 38 -41 39 -41 32 -44 37 -43 29 -46 37 -48 30 -49 31 -50 32 -45 30 -45 30 -44 25 -45 35 -39 24 -44 24 -41 26 -42 25 -41 25 -41 25 -40 23 -38 22 -40 25 -38 25 -1 -1 -33 27 -34 26 -32 25 -32 30 -27 23 -29 30 -29 28 -27 25 -27 31 -30 32 -28 32 -26 29 -24 29 -24 28 -23 31 -22 29 -23 31 -21 29 -19 31 -20 30 -19 32 -19 31 -19 30 -19 32 -17 30 -16 29 -9 30 -7 32 -1 -1 -1 -1 -1 -1 ]
CSI_DATA,STA,08:3A:F2:51:5D:9D,-50,11,1,0,1,1,1,0,0,0,0,-93,0,6,1,23553871,0,110,0,0,23.734386,384,[110 96 6 0 0 0 0 0 0 0 0 0 -17 -18 -16 -17 -19 -19 -18 -23 -17 -21 -13 -19 -15 -21 -13 -19 -15 -20 -13 -22 -13 -25 -15 -24 -13 -24 -12 -24 -9 -20 -14 -24 -11 -21 -9 -22 -10 -20 -10 -19 -9 -20 -10 -21 -6 -20 -9 -21 -10 -23 -10 -20 0 0 -10 -19 -12 -18 -12 -19 -12 -17 -9 -18 -12 -17 -11 -18 -11 -16 -13 -16 -13 -12 -14 -14 -11 -14 -12 -14 -13 -12 -13 -13 -15 -12 -16 -14 -14 -10 -14 -10 -14 -8 -13 -11 -14 -11 -14 -11 -15 -10 -12 -11 -13 -9 0 0 0 0 0 0 0 0 0 0 -1 -1 -1 -1 6 27 6 28 10 26 11 21 -2 22 -1 20 0 22 -2 21 0 20 -1 17 1 19 3 16 3 19 1 19 0 20 1 19 3 21 2 19 1 16 4 17 6 16 3 18 5 13 4 15 2 15 6 15 2 16 6 15 3 17 4 16 10 13 4 15 4 15 4 13 4 13 2 13 4 13 4 12 3 12 2 12 2 11 0 12 0 11 0 10 0 10 1 9 -1 8 0 8 -2 6 -1 6 -2 6 -2 4 -2 4 -2 3 -3 2 -3 1 -3 1 -1 -1 -1 -1 -1 -1 -1 -1 -1 -1 -1 -1 -1 -1 -1 -1 -1 -1 0 0 0 0 -37 -21 -36 -19 -41 -22 -38 -24 -38 -23 -32 -22 -37 -26 -31 -21 -41 -25 -34 -30 -36 -33 -35 -31 -37 -33 -34 -33 -29 -27 -33 -29 -34 -27 -32 -31 -28 -23 -28 -27 -25 -25 -31 -25 -25 -28 -27 -28 -27 -33 -28 -25 -35 -18 -27 -26 -28 -23 -27 -20 -26 -19 -26 -22 -30 -18 -27 -19 -29 -17 -31 -16 -27 -14 -29 -15 -27 -17 -29 -15 -28 -14 -29 -8 -26 -10 -31 -11 -26 -10 -27 -7 -26 -8 -28 -5 -27 -5 -28 -10 -27 -8 -26 -8 -26 -8 -28 3 -32 6 -31 7 -29 13 -1 -1 ]
CSI_DATA,STA,08:3A:F2:51:5D:9D,-50,11,1,0,1,1,1,0,0,0,0,-93,0,6,1,23554266,0,110,0,0,23.745523,384,[110 96 6 0 0 0 0 0 0 0 0 0 20 7 18 6 22 7 22 10 21 9 17 9 20 10 17 9 19 9 18 12 20 13 20 12 19 13 18 13 14 12 20 13 16 11 15 13 15 11 14 11 14 11 15 12 12 12 14 12 16 13 15 10 0 0 15 10 16 9 16 9 16 7 13 9 15 8 15 9 14 7 16 7 14 4 15 5 13 6 14 6 14 3 14 4 15 2 17 4 13 1 15 2 13 0 14 2 14 2 14 2 15 1 13 3 13 1 0 0 0 0 0 0 0 0 0 0 -1 -1 -1 -1 -18 -19 -18 -20 -21 -16 -19 -13 -9 -18 -9 -16 -11 -18 -9 -18 -10 -16 -8 -14 -11 -15 -10 -12 -13 -15 -11 -15 -11 -16 -11 -15 -12 -15 -11 -14 -9 -13 -12 -12 -13 -11 -11 -13 -11 -9 -11 -11 -9 -12 -12 -9 -11 -12 -12 -10 -11 -13 -12 -10 -14 -6 -12 -10 -11 -10 -9 -8 -11 -9 -9 -10 -10 -9 -9 -8 -9 -9 -8 -8 -8 -8 -7 -9 -6 -10 -6 -9 -5 -8 -6 -7 -4 -6 -5 -7 -3 -6 -3 -6 -2 -6 -2 -5 -2 -5 -1 -5 0 -4 0 -4 0 -3 -1 -1 -1 -1 -1 -1 -1 -1 -1 -1 -1 -1 -1 -1 -1 -1 -1 -1 0 0 0 0 37 1 34 -1 40 0 38 3 39 2 32 3 38 5 32 3 41 3 38 9 40 9 39 9 41 10 39 10 31 8 37 8 36 6 36 10 30 6 32 9 29 9 33 6 30 11 31 9 34 13 31 7 33 -2 30 7 31 6 28 4 27 2 28 6 30 1 28 2 28 1 29 -1 25 0 27 -1 27 2 28 -2 26 -2 24 -7 23 -4 27 -6 22 -4 22 -7 22 -5 22 -9 22 -9 25 -5 23 -6 22 -6 22 -5 20 -15 22 -19 20 -19 16 -24 -1 -1 ]
CSI_DATA,STA,08:3A:F2:51:5D:9D,-50,11,1,0,1,1,1,0,0,0,0,-93,0,6,1,23554754,0,110,0,0,23.755694,384,[110 96 6 0 0 0 0 0 0 0 0 0 10 18 9 17 12 20 10 22 10 20 7 18 8 21 7 18 8 19 6 21 6 23 6 23 6 22 4 22 3 18 7 23 4 19 3 20 4 18 4 18 3 18 4 19 1 17 3 19 3 21 4 18 0 0 4 18 6 17 6 18 6 16 3 16 6 16 6 17 6 14 7 16 8 13 8 14 6 13 7 14 8 12 8 12 9 12 10 15 9 10 9 11 9 9 8 11 9 11 9 11 9 11 7 11 8 9 0 0 0 0 0 0 0 0 0 0 -1 -1 -1 -1 -7 -25 -7 -26 -11 -24 -11 -20 2 -19 1 -17 0 -20 3 -19 1 -18 1 -15 -1 -17 -2 -14 -2 -18 -1 -17 0 -18 -1 -17 -2 -18 -2 -17 -1 -14 -3 -16 -5 -15 -3 -16 -5 -12 -3 -14 -2 -14 -5 -14 -2 -14 -5 -14 -3 -16 -4 -14 -10 -12 -3 -14 -3 -13 -3 -11 -3 -12 -2 -13 -4 -13 -3 -11 -3 -11 -2 -11 -2 -10 0 -11 -1 -10 0 -10 0 -9 -1 -9 0 -7 -1 -8 1 -6 0 -6 1 -6 0 -5 0 -5 1 -4 2 -3 2 -2 2 -2 -1 -1 -1 -1 -1 -1 -1 -1 -1 -1 -1 -1 -1 -1 -1 -1 -1 -1 0 0 0 0 28 20 26 18 31 21 27 23 28 22 22 19 27 25 23 19 31 24 24 27 25 30 24 29 27 30 24 29 19 24 24 26 24 24 22 28 20 20 20 23 17 22 22 22 17 24 19 24 19 29 19 22 29 15 19 22 20 21 19 18 19 17 19 20 22 16 19 17 21 15 22 15 19 14 21 14 20 16 22 14 21 12 22 7 19 9 23 10 19 9 20 6 20 8 21 5 21 5 22 10 21 8 19 8 19 8 24 -3 28 -5 27 -7 26 -12 -1 -1 ]
CSI_DATA,STA,08:3A:F2:51:5D:9D,-50,11,1,0,1,1,1,0,0,0,0,-93,0,6,1,23555272,0,110,0,0,23.765695,384,[110 96 6 0 0 0 0 0 0 0 0 0 -17 13 -16 12 -18 15 -21 13 -19 13 -17 10 -19 11 -18 10 -19 11 -20 9 -22 10 -22 10 -22 9 -22 8 -19 6 -22 10 -19 7 -19 6 -18 7 -18 6 -18 6 -19 7 -18 4 -19 6 -21 6 -18 7 0 0 -18 7 -17 9 -18 9 -15 9 -16 6 -16 8 -17 8 -14 8 -15 9 -12 10 -13 10 -13 8 -13 9 -11 10 -12 10 -11 11 -14 12 -10 11 -10 11 -8 11 -11 10 -10 10 -10 10 -10 11 -10 9 -9 10 0 0 0 0 0 0 0 0 0 0 -1 -1 -1 -1 23 0 26 -1 24 -4 21 -6 20 3 18 2 20 2 19 4 18 1 15 2 18 0 15 -1 19 -2 18 0 18 1 18 0 19 -1 17 0 14 0 17 -3 15 -5 17 -2 13 -4 14 -2 14 -1 14 -4 15 -2 14 -4 16 -1 15 -4 13 -7 14 -3 14 -3 12 -3 13 -4 12 -1 13 -3 11 -3 11 -2 11 -2 11 -2 11 0 11 0 10 0 8 0 8 -1 7 0 7 0 6 1 6 0 5 1 5 1 4 1 3 2 2 2 2 2 1 1 -1 -1 -1 -1 -1 -1 -1 -1 -1 -1 -1 -1 -1 -1 -1 -1 -1 -1 0 0 0 0 -25 29 -22 28 -26 33 -28 29 -28 31 -24 24 -29 29 -23 25 -29 32 -32 25 -35 26 -34 26 -36 27 -35 25 -28 20 -31 26 -29 25 -33 23 -25 21 -28 20 -27 18 -27 23 -29 18 -29 19 -34 19 -26 21 -22 25 -26 20 -25 21 -22 20 -21 21 -24 19 -21 23 -21 21 -20 22 -19 25 -18 22 -18 23 -20 21 -17 24 -16 22 -12 25 -13 21 -14 26 -12 20 -9 23 -11 21 -9 24 -8 23 -13 23 -11 22 -11 21 -11 21 -3 25 -2 28 -1 26 5 28 -1 -1 ]
CSI_DATA,STA,08:3A:F2:51:5D:9D,-50,11,1,0,1,1,1,0,0,0,0,-93,0,6,1,23555771,0,110,0,0,23.776106,384,[110 96 6 0 0 0 0 0 0 0 0 0 -21 -3 -20 -3 -24 -3 -24 -6 -23 -5 -19 -6 -22 -6 -20 -6 -21 -6 -21 -8 -23 -10 -23 -9 -22 -9 -21 -10 -17 -10 -23 -9 -18 -9 -18 -10 -18 -9 -17 -8 -17 -9 -19 -9 -15 -10 -18 -10 -19 -11 -18 -8 0 0 -18 -8 -19 -6 -18 -7 -18 -5 -16 -8 -17 -5 -18 -6 -16 -5 -17 -4 -16 -2 -17 -3 -15 -4 -16 -4 -15 -2 -16 -2 -16 0 -19 -2 -15 0 -15 0 -14 2 -15 0 -15 0 -16 0 -15 1 -14 -1 -13 0 0 0 0 0 0 0 0 0 0 0 -1 -1 -1 -1 21 11 24 12 23 8 21 5 12 13 11 12 13 13 11 14 12 12 9 9 12 10 11 7 14 9 13 10 12 11 12 10 14 10 12 9 10 8 13 7 13 5 12 8 11 4 11 7 11 7 12 5 11 7 12 5 12 8 12 5 14 1 11 6 12 6 10 5 10 5 10 6 11 5 9 4 9 5 9 5 8 5 7 6 8 6 7 6 5 5 6 4 4 4 5 4 3 4 3 4 2 3 2 3 2 3 0 3 0 3 -1 2 -1 2 -1 -1 -1 -1 -1 -1 -1 -1 -1 -1 -1 -1 -1 -1 -1 -1 -1 -1 0 0 0 0 -35 8 -32 8 -39 10 -37 6 -37 8 -31 5 -38 5 -31 6 -40 8 -39 1 -41 0 -40 0 -42 1 -41 0 -33 -1 -38 1 -35 2 -38 -1 -30 2 -32 0 -30 -2 -34 3 -32 -3 -32 -2 -37 -4 -31 0 -32 11 -31 0 -31 2 -28 3 -27 4 -29 1 -28 7 -27 4 -28 6 -28 8 -25 7 -26 7 -27 5 -26 8 -25 8 -22 12 -21 8 -25 12 -20 8 -19 11 -20 10 -20 13 -19 13 -23 10 -22 10 -20 9 -20 9 -15 20 -15 24 -14 23 -9 28 -1 -1 ]
CSI_DATA,STA,08:3A:F2:51:5D:9D,-50,11,1,0,1,1,1,0,0,0,0,-93,0,6,1,23571435,0,110,0,0,23.786336,384,[110 96 6 0 0 0 0 0 0 0 0 0 -22 5 -22 5 -24 6 -27 3 -24 3 -22 1 -24 1 -22 0 -23 1 -23 0 -26 0 -26 0 -25 0 -25 -2 -21 -3 -26 0 -22 -2 -21 -3 -21 -2 -20 -2 -21 -3 -21 -3 -18 -4 -21 -2 -22 -3 -20 -1 0 0 -20 -1 -20 1 -21 1 -18 2 -18 -1 -19 1 -19 1 -17 1 -18 2 -15 4 -17 5 -16 3 -16 3 -15 5 -15 5 -15 7 -18 6 -14 7 -14 6 -12 7 -15 6 -14 6 -14 6 -14 7 -13 5 -12 7 0 0 0 0 0 0 0 0 0 0 -1 -1 -1 -1 25 3 25 2 27 -2 23 -3 17 7 17 6 18 6 18 8 16 6 14 4 17 5 15 2 18 2 16 3 17 4 17 3 19 2 17 2 15 3 16 1 17 -2 15 2 13 -1 14 1 14 2 15 0 14 1 15 -2 15 1 15 -2 14 -7 15 -1 14 0 13 -1 12 -1 13 0 13 -1 11 -1 11 0 11 0 10 -1 11 0 10 1 10 1 9 1 8 0 7 0 7 1 6 1 6 0 5 1 5 0 4 0 3 1 2 1 2 1 2 0 -1 -1 -1 -1 -1 -1 -1 -1 -1 -1 -1 -1 -1 -1 -1 -1 -1 -1 0 0 0 0 -31 21 -30 21 -33 21 -36 20 -34 19 -31 16 -36 17 -30 16 -37 20 -36 14 -39 16 -37 16 -41 17 -39 16 -33 13 -36 13 -35 16 -36 11 -30 12 -32 10 -30 9 -32 13 -30 8 -31 11 -36 10 -29 12 -25 24 -31 12 -29 11 -27 14 -24 12 -28 12 -26 15 -25 13 -25 15 -24 17 -20 14 -22 17 -23 15 -22 18 -21 18 -16 19 -17 17 -19 19 -17 17 -15 18 -16 17 -14 19 -14 19 -17 18 -16 18 -15 17 -15 17 -6 23 -4 29 -3 30 1 28 -1 -1 ]
CSI_DATA,STA,08:3A:F2:51:5D:9D,-44,11,1,0,0,1,1,0,0,0,0,-93,0,6,1,23693103,0,110,0,0,23.859713,256,[110 96 6 0 0 0 0 0 0 0 0 0 -16 -2 -16 -3 -17 -3 -18 -3 -16 -4 -16 -4 -15 -4 -15 -4 -16 -4 -15 -5 -16 -4 -16 -5 -16 -5 -15 -5 -14 -5 -15 -5 -14 -5 -13 -5 -13 -5 -13 -5 -13 -5 -14 -4 -11 -4 -13 -3 -13 -4 -12 -3 0 0 -12 -3 -12 -2 -12 -2 -12 -2 -11 -2 -11 -1 -11 -1 -11 -1 -11 -1 -10 0 -11 0 -10 0 -10 0 -10 0 -10 1 -10 1 -10 1 -9 2 -10 1 -9 1 -9 2 -9 2 -9 2 -9 2 -8 2 -8 2 0 0 0 0 0 0 0 0 0 0 -1 -1 -1 -1 -1 -1 -1 -1 -17 26 -17 21 -24 9 -23 9 -23 9 -25 9 -23 8 -24 6 -24 8 -24 6 -25 8 -26 5 -26 6 -26 6 -24 5 -24 5 -23 4 -24 7 -22 3 -21 3 -21 4 -22 3 -22 4 -21 3 -20 4 -19 3 -21 4 -18 4 -1 -1 -18 5 -17 6 -17 5 -18 7 -15 5 -16 7 -15 7 -15 6 -15 7 -16 9 -15 10 -14 8 -13 7 -14 7 -13 8 -13 8 -13 9 -12 9 -11 9 -11 9 -11 10 -11 9 -10 9 -11 10 -9 9 -9 9 -4 12 -4 14 -1 -1 -1 -1 -1 -1 ]
CSI_DATA,STA,08:3A:F2:51:5D:9D,-49,11,1,0,1,1,1,0,0,0,0,-93,0,6,1,23696614,0,110,0,0,23.867497,384,[110 96 6 0 0 0 0 0 0 0 0 0 16 16 16 16 19 18 18 22 16 19 13 18 14 20 12 18 13 19 12 20 14 23 15 22 13 21 12 22 9 20 13 22 11 20 8 19 9 19 9 18 9 19 9 19 6 17 9 19 10 21 10 17 0 0 10 17 11 15 12 17 11 14 9 16 11 15 11 16 10 13 11 14 12 9 13 11 10 11 11 11 12 9 11 9 13 8 14 11 12 7 13 7 12 5 12 8 12 7 12 7 13 5 11 6 11 5 0 0 0 0 0 0 0 0 0 0 -1 -1 -1 -1 -10 -23 -11 -22 -14 -21 -12 -18 -4 -19 -4 -18 -6 -19 -4 -20 -5 -17 -4 -15 -7 -16 -7 -13 -8 -16 -8 -15 -8 -16 -9 -15 -10 -16 -9 -15 -8 -13 -10 -13 -12 -12 -9 -14 -10 -10 -9 -11 -9 -12 -11 -10 -9 -11 -12 -10 -11 -12 -12 -10 -14 -6 -11 -10 -11 -10 -11 -9 -10 -8 -10 -9 -11 -8 -11 -7 -10 -7 -9 -7 -10 -6 -9 -7 -9 -7 -9 -7 -9 -7 -8 -5 -8 -5 -9 -5 -7 -4 -7 -4 -6 -4 -7 -3 -7 -3 -6 -3 -6 -4 -5 -3 -5 -3 -1 -1 -1 -1 -1 -1 -1 -1 -1 -1 -1 -1 -1 -1 -1 -1 -1 -1 0 0 0 0 36 19 36 17 39 20 39 23 36 22 31 20 35 24 32 19 39 24 33 26 36 28 35 28 37 29 35 29 29 25 32 27 34 26 29 28 27 21 26 24 24 23 29 23 24 24 26 23 28 29 27 21 33 13 27 22 25 21 26 18 24 15 25 19 27 15 25 15 27 14 27 14 24 11 27 11 25 12 28 10 27 9 25 4 24 6 27 6 23 5 23 3 22 4 24 1 24 1 24 4 23 2 22 3 22 3 22 -5 27 -10 26 -12 23 -14 -1 -1 ]
CSI_DATA,STA,08:3A:F2:51:5D:9D,-49,11,1,0,1,1,1,0,0,0,0,-93,0,6,1,23697792,0,110,0,0,23.877829,384,[110 96 6 0 0 0 0 0 0 0 0 0 6 -24 6 -22 7 -26 10 -26 9 -24 9 -20 10 -23 10 -21 10 -22 12 -22 14 -24 13 -24 13 -23 14 -22 13 -18 13 -23 12 -19 13 -18 12 -18 11 -17 12 -17 12 -18 13 -15 13 -18 13 -19 10 -18 0 0 11 -18 8 -19 9 -19 7 -18 10 -16 8 -17 9 -18 7 -16 6 -17 3 -16 4 -17 5 -15 5 -16 3 -16 3 -16 1 -16 3 -18 0 -15 0 -15 -1 -14 1 -15 0 -15 0 -15 -1 -16 1 -14 -1 -13 0 0 0 0 0 0 0 0 0 0 -1 -1 -1 -1 -7 22 -6 23 -2 24 -2 20 -10 12 -10 11 -10 13 -11 12 -9 11 -7 10 -8 11 -5 11 -6 13 -7 13 -7 12 -6 12 -5 14 -5 13 -4 11 -4 12 -1 13 -5 12 -1 11 -3 11 -4 11 -1 12 -3 10 0 11 -3 12 -1 11 7 12 -1 12 -1 11 0 10 -1 10 -1 11 0 10 0 9 0 9 -1 9 0 9 0 9 0 9 0 8 0 8 1 6 0 6 1 7 0 6 0 5 0 5 1 5 1 5 1 4 1 4 1 4 1 3 -1 -1 -1 -1 -1 -1 -1 -1 -1 -1 -1 -1 -1 -1 -1 -1 -1 -1 0 0 0 0 -10 -35 -11 -34 -10 -38 -8 -39 -7 -37 -6 -33 -4 -37 -7 -32 -8 -40 -2 -37 -3 -40 -4 -39 -5 -42 -3 -40 -2 -34 0 -36 -5 -37 1 -36 -2 -30 0 -32 1 -30 -3 -33 1 -30 -1 -31 2 -35 -3 -30 -20 -31 -1 -31 -1 -30 -5 -28 -3 -25 -3 -29 -6 -27 -5 -26 -7 -27 -8 -26 -7 -22 -9 -24 -7 -24 -9 -24 -10 -23 -12 -19 -10 -20 -12 -22 -10 -19 -11 -18 -10 -19 -13 -17 -12 -17 -11 -19 -12 -18 -11 -17 -11 -17 -21 -10 -28 -9 -28 -8 -27 -4 -1 -1 ]
CSI_DATA,STA,08:3A:F2:51:5D:9D,-49,11,1,0,1,1,1,0,0,0,0,-93,0,6,1,23700686,0,110,0,0,23.888416,384,[110 96 6 0 0 0 0 0 0 0 0 0 16 -18 15 -17 17 -20 21 -19 19 -17 17 -14 20 -16 19 -14 19 -15 20 -13 23 -15 22 -16 22 -14 22 -13 19 -10 22 -15 20 -11 19 -10 19 -10 18 -10 19 -9 19 -10 18 -7 19 -10 20 -10 17 -11 0 0 17 -10 16 -12 17 -12 14 -12 15 -9 15 -11 16 -11 13 -10 14 -12 10 -12 11 -14 11 -10 11 -11 10 -12 10 -12 9 -14 11 -15 7 -13 8 -13 6 -13 8 -12 7 -13 7 -13 6 -13 7 -12 5 -12 0 0 0 0 0 0 0 0 0 0 -1 -1 -1 -1 -22 11 -21 11 -19 16 -16 13 -17 3 -17 4 -18 5 -19 3 -15 3 -14 4 -15 5 -12 6 -15 7 -14 6 -15 6 -14 7 -15 8 -13 7 -12 6 -12 8 -11 10 -13 7 -9 9 -11 8 -11 7 -10 9 -11 7 -9 10 -12 9 -9 10 -5 14 -10 10 -10 8 -8 9 -8 9 -9 8 -8 9 -8 8 -8 8 -7 8 -7 8 -7 8 -7 8 -7 7 -6 6 -5 7 -5 6 -5 7 -4 6 -4 5 -4 5 -3 5 -3 4 -3 4 -3 4 -3 4 -3 5 -1 -1 -1 -1 -1 -1 -1 -1 -1 -1 -1 -1 -1 -1 -1 -1 -1 -1 0 0 0 0 13 -38 12 -37 15 -40 18 -41 17 -37 15 -33 19 -36 16 -32 19 -41 22 -34 22 -38 21 -37 23 -39 23 -37 20 -31 22 -33 20 -36 24 -31 18 -29 21 -28 20 -25 19 -30 20 -25 20 -28 24 -29 16 -29 6 -36 19 -28 17 -26 14 -27 13 -24 16 -27 13 -27 13 -26 12 -27 10 -27 9 -24 8 -27 10 -25 7 -27 7 -27 2 -25 4 -24 4 -26 3 -24 2 -23 3 -23 0 -24 0 -23 3 -24 1 -23 1 -22 1 -23 -9 -22 -14 -25 -15 -26 -16 -22 -1 -1 ]
CSI_DATA,STA,08:3A:F2:51:5D:9D,-49,11,1,0,1,1,1,0,0,0,0,-93,0,6,1,23701082,0,110,0,0,23.899036,384,[110 96 6 0 0 0 0 0 0 0 0 0 20 12 19 11 23 13 22 16 20 15 16 14 19 16 17 15 18 15 17 17 18 19 19 18 18 18 16 19 12 17 18 19 14 16 13 17 13 16 12 15 12 17 13 17 10 16 13 17 14 18 13 14 0 0 13 15 14 13 15 14 14 12 11 13 13 12 13 13 12 11 14 11 14 7 14 8 12 9 13 9 13 7 13 7 14 6 16 8 13 4 14 5 13 3 13 5 13 5 13 5 14 3 12 5 12 3 0 0 0 0 0 0 0 0 0 0 -1 -1 -1 -1 -17 -17 -18 -17 -22 -13 -18 -11 -8 -16 -9 -15 -10 -15 -9 -16 -9 -14 -7 -12 -9 -13 -9 -10 -11 -12 -10 -12 -11 -13 -11 -11 -13 -12 -11 -11 -10 -10 -12 -9 -13 -8 -11 -10 -11 -6 -11 -8 -10 -9 -12 -7 -10 -8 -13 -6 -12 -9 -13 -6 -15 -1 -12 -6 -12 -7 -11 -5 -11 -5 -11 -6 -12 -6 -11 -5 -11 -5 -10 -5 -10 -3 -9 -5 -10 -5 -9 -4 -9 -4 -8 -2 -7 -3 -8 -3 -7 -3 -7 -3 -7 -3 -6 -2 -6 -2 -6 -3 -6 -2 -5 -2 -5 -2 -1 -1 -1 -1 -1 -1 -1 -1 -1 -1 -1 -1 -1 -1 -1 -1 -1 -1 0 0 0 0 37 2 36 1 41 3 40 5 38 5 33 6 38 9 32 6 42 7 37 12 40 11 39 11 42 11 40 12 33 11 36 13 37 9 34 14 30 9 31 12 28 13 32 10 28 13 30 11 33 15 30 8 35 -5 30 11 28 10 27 6 25 6 28 8 28 4 26 6 28 3 28 2 24 2 26 1 26 3 26 0 26 0 23 -5 22 -2 25 -3 21 -2 21 -4 21 -3 21 -6 20 -6 23 -3 21 -5 20 -5 20 -4 18 -16 19 -21 19 -21 15 -23 -1 -1 ]
CSI_DATA,STA,08:3A:F2:51:5D:9D,-49,11,1,0,1,1,1,0,0,0,0,-93,0,6,1,23701572,0,110,0,0,23.909362,384,[110 96 6 0 0 0 0 0 0 0 0 0 3 20 3 20 4 22 1 25 1 22 0 20 0 22 -1 20 0 21 -2 21 -2 24 -1 23 -2 23 -3 22 -4 19 -2 23 -3 20 -4 18 -3 19 -3 17 -3 18 -3 19 -5 16 -3 18 -3 20 -1 18 0 0 -2 18 0 17 0 18 1 16 -2 16 1 16 0 17 1 14 2 16 4 13 4 14 2 13 3 13 4 12 4 12 5 13 5 15 5 11 6 11 6 10 5 11 5 11 6 11 7 10 5 10 6 9 0 0 0 0 0 0 0 0 0 0 -1 -1 -1 -1 2 -21 2 -21 -2 -22 -3 -18 5 -16 4 -15 3 -17 5 -17 3 -15 2 -13 2 -15 1 -13 0 -16 0 -15 1 -16 0 -15 -1 -16 -1 -15 -1 -13 -2 -14 -4 -15 -1 -14 -4 -12 -3 -13 -2 -13 -4 -12 -2 -13 -5 -12 -4 -14 -5 -13 -8 -10 -5 -13 -4 -12 -5 -11 -5 -11 -4 -12 -5 -11 -5 -10 -5 -10 -5 -10 -5 -9 -4 -10 -4 -9 -4 -9 -4 -9 -5 -8 -4 -7 -5 -7 -4 -7 -4 -6 -3 -6 -4 -6 -4 -5 -3 -5 -4 -4 -3 -5 -3 -5 -1 -1 -1 -1 -1 -1 -1 -1 -1 -1 -1 -1 -1 -1 -1 -1 -1 -1 0 0 0 0 18 30 18 29 19 32 17 34 16 32 13 29 13 34 13 28 17 35 11 34 13 37 13 36 14 38 12 37 9 32 11 34 13 34 8 34 10 28 8 30 7 28 11 30 6 28 9 29 7 33 10 27 20 24 9 28 9 26 11 25 10 22 10 26 13 23 11 23 13 22 15 22 13 18 14 20 13 21 15 19 15 18 17 14 15 15 17 17 15 14 16 13 14 13 17 11 17 11 16 14 16 12 15 11 15 12 20 5 24 4 25 3 23 0 -1 -1 ]
CSI_DATA,STA,08:3A:F2:51:5D:9D,-49,11,1,0,1,1,1,0,0,0,0,-93,0,6,1,23706952,0,110,0,0,23.919433,384,[110 96 6 0 0 0 0 0 0 0 0 0 -20 -14 -20 -13 -23 -15 -22 -19 -20 -17 -16 -16 -19 -18 -17 -17 -17 -17 -17 -19 -19 -21 -19 -20 -18 -20 -17 -21 -13 -18 -18 -20 -15 -18 -13 -19 -13 -18 -12 -17 -12 -18 -13 -18 -10 -17 -13 -18 -14 -19 -14 -16 0 0 -13 -17 -15 -14 -15 -15 -15 -13 -12 -15 -14 -14 -14 -14 -13 -13 -14 -12 -14 -9 -16 -9 -13 -10 -14 -10 -15 -8 -14 -8 -15 -7 -17 -9 -14 -5 -14 -6 -13 -4 -14 -7 -14 -6 -15 -6 -15 -4 -13 -6 -13 -4 0 0 0 0 0 0 0 0 0 0 -1 -1 -1 -1 9 22 11 21 15 20 12 17 5 18 5 17 6 18 5 19 6 16 5 14 7 15 7 12 9 15 8 14 8 15 9 13 11 15 10 14 8 12 11 11 12 10 9 12 11 9 9 10 9 11 11 9 9 10 12 8 11 10 12 9 13 5 12 8 11 9 11 7 11 7 10 8 11 7 10 6 10 7 9 6 9 5 9 6 9 6 9 6 8 5 8 3 7 4 8 4 6 3 6 2 6 3 6 2 6 2 5 2 4 2 4 2 4 2 -1 -1 -1 -1 -1 -1 -1 -1 -1 -1 -1 -1 -1 -1 -1 -1 -1 -1 0 0 0 0 -41 -15 -40 -13 -44 -16 -44 -20 -41 -18 -36 -17 -41 -21 -36 -18 -44 -21 -38 -24 -42 -25 -40 -24 -43 -26 -40 -27 -34 -23 -37 -24 -38 -23 -34 -26 -32 -20 -31 -23 -28 -23 -34 -22 -28 -23 -31 -22 -32 -26 -32 -19 -35 -11 -31 -21 -30 -19 -31 -16 -28 -14 -30 -18 -30 -14 -29 -14 -30 -14 -30 -11 -26 -9 -30 -9 -28 -10 -30 -8 -29 -8 -28 -2 -26 -4 -30 -5 -26 -3 -25 -2 -25 -3 -27 0 -26 0 -27 -3 -25 -1 -24 -1 -25 -1 -23 7 -27 12 -27 12 -23 15 -1 -1 ]
CSI_DATA,STA,08:3A:F2:51:5D:9D,-49,11,1,0,1,1,1,0,0,0,0,-93,0,6,1,23707370,0,110,0,0,23.930353,384,[110 96 6 0 0 0 0 0 0 0 0 0 19 -15 18 -14 20 -17 23 -15 22 -14 19 -11 22 -13 20 -10 21 -12 22 -10 25 -10 25 -11 24 -10 23 -9 20 -6 25 -11 21 -8 21 -6 20 -7 19 -7 19 -6 20 -8 19 -4 20 -6 22 -7 19 -7 0 0 19 -7 17 -10 18 -10 16 -10 16 -7 16 -9 17 -9 14 -9 16 -10 12 -11 13 -11 13 -8 13 -10 11 -11 11 -11 10 -12 13 -13 9 -12 9 -12 7 -11 10 -11 9 -12 9 -12 8 -13 9 -11 7 -11 0 0 0 0 0 0 0 0 0 0 -1 -1 -1 -1 -22 12 -20 13 -18 16 -16 14 -18 3 -16 3 -18 4 -18 2 -16 4 -13 3 -15 4 -12 5 -14 6 -15 5 -16 5 -15 6 -15 8 -14 7 -12 6 -12 7 -11 9 -13 7 -9 8 -11 7 -11 6 -10 8 -11 7 -9 9 -12 8 -10 9 -4 15 -10 9 -9 8 -8 8 -8 9 -9 8 -8 9 -7 8 -8 8 -8 8 -7 7 -8 7 -7 7 -7 6 -6 6 -5 7 -5 5 -5 7 -5 5 -5 5 -5 4 -4 4 -3 4 -4 4 -3 4 -3 4 -3 4 -1 -1 -1 -1 -1 -1 -1 -1 -1 -1 -1 -1 -1 -1 -1 -1 -1 -1 0 0 0 0 15 -35 14 -34 17 -37 19 -36 18 -35 17 -30 22 -34 16 -30 20 -38 24 -31 25 -34 24 -33 25 -36 25 -33 21 -27 23 -30 20 -32 25 -29 18 -26 21 -26 21 -22 19 -28 22 -22 21 -26 25 -27 18 -26 7 -36 20 -26 17 -25 14 -25 13 -23 16 -24 13 -26 13 -24 12 -26 11 -26 11 -23 9 -25 11 -24 8 -26 8 -25 2 -24 5 -23 5 -25 4 -22 3 -22 4 -22 1 -22 0 -22 4 -23 2 -23 2 -21 2 -22 -9 -22 -14 -24 -15 -25 -18 -20 -1 -1 ]
CSI_DATA,STA,08:3A:F2:51:5D:9D,-49,11,1,0,1,1,1,0,0,0,0,-93,0,6,1,23707799,0,110,0,0,23.940855,384,[110 96 6 0 0 0 0 0 0 0 0 0 21 11 20 10 23 12 23 15 21 13 17 13 20 15 18 14 19 14 17 16 19 18 20 17 19 17 17 18 14 16 19 17 16 16 14 16 14 16 14 14 14 15 14 16 11 15 14 16 15 17 14 14 0 0 14 14 15 12 16 13 15 10 12 12 14 11 14 12 13 10 15 9 14 6 15 7 13 8 13 8 14 6 14 6 15 4 16 6 14 3 14 3 13 2 14 4 14 3 14 3 14 2 13 4 12 2 0 0 0 0 0 0 0 0 0 0 -1 -1 -1 -1 -13 -20 -14 -21 -18 -19 -15 -15 -8 -18 -8 -17 -10 -18 -8 -19 -9 -16 -8 -14 -9 -15 -10 -12 -12 -15 -10 -14 -11 -15 -11 -14 -13 -14 -12 -13 -10 -12 -12 -11 -14 -11 -12 -12 -12 -8 -12 -10 -10 -11 -13 -9 -11 -10 -14 -8 -13 -11 -14 -8 -15 -4 -14 -9 -13 -9 -12 -7 -13 -7 -12 -8 -13 -7 -12 -6 -12 -7 -11 -6 -10 -5 -11 -6 -10 -7 -10 -6 -10 -6 -10 -4 -9 -4 -9 -4 -8 -4 -8 -3 -8 -4 -8 -3 -7 -3 -6 -3 -6 -3 -6 -3 -6 -3 -1 -1 -1 -1 -1 -1 -1 -1 -1 -1 -1 -1 -1 -1 -1 -1 -1 -1 0 0 0 0 41 8 40 6 43 9 44 12 41 11 37 11 41 14 36 11 45 14 39 18 43 18 41 18 44 19 42 19 35 17 38 18 40 16 36 20 33 14 32 18 29 18 34 16 29 18 32 16 33 21 32 14 36 5 32 15 30 13 30 11 28 9 30 13 31 9 29 9 30 7 30 7 26 5 28 3 27 6 29 3 28 3 26 -3 25 0 28 -1 24 -1 24 -2 24 -1 25 -4 24 -4 25 -1 24 -3 23 -3 23 -3 21 -10 24 -15 24 -16 21 -18 -1 -1 ]
CSI_DATA,STA,08:3A:F2:51:5D:9D,-49,11,1,0,1,1,1,0,0,0,0,-93,0,6,1,23708290,0,110,0,0,23.951301,384,[110 96 6 0 0 0 0 0 0 0 0 0 8 22 7 21 9 24 7 27 6 24 3 21 4 24 3 22 4 23 2 24 2 26 3 26 2 25 1 25 -1 21 2 26 0 22 -2 21 0 21 0 20 -1 21 0 22 -3 19 -1 21 -1 23 1 20 0 0 1 20 3 19 3 20 3 18 0 18 3 18 2 18 3 16 4 17 6 14 6 15 4 15 5 15 6 14 6 14 7 14 8 16 7 12 8 12 8 10 7 12 7 12 7 12 9 11 6 11 7 10 0 0 0 0 0 0 0 0 0 0 -1 -1 -1 -1 6 -24 5 -25 1 -26 0 -21 7 -18 6 -18 5 -19 7 -19 5 -18 4 -16 3 -18 2 -15 2 -19 3 -17 3 -19 1 -18 1 -19 1 -18 1 -16 -2 -17 -3 -17 0 -17 -4 -14 -2 -15 0 -15 -3 -16 -1 -15 -4 -16 -2 -17 -4 -16 -7 -14 -4 -16 -3 -15 -5 -14 -4 -13 -3 -14 -5 -14 -5 -13 -5 -12 -4 -12 -4 -12 -3 -12 -3 -12 -4 -12 -4 -11 -4 -10 -3 -9 -5 -9 -3 -8 -4 -8 -3 -7 -4 -7 -4 -7 -3 -7 -3 -7 -3 -6 -2 -6 -1 -1 -1 -1 -1 -1 -1 -1 -1 -1 -1 -1 -1 -1 -1 -1 -1 -1 0 0 0 0 23 35 23 33 25 37 23 40 22 38 18 34 20 40 17 34 23 42 14 41 17 44 16 43 17 45 16 44 12 37 15 40 17 40 11 40 13 33 10 36 8 34 13 36 7 34 11 35 9 40 12 34 20 30 12 34 12 32 14 30 13 26 12 31 16 29 14 27 16 27 17 27 15 22 17 24 15 24 18 24 18 22 20 17 17 18 20 20 17 17 19 15 17 16 20 15 21 14 18 17 18 15 18 15 17 15 21 9 27 7 27 7 26 2 -1 -1 ]
CSI_DATA,STA,08:3A:F2:51:5D:9D,-49,11,1,0,1,1,1,0,0,0,0,-93,0,6,1,23863555,0,110,0,0,24.30112,384,[110 96 6 0 0 0 0 0 0 0 0 0 23 -2 22 -2 25 -2 27 1 25 0 21 2 24 2 22 3 22 2 23 4 26 4 26 3 25 4 24 5 20 6 25 4 22 5 20 6 21 5 19 4 19 5 20 5 17 6 20 5 21 5 19 3 0 0 19 3 19 1 20 2 18 1 17 3 18 1 19 1 16 0 17 0 14 -3 16 -3 15 -1 15 -2 15 -4 14 -3 15 -5 17 -4 13 -5 14 -5 11 -6 13 -4 13 -5 13 -5 13 -7 12 -4 11 -6 0 0 0 0 0 0 0 0 0 0 -1 -1 -1 -1 -22 -9 -22 -9 -25 -5 -21 -4 -16 -10 -16 -9 -17 -9 -18 -11 -16 -8 -14 -7 -16 -7 -14 -4 -17 -5 -16 -5 -17 -6 -17 -4 -18 -4 -17 -4 -16 -4 -16 -2 -17 0 -16 -3 -15 0 -15 -2 -15 -2 -15 0 -14 -1 -15 2 -16 -1 -15 1 -13 5 -15 1 -15 0 -14 1 -13 1 -14 0 -14 2 -12 2 -12 1 -12 1 -11 1 -12 1 -12 1 -11 1 -11 1 -9 2 -8 1 -9 1 -8 1 -7 1 -7 1 -6 2 -6 2 -6 1 -6 1 -5 1 -5 1 -1 -1 0 0 0 0 -1 -1 -1 -1 -1 -1 0 0 0 0 -1 -1 -1 -1 -1 -1 37 -15 36 -16 40 -15 43 -14 40 -12 36 -11 41 -11 35 -11 43 -13 40 -7 44 -9 42 -9 45 -10 44 -7 38 -6 41 -6 42 -8 39 -3 35 -7 35 -4 34 -3 36 -6 33 -2 35 -6 39 -3 33 -8 31 -17 34 -6 32 -6 31 -8 27 -8 32 -7 29 -10 28 -9 29 -11 27 -12 23 -11 26 -13 25 -11 26 -14 25 -14 20 -16 21 -15 23 -16 19 -14 18 -16 18 -14 18 -17 17 -17 19 -16 17 -17 16 -15 17 -15 10 -19 11 -25 11 -27 6 -26 -1 -1 ]
CSI_DATA,STA,08:3A:F2:51:5D:9D,-49,11,1,0,1,1,1,0,0,0,0,-93,0,6,1,23868711,0,110,0,0,24.41372,384,[110 96 6 0 0 0 0 0 0 0 0 0 -13 -19 -13 -19 -15 -21 -13 -24 -12 -22 -10 -20 -11 -22 -9 -20 -10 -21 -9 -22 -9 -25 -10 -24 -9 -24 -8 -23 -6 -20 -10 -24 -7 -21 -5 -21 -7 -21 -6 -19 -6 -20 -7 -20 -3 -18 -6 -20 -7 -21 -7 -19 0 0 -7 -19 -9 -17 -9 -18 -9 -16 -6 -17 -9 -16 -8 -17 -9 -15 -9 -15 -10 -12 -11 -12 -9 -13 -9 -13 -11 -11 -10 -11 -12 -10 -13 -13 -11 -9 -11 -9 -11 -7 -11 -9 -11 -9 -11 -9 -12 -8 -10 -9 -11 -7 0 0 0 0 0 0 0 0 0 0 -1 -1 -1 -1 8 20 10 19 14 18 12 15 2 16 3 15 4 15 3 16 4 14 3 12 5 13 5 11 7 14 6 13 6 13 7 12 8 13 8 12 6 11 8 10 10 9 8 11 9 7 7 9 7 9 9 9 7 9 10 7 9 9 10 8 12 4 9 8 9 8 9 6 8 6 8 7 9 6 8 6 8 6 7 6 7 5 7 5 8 6 7 5 7 5 6 3 6 3 6 3 5 3 5 2 4 3 5 1 5 1 4 2 4 1 3 1 3 1 -1 -1 0 0 0 0 -1 -1 -1 -1 -1 -1 0 0 0 0 -1 -1 -1 -1 -1 -1 -32 -19 -32 -18 -34 -21 -34 -23 -31 -22 -29 -20 -31 -25 -28 -21 -34 -25 -28 -27 -31 -27 -30 -26 -33 -28 -31 -28 -26 -24 -27 -26 -30 -25 -26 -27 -25 -21 -24 -24 -21 -24 -26 -23 -20 -24 -24 -23 -25 -27 -24 -21 -34 -10 -24 -22 -23 -20 -24 -17 -22 -16 -23 -19 -25 -17 -23 -16 -25 -15 -25 -14 -21 -11 -24 -11 -23 -13 -25 -11 -24 -11 -23 -5 -22 -7 -25 -7 -21 -6 -21 -5 -21 -6 -22 -4 -22 -4 -22 -6 -22 -4 -20 -4 -21 -4 -20 6 -24 11 -24 11 -21 14 -1 -1 ]
CSI_DATA,STA,08:3A:F2:51:5D:9D,-49,11,1,0,1,1,1,0,0,0,0,-93,0,6,1,23869276,0,110,0,0,24.52231,384,[110 96 6 0 0 0 0 0 0 0 0 0 14 -20 14 -20 15 -23 19 -22 17 -20 17 -17 18 -19 17 -17 17 -18 19 -16 21 -18 21 -19 21 -17 21 -16 19 -12 21 -18 19 -14 19 -12 18 -13 17 -12 18 -12 18 -13 17 -9 18 -12 20 -13 17 -13 0 0 17 -12 15 -14 16 -14 13 -14 15 -11 14 -13 15 -13 12 -12 13 -13 9 -13 10 -14 11 -12 10 -13 9 -14 9 -13 8 -15 9 -16 6 -14 6 -14 4 -13 7 -13 6 -13 6 -13 5 -14 6 -12 4 -13 0 0 0 0 0 0 0 0 0 0 -1 -1 -1 -1 -21 12 -20 13 -18 16 -15 15 -18 5 -17 6 -17 6 -19 5 -15 6 -14 5 -15 7 -12 7 -15 8 -14 7 -15 8 -14 9 -14 10 -13 9 -12 8 -12 10 -11 12 -13 9 -9 10 -11 8 -11 8 -10 10 -11 9 -8 11 -11 10 -9 11 -5 15 -10 11 -9 9 -8 10 -8 10 -9 9 -7 9 -7 8 -7 9 -7 8 -7 8 -7 9 -7 8 -6 8 -6 7 -5 7 -5 6 -5 6 -5 5 -4 5 -5 5 -4 5 -3 4 -3 4 -3 4 -3 3 -3 3 -1 -1 0 0 0 0 -1 -1 -1 -1 -1 -1 0 0 0 0 -1 -1 -1 -1 -1 -1 9 -41 8 -40 11 -43 14 -44 13 -40 12 -37 16 -40 13 -36 16 -44 19 -38 19 -42 19 -40 20 -43 20 -41 18 -35 20 -36 18 -40 22 -35 16 -33 19 -31 19 -29 18 -33 19 -28 17 -31 22 -33 15 -32 3 -37 17 -31 15 -29 12 -30 11 -27 15 -30 12 -30 11 -28 10 -30 9 -29 7 -25 6 -28 8 -27 6 -29 5 -28 0 -26 2 -25 2 -27 2 -25 1 -24 1 -23 -2 -25 -2 -24 1 -24 -1 -23 -1 -22 0 -23 -10 -21 -16 -24 -16 -25 -17 -20 -1 -1 ]
CSI_DATA,STA,08:3A:F2:51:5D:9D,-49,11,1,0,1,1,1,0,0,0,0,-93,0,6,1,23869698,0,110,0,0,24.62862,384,[110 96 6 0 0 0 0 0 0 0 0 0 9 20 9 19 11 22 8 25 8 23 5 20 7 23 5 20 7 21 4 22 5 25 5 25 4 24 3 24 1 20 5 25 3 21 2 21 2 20 2 19 2 19 3 21 0 18 2 20 2 21 3 19 0 0 3 19 5 18 5 18 6 16 3 16 5 17 5 17 5 15 6 15 7 12 8 14 5 14 6 13 8 12 8 12 9 11 9 13 9 10 9 10 9 8 8 10 9 10 9 10 10 9 8 9 8 7 0 0 0 0 0 0 0 0 0 0 -1 -1 -1 -1 -8 -22 -9 -21 -13 -21 -11 -17 -2 -17 -2 -16 -3 -17 -2 -17 -3 -16 -3 -13 -4 -15 -5 -12 -6 -15 -5 -15 -5 -15 -6 -14 -7 -15 -7 -14 -6 -13 -8 -12 -10 -12 -7 -13 -8 -10 -7 -11 -6 -11 -9 -10 -7 -11 -9 -10 -8 -12 -9 -10 -13 -6 -9 -10 -8 -10 -8 -9 -9 -8 -8 -10 -9 -9 -8 -8 -9 -7 -8 -7 -7 -7 -7 -8 -7 -8 -7 -8 -7 -7 -7 -5 -6 -5 -7 -5 -5 -5 -6 -4 -5 -4 -5 -3 -5 -3 -4 -3 -4 -3 -4 -3 -4 -2 -1 -1 -1 -1 -1 -1 -1 -1 -1 -1 -1 -1 -1 -1 -1 -1 -1 -1 -1 -1 0 0 28 23 28 22 30 25 29 27 28 26 23 23 26 28 23 22 30 28 23 30 25 32 24 30 27 33 25 32 21 27 22 29 25 27 20 30 20 24 18 26 16 25 21 25 16 25 18 25 19 30 20 23 30 16 19 24 19 22 20 20 18 17 19 21 21 18 19 18 21 16 22 15 18 14 21 14 20 16 22 13 22 12 21 7 20 9 22 9 19 8 20 6 19 7 20 4 20 4 20 8 19 6 19 5 19 6 21 -4 26 -8 25 -8 22 -13 -1 -1 ]
CSI_DATA,STA,08:3A:F2:51:5D:9D,-49,11,1,0,1,1,1,0,0,0,0,-93,0,6,1,23870169,0,110,0,0,24.72871,384,[110 96 6 0 0 0 0 0 0 0 0 0 -4 22 -3 21 -3 25 -6 26 -6 24 -7 20 -7 23 -7 21 -7 22 -8 21 -9 24 -8 24 -9 23 -10 22 -10 18 -9 24 -9 20 -10 18 -9 18 -8 17 -9 18 -9 19 -10 15 -9 18 -10 19 -8 18 0 0 -7 18 -5 18 -6 19 -4 17 -7 16 -5 17 -5 17 -4 15 -3 17 -1 15 -1 16 -3 14 -2 15 0 14 0 14 1 15 0 17 2 13 2 14 3 12 1 13 2 13 2 13 3 13 1 12 3 11 0 0 0 0 0 0 0 0 0 0 -1 -1 -1 -1 11 -20 9 -20 7 -22 6 -19 12 -15 10 -14 9 -15 11 -15 9 -14 7 -12 7 -15 5 -13 6 -16 6 -15 7 -16 5 -15 5 -17 5 -15 4 -14 3 -16 1 -16 3 -15 0 -14 2 -14 3 -13 1 -14 3 -14 -1 -15 2 -15 0 -15 -4 -14 0 -15 0 -14 -1 -13 -1 -13 0 -13 -1 -13 -1 -12 -1 -12 -1 -12 -1 -11 -1 -11 0 -11 -1 -10 -1 -10 -1 -9 -1 -8 -2 -8 -1 -8 -1 -7 0 -7 -2 -6 -2 -6 -2 -5 -2 -5 -1 -5 -1 -5 -1 -1 -1 -1 -1 -1 -1 -1 -1 -1 -1 -1 -1 -1 -1 -1 -1 -1 -1 -1 0 0 7 38 8 37 8 41 5 42 5 41 3 35 1 41 2 36 4 44 -2 41 -1 44 0 43 0 45 -1 43 -1 36 -1 41 0 40 -3 39 -1 33 -3 33 -6 33 -2 36 -6 32 -1 35 -6 38 0 33 9 32 -2 34 -1 32 3 30 2 28 0 32 3 31 3 29 4 29 5 30 6 25 8 27 5 25 9 26 9 25 12 23 9 22 11 24 9 20 11 20 9 20 12 19 12 18 10 21 12 19 11 18 10 18 17 14 22 13 22 13 23 9 -1 -1 ]
CSI_DATA,STA,08:3A:F2:51:5D:9D,-49,11,1,0,1,1,1,0,0,0,0,-93,0,6,1,23873652,0,110,0,0,24.82909,384,[110 96 6 0 0 0 0 0 0 0 0 0 -5 -25 -5 -24 -7 -28 -3 -29 -3 -28 -1 -24 -1 -27 0 -24 -1 -26 1 -26 2 -29 1 -29 2 -28 3 -27 4 -22 1 -29 2 -24 4 -24 2 -23 3 -22 3 -22 3 -23 6 -20 4 -22 4 -24 2 -22 0 0 2 -22 -1 -22 0 -22 -2 -20 2 -19 -1 -20 0 -20 -1 -18 -2 -19 -4 -17 -4 -18 -2 -16 -3 -17 -5 -16 -5 -16 -6 -16 -6 -18 -7 -14 -7 -14 -7 -12 -6 -15 -7 -14 -6 -14 -8 -14 -5 -13 -6 -12 0 0 0 0 0 0 0 0 0 0 -1 -1 -1 -1 6 23 7 23 10 21 10 18 -3 15 -2 14 -2 15 -3 15 -1 14 -1 11 0 14 1 11 2 14 1 14 1 15 2 13 3 15 2 13 2 12 4 12 6 11 3 13 5 9 3 11 3 11 5 11 3 11 6 10 4 12 6 11 13 8 5 11 5 11 5 9 5 9 5 10 6 9 5 8 5 8 5 8 4 8 4 8 4 8 4 8 4 7 4 5 3 5 4 5 2 5 3 4 2 5 3 4 3 2 2 3 3 3 2 3 2 2 -1 -1 0 0 0 0 -1 -1 -1 -1 -1 -1 0 0 0 0 -1 -1 -1 -1 -1 -1 -26 -28 -26 -26 -28 -31 -25 -31 -25 -30 -21 -26 -22 -33 -20 -27 -27 -34 -20 -35 -22 -36 -20 -35 -23 -37 -21 -36 -17 -31 -19 -34 -21 -30 -18 -34 -17 -26 -15 -30 -12 -29 -19 -28 -12 -30 -15 -29 -15 -34 -16 -27 -33 -19 -15 -28 -16 -27 -17 -22 -16 -22 -16 -25 -18 -23 -16 -22 -19 -21 -19 -20 -16 -18 -19 -18 -17 -19 -20 -18 -19 -17 -21 -11 -18 -13 -21 -14 -18 -12 -19 -12 -18 -12 -19 -10 -19 -9 -19 -13 -19 -11 -17 -10 -18 -11 -25 2 -27 6 -27 6 -26 11 -1 -1 ]
CSI_DATA,STA,08:3A:F2:51:5D:9D,-49,11,1,0,1,1,1,0,0,0,0,-93,0,6,1,23874045,0,110,0,0,24.93476,384,[110 96 6 0 0 0 0 0 0 0 0 0 22 -12 21 -12 24 -14 27 -11 25 -11 22 -8 24 -9 22 -8 23 -9 24 -7 27 -7 27 -8 26 -7 26 -6 22 -4 27 -8 23 -6 23 -4 21 -5 20 -5 21 -4 22 -6 20 -2 22 -4 23 -5 20 -6 0 0 20 -6 19 -8 19 -8 18 -9 17 -5 17 -8 18 -8 15 -8 16 -9 13 -10 14 -11 14 -8 14 -9 12 -10 12 -11 11 -12 14 -13 9 -11 10 -12 7 -12 10 -11 9 -12 9 -12 8 -12 9 -11 7 -11 0 0 0 0 0 0 0 0 0 0 -1 -1 -1 -1 -22 10 -22 10 -21 14 -16 13 -18 2 -17 3 -18 4 -19 3 -16 4 -14 3 -15 5 -13 6 -16 7 -15 6 -16 6 -15 7 -16 8 -14 8 -13 7 -12 9 -11 11 -13 8 -9 9 -11 8 -12 8 -10 10 -11 8 -9 10 -12 10 -10 11 -4 14 -10 11 -9 10 -7 9 -8 10 -9 9 -8 10 -7 9 -7 9 -7 9 -6 9 -7 8 -7 7 -7 7 -6 7 -4 8 -5 6 -4 7 -5 6 -4 6 -4 5 -3 5 -3 4 -3 4 -3 3 -3 3 -2 4 -1 -1 -1 -1 -1 -1 -1 -1 -1 -1 -1 -1 -1 -1 -1 -1 -1 -1 -1 -1 0 0 25 -32 24 -32 27 -35 29 -34 28 -33 25 -28 30 -31 25 -28 31 -35 33 -28 35 -31 34 -29 36 -32 34 -29 29 -25 31 -27 29 -30 32 -26 25 -25 28 -24 27 -20 26 -26 28 -20 27 -23 33 -23 25 -24 16 -34 26 -24 23 -23 20 -24 18 -23 22 -23 19 -26 19 -23 17 -25 16 -26 14 -22 13 -25 15 -23 13 -25 12 -25 6 -25 8 -24 8 -26 7 -22 5 -23 6 -23 4 -24 3 -24 7 -24 4 -23 4 -22 4 -22 -7 -23 -11 -26 -11 -27 -16 -23 -1 -1 ]
CSI_DATA,STA,08:3A:F2:51:5D:9D,-49,11,1,0,1,1,1,0,0,0,0,-93,0,6,1,23874362,0,110,0,0,24.103980,384,[110 96 6 0 0 0 0 0 0 0 0 0 22 3 21 2 25 3 26 6 24 5 20 6 23 7 20 6 22 6 21 8 24 9 24 8 23 9 22 10 17 9 24 9 19 8 18 10 18 9 17 8 17 9 18 9 15 10 18 9 19 10 18 7 0 0 17 7 18 5 18 6 17 4 15 6 17 5 17 5 15 4 16 3 15 0 16 1 14 3 15 2 14 0 14 0 15 -1 17 0 13 -2 14 -2 12 -3 13 -1 13 -2 14 -2 13 -3 12 -1 11 -3 0 0 0 0 0 0 0 0 0 0 -1 -1 -1 -1 -21 -11 -21 -10 -23 -7 -19 -5 -14 -11 -13 -10 -15 -10 -14 -12 -13 -10 -12 -8 -14 -8 -13 -6 -15 -7 -14 -7 -15 -7 -15 -6 -16 -6 -15 -6 -14 -5 -15 -4 -15 -2 -15 -5 -13 -2 -14 -4 -14 -4 -14 -2 -13 -3 -14 -1 -15 -3 -14 -1 -14 4 -14 -1 -14 -1 -13 -1 -12 0 -13 -2 -13 0 -12 0 -12 -1 -11 -1 -11 0 -11 -1 -11 -1 -10 -1 -10 -1 -9 0 -8 0 -8 0 -8 0 -7 0 -7 0 -6 0 -6 0 -5 -1 -5 -1 -5 1 -5 0 0 0 -1 -1 -1 -1 -1 -1 -1 -1 -1 -1 -1 -1 -1 -1 0 0 0 0 -1 -1 37 -9 36 -10 41 -9 41 -7 39 -7 34 -5 40 -5 34 -5 43 -7 40 -1 43 -2 41 -2 44 -2 43 0 36 0 39 0 39 -3 38 2 33 -2 33 1 32 2 34 -1 31 3 33 1 38 4 32 -2 31 -12 32 -1 31 -1 30 -3 26 -4 30 -2 29 -5 27 -5 28 -6 27 -7 24 -6 25 -8 26 -6 25 -9 25 -9 21 -13 21 -10 23 -12 19 -10 19 -12 19 -11 18 -14 18 -13 20 -11 18 -12 17 -12 17 -12 12 -18 12 -24 11 -24 7 -24 -1 -1 ]
CSI_DATA,STA,08:3A:F2:51:5D:9D,-45,11,0,0,0,0,0,0,0,0,0,-93,0,6,1,23875467,0,110,0,0,24.114207,128,[110 96 6 0 0 0 0 0 0 0 0 0 -26 -5 -24 -6 -28 -6 -27 -6 -27 -7 -23 -8 -25 -8 -23 -9 -24 -9 -24 -11 -25 -10 -25 -11 -24 -10 -23 -10 -20 -10 -25 -10 -20 -10 -20 -10 -19 -9 -20 -9 -19 -9 -20 -9 -18 -10 -19 -8 -20 -8 -19 -8 0 0 -19 -6 -20 -6 -18 -5 -19 -5 -16 -5 -18 -4 -18 -4 -17 -4 -18 -3 -17 -4 -17 -3 -15 -3 -16 -2 -16 -2 -16 -2 -16 -1 -17 0 -15 0 -15 0 -15 0 -15 0 -15 0 -15 1 -15 1 -14 1 -13 1 0 0 0 0 0 0 0 0 0 0 ]
CSI_DATA,STA,08:3A:F2:51:5D:9D,-49,11,1,0,1,1,1,0,0,0,0,-93,0,6,1,23875974,0,110,0,0,24.118320,384,[110 96 6 0 0 0 0 0 0 0 0 0 -7 -23 -7 -21 -9 -25 -5 -26 -6 -25 -3 -22 -4 -24 -3 -22 -4 -23 -1 -24 -1 -27 -1 -27 -1 -25 0 -25 1 -21 -2 -26 0 -22 1 -22 0 -21 0 -20 1 -21 0 -22 3 -19 2 -21 1 -23 0 -20 0 0 0 -20 -3 -19 -2 -20 -3 -18 -1 -18 -3 -18 -2 -19 -3 -17 -4 -18 -5 -15 -5 -16 -3 -15 -4 -15 -6 -14 -6 -14 -7 -14 -7 -16 -7 -12 -7 -13 -8 -11 -7 -13 -8 -12 -7 -13 -8 -12 -6 -12 -7 -11 0 0 0 0 0 0 0 0 0 0 -1 -1 -1 -1 3 21 4 22 7 20 9 17 -4 16 -3 14 -2 15 -4 15 -1 14 -2 12 -1 14 0 12 2 14 0 15 0 15 0 14 1 15 1 14 0 11 3 13 5 11 3 13 5 9 3 12 2 11 5 11 2 12 5 11 3 13 4 11 10 10 5 11 4 11 5 9 5 9 3 10 6 9 4 9 4 8 4 8 4 8 3 9 3 9 4 8 3 7 4 6 2 5 3 5 2 5 3 4 2 5 2 4 3 3 2 3 2 3 2 3 1 3 -1 -1 0 0 0 0 -1 -1 -1 -1 -1 -1 0 0 0 0 -1 -1 -1 -1 -1 -1 -26 -27 -24 -25 -28 -29 -25 -29 -26 -29 -20 -26 -23 -32 -20 -26 -28 -32 -20 -35 -22 -37 -20 -36 -22 -37 -20 -36 -16 -30 -20 -32 -21 -30 -19 -33 -17 -25 -16 -30 -12 -28 -19 -28 -13 -30 -15 -29 -14 -35 -16 -27 -29 -21 -15 -28 -17 -26 -16 -22 -17 -21 -15 -24 -19 -22 -17 -22 -19 -21 -20 -21 -17 -20 -19 -19 -17 -20 -19 -18 -18 -17 -21 -11 -17 -13 -21 -14 -17 -13 -19 -11 -18 -12 -20 -10 -19 -9 -19 -13 -18 -11 -17 -11 -17 -11 -23 0 -26 3 -24 2 -25 8 -1 -1 ]
CSI_DATA,STA,08:3A:F2:51:5D:9D,-47,11,0,0,0,0,0,0,0,0,0,-93,0,6,1,23952265,0,110,0,0,24.129247,128,[110 96 6 0 0 0 0 0 0 0 0 0 24 -11 24 -10 25 -11 26 -11 25 -9 23 -7 24 -8 23 -6 25 -7 25 -6 25 -7 26 -7 24 -6 24 -6 22 -5 25 -7 22 -4 22 -4 21 -4 21 -5 20 -5 21 -5 18 -4 19 -5 20 -7 19 -6 0 0 18 -7 18 -7 17 -7 17 -8 15 -7 15 -8 16 -8 14 -8 14 -9 14 -8 14 -9 13 -8 13 -9 13 -9 13 -9 12 -9 12 -11 11 -9 11 -9 11 -10 10 -10 10 -10 10 -10 10 -10 9 -10 9 -10 0 0 0 0 0 0 0 0 0 0 ]
CSI_DATA,STA,08:3A:F2:51:5D:9D,-46,11,1,0,0,1,1,0,0,0,0,-93,0,6,1,24053494,0,110,0,0,24.220506,256,[110 96 6 0 0 0 0 0 0 0 0 0 6 -24 7 -23 8 -26 8 -25 9 -25 9 -22 10 -23 10 -21 11 -22 12 -22 11 -24 12 -24 11 -23 11 -22 12 -19 12 -23 12 -19 12 -18 12 -18 11 -18 11 -17 12 -18 11 -16 10 -18 10 -19 9 -19 0 0 9 -18 8 -19 8 -18 8 -18 7 -16 7 -18 6 -18 6 -16 6 -18 6 -16 5 -18 5 -16 4 -17 5 -17 5 -16 4 -17 3 -18 3 -16 3 -16 3 -16 3 -16 3 -16 2 -16 2 -16 2 -15 2 -15 0 0 0 0 0 0 0 0 0 0 -1 -1 -1 -1 0 0 0 0 -24 -43 -16 -40 -2 -43 -4 -42 -3 -43 -2 -45 -2 -44 2 -41 0 -44 4 -40 2 -45 4 -44 4 -45 5 -46 4 -42 4 -42 6 -39 4 -45 6 -36 9 -38 6 -38 8 -37 5 -37 7 -36 6 -36 7 -34 6 -37 5 -35 -1 -1 2 -33 2 -33 2 -31 0 -34 1 -29 -1 -32 -1 -32 -1 -29 -2 -31 -3 -34 -4 -33 -3 -30 -4 -29 -3 -29 -4 -30 -4 -29 -5 -30 -5 -27 -7 -27 -6 -27 -8 -28 -6 -28 -7 -27 -8 -28 -8 -25 -8 -25 -16 -21 -17 -21 -1 -1 -1 -1 -1 -1 ]
CSI_DATA,STA,08:3A:F2:51:5D:9D,-49,11,1,0,1,1,1,0,0,0,0,-93,0,6,1,24059204,0,110,0,0,24.228416,384,[110 96 6 0 0 0 0 0 0 0 0 0 8 18 8 18 10 20 7 23 7 20 4 18 5 21 4 19 5 19 3 21 4 23 5 23 3 22 3 21 0 19 4 23 2 20 1 19 1 19 1 18 0 18 1 19 -1 17 1 19 1 20 2 18 0 0 2 18 4 17 4 18 4 16 1 16 3 16 3 17 3 15 4 16 6 13 6 14 4 14 5 14 6 13 6 13 7 13 7 15 7 12 7 12 8 10 6 13 7 11 7 12 9 11 6 11 7 10 0 0 0 0 0 0 0 0 0 0 -1 -1 -1 -1 1 -24 0 -25 -4 -26 -2 -21 6 -18 5 -17 4 -19 6 -19 5 -17 4 -15 4 -17 2 -15 2 -18 2 -16 3 -17 2 -17 1 -18 1 -17 1 -15 1 -16 -2 -17 2 -15 -2 -14 0 -14 1 -14 -1 -14 1 -14 -3 -14 0 -15 -1 -14 -6 -13 -1 -15 0 -14 -1 -13 -1 -12 -1 -13 -1 -12 -2 -11 -1 -11 0 -11 -1 -10 0 -11 0 -10 0 -10 0 -9 -1 -8 0 -8 -1 -8 0 -6 0 -6 0 -6 -1 -5 0 -5 0 -4 -1 -3 0 -3 0 -4 0 0 0 0 -1 -1 -1 -1 -1 -1 -1 -1 -1 -1 0 0 0 0 -1 -1 -1 -1 24 23 25 22 25 26 25 28 23 26 20 23 21 29 19 23 25 30 19 30 22 32 21 30 23 32 20 31 16 27 18 31 21 30 15 31 16 25 14 27 13 26 16 27 12 26 15 26 14 31 16 25 27 19 15 26 14 25 16 23 14 20 15 24 17 21 15 20 18 20 19 20 15 17 19 18 17 19 20 17 19 17 20 13 18 14 20 16 18 13 19 12 17 13 20 11 19 10 19 14 19 11 18 11 18 12 23 5 29 2 29 0 27 -3 -1 -1 ]
CSI_DATA,STA,08:3A:F2:51:5D:9D,-49,11,1,0,1,1,1,0,0,0,0,-93,0,6,1,24059676,0,110,0,0,24.238280,384,[110 96 6 0 0 0 0 0 0 0 0 0 -17 12 -17 11 -19 13 -22 12 -20 11 -18 8 -20 10 -19 8 -19 9 -20 7 -23 8 -23 8 -22 7 -23 6 -19 4 -23 8 -20 6 -19 4 -19 5 -18 5 -19 4 -20 5 -18 2 -20 4 -21 5 -18 6 0 0 -18 5 -17 7 -18 7 -16 7 -17 5 -17 6 -17 6 -15 6 -16 7 -13 9 -14 9 -14 6 -14 7 -13 8 -13 8 -12 10 -15 10 -11 10 -11 10 -9 10 -12 9 -11 9 -11 9 -11 10 -11 8 -10 9 0 0 0 0 0 0 0 0 0 0 -1 -1 -1 -1 23 -3 23 -5 24 -9 20 -7 17 2 17 1 18 1 19 3 16 1 15 1 17 1 14 -1 17 -2 15 -1 16 -1 16 -2 17 -2 16 -2 14 -1 15 -2 15 -5 14 -2 12 -4 14 -2 13 -1 13 -3 12 -2 13 -5 13 -3 13 -5 11 -9 13 -4 12 -3 11 -4 11 -4 12 -3 12 -4 10 -3 10 -3 10 -2 9 -3 9 -2 9 -2 8 -2 8 -2 7 -3 7 -2 6 -2 5 -2 5 -2 4 -1 4 -2 4 -1 3 -1 2 -1 2 -1 2 -1 0 0 0 0 -1 -1 -1 -1 -1 -1 -1 -1 -1 -1 0 0 0 0 -1 -1 -1 -1 -18 29 -18 29 -21 30 -24 30 -22 28 -21 25 -25 27 -20 24 -25 30 -26 25 -27 28 -26 27 -28 29 -28 27 -24 23 -27 23 -26 27 -28 21 -22 21 -25 19 -24 18 -25 22 -24 17 -24 20 -28 20 -22 21 -13 30 -24 21 -23 19 -21 21 -18 19 -22 21 -19 21 -19 20 -18 22 -17 22 -14 19 -14 23 -15 21 -14 23 -13 22 -9 22 -11 21 -12 23 -10 21 -9 20 -10 20 -8 21 -8 21 -11 21 -9 21 -8 20 -9 20 0 23 4 28 5 29 7 25 -1 -1 ]
CSI_DATA,STA,08:3A:F2:51:5D:9D,-49,11,1,0,1,1,1,0,0,0,0,-93,0,6,1,24059984,0,110,0,0,24.248638,384,[110 96 6 0 0 0 0 0 0 0 0 0 -17 -13 -17 -13 -18 -14 -18 -18 -17 -16 -13 -15 -15 -17 -14 -16 -14 -16 -13 -18 -15 -20 -16 -19 -14 -19 -13 -20 -10 -18 -14 -19 -12 -18 -10 -18 -11 -17 -9 -16 -9 -17 -11 -18 -7 -16 -10 -17 -11 -19 -11 -16 0 0 -11 -16 -12 -15 -13 -16 -12 -14 -10 -15 -11 -14 -11 -15 -11 -13 -12 -13 -12 -10 -13 -10 -11 -11 -12 -11 -13 -10 -12 -10 -14 -9 -14 -11 -13 -8 -13 -8 -13 -6 -12 -9 -12 -8 -13 -8 -14 -7 -12 -8 -12 -7 0 0 0 0 0 0 0 0 0 0 -1 -1 -1 -1 11 21 12 20 16 20 13 16 2 17 2 16 3 17 1 18 3 16 2 13 3 15 4 12 5 15 4 15 4 15 5 14 6 16 6 15 4 13 6 13 8 12 4 13 7 10 5 12 4 12 6 11 5 11 8 10 6 12 7 10 11 7 6 11 5 11 6 10 5 9 5 10 6 9 5 8 5 8 4 8 4 7 4 8 4 8 4 7 3 7 3 5 2 5 3 6 1 5 2 4 1 4 1 3 1 3 1 2 1 2 0 1 1 1 0 0 0 0 -1 -1 -1 -1 -1 -1 -1 -1 -1 -1 0 0 0 0 -1 -1 -1 -1 -33 -9 -33 -8 -35 -11 -37 -13 -34 -12 -30 -11 -33 -15 -29 -11 -36 -14 -31 -17 -35 -18 -34 -17 -36 -18 -34 -18 -30 -16 -30 -19 -34 -16 -29 -20 -27 -14 -26 -17 -25 -17 -29 -15 -24 -17 -27 -16 -28 -20 -26 -14 -34 -3 -27 -16 -26 -15 -26 -12 -23 -12 -26 -14 -26 -11 -24 -11 -27 -10 -26 -10 -23 -7 -26 -6 -25 -9 -26 -6 -26 -6 -24 -2 -24 -4 -26 -4 -23 -3 -22 -2 -22 -4 -23 -1 -22 -1 -23 -3 -23 -2 -22 -3 -22 -3 -22 8 -25 13 -25 14 -22 16 -1 -1 ]
CSI_DATA,STA,08:3A:F2:51:5D:9D,-50,11,1,0,1,1,1,0,0,0,0,-93,0,6,1,24060326,0,110,0,0,24.259512,384,[110 96 6 0 0 0 0 0 0 0 0 0 -4 -21 -4 -20 -5 -23 -2 -25 -1 -23 0 -20 0 -22 0 -20 0 -21 1 -22 1 -25 1 -24 1 -23 3 -23 4 -19 2 -24 3 -21 5 -19 3 -19 3 -18 4 -19 4 -19 5 -17 3 -19 4 -21 2 -19 0 0 3 -19 1 -19 1 -19 0 -18 3 -17 1 -18 2 -18 1 -16 0 -18 -3 -15 -3 -16 -1 -15 -2 -16 -3 -16 -2 -15 -4 -16 -3 -18 -5 -14 -4 -15 -5 -13 -3 -15 -4 -14 -4 -14 -6 -14 -3 -14 -5 -12 0 0 0 0 0 0 0 0 0 0 -1 -1 -1 -1 -11 22 -11 22 -8 25 -6 21 -13 14 -12 13 -12 15 -14 14 -11 13 -10 11 -10 13 -8 12 -9 15 -9 13 -10 14 -9 14 -9 16 -8 14 -8 12 -7 14 -5 15 -8 13 -4 13 -6 12 -7 12 -5 13 -6 12 -4 13 -7 13 -5 13 -1 14 -5 13 -5 12 -4 11 -4 11 -6 11 -4 11 -4 10 -4 10 -5 10 -4 9 -5 9 -4 9 -4 8 -4 7 -4 7 -3 6 -3 6 -4 5 -3 4 -3 4 -2 4 -2 3 -2 2 -2 2 -2 2 -2 1 0 0 0 0 -1 -1 -1 -1 -1 -1 -1 -1 -1 -1 0 0 0 0 -1 -1 -1 -1 -17 -33 -18 -32 -18 -35 -16 -37 -15 -35 -12 -31 -13 -36 -12 -31 -15 -38 -10 -37 -11 -40 -12 -39 -12 -41 -10 -40 -8 -34 -8 -37 -11 -37 -5 -37 -8 -31 -6 -32 -5 -31 -8 -33 -4 -31 -7 -32 -5 -36 -8 -31 -17 -30 -7 -33 -7 -30 -9 -29 -8 -26 -7 -30 -10 -28 -9 -27 -11 -27 -12 -28 -12 -23 -13 -25 -11 -24 -14 -25 -14 -24 -16 -21 -14 -21 -16 -24 -14 -20 -15 -19 -13 -19 -17 -19 -16 -19 -14 -21 -15 -20 -14 -18 -14 -19 -20 -13 -26 -13 -26 -13 -26 -8 -1 -1 ]
CSI_DATA,STA,08:3A:F2:51:5D:9D,-50,11,1,0,1,1,1,0,0,0,0,-93,0,6,1,24060772,0,110,0,0,24.270408,384,[110 96 6 0 0 0 0 0 0 0 0 0 21 -9 20 -9 22 -10 26 -8 23 -7 21 -5 23 -6 21 -5 22 -6 22 -4 25 -4 25 -5 24 -4 24 -3 21 -1 25 -4 22 -3 21 -1 21 -2 19 -2 20 -1 21 -2 18 1 20 -1 22 -1 20 -3 0 0 20 -3 18 -5 20 -5 17 -6 18 -2 18 -5 19 -4 16 -5 17 -6 13 -8 15 -8 15 -6 15 -6 14 -8 14 -8 14 -10 16 -9 12 -10 12 -9 10 -10 13 -9 12 -9 12 -9 12 -10 12 -9 10 -9 0 0 0 0 0 0 0 0 0 0 -1 -1 -1 -1 -26 0 -27 2 -27 5 -23 4 -20 -6 -19 -5 -20 -4 -21 -6 -19 -4 -16 -3 -18 -3 -16 -1 -20 -1 -18 -2 -19 -1 -18 0 -20 0 -18 0 -16 -1 -17 1 -18 3 -17 -1 -15 2 -16 1 -16 0 -16 2 -15 1 -15 4 -16 1 -15 4 -13 9 -16 3 -15 2 -14 2 -13 2 -14 1 -13 3 -12 2 -13 2 -12 1 -11 3 -12 2 -11 1 -11 1 -10 0 -9 1 -8 1 -8 0 -8 1 -7 1 -6 0 -6 0 -5 0 -4 -1 -4 0 -4 0 -3 0 0 0 0 0 -1 -1 -1 -1 -1 -1 -1 -1 -1 -1 0 0 0 0 0 0 -1 -1 26 -27 24 -28 27 -28 30 -28 28 -26 25 -22 30 -24 25 -22 31 -28 31 -22 33 -24 31 -24 34 -26 33 -23 29 -20 32 -20 31 -24 32 -18 26 -19 29 -17 27 -15 28 -20 27 -15 27 -18 32 -18 25 -20 18 -32 27 -18 26 -18 24 -19 21 -18 25 -19 22 -20 22 -19 21 -21 20 -23 16 -19 17 -22 18 -20 17 -23 17 -23 12 -23 14 -22 15 -23 12 -21 11 -21 12 -21 10 -23 10 -22 13 -22 11 -22 10 -22 11 -21 1 -25 -2 -31 -2 -31 -5 -29 -1 -1 ]
CSI_DATA,STA,08:3A:F2:51:5D:9D,-49,11,1,0,1,1,1,0,0,0,0,-93,0,6,1,24061090,0,110,0,0,24.280967,384,[110 96 6 0 0 0 0 0 0 0 0 0 19 7 18 7 21 8 21 12 19 10 16 10 18 11 16 11 18 10 17 12 19 14 19 13 18 13 17 14 13 13 19 14 15 13 13 13 14 13 13 12 13 13 14 13 10 13 13 13 14 14 14 12 0 0 14 12 14 10 15 11 14 9 12 11 14 10 14 11 13 9 14 9 13 5 15 6 12 7 13 7 14 5 13 5 14 4 16 6 13 3 14 4 13 2 13 5 13 3 13 4 14 3 12 4 12 2 0 0 0 0 0 0 0 0 0 0 -1 -1 -1 -1 -12 -22 -13 -21 -18 -21 -12 -18 -5 -18 -6 -18 -8 -19 -6 -21 -6 -17 -6 -16 -7 -17 -8 -14 -9 -18 -8 -16 -8 -17 -9 -15 -10 -17 -9 -16 -8 -14 -9 -14 -11 -14 -7 -14 -9 -12 -8 -12 -8 -14 -8 -12 -8 -12 -11 -11 -9 -13 -10 -12 -12 -8 -10 -12 -8 -11 -9 -11 -8 -10 -8 -11 -8 -11 -7 -10 -8 -10 -7 -9 -7 -8 -6 -8 -6 -9 -6 -9 -5 -8 -5 -6 -4 -7 -5 -6 -4 -6 -4 -5 -3 -5 -3 -5 -3 -5 -2 -4 -2 -4 -2 -3 -2 -3 0 0 0 0 -1 -1 -1 -1 -1 -1 -1 -1 -1 -1 0 0 0 0 -1 -1 -1 -1 35 3 36 2 37 3 40 7 35 6 32 7 37 9 32 6 40 8 35 11 38 11 37 10 40 11 38 12 32 12 34 13 38 11 32 15 31 11 28 13 28 13 32 12 27 13 30 11 32 15 30 9 32 0 30 11 28 11 29 8 25 6 29 10 28 6 27 7 28 6 28 4 23 3 27 2 26 4 28 1 27 1 25 -2 25 0 27 0 24 -1 23 -2 23 -1 24 -3 24 -4 24 -1 23 -3 22 -3 22 -2 20 -9 25 -16 25 -16 21 -16 -1 -1 ]
CSI_DATA,STA,08:3A:F2:51:5D:9D,-50,11,1,0,1,1,1,0,0,0,0,-93,0,6,1,24061521,0,110,0,0,24.291171,384,[110 96 6 0 0 0 0 0 0 0 0 0 -3 22 -3 21 -3 24 -7 25 -6 24 -6 20 -7 23 -7 20 -7 22 -9 21 -10 24 -9 24 -9 23 -10 22 -10 18 -9 24 -9 19 -11 18 -9 19 -9 17 -10 17 -10 19 -10 15 -10 18 -10 20 -8 18 0 0 -8 18 -6 19 -6 19 -5 18 -7 16 -6 18 -6 18 -5 16 -5 18 -1 15 -1 17 -3 15 -3 16 -1 16 -1 16 0 16 -1 18 1 14 1 16 2 14 0 15 1 15 1 15 2 15 1 14 2 13 0 0 0 0 0 0 0 0 0 0 -1 -1 -1 -1 10 -23 10 -24 5 -27 5 -23 13 -15 11 -15 11 -16 13 -15 10 -14 9 -13 10 -14 7 -14 9 -17 8 -15 9 -16 8 -16 8 -18 7 -16 7 -14 6 -15 4 -17 7 -15 2 -14 5 -14 6 -13 4 -14 5 -14 2 -15 5 -15 3 -15 -2 -16 4 -15 4 -14 2 -13 3 -13 4 -13 3 -13 2 -12 2 -12 3 -11 2 -11 3 -11 3 -10 3 -10 2 -9 2 -9 2 -8 2 -8 2 -7 2 -7 2 -5 1 -6 0 -5 0 -5 0 -4 0 -4 0 -3 0 0 0 0 -1 -1 -1 -1 -1 -1 -1 -1 -1 -1 0 0 0 0 0 0 -1 -1 12 33 13 32 11 36 10 38 9 36 8 31 6 36 7 31 9 39 4 36 6 40 6 38 6 41 4 39 3 33 2 36 6 37 0 36 4 31 1 32 0 30 4 33 0 30 2 32 0 36 4 30 19 30 2 32 2 30 5 29 4 26 4 30 6 28 6 27 8 27 9 27 8 23 10 25 8 25 11 25 11 24 13 20 11 21 12 23 11 20 12 19 11 20 14 19 14 18 12 21 13 19 12 18 12 19 21 13 28 12 28 11 28 7 -1 -1 ]
CSI_DATA,STA,08:3A:F2:51:5D:9D,-49,11,1,0,1,1,1,0,0,0,0,-93,0,6,1,24061856,0,110,0,0,24.301090,384,[110 96 6 0 0 0 0 0 0 0 0 0 -17 11 -17 12 -19 13 -22 12 -20 10 -18 8 -20 9 -19 8 -19 8 -20 7 -23 8 -22 9 -22 8 -22 6 -19 4 -22 8 -20 6 -19 3 -19 4 -18 4 -19 3 -19 4 -17 2 -19 4 -21 4 -18 5 0 0 -19 5 -17 6 -18 7 -16 7 -17 4 -17 6 -17 6 -15 6 -16 7 -13 8 -14 9 -13 6 -14 7 -13 8 -13 8 -13 10 -15 9 -11 9 -11 9 -9 9 -12 8 -11 8 -12 8 -11 10 -11 7 -10 8 0 0 0 0 0 0 0 0 0 0 -1 -1 -1 -1 23 -3 23 -4 23 -8 20 -6 17 3 16 2 17 2 18 4 15 2 13 2 16 1 14 -1 16 0 15 0 16 0 15 -1 17 -2 15 -1 13 0 15 -2 15 -5 14 -1 12 -4 12 -2 12 -1 13 -3 12 -2 12 -5 13 -2 12 -4 11 -9 13 -4 12 -2 11 -3 11 -3 11 -2 11 -3 10 -3 10 -2 9 -2 8 -3 9 -1 9 -1 8 -1 7 -1 7 -3 6 -2 6 -1 5 -1 5 -2 4 -1 4 -2 3 -2 3 -1 2 -1 2 -1 2 -1 0 0 0 0 -1 -1 -1 -1 -1 -1 -1 -1 -1 -1 0 0 0 0 -1 -1 -1 -1 -18 28 -17 28 -20 30 -23 29 -22 28 -20 24 -24 27 -20 24 -24 30 -26 25 -27 28 -25 27 -27 29 -27 26 -24 21 -26 24 -25 25 -28 21 -22 20 -24 19 -24 17 -24 22 -24 17 -24 20 -28 20 -21 20 -13 30 -23 20 -22 20 -20 20 -18 18 -22 19 -19 21 -19 19 -18 21 -17 21 -15 19 -15 22 -15 20 -14 22 -14 21 -9 22 -11 20 -13 22 -11 20 -9 20 -10 19 -8 21 -8 20 -11 21 -10 20 -9 19 -10 19 1 24 4 28 4 27 7 26 -1 -1 ]
CSI_DATA,STA,08:3A:F2:51:5D:9D,-45,11,0,0,0,0,0,0,0,0,0,-93,0,6,1,24062902,0,110,0,0,24.311406,128,[110 96 6 0 0 0 0 0 0 0 0 0 -7 -25 -5 -26 -6 -27 -6 -28 -5 -27 -3 -25 -2 -26 -1 -25 -2 -27 -1 -26 -3 -27 -2 -28 -2 -26 -2 -26 0 -24 -2 -27 0 -24 1 -23 0 -23 0 -23 1 -22 0 -23 1 -20 -2 -21 -2 -23 -2 -22 0 0 -2 -21 -3 -21 -4 -21 -4 -20 -3 -18 -4 -20 -4 -20 -4 -18 -6 -19 -5 -18 -6 -18 -5 -17 -6 -17 -6 -18 -6 -17 -7 -17 -8 -17 -7 -16 -6 -16 -7 -16 -7 -16 -7 -16 -7 -15 -9 -15 -8 -14 -8 -14 0 0 0 0 0 0 0 0 0 0 ]
CSI_DATA,STA,08:3A:F2:51:5D:9D,-49,11,1,0,1,1,1,0,0,0,0,-93,0,6,1,24214128,0,110,0,0,24.380675,384,[110 96 6 0 0 0 0 0 0 0 0 0 9 18 8 17 10 20 8 23 8 21 5 19 7 21 5 19 6 20 4 21 5 24 6 23 5 23 4 22 2 19 6 23 3 20 2 20 3 19 2 18 2 19 3 20 0 18 2 20 3 22 4 19 0 0 4 19 5 18 5 19 6 16 3 17 5 17 5 18 5 15 6 16 8 13 8 15 5 14 6 14 8 13 7 13 9 13 10 15 9 11 9 12 9 9 8 12 9 11 9 11 10 11 8 11 8 10 0 0 0 0 0 0 0 0 0 0 -1 -1 -1 -1 -10 -24 -11 -25 -13 -22 -13 -18 1 -18 0 -16 -1 -19 1 -18 -1 -16 0 -13 -1 -15 -2 -13 -4 -16 -3 -16 -1 -16 -2 -15 -3 -16 -3 -15 -2 -13 -5 -13 -6 -12 -4 -14 -5 -10 -5 -12 -4 -12 -6 -11 -4 -12 -6 -11 -5 -14 -6 -12 -11 -8 -6 -11 -6 -11 -5 -9 -6 -9 -4 -10 -6 -9 -5 -8 -6 -8 -5 -8 -5 -8 -4 -9 -4 -8 -4 -8 -3 -7 -4 -6 -3 -6 -4 -6 -2 -6 -3 -5 -2 -4 -2 -4 -3 -4 -2 -3 -2 -3 -2 -3 -2 -3 0 0 -1 -1 -1 -1 -1 -1 -1 -1 -1 -1 -1 -1 -1 -1 0 0 0 0 -1 -1 26 20 25 17 29 20 26 22 27 21 21 19 25 24 22 18 29 23 24 26 25 29 25 27 27 29 24 28 20 23 24 26 24 22 23 26 19 20 19 22 16 21 22 21 18 23 19 23 20 29 20 22 32 13 19 21 20 21 19 17 19 16 19 19 22 15 19 16 21 14 23 14 21 13 22 13 20 15 22 12 21 12 22 6 19 9 23 8 19 9 20 6 19 7 21 4 20 3 22 8 21 7 19 7 19 7 25 -6 27 -10 26 -9 25 -16 -1 -1 ]
CSI_DATA,STA,08:3A:F2:51:5D:9D,-50,11,1,0,1,1,1,0,0,0,0,-93,0,6,1,24214913,0,110,0,0,24.391350,384,[110 96 6 0 0 0 0 0 0 0 0 0 -18 14 -17 14 -20 17 -23 15 -21 14 -19 11 -21 13 -19 11 -20 12 -22 11 -25 11 -24 12 -24 11 -24 9 -21 7 -24 11 -21 8 -22 6 -21 8 -20 8 -20 7 -21 8 -19 5 -21 7 -23 8 -20 9 0 0 -20 8 -19 10 -19 10 -17 10 -18 7 -18 9 -19 10 -16 9 -16 10 -13 11 -14 12 -14 9 -14 10 -13 11 -13 11 -12 13 -15 13 -10 12 -10 12 -8 12 -11 11 -11 12 -11 12 -10 13 -11 11 -9 11 0 0 0 0 0 0 0 0 0 0 -1 -1 -1 -1 23 -12 25 -12 22 -16 18 -15 19 -2 17 -2 19 -3 19 -1 17 -3 14 -2 16 -4 13 -5 16 -6 16 -5 17 -5 16 -5 17 -7 15 -6 13 -5 14 -7 12 -9 14 -6 10 -8 11 -6 12 -6 11 -8 12 -6 11 -9 13 -7 11 -8 8 -13 11 -8 11 -7 9 -7 9 -7 10 -7 9 -8 8 -7 8 -7 8 -6 7 -6 8 -5 8 -5 8 -5 7 -5 5 -5 5 -4 5 -5 4 -3 4 -4 4 -3 3 -3 3 -3 3 -3 3 -2 2 -2 1 -1 0 0 -1 -1 -1 -1 -1 -1 -1 -1 -1 -1 -1 -1 -1 -1 0 0 0 0 -1 -1 -16 33 -14 32 -17 36 -19 34 -18 34 -17 28 -20 33 -16 28 -19 37 -23 32 -25 34 -24 33 -26 36 -26 33 -22 27 -24 31 -21 32 -25 29 -19 26 -22 26 -21 23 -20 29 -23 24 -22 26 -27 28 -20 26 -8 36 -21 26 -20 26 -16 25 -15 24 -19 25 -15 27 -15 25 -13 27 -12 27 -11 24 -11 26 -13 25 -10 26 -10 26 -4 25 -7 23 -7 27 -7 23 -4 23 -5 22 -3 24 -2 23 -6 25 -5 24 -5 22 -5 22 8 25 12 29 13 27 17 25 -1 -1 ]
CSI_DATA,STA,08:3A:F2:51:5D:9D,-49,11,1,0,1,1,1,0,0,0,0,-93,0,6,1,24215311,0,110,0,0,24.401934,384,[110 96 6 0 0 0 0 0 0 0 0 0 -12 -20 -12 -19 -15 -22 -12 -25 -12 -23 -9 -21 -10 -23 -9 -21 -10 -22 -9 -23 -9 -26 -10 -26 -8 -25 -7 -25 -5 -21 -9 -26 -6 -23 -5 -22 -6 -21 -6 -20 -5 -21 -6 -22 -3 -20 -5 -22 -5 -24 -7 -21 0 0 -6 -21 -8 -20 -8 -21 -8 -18 -5 -19 -8 -19 -8 -20 -8 -17 -9 -18 -10 -14 -11 -16 -8 -15 -9 -16 -10 -14 -10 -14 -12 -14 -12 -16 -11 -12 -11 -13 -12 -10 -11 -13 -11 -13 -11 -13 -12 -12 -10 -12 -11 -11 0 0 0 0 0 0 0 0 0 0 -1 -1 -1 -1 7 25 6 27 10 24 11 20 -3 19 -2 17 -1 19 -4 19 -1 17 -2 14 0 16 2 14 2 17 1 17 0 17 1 16 2 17 1 16 1 13 4 14 5 13 3 15 5 11 3 13 2 12 5 12 3 13 5 12 3 14 5 12 10 10 4 12 4 12 4 10 5 10 3 10 5 10 5 9 4 8 4 9 3 9 3 10 3 9 2 8 2 7 3 6 2 6 3 6 1 6 2 4 1 5 1 4 2 3 1 3 0 3 1 2 0 2 0 0 -1 -1 -1 -1 -1 -1 -1 -1 -1 -1 -1 -1 -1 -1 0 0 0 0 -1 -1 -32 -24 -31 -21 -35 -25 -32 -27 -33 -25 -26 -23 -31 -27 -27 -22 -35 -27 -29 -31 -31 -34 -30 -33 -31 -35 -29 -34 -23 -28 -28 -31 -28 -29 -26 -32 -23 -24 -23 -28 -20 -26 -27 -26 -21 -29 -23 -29 -23 -34 -24 -26 -33 -19 -23 -26 -24 -25 -23 -22 -23 -20 -22 -24 -25 -20 -24 -20 -25 -18 -26 -17 -23 -16 -26 -17 -23 -19 -26 -16 -25 -15 -26 -9 -23 -12 -27 -12 -23 -11 -24 -8 -23 -10 -25 -7 -25 -7 -25 -11 -24 -10 -23 -10 -23 -10 -28 3 -31 5 -30 6 -29 13 -1 -1 ]
CSI_DATA,STA,08:3A:F2:51:5D:9D,-49,11,1,0,1,1,1,0,0,0,0,-93,0,6,1,24215816,0,110,0,0,24.412861,384,[110 96 6 0 0 0 0 0 0 0 0 0 16 -13 16 -13 18 -15 21 -13 19 -12 18 -10 20 -11 18 -10 19 -10 20 -10 22 -10 22 -11 22 -10 22 -9 19 -6 22 -10 20 -8 19 -6 19 -7 17 -6 18 -6 19 -7 17 -4 19 -6 21 -7 18 -8 0 0 18 -8 17 -9 18 -9 15 -9 16 -7 16 -9 17 -8 15 -8 15 -10 11 -11 13 -11 13 -9 13 -9 12 -11 12 -10 11 -12 14 -12 9 -12 10 -12 8 -12 10 -11 10 -11 10 -11 9 -12 10 -10 8 -11 0 0 0 0 0 0 0 0 0 0 -1 -1 -1 -1 -26 1 -26 1 -26 5 -22 5 -20 -4 -19 -4 -21 -3 -21 -5 -19 -3 -15 -3 -18 -1 -15 0 -18 0 -18 -1 -18 -1 -17 0 -19 1 -17 0 -15 0 -16 2 -15 4 -16 1 -13 3 -14 2 -14 1 -13 3 -14 2 -13 4 -15 2 -13 4 -11 8 -13 4 -14 3 -12 3 -11 4 -12 2 -12 3 -11 3 -11 3 -10 3 -10 3 -10 2 -10 2 -10 1 -8 1 -8 3 -7 1 -8 1 -6 1 -6 1 -6 1 -5 1 -5 0 -5 0 -4 0 -4 0 -3 0 0 0 -1 -1 -1 -1 -1 -1 -1 -1 -1 -1 -1 -1 -1 -1 0 0 0 0 -1 -1 22 -30 20 -30 23 -33 25 -32 24 -30 22 -25 26 -29 21 -26 27 -32 29 -27 31 -29 30 -29 32 -30 32 -28 27 -23 30 -26 28 -28 31 -24 24 -23 26 -22 25 -20 26 -24 26 -20 26 -22 31 -22 24 -24 18 -29 25 -22 24 -22 22 -23 19 -22 23 -22 20 -24 20 -23 19 -25 18 -25 15 -23 16 -25 18 -23 16 -25 15 -25 10 -26 11 -23 13 -27 10 -23 9 -24 10 -23 7 -25 8 -25 11 -24 9 -24 9 -23 9 -22 1 -25 -1 -30 -2 -30 -7 -29 -1 -1 ]
CSI_DATA,STA,08:3A:F2:51:5D:9D,-49,11,1,0,1,1,1,0,0,0,0,-93,0,6,1,24216146,0,110,0,0,24.423534,384,[110 96 6 0 0 0 0 0 0 0 0 0 -2 20 -2 19 -2 22 -5 24 -5 22 -6 19 -5 22 -5 19 -5 20 -7 20 -9 23 -8 23 -9 22 -10 21 -9 17 -8 22 -9 19 -9 17 -9 18 -8 17 -8 17 -8 18 -10 15 -10 18 -10 19 -8 18 0 0 -7 18 -5 18 -6 19 -4 17 -7 16 -5 17 -6 18 -4 16 -4 17 -1 15 -2 16 -4 15 -3 15 -1 15 -1 15 0 15 -1 18 1 14 1 15 2 13 0 14 1 14 1 15 2 15 -1 14 1 13 0 0 0 0 0 0 0 0 0 0 -1 -1 -1 -1 13 -22 13 -23 9 -24 6 -21 14 -13 12 -13 13 -15 14 -13 11 -13 10 -11 10 -13 7 -12 9 -15 10 -14 11 -13 9 -14 10 -15 9 -14 7 -12 7 -14 5 -15 7 -13 4 -13 5 -12 5 -12 4 -13 6 -12 3 -14 6 -13 4 -13 0 -14 4 -13 4 -12 3 -12 3 -11 4 -12 3 -12 2 -11 2 -11 3 -10 3 -9 4 -9 3 -9 3 -9 3 -8 2 -8 2 -7 1 -7 2 -6 2 -6 2 -5 1 -5 1 -5 1 -4 1 -4 0 -3 0 -3 0 0 -1 -1 -1 -1 -1 -1 -1 -1 -1 -1 -1 -1 -1 -1 0 0 0 0 -1 -1 9 34 10 32 9 36 7 38 8 36 5 31 5 36 6 31 8 39 2 37 1 41 1 40 2 42 1 40 0 34 1 37 3 37 -1 37 2 31 0 32 -1 30 2 34 -2 31 -1 33 -4 37 1 32 12 31 0 32 1 31 3 30 3 27 2 30 6 28 5 27 7 28 7 28 7 25 8 27 5 27 8 27 8 26 12 22 10 22 11 25 9 21 12 20 10 20 13 20 13 19 11 22 11 21 10 20 10 20 19 15 24 16 25 15 27 10 -1 -1 ]
CSI_DATA,STA,08:3A:F2:51:5D:9D,-50,11,1,0,1,1,1,0,0,0,0,-93,0,6,1,24216542,0,110,0,0,24.433416,384,[110 96 6 0 0 0 0 0 0 0 0 0 -21 9 -20 9 -23 11 -26 9 -24 8 -22 6 -24 7 -22 6 -23 6 -23 5 -27 5 -26 6 -25 5 -25 3 -22 1 -26 5 -23 3 -22 1 -22 2 -21 2 -22 2 -22 2 -20 -1 -22 1 -24 2 -22 3 0 0 -21 3 -20 5 -22 5 -19 5 -19 2 -20 5 -20 4 -18 5 -19 6 -15 7 -17 8 -16 5 -16 6 -15 8 -15 7 -15 9 -18 9 -14 9 -14 9 -12 9 -14 8 -13 8 -14 9 -13 10 -13 7 -12 8 0 0 0 0 0 0 0 0 0 0 -1 -1 -1 -1 25 4 27 3 27 -1 23 -2 19 8 18 6 19 6 19 8 17 6 15 5 17 4 15 2 18 2 17 3 18 4 17 2 19 2 16 2 14 2 17 0 16 -2 16 1 13 -2 14 0 14 1 14 -2 14 0 14 -3 15 0 14 -2 13 -7 14 -2 13 -1 12 -2 12 -3 12 -1 12 -2 11 -3 10 -3 11 -2 10 -2 11 -1 10 -1 9 -1 8 -1 8 -2 7 -1 7 -2 6 -1 6 -1 5 0 5 -1 4 -1 3 -1 3 -1 3 -1 3 -1 0 0 -1 -1 -1 -1 -1 -1 -1 -1 -1 -1 -1 -1 -1 -1 0 0 0 0 -1 -1 -30 26 -28 26 -33 29 -35 27 -33 26 -30 21 -35 24 -29 22 -36 27 -37 21 -40 23 -38 23 -42 23 -40 21 -34 17 -37 20 -36 22 -39 17 -31 18 -34 16 -32 14 -33 19 -34 14 -33 16 -39 15 -32 17 -26 26 -33 16 -31 17 -28 18 -26 17 -30 16 -27 20 -26 18 -26 20 -26 21 -22 19 -23 21 -24 18 -23 21 -22 21 -17 23 -18 20 -20 23 -17 20 -16 21 -16 20 -14 23 -14 22 -18 21 -16 21 -16 20 -15 20 -7 26 -6 31 -5 30 0 30 -1 -1 ]
CSI_DATA,STA,08:3A:F2:51:5D:9D,-49,11,1,0,1,1,1,0,0,0,0,-93,0,6,1,24217096,0,110,0,0,24.443707,384,[110 96 6 0 0 0 0 0 0 0 0 0 -21 -1 -21 -1 -23 -1 -26 -4 -23 -3 -20 -4 -23 -4 -21 -4 -22 -4 -21 -6 -24 -7 -25 -6 -23 -7 -23 -8 -20 -8 -24 -7 -21 -7 -19 -8 -20 -7 -18 -7 -19 -7 -20 -7 -16 -8 -19 -8 -21 -8 -19 -6 0 0 -20 -6 -19 -4 -20 -5 -18 -3 -18 -6 -18 -4 -19 -5 -17 -4 -18 -3 -16 0 -18 0 -16 -2 -16 -2 -17 0 -16 0 -17 1 -19 0 -15 2 -15 2 -14 3 -16 1 -16 1 -15 1 -16 3 -15 1 -14 2 0 0 0 0 0 0 0 0 0 0 -1 -1 -1 -1 20 14 21 14 23 10 19 8 12 14 12 13 13 13 12 15 12 12 10 11 12 11 11 8 14 10 12 10 13 11 13 9 14 10 12 9 11 8 13 7 14 5 12 8 12 4 11 6 11 6 12 5 11 6 12 3 12 6 12 4 12 1 12 4 11 5 11 3 10 3 10 5 11 3 9 2 9 3 9 3 8 2 8 4 8 4 8 3 7 3 7 2 5 2 6 2 5 2 5 1 4 2 4 1 3 1 3 1 2 1 2 0 2 0 0 0 -1 -1 -1 -1 -1 -1 -1 -1 -1 -1 -1 -1 -1 -1 0 0 0 0 -1 -1 -36 9 -35 10 -39 10 -41 8 -38 8 -34 5 -39 6 -33 7 -41 8 -39 2 -43 3 -42 3 -44 2 -43 1 -37 1 -39 1 -40 3 -39 -2 -34 2 -35 0 -33 -1 -36 2 -33 -2 -35 -1 -39 -4 -34 2 -33 11 -35 0 -33 1 -32 3 -29 3 -33 1 -31 6 -30 5 -31 6 -30 8 -26 7 -28 8 -29 5 -29 8 -28 8 -24 12 -24 9 -27 11 -23 10 -21 12 -22 10 -22 13 -22 13 -24 10 -23 11 -22 10 -22 10 -17 19 -18 24 -17 24 -13 26 -1 -1 ]
CSI_DATA,STA,08:3A:F2:51:5D:9D,-50,11,1,0,1,1,1,0,0,0,0,-93,0,6,1,24217547,0,110,0,0,24.453875,384,[110 96 6 0 0 0 0 0 0 0 0 0 1 -23 1 -23 0 -26 4 -27 3 -25 4 -22 5 -24 5 -22 5 -23 6 -23 8 -26 7 -26 7 -25 8 -24 9 -20 8 -26 8 -22 9 -20 8 -20 7 -19 8 -20 8 -21 9 -17 9 -20 9 -22 7 -20 0 0 7 -20 4 -21 6 -21 4 -20 6 -18 5 -19 5 -20 4 -18 4 -20 0 -17 1 -19 3 -17 2 -17 0 -17 0 -17 -1 -18 0 -20 -2 -16 -2 -17 -3 -15 -1 -17 -2 -17 -2 -16 -3 -17 -1 -15 -2 -15 0 0 0 0 0 0 0 0 0 0 -1 -1 -1 -1 -8 25 -8 25 -4 26 -2 23 -13 13 -12 13 -12 14 -13 13 -10 13 -9 10 -9 13 -7 12 -8 14 -8 14 -9 14 -8 13 -8 15 -8 13 -7 11 -5 13 -4 13 -7 13 -3 11 -5 12 -6 11 -3 12 -6 11 -3 12 -6 13 -3 12 3 14 -4 12 -4 12 -2 10 -3 10 -3 10 -2 10 -2 9 -2 9 -2 9 -2 9 -3 9 -3 8 -3 8 -3 7 -2 7 -2 5 -2 6 -2 5 -2 4 -2 4 -1 4 -1 3 -1 3 -1 2 -2 2 -2 2 0 0 -1 -1 -1 -1 -1 -1 -1 -1 -1 -1 -1 -1 -1 -1 0 0 0 0 -1 -1 -14 -35 -15 -33 -16 -37 -13 -38 -14 -37 -10 -32 -11 -38 -11 -31 -14 -40 -8 -39 -8 -42 -8 -41 -9 -44 -7 -41 -5 -34 -6 -38 -9 -37 -5 -39 -7 -31 -5 -34 -3 -31 -8 -34 -3 -33 -4 -34 -2 -39 -6 -33 -21 -32 -5 -33 -7 -32 -7 -29 -8 -28 -7 -31 -10 -29 -8 -28 -11 -28 -12 -28 -10 -25 -12 -26 -9 -27 -13 -26 -12 -25 -16 -21 -13 -22 -16 -24 -12 -20 -14 -19 -13 -20 -16 -18 -16 -18 -14 -21 -14 -21 -14 -19 -13 -19 -25 -11 -29 -10 -29 -9 -31 -4 -1 -1 ]
CSI_DATA,STA,08:3A:F2:51:5D:9D,-50,11,1,0,1,1,1,0,0,0,0,-93,0,6,1,24217868,0,110,0,0,24.464586,384,[110 96 6 0 0 0 0 0 0 0 0 0 20 -11 19 -11 22 -13 25 -11 22 -10 20 -7 22 -9 20 -8 21 -8 22 -7 25 -7 25 -8 25 -7 24 -5 21 -3 25 -7 22 -5 21 -3 21 -4 19 -4 20 -3 21 -4 19 -1 21 -3 23 -3 20 -5 0 0 20 -5 19 -6 20 -6 18 -7 18 -4 18 -6 19 -6 16 -6 17 -7 14 -9 16 -9 15 -6 15 -7 14 -9 14 -8 14 -10 16 -10 12 -10 13 -10 10 -11 13 -9 12 -10 13 -10 12 -11 12 -9 10 -10 0 0 0 0 0 0 0 0 0 0 -1 -1 -1 -1 -27 -4 -28 -4 -27 1 -23 2 -20 -8 -19 -7 -21 -7 -20 -9 -19 -6 -16 -5 -18 -4 -16 -2 -19 -3 -18 -4 -19 -4 -18 -3 -20 -3 -18 -3 -15 -3 -17 -1 -17 1 -17 -2 -14 1 -15 -1 -15 -2 -15 1 -15 -1 -15 1 -16 -1 -16 1 -14 5 -15 1 -15 0 -13 1 -13 1 -13 0 -13 1 -12 1 -12 0 -12 1 -11 2 -11 0 -11 -1 -10 -1 -9 0 -9 1 -8 0 -9 0 -7 0 -7 0 -6 0 -6 0 -5 0 -5 -1 -4 -1 -4 -1 -4 0 0 0 -1 -1 -1 -1 -1 -1 -1 -1 -1 -1 -1 -1 -1 -1 0 0 0 0 -1 -1 27 -29 25 -29 29 -32 31 -29 30 -29 27 -24 32 -27 26 -24 34 -30 35 -24 37 -26 36 -26 38 -27 37 -25 32 -20 36 -23 34 -25 36 -21 29 -20 31 -19 30 -17 31 -21 31 -17 31 -19 36 -18 29 -20 24 -28 30 -19 29 -19 26 -20 24 -19 28 -19 25 -22 24 -20 24 -22 23 -24 20 -21 21 -23 22 -20 21 -23 20 -23 15 -25 16 -22 18 -25 15 -21 13 -23 14 -21 12 -24 12 -24 16 -23 14 -23 13 -22 14 -21 6 -26 4 -31 3 -31 -2 -31 -1 -1 ]
CSI_DATA,STA,08:3A:F2:51:5D:9D,-50,11,1,0,1,1,1,0,0,0,0,-93,0,6,1,24316685,0,110,0,0,24.483212,384,[110 96 6 0 0 0 0 0 0 0 0 0 -13 18 -13 17 -15 20 -18 20 -16 18 -16 14 -17 16 -16 15 -16 15 -18 15 -20 16 -20 17 -20 16 -20 14 -18 11 -20 16 -19 12 -18 10 -18 11 -16 10 -18 10 -18 11 -17 8 -18 11 -20 12 -17 12 0 0 -17 11 -15 13 -16 13 -14 13 -16 10 -14 12 -16 12 -14 11 -14 13 -10 12 -11 14 -11 11 -11 12 -10 12 -10 12 -9 14 -12 15 -8 13 -8 13 -6 12 -9 12 -8 12 -8 13 -7 13 -8 11 -6 12 0 0 0 0 0 0 0 0 0 0 -1 -1 -1 -1 24 -7 24 -8 23 -12 19 -9 19 -1 18 -2 19 -3 20 -1 18 -2 15 -2 17 -4 14 -5 17 -6 16 -5 17 -5 16 -6 17 -6 16 -6 14 -5 14 -7 14 -9 14 -5 11 -8 12 -6 13 -6 12 -7 12 -6 11 -9 14 -7 11 -8 9 -11 12 -8 11 -7 10 -8 9 -8 11 -6 10 -8 9 -7 9 -7 8 -6 7 -7 8 -6 8 -6 8 -5 7 -6 5 -6 5 -5 5 -5 4 -5 4 -5 4 -4 3 -5 3 -5 3 -4 2 -4 2 -4 1 -4 0 0 0 0 -1 -1 -1 -1 -1 -1 -1 -1 -1 -1 0 0 0 0 -1 -1 -1 -1 -13 37 -12 36 -16 40 -18 40 -17 37 -16 32 -20 36 -15 32 -20 40 -23 34 -24 37 -23 37 -25 38 -26 37 -22 31 -25 33 -23 35 -26 30 -19 28 -22 27 -22 26 -21 30 -23 25 -22 28 -27 29 -19 28 -12 33 -21 28 -20 27 -18 28 -16 25 -20 27 -15 27 -15 27 -15 27 -14 28 -11 24 -11 27 -13 26 -11 28 -11 27 -6 26 -7 25 -9 28 -7 24 -5 24 -6 23 -3 25 -3 25 -7 25 -5 24 -5 23 -6 23 3 23 6 29 8 29 11 26 -1 -1 ]
CSI_DATA,STA,08:3A:F2:51:5D:9D,-50,11,1,0,1,1,1,0,0,0,0,-93,0,6,1,24398995,0,110,0,0,24.565400,384,[110 96 6 0 0 0 0 0 0 0 0 0 8 19 7 18 9 21 7 23 7 21 4 19 5 21 4 19 5 20 3 21 3 24 3 24 2 23 1 22 0 19 4 23 2 20 0 20 1 19 1 18 1 18 1 19 -2 17 0 19 0 21 1 18 0 0 2 18 4 18 4 18 4 16 1 16 4 16 3 17 4 15 5 16 6 13 6 14 4 14 5 14 6 12 6 13 8 12 8 15 7 11 8 11 8 9 7 12 7 11 7 12 8 11 6 11 7 9 0 0 0 0 0 0 0 0 0 0 -1 -1 -1 -1 -3 -23 -3 -23 -7 -24 -7 -20 4 -17 2 -16 2 -18 3 -17 2 -16 2 -13 1 -16 0 -13 -1 -17 0 -16 1 -16 0 -15 -1 -17 -1 -15 0 -13 -2 -14 -4 -14 -1 -14 -4 -12 -3 -13 -1 -13 -3 -13 -1 -13 -4 -13 -2 -14 -3 -13 -8 -11 -3 -13 -3 -12 -3 -10 -3 -11 -2 -11 -3 -11 -3 -10 -3 -10 -2 -9 -2 -9 -1 -9 0 -9 -1 -8 -1 -8 -1 -6 0 -6 -1 -6 0 -5 0 -5 0 -4 0 -3 0 -3 0 -2 0 -2 0 -2 0 -1 -1 -1 -1 -1 -1 -1 -1 -1 -1 -1 -1 -1 -1 -1 -1 -1 -1 -1 0 0 0 0 25 22 24 21 27 24 24 25 25 25 20 22 23 28 20 22 27 28 20 30 22 32 21 30 23 32 21 31 17 26 20 29 21 26 18 30 17 23 16 26 13 25 18 25 13 26 15 25 15 31 17 24 28 17 16 24 16 23 17 20 16 18 16 21 19 19 17 19 19 18 20 17 16 16 19 16 17 17 20 15 19 15 20 10 18 11 21 12 17 11 19 9 18 11 19 8 19 8 19 12 18 10 17 9 17 10 22 0 26 -3 26 -2 24 -8 -1 -1 ]
CSI_DATA,STA,08:3A:F2:51:5D:9D,-46,11,1,0,0,1,1,0,0,0,0,-93,0,6,1,24404793,0,110,0,0,24.576095,256,[110 96 6 0 0 0 0 0 0 0 0 0 -4 -31 -2 -29 -4 -33 -3 -32 -2 -33 0 -29 -1 -31 1 -29 0 -30 2 -31 1 -33 2 -33 2 -31 2 -30 4 -27 1 -33 3 -27 3 -28 3 -27 2 -27 3 -25 2 -27 3 -24 1 -25 1 -27 0 -25 0 0 -1 -24 -2 -26 -2 -24 -3 -25 -2 -21 -4 -23 -4 -23 -3 -21 -5 -22 -4 -22 -5 -22 -4 -20 -6 -20 -5 -20 -6 -20 -6 -19 -8 -21 -7 -18 -7 -19 -8 -18 -8 -18 -8 -18 -8 -18 -8 -18 -7 -17 -7 -16 0 0 0 0 0 0 0 0 0 0 -1 -1 -1 -1 -1 -1 -1 -1 -24 -20 -19 -18 -12 -24 -12 -23 -14 -24 -12 -24 -13 -25 -10 -23 -12 -26 -8 -25 -12 -27 -9 -27 -9 -27 -8 -28 -8 -25 -9 -25 -6 -24 -11 -26 -6 -22 -6 -24 -7 -23 -6 -24 -7 -23 -7 -23 -7 -22 -6 -21 -7 -22 -7 -21 -1 -1 -9 -19 -9 -20 -8 -18 -11 -19 -7 -16 -11 -18 -10 -18 -9 -16 -11 -16 -12 -18 -12 -17 -11 -15 -12 -15 -11 -15 -12 -14 -11 -14 -13 -15 -11 -13 -12 -13 -12 -13 -13 -13 -12 -13 -12 -13 -13 -13 -12 -11 -12 -11 -15 -6 -14 -6 -1 -1 -1 -1 -1 -1 ]
CSI_DATA,STA,08:3A:F2:51:5D:9D,-50,11,1,0,1,1,1,0,0,0,0,-93,0,6,1,24408433,0,110,0,0,24.584010,384,[110 96 6 0 0 0 0 0 0 0 0 0 -7 -21 -7 -19 -8 -23 -6 -25 -6 -23 -4 -20 -5 -23 -4 -21 -4 -21 -3 -22 -2 -25 -3 -25 -2 -24 -1 -23 0 -20 -2 -24 -1 -21 1 -21 -1 -20 -1 -19 -1 -19 -1 -20 2 -18 0 -20 0 -22 -1 -19 0 0 -1 -20 -3 -19 -3 -19 -4 -18 -1 -17 -3 -18 -3 -18 -4 -16 -4 -17 -6 -14 -6 -16 -3 -15 -4 -15 -6 -14 -6 -15 -7 -14 -7 -17 -7 -12 -7 -13 -8 -11 -7 -13 -7 -13 -7 -13 -8 -13 -6 -13 -7 -11 0 0 0 0 0 0 0 0 0 0 -1 -1 -1 -1 -6 22 -5 24 -1 23 0 20 -9 16 -8 14 -7 17 -9 16 -6 15 -6 12 -6 15 -3 13 -4 16 -5 15 -6 16 -5 15 -4 17 -4 15 -4 13 -2 14 -1 14 -3 14 0 12 -2 13 -2 12 0 13 -3 13 1 13 -2 14 -1 13 3 12 -1 12 -1 12 0 11 0 11 -1 11 0 11 0 10 -1 9 -1 9 -1 9 -2 8 -2 8 -2 7 -2 6 -1 6 -2 5 -1 5 -2 4 -2 4 -2 3 -1 3 -1 2 -1 2 -1 1 -1 1 -1 0 -1 -1 -1 -1 -1 -1 -1 -1 -1 -1 -1 -1 -1 -1 -1 -1 -1 -1 0 0 0 0 -22 -31 -21 -29 -24 -34 -21 -35 -22 -34 -17 -30 -19 -35 -18 -29 -22 -37 -16 -37 -17 -40 -16 -39 -17 -41 -15 -39 -12 -33 -15 -37 -16 -35 -13 -37 -13 -29 -12 -32 -10 -30 -15 -32 -10 -32 -12 -32 -10 -37 -13 -31 -20 -27 -12 -31 -13 -30 -14 -27 -14 -25 -13 -28 -16 -26 -15 -26 -17 -25 -18 -25 -16 -22 -17 -23 -15 -24 -18 -23 -17 -21 -20 -18 -17 -18 -20 -20 -16 -17 -19 -15 -17 -16 -20 -14 -20 -14 -18 -18 -18 -16 -17 -16 -17 -16 -23 -8 -26 -8 -26 -7 -27 -2 -1 -1 ]
CSI_DATA,STA,08:3A:F2:51:5D:9D,-50,11,1,0,1,1,1,0,0,0,0,-93,0,6,1,24408884,0,110,0,0,24.595052,384,[110 96 6 0 0 0 0 0 0 0 0 0 12 -17 12 -16 14 -20 17 -19 15 -17 14 -14 16 -16 14 -14 15 -15 17 -14 19 -15 18 -16 18 -15 18 -13 16 -11 19 -15 17 -12 17 -11 16 -11 15 -11 15 -10 16 -11 16 -8 16 -10 18 -12 15 -12 0 0 15 -11 13 -13 14 -13 12 -13 13 -10 12 -12 13 -12 11 -12 12 -13 8 -13 9 -13 10 -11 10 -12 8 -13 8 -13 7 -14 9 -15 6 -13 6 -13 4 -13 7 -13 6 -13 6 -13 6 -13 7 -12 5 -12 0 0 0 0 0 0 0 0 0 0 -1 -1 -1 -1 -20 11 -23 11 -19 14 -15 14 -19 3 -16 3 -18 4 -18 2 -16 4 -14 2 -15 5 -12 5 -15 6 -15 5 -16 4 -15 5 -16 6 -15 5 -12 4 -13 7 -12 8 -13 6 -9 7 -11 6 -12 5 -10 7 -12 6 -11 7 -13 6 -11 8 -8 11 -11 7 -11 6 -8 6 -9 7 -10 5 -9 6 -8 5 -8 5 -8 5 -8 5 -8 3 -8 3 -8 2 -7 2 -6 3 -6 1 -5 2 -5 1 -4 1 -4 0 -3 1 -3 0 -3 0 -3 -1 -2 -1 -2 0 -1 -1 -1 -1 -1 -1 -1 -1 -1 -1 -1 -1 -1 -1 -1 -1 -1 -1 0 0 0 0 11 -35 9 -33 11 -39 14 -36 12 -37 12 -30 15 -35 11 -30 14 -38 19 -34 21 -36 20 -35 22 -37 21 -35 17 -28 19 -33 16 -32 20 -32 14 -27 17 -28 16 -25 15 -29 18 -26 18 -27 22 -29 16 -27 7 -34 16 -27 14 -28 11 -25 10 -26 13 -25 9 -28 10 -25 8 -27 7 -28 6 -25 7 -26 9 -25 7 -27 6 -25 1 -26 3 -23 2 -27 3 -22 0 -23 2 -23 -2 -23 -2 -23 2 -25 2 -23 1 -22 1 -21 -9 -23 -12 -25 -12 -24 -18 -21 -1 -1 ]
CSI_DATA,STA,08:3A:F2:51:5D:9D,-50,11,1,0,1,1,1,0,0,0,0,-93,0,6,1,24409525,0,110,0,0,24.605644,384,[110 96 6 0 0 0 0 0 0 0 0 0 15 14 14 14 17 16 15 19 14 17 11 16 13 17 11 16 12 17 11 18 12 21 13 20 12 20 10 20 7 18 12 20 9 18 7 18 8 17 8 16 8 17 8 18 5 16 8 17 8 19 9 16 0 0 9 16 10 15 10 16 10 14 7 15 9 14 9 15 9 12 10 13 10 9 11 11 9 11 10 11 11 10 10 10 12 9 12 11 11 8 11 8 11 6 11 8 11 8 11 8 12 7 10 8 10 6 0 0 0 0 0 0 0 0 0 0 -1 -1 -1 -1 -10 -22 -10 -24 -13 -20 -12 -17 -2 -18 -2 -17 -3 -19 -1 -18 -3 -17 -2 -14 -3 -16 -4 -13 -5 -16 -5 -16 -4 -16 -5 -15 -6 -17 -5 -16 -4 -13 -6 -14 -8 -13 -6 -14 -7 -11 -6 -12 -5 -12 -7 -12 -5 -13 -7 -12 -6 -14 -7 -12 -10 -9 -6 -11 -6 -11 -6 -10 -6 -10 -5 -11 -6 -10 -5 -9 -6 -9 -4 -9 -4 -8 -4 -9 -3 -9 -3 -9 -3 -8 -3 -7 -2 -6 -3 -6 -1 -5 -2 -4 -1 -4 -1 -4 -1 -4 -1 -3 -1 -3 -1 -2 -1 -1 -1 -1 -1 -1 -1 -1 -1 -1 -1 -1 -1 -1 -1 -1 -1 -1 -1 -1 0 0 0 0 32 14 30 13 35 15 33 18 34 17 27 16 31 19 27 15 35 19 30 23 32 24 31 23 34 25 31 24 25 21 30 22 30 20 28 24 24 17 24 20 22 20 27 18 22 21 24 21 25 25 24 19 30 10 23 19 24 18 23 15 23 13 23 16 25 13 23 13 24 11 25 11 22 10 24 10 23 12 25 10 24 9 23 4 21 6 25 6 20 5 22 3 21 5 22 2 22 1 23 5 22 4 21 4 20 4 22 -6 26 -10 25 -10 23 -15 -1 -1 ]
CSI_DATA,STA,08:3A:F2:51:5D:9D,-45,11,1,0,0,1,1,0,0,0,0,-93,0,6,1,24410067,0,110,0,0,24.615860,256,[110 96 6 0 0 0 0 0 0 0 0 0 -4 12 -5 11 -5 13 -5 13 -5 12 -6 11 -6 12 -6 11 -6 11 -6 11 -6 11 -7 12 -6 11 -7 11 -7 10 -6 12 -6 9 -6 9 -6 9 -6 9 -5 9 -5 10 -6 8 -5 9 -5 10 -4 9 0 0 -4 9 -4 10 -4 10 -4 10 -3 8 -2 9 -2 9 -2 9 -2 8 -2 8 -2 9 -2 7 -1 8 -1 8 -1 8 -1 8 0 9 0 8 -1 8 0 8 0 7 0 8 0 7 0 7 0 7 0 7 0 0 0 0 0 0 0 0 0 0 -1 -1 -1 -1 -1 -1 -1 -1 10 21 7 20 0 20 0 20 2 21 1 22 1 22 -1 19 0 23 -2 20 -1 23 -2 22 -2 23 -3 23 -2 21 -2 21 -4 19 -1 23 -2 18 -4 19 -2 18 -3 19 -1 18 -2 19 -3 18 -2 17 -2 19 -2 18 -1 -1 1 16 0 17 0 15 1 17 1 14 2 15 3 15 1 14 4 14 3 16 3 16 3 14 4 13 4 13 4 14 4 12 4 14 5 13 5 12 5 11 6 12 6 12 6 12 6 12 6 11 6 10 9 9 10 9 -1 -1 -1 -1 -1 -1 ]
CSI_DATA,STA,08:3A:F2:51:5D:9D,-46,11,1,0,0,1,1,0,0,0,0,-93,0,6,1,24410681,0,110,0,0,24.622335,256,[110 96 6 0 0 0 0 0 0 0 0 0 -12 -6 -12 -6 -12 -6 -13 -7 -13 -7 -11 -7 -11 -7 -10 -7 -11 -7 -11 -8 -12 -8 -12 -8 -11 -9 -11 -8 -10 -8 -12 -9 -9 -7 -9 -9 -9 -8 -9 -7 -9 -7 -10 -8 -8 -7 -9 -6 -10 -7 -9 -6 0 0 -9 -6 -10 -6 -10 -6 -9 -5 -8 -5 -9 -5 -9 -5 -9 -5 -10 -4 -9 -4 -9 -4 -8 -3 -9 -3 -9 -4 -9 -4 -9 -3 -10 -3 -9 -2 -8 -3 -8 -2 -8 -2 -8 -2 -9 -2 -8 -2 -8 -2 -8 -2 0 0 0 0 0 0 0 0 0 0 -1 -1 -1 -1 -1 -1 -1 -1 -25 8 -22 5 -22 -3 -22 -2 -23 -2 -25 -3 -23 -3 -22 -4 -23 -3 -21 -5 -24 -4 -22 -6 -23 -7 -24 -7 -23 -8 -22 -6 -20 -6 -23 -6 -19 -6 -19 -8 -20 -7 -19 -7 -19 -6 -19 -7 -19 -7 -17 -6 -18 -6 -18 -6 -1 -1 -18 -4 -17 -4 -16 -4 -18 -3 -14 -2 -17 -2 -17 -2 -15 -2 -16 -1 -18 0 -18 0 -16 -1 -16 0 -16 -1 -16 -1 -16 0 -16 0 -15 1 -15 2 -15 1 -15 2 -15 1 -15 1 -16 1 -14 2 -14 2 -11 6 -11 6 -1 -1 -1 -1 -1 -1 ]
CSI_DATA,STA,08:3A:F2:51:5D:9D,-50,11,1,0,1,1,1,0,0,0,0,-93,0,6,1,24415587,0,110,0,0,24.629699,384,[110 96 6 0 0 0 0 0 0 0 0 0 17 -14 16 -13 19 -15 21 -14 20 -13 17 -10 20 -11 18 -10 19 -11 20 -10 22 -10 22 -11 22 -10 22 -9 18 -6 23 -10 19 -8 19 -6 18 -7 17 -7 18 -7 19 -7 17 -4 18 -6 20 -7 18 -8 0 0 18 -8 16 -9 17 -9 15 -9 16 -7 15 -9 16 -9 13 -9 15 -10 11 -11 12 -11 12 -9 13 -10 11 -11 12 -11 10 -12 13 -12 9 -11 9 -12 7 -11 10 -11 9 -12 9 -12 9 -13 9 -10 7 -11 0 0 0 0 0 0 0 0 0 0 -1 -1 -1 -1 -25 3 -25 4 -24 8 -20 8 -20 -3 -18 -2 -20 -1 -20 -3 -18 -1 -15 -1 -18 0 -15 2 -18 2 -17 1 -18 1 -18 2 -19 3 -17 2 -15 2 -16 4 -15 5 -16 2 -13 5 -14 3 -14 3 -14 5 -14 2 -13 5 -15 3 -14 5 -12 9 -14 5 -13 4 -11 4 -12 4 -12 2 -11 4 -11 4 -11 3 -11 3 -10 3 -10 2 -10 2 -9 1 -8 1 -8 1 -7 0 -7 1 -6 0 -5 0 -5 0 -5 0 -3 0 -4 0 -2 0 -2 0 -2 -1 0 0 -1 -1 -1 -1 -1 -1 -1 -1 -1 -1 -1 -1 -1 -1 0 0 0 0 -1 -1 21 -32 19 -31 23 -34 25 -32 24 -31 21 -26 26 -30 21 -27 27 -34 28 -28 30 -30 29 -29 31 -31 31 -29 26 -24 29 -27 27 -28 30 -25 22 -23 25 -22 24 -20 24 -25 26 -20 25 -23 30 -23 23 -23 17 -30 24 -22 22 -23 20 -23 18 -22 22 -22 18 -25 18 -23 17 -25 16 -26 14 -22 14 -25 16 -23 14 -25 13 -24 9 -26 10 -23 11 -27 9 -22 7 -23 8 -22 6 -24 6 -24 9 -24 8 -24 7 -23 8 -23 -1 -25 -4 -29 -5 -29 -9 -27 -1 -1 ]
CSI_DATA,STA,08:3A:F2:51:5D:9D,-50,11,1,0,1,1,1,0,0,0,0,-93,0,6,1,24416706,0,110,0,0,24.640320,384,[110 96 6 0 0 0 0 0 0 0 0 0 2 21 2 20 2 23 -1 25 -1 23 -2 20 -2 22 -2 20 -2 21 -3 21 -4 24 -3 24 -4 23 -5 23 -6 19 -4 24 -5 21 -7 19 -6 19 -5 18 -5 18 -6 19 -7 15 -5 19 -5 21 -4 19 0 0 -4 19 -2 18 -3 20 -1 18 -3 17 -2 17 -3 18 -2 17 -1 18 2 15 2 16 -1 15 2 15 3 15 2 14 2 14 2 17 4 14 4 14 5 13 3 14 3 13 4 13 5 14 3 12 3 11 0 0 0 0 0 0 0 0 0 0 -1 -1 -1 -1 4 -24 3 -26 0 -27 1 -21 7 -16 7 -15 8 -18 8 -15 6 -13 6 -13 6 -14 2 -12 4 -17 4 -16 5 -16 3 -17 3 -17 3 -15 2 -13 2 -14 -1 -15 3 -14 -1 -13 2 -12 2 -13 -1 -13 2 -12 -2 -15 2 -13 -1 -14 -9 -10 2 -13 1 -13 0 -11 -2 -10 1 -12 -1 -10 0 -9 0 -11 1 -9 0 -9 2 -11 3 -10 1 -9 1 -9 1 -9 1 -7 2 -6 0 -4 0 -4 0 -5 0 -4 -1 -4 -1 -3 1 -2 -1 -2 -1 -3 -1 -1 -1 -1 -1 -1 -1 -1 -1 -1 -1 -1 -1 -1 -1 -1 -1 -1 -1 -1 0 0 18 28 17 26 19 30 17 31 16 30 13 26 13 32 13 26 17 33 12 32 14 35 13 33 14 36 13 35 9 29 10 33 13 31 9 33 9 26 8 27 5 27 10 29 5 27 8 28 8 32 10 27 24 22 9 27 9 27 10 24 9 24 9 25 13 22 10 22 13 23 14 22 12 19 15 21 13 19 16 20 15 19 17 15 13 16 15 18 13 16 15 13 14 17 17 14 16 12 16 14 16 16 15 13 14 14 25 5 28 4 27 4 28 -1 -1 -1 ]
CSI_DATA,STA,08:3A:F2:51:5D:9D,-50,11,1,0,1,1,1,0,0,0,0,-93,0,6,1,24418131,0,110,0,0,24.650280,384,[110 96 6 0 0 0 0 0 0 0 0 0 2 -22 2 -21 2 -24 6 -25 5 -23 6 -20 6 -22 6 -20 6 -21 7 -21 8 -24 7 -24 8 -23 9 -22 9 -18 8 -23 9 -20 9 -18 9 -18 8 -17 9 -18 9 -18 9 -15 9 -18 9 -20 7 -18 0 0 8 -18 5 -18 6 -19 4 -17 7 -16 5 -17 6 -18 5 -16 4 -18 1 -15 1 -17 3 -15 2 -16 1 -16 1 -16 -1 -17 1 -18 -1 -15 -1 -16 -2 -14 0 -15 0 -15 -1 -15 -2 -15 0 -14 -2 -14 0 0 0 0 0 0 0 0 0 0 -1 -1 -1 -1 -13 20 -13 21 -9 24 -8 19 -14 11 -14 11 -14 12 -15 11 -12 11 -11 9 -11 11 -9 11 -11 13 -10 12 -11 12 -10 13 -10 14 -10 12 -9 11 -8 13 -6 14 -9 11 -6 11 -7 10 -8 10 -7 11 -7 10 -5 12 -8 12 -6 12 -1 13 -6 12 -7 10 -6 10 -5 10 -7 9 -6 10 -5 9 -5 8 -6 8 -5 8 -5 7 -5 7 -5 6 -5 6 -4 6 -4 5 -4 4 -4 3 -3 3 -3 3 -3 2 -2 1 -2 1 -2 1 -2 0 -1 0 -1 -1 0 0 0 0 -1 -1 -1 -1 -1 -1 0 0 0 0 -1 -1 -1 -1 -1 -1 -12 -33 -12 -32 -12 -36 -10 -38 -9 -35 -7 -32 -6 -36 -7 -31 -8 -39 -4 -36 -5 -40 -6 -38 -6 -41 -4 -40 -3 -34 -2 -37 -5 -37 0 -36 -3 -31 0 -32 1 -31 -3 -33 0 -30 -2 -32 1 -35 -4 -31 -17 -30 -2 -32 -2 -30 -4 -29 -4 -26 -3 -30 -6 -28 -5 -27 -7 -28 -8 -28 -8 -23 -10 -25 -7 -26 -10 -26 -9 -25 -13 -22 -10 -22 -11 -24 -10 -21 -11 -20 -10 -20 -13 -20 -12 -20 -11 -22 -12 -21 -12 -19 -11 -20 -20 -14 -25 -15 -26 -14 -26 -11 -1 -1 ]
CSI_DATA,STA,08:3A:F2:51:5D:9D,-50,11,1,0,1,1,1,0,0,0,0,-93,0,6,1,24418662,0,110,0,0,24.660954,384,[110 96 6 0 0 0 0 0 0 0 0 0 21 2 20 2 23 2 25 5 22 5 19 6 21 6 20 6 20 6 20 7 23 9 23 8 22 8 21 9 17 9 22 9 19 9 17 10 18 9 16 8 17 9 17 9 14 9 17 9 19 10 17 7 0 0 17 8 17 6 18 6 16 4 15 7 17 5 17 6 15 5 16 4 15 1 16 1 14 3 15 3 15 1 14 2 16 0 17 1 14 -1 15 -1 13 -2 14 0 14 0 14 -1 14 -2 13 0 12 -2 0 0 0 0 0 0 0 0 0 0 -1 -1 -1 -1 -21 -14 -22 -13 -24 -11 -20 -9 -12 -15 -12 -14 -13 -14 -13 -16 -12 -13 -10 -11 -12 -12 -11 -9 -14 -11 -13 -11 -13 -12 -13 -10 -15 -11 -13 -10 -12 -9 -13 -8 -15 -7 -12 -10 -12 -6 -12 -8 -12 -8 -13 -7 -11 -8 -13 -5 -13 -8 -13 -6 -15 -1 -13 -7 -12 -7 -12 -6 -11 -5 -11 -7 -11 -6 -10 -5 -10 -5 -9 -6 -9 -5 -8 -6 -8 -5 -8 -5 -7 -5 -6 -4 -6 -4 -5 -4 -5 -4 -4 -3 -3 -3 -3 -3 -3 -2 -2 -2 -2 -2 -2 -1 -1 -1 -1 -1 0 0 0 0 -1 -1 -1 -1 -1 -1 0 0 0 0 -1 -1 -1 -1 -1 -1 34 -10 33 -10 37 -9 38 -8 35 -7 32 -5 37 -4 32 -6 40 -7 37 -2 40 -3 39 -3 41 -3 39 -2 34 -1 36 0 38 -3 35 2 31 -1 32 1 30 2 33 -1 30 2 31 0 35 3 31 -2 31 -13 32 0 29 -1 29 -3 25 -3 29 -2 28 -5 27 -4 28 -5 28 -7 24 -7 25 -8 25 -6 26 -9 25 -9 21 -12 22 -9 24 -10 20 -10 20 -11 20 -9 20 -12 19 -12 21 -10 20 -11 19 -11 20 -10 15 -18 15 -25 15 -26 11 -25 -1 -1 ]
CSI_DATA,STA,08:3A:F2:51:5D:9D,-49,11,1,0,1,1,1,0,0,0,0,-93,0,6,1,24580364,0,110,0,0,24.747337,384,[110 96 6 0 0 0 0 0 0 0 0 0 9 20 9 19 10 22 8 25 7 23 5 20 6 22 5 20 6 21 4 22 5 24 5 24 4 23 3 23 1 20 4 24 3 21 1 20 2 20 2 19 2 19 2 20 0 17 2 20 2 21 3 18 0 0 3 18 5 17 5 18 5 16 2 16 5 16 4 17 5 15 6 16 7 13 7 13 5 13 6 13 7 11 7 12 8 11 8 14 8 10 8 10 9 8 8 10 8 9 8 10 9 9 7 9 8 8 0 0 0 0 0 0 0 0 0 0 -1 -1 -1 -1 -5 -21 -6 -21 -9 -21 -8 -17 0 -16 0 -16 -1 -17 0 -17 -1 -15 -1 -12 -2 -14 -3 -12 -4 -15 -4 -14 -3 -15 -4 -14 -5 -15 -4 -14 -4 -12 -5 -12 -7 -12 -4 -12 -7 -10 -6 -11 -5 -11 -6 -11 -5 -11 -8 -10 -6 -12 -7 -10 -10 -8 -7 -10 -6 -10 -6 -9 -6 -9 -6 -9 -7 -8 -6 -8 -6 -8 -5 -8 -5 -7 -5 -7 -5 -7 -4 -7 -4 -7 -4 -5 -3 -5 -4 -5 -3 -4 -3 -4 -2 -3 -3 -3 -3 -3 -2 -2 -2 -2 -2 -2 -2 -1 0 0 0 0 -1 -1 -1 -1 -1 -1 -1 -1 -1 -1 0 0 0 0 -1 -1 -1 -1 28 23 27 21 29 25 28 27 27 25 22 23 25 27 22 22 29 27 23 29 25 31 25 29 26 32 24 31 20 26 21 29 24 27 20 30 19 23 18 25 16 24 20 25 16 25 18 25 18 29 19 23 29 15 18 24 17 22 19 20 17 18 18 21 20 18 18 18 20 17 20 16 17 14 20 14 19 15 21 13 20 12 20 8 18 10 21 11 18 9 19 7 18 8 19 6 19 6 20 8 19 7 18 7 18 7 21 -2 25 -5 24 -6 23 -9 -1 -1 ]
CSI_DATA,STA,08:3A:F2:51:5D:9D,-49,11,1,0,1,1,1,0,0,0,0,-93,0,6,1,24580879,0,110,0,0,24.757912,384,[110 96 6 0 0 0 0 0 0 0 0 0 13 17 12 17 15 19 13 22 12 20 9 18 11 20 9 19 10 19 9 20 10 23 10 22 9 22 8 22 5 19 10 22 7 19 5 19 6 18 6 17 6 18 6 19 4 17 6 18 6 20 7 17 0 0 7 17 8 16 8 17 9 14 6 15 8 14 8 15 8 13 9 14 10 10 10 12 8 11 9 11 9 9 9 10 10 9 11 11 10 8 10 8 10 6 10 8 10 7 10 8 11 7 9 7 9 6 0 0 0 0 0 0 0 0 0 0 -1 -1 -1 -1 -9 -20 -9 -21 -13 -18 -12 -15 -2 -16 -3 -15 -4 -16 -3 -16 -4 -14 -3 -12 -5 -13 -5 -12 -6 -14 -6 -14 -6 -14 -6 -13 -7 -14 -6 -12 -6 -11 -7 -11 -9 -10 -7 -11 -8 -8 -7 -10 -6 -10 -8 -9 -7 -10 -9 -8 -8 -10 -9 -9 -11 -6 -9 -9 -8 -9 -7 -7 -8 -7 -7 -8 -8 -7 -7 -7 -7 -6 -6 -7 -7 -6 -6 -6 -5 -6 -5 -6 -5 -5 -5 -5 -4 -4 -5 -4 -4 -3 -3 -4 -3 -3 -3 -2 -2 -2 -3 -2 -2 -1 -2 -1 -2 -1 -1 -1 -1 -1 -1 -1 -1 -1 -1 -1 -1 -1 -1 -1 -1 -1 -1 -1 0 0 0 0 32 19 31 17 34 20 32 22 32 21 26 19 30 23 27 18 34 23 28 25 30 27 29 26 32 28 29 28 24 23 28 26 29 23 25 26 22 19 22 22 20 22 25 21 21 23 22 22 23 27 23 19 31 11 22 20 22 20 22 16 21 15 21 18 23 14 21 14 23 13 23 13 21 11 22 11 21 12 23 10 22 9 22 5 20 6 23 7 19 6 19 3 19 4 21 2 20 2 21 5 20 4 19 3 19 3 20 -5 24 -9 22 -10 20 -13 -1 -1 ]
CSI_DATA,STA,08:3A:F2:51:5D:9D,-50,11,1,0,1,1,1,0,0,0,0,-93,0,6,1,24581209,0,110,0,0,24.767943,384,[110 96 6 0 0 0 0 0 0 0 0 0 -25 -4 -24 -4 -27 -4 -29 -7 -26 -6 -22 -7 -25 -8 -23 -8 -24 -8 -24 -10 -26 -11 -26 -10 -25 -11 -24 -11 -20 -11 -25 -10 -21 -10 -20 -11 -20 -10 -19 -9 -19 -10 -20 -10 -16 -11 -20 -10 -21 -11 -20 -8 0 0 -20 -9 -19 -6 -20 -7 -18 -5 -17 -8 -18 -6 -19 -7 -17 -5 -19 -5 -16 -1 -17 -2 -16 -4 -16 -3 -16 -1 -16 -1 -16 0 -18 -1 -15 1 -15 1 -13 3 -15 0 -14 1 -15 1 -15 2 -13 0 -13 2 0 0 0 0 0 0 0 0 0 0 -1 -1 -1 -1 21 6 22 6 22 2 19 1 13 9 12 8 13 8 13 9 12 7 10 6 12 6 11 3 13 4 13 4 13 5 13 4 14 4 13 3 12 3 12 2 13 0 12 2 11 0 11 1 11 2 11 0 11 1 11 -1 12 1 12 -1 11 -6 11 -1 11 0 10 -1 10 -1 10 0 10 -1 8 -1 8 -1 8 -1 7 -1 8 -1 8 0 7 0 7 -1 6 -2 5 -1 5 -1 4 -1 4 -1 3 -1 3 -1 2 -1 2 -1 1 -1 1 -2 1 -2 0 0 0 0 -1 -1 -1 -1 -1 -1 -1 -1 -1 -1 0 0 0 0 -1 -1 -1 -1 -37 13 -35 14 -40 13 -41 11 -39 10 -34 8 -40 8 -34 8 -41 10 -39 5 -43 6 -41 6 -44 7 -42 5 -36 4 -39 3 -39 7 -39 1 -32 5 -34 2 -32 0 -35 4 -32 0 -33 3 -38 0 -32 5 -31 20 -33 3 -31 3 -29 6 -26 5 -30 4 -29 7 -27 6 -28 8 -28 9 -24 9 -25 10 -25 8 -24 10 -24 10 -20 13 -20 11 -23 12 -20 11 -18 12 -18 11 -17 14 -17 13 -19 12 -18 12 -16 12 -17 11 -9 21 -9 25 -9 26 -5 26 -1 -1 ]
CSI_DATA,STA,08:3A:F2:51:5D:9D,-49,11,1,0,1,1,1,0,0,0,0,-93,0,6,1,24581601,0,110,0,0,24.778310,384,[110 96 6 0 0 0 0 0 0 0 0 0 -8 -22 -8 -21 -9 -24 -7 -27 -6 -25 -4 -21 -5 -24 -4 -22 -4 -23 -3 -24 -3 -26 -3 -26 -3 -25 -1 -25 0 -21 -3 -25 -2 -22 0 -21 -1 -21 -1 -19 0 -20 -1 -21 1 -18 0 -21 0 -22 -2 -20 0 0 -2 -20 -4 -19 -4 -20 -4 -18 -2 -17 -4 -18 -3 -18 -4 -16 -5 -17 -6 -13 -7 -15 -5 -14 -5 -15 -7 -14 -6 -14 -8 -13 -8 -16 -8 -12 -8 -12 -8 -10 -7 -12 -8 -12 -8 -12 -9 -11 -7 -11 -8 -10 0 0 0 0 0 0 0 0 0 0 -1 -1 -1 -1 -1 21 1 21 4 20 4 17 -5 15 -4 14 -3 15 -5 15 -3 14 -2 11 -2 13 0 11 0 14 0 14 0 14 0 13 1 14 1 13 0 11 3 12 4 12 1 12 3 10 2 10 2 10 3 11 2 10 4 10 3 11 4 10 8 9 4 10 4 10 3 9 3 8 3 9 4 8 4 7 3 7 2 8 3 7 2 7 3 7 2 6 2 5 2 5 1 4 2 4 1 3 1 3 0 3 1 2 1 1 1 1 2 1 1 0 0 0 0 0 0 0 -1 -1 -1 -1 -1 -1 -1 -1 -1 -1 0 0 0 0 -1 -1 -1 -1 -25 -31 -25 -29 -27 -33 -25 -35 -24 -33 -20 -29 -22 -35 -20 -29 -25 -36 -20 -36 -21 -39 -20 -37 -22 -39 -19 -38 -16 -32 -18 -35 -19 -34 -16 -36 -16 -28 -15 -31 -12 -29 -17 -30 -12 -30 -15 -31 -14 -35 -16 -29 -25 -23 -15 -29 -16 -28 -16 -25 -16 -23 -15 -26 -18 -23 -17 -24 -18 -23 -19 -22 -17 -18 -18 -19 -17 -21 -19 -19 -18 -18 -20 -14 -18 -15 -21 -17 -18 -14 -19 -12 -18 -13 -20 -11 -20 -11 -19 -13 -19 -12 -18 -11 -17 -12 -22 -3 -25 -1 -25 -1 -25 4 -1 -1 ]
CSI_DATA,STA,08:3A:F2:51:5D:9D,-49,11,1,0,1,1,1,0,0,0,0,-93,0,6,1,24583977,0,110,0,0,24.788985,384,[110 96 6 0 0 0 0 0 0 0 0 0 17 -18 16 -18 18 -20 23 -19 20 -17 19 -14 21 -16 19 -14 20 -15 21 -13 24 -15 23 -15 23 -14 23 -12 20 -9 23 -14 21 -11 20 -9 20 -10 18 -10 19 -9 20 -10 18 -6 20 -9 21 -10 18 -11 0 0 18 -10 16 -12 18 -12 15 -12 16 -9 15 -11 16 -11 13 -10 14 -12 10 -12 12 -13 12 -10 12 -11 10 -12 10 -12 9 -14 11 -14 8 -13 8 -13 6 -12 8 -12 7 -12 8 -12 7 -13 7 -11 6 -12 0 0 0 0 0 0 0 0 0 0 -1 -1 -1 -1 -21 10 -21 9 -20 14 -17 11 -18 2 -17 2 -17 4 -19 2 -15 3 -14 3 -15 5 -13 5 -15 6 -14 5 -15 5 -14 7 -15 8 -13 6 -12 5 -12 7 -11 9 -13 6 -9 8 -11 7 -11 6 -10 8 -11 7 -9 9 -11 8 -10 9 -6 12 -10 9 -10 8 -8 8 -8 8 -9 7 -8 8 -7 7 -7 7 -8 6 -7 6 -8 6 -7 6 -6 5 -6 5 -6 4 -5 4 -5 4 -5 3 -4 3 -4 2 -3 2 -2 2 -2 2 -2 2 -2 1 -2 1 0 0 0 0 -1 -1 -1 -1 -1 -1 -1 -1 -1 -1 0 0 0 0 -1 -1 -1 -1 16 -39 14 -39 18 -42 21 -42 19 -39 18 -34 23 -38 17 -34 22 -41 25 -35 26 -38 25 -38 27 -40 27 -37 24 -31 26 -33 24 -36 27 -31 20 -29 23 -28 23 -25 22 -30 23 -26 22 -28 27 -30 19 -29 10 -36 21 -28 19 -27 16 -27 15 -25 19 -27 14 -28 15 -26 13 -28 13 -28 9 -24 10 -27 11 -25 9 -28 9 -27 4 -26 6 -24 6 -27 5 -23 4 -24 5 -23 1 -24 2 -24 4 -24 2 -23 2 -22 3 -23 -8 -22 -11 -26 -12 -26 -14 -22 -1 -1 ]
CSI_DATA,STA,08:3A:F2:51:5D:9D,-49,11,1,0,1,1,1,0,0,0,0,-93,0,6,1,24590570,0,110,0,0,24.799549,384,[110 96 6 0 0 0 0 0 0 0 0 0 -14 -20 -14 -18 -17 -22 -14 -24 -14 -23 -10 -20 -12 -22 -10 -21 -11 -21 -9 -23 -10 -25 -11 -25 -10 -24 -8 -24 -6 -21 -10 -25 -8 -21 -6 -21 -7 -20 -7 -19 -6 -20 -7 -21 -3 -19 -6 -20 -7 -22 -7 -19 0 0 -7 -19 -9 -18 -9 -18 -9 -16 -6 -17 -9 -17 -9 -18 -8 -15 -9 -15 -10 -12 -11 -13 -8 -13 -9 -13 -10 -12 -10 -12 -11 -11 -13 -13 -11 -9 -11 -10 -11 -8 -10 -10 -11 -10 -11 -10 -12 -9 -9 -9 -10 -8 0 0 0 0 0 0 0 0 0 0 -1 -1 -1 -1 10 19 11 19 14 16 13 14 2 14 2 13 3 14 2 15 3 12 3 10 4 12 4 10 6 12 5 12 5 12 5 11 7 11 6 11 5 10 6 10 8 8 6 10 7 7 6 9 5 9 7 8 6 8 8 6 6 9 8 7 12 3 7 7 7 7 7 6 6 6 6 7 7 6 6 5 6 5 5 5 5 5 5 6 5 5 4 5 4 5 4 3 3 3 3 3 2 3 2 2 2 2 2 2 2 1 1 1 1 1 1 0 0 0 0 0 0 0 -1 -1 -1 -1 -1 -1 -1 -1 -1 -1 0 0 0 0 -1 -1 -1 -1 -33 -17 -33 -15 -36 -19 -35 -20 -33 -19 -28 -18 -32 -22 -28 -18 -36 -22 -30 -25 -32 -26 -31 -25 -34 -26 -32 -26 -26 -22 -29 -24 -30 -21 -27 -26 -24 -19 -25 -22 -21 -22 -26 -20 -22 -22 -24 -21 -25 -26 -24 -19 -34 -8 -24 -20 -24 -19 -23 -15 -22 -15 -23 -17 -24 -14 -23 -15 -24 -14 -25 -11 -21 -11 -24 -10 -22 -12 -24 -9 -24 -9 -22 -4 -21 -6 -24 -6 -20 -5 -20 -4 -20 -5 -21 -3 -20 -2 -22 -5 -21 -4 -19 -3 -20 -4 -21 8 -23 13 -23 12 -20 16 -1 -1 ]
CSI_DATA,STA,08:3A:F2:51:5D:9D,-49,11,1,0,1,1,1,0,0,0,0,-93,0,6,1,24596117,0,110,0,0,24.810242,384,[110 96 6 0 0 0 0 0 0 0 0 0 22 6 21 6 25 6 25 10 23 9 19 9 22 10 20 10 21 10 20 11 22 13 23 12 22 12 21 13 17 12 22 13 18 11 17 12 17 11 16 11 16 11 17 11 13 11 16 12 18 13 17 10 0 0 16 10 17 8 18 8 16 6 15 8 16 7 16 8 15 6 16 6 15 2 16 2 14 4 14 4 15 2 14 2 15 0 17 2 13 0 14 0 12 -2 14 0 14 0 14 0 13 -2 12 0 12 -2 0 0 0 0 0 0 0 0 0 0 -1 -1 -1 -1 -21 -10 -21 -9 -24 -6 -19 -4 -12 -12 -12 -11 -13 -11 -13 -12 -12 -9 -11 -8 -12 -8 -11 -6 -14 -7 -13 -7 -14 -8 -13 -6 -15 -6 -14 -6 -12 -5 -13 -4 -14 -2 -13 -5 -12 -2 -12 -3 -12 -4 -13 -2 -12 -3 -13 -1 -14 -3 -13 -1 -12 5 -13 -2 -12 -2 -12 -1 -11 -1 -12 -2 -11 -1 -10 -1 -10 -1 -9 -1 -9 -1 -9 -1 -9 -2 -9 -2 -8 -2 -7 0 -7 -1 -7 -1 -6 -1 -5 -1 -5 -1 -5 0 -5 -1 -4 -1 -4 -1 -3 -1 -3 -1 -1 -1 -1 -1 -1 -1 -1 -1 -1 -1 -1 -1 -1 -1 -1 -1 -1 -1 0 0 0 0 37 -6 36 -6 40 -6 41 -4 38 -3 34 -2 39 0 34 -2 42 -2 39 3 42 2 40 1 43 1 41 2 35 2 37 3 38 -1 37 5 31 1 32 3 30 5 33 1 30 5 32 2 36 6 31 1 32 -13 31 2 30 1 28 -2 25 -2 29 0 28 -3 26 -2 27 -5 27 -6 23 -6 24 -7 25 -5 25 -8 24 -8 20 -12 20 -9 22 -10 19 -9 19 -11 19 -9 18 -12 18 -12 20 -10 18 -11 17 -10 18 -10 12 -18 12 -25 11 -25 6 -24 -1 -1 ]
CSI_DATA,STA,08:3A:F2:51:5D:9D,-49,11,1,0,1,1,1,0,0,0,0,-93,0,6,1,24596628,0,110,0,0,24.820477,384,[110 96 6 0 0 0 0 0 0 0 0 0 -18 17 -17 17 -20 20 -23 18 -21 18 -19 13 -22 16 -20 13 -20 15 -23 13 -26 14 -25 15 -24 13 -24 11 -21 8 -24 15 -21 11 -22 10 -20 10 -19 9 -20 9 -21 10 -20 6 -21 9 -22 10 -19 10 0 0 -19 10 -17 12 -17 12 -16 12 -16 9 -16 11 -17 11 -14 10 -15 12 -11 12 -12 13 -13 10 -12 11 -10 12 -10 12 -9 13 -12 15 -8 12 -8 13 -6 12 -8 12 -7 12 -8 12 -6 13 -8 11 -6 11 0 0 0 0 0 0 0 0 0 0 -1 -1 -1 -1 17 -16 17 -16 14 -18 11 -18 16 -7 14 -7 15 -8 15 -6 13 -8 10 -6 12 -9 10 -8 11 -11 12 -9 12 -10 11 -10 12 -11 10 -10 9 -8 8 -12 6 -12 9 -11 5 -10 8 -10 8 -9 6 -11 8 -10 6 -11 9 -11 6 -12 1 -15 6 -12 6 -11 4 -10 5 -11 6 -9 5 -11 4 -10 4 -10 4 -10 4 -9 5 -9 5 -8 4 -8 4 -7 3 -8 3 -6 2 -7 3 -6 2 -6 2 -5 2 -5 1 -4 1 -4 1 -3 1 -3 1 -3 0 0 0 0 -1 -1 -1 -1 -1 -1 -1 -1 -1 -1 0 0 0 0 -1 -1 -1 -1 -13 38 -12 36 -14 41 -16 38 -15 39 -15 31 -19 38 -15 32 -16 42 -23 35 -24 38 -23 36 -24 39 -24 37 -21 29 -20 34 -17 33 -22 34 -15 28 -20 29 -20 24 -17 31 -22 26 -20 28 -25 30 -18 28 -5 37 -18 27 -16 28 -12 26 -12 26 -15 26 -10 28 -12 25 -10 26 -8 28 -8 24 -8 26 -10 25 -6 26 -6 25 1 24 -2 21 -2 26 -3 21 0 21 -1 21 2 22 2 20 -2 23 -1 22 0 20 -1 20 12 20 17 21 16 20 21 16 -1 -1 ]
CSI_DATA,STA,08:3A:F2:51:5D:9D,-49,11,1,0,1,1,1,0,0,0,0,-93,0,6,1,24597038,0,110,0,0,24.831001,384,[110 96 6 0 0 0 0 0 0 0 0 0 -26 -7 -24 -6 -28 -6 -28 -10 -27 -9 -22 -9 -25 -10 -23 -10 -24 -9 -24 -13 -26 -14 -26 -13 -25 -13 -24 -14 -19 -13 -26 -13 -21 -12 -20 -14 -20 -12 -19 -11 -19 -12 -21 -12 -16 -14 -19 -13 -21 -14 -19 -11 0 0 -19 -11 -20 -8 -20 -9 -19 -7 -16 -9 -18 -8 -19 -8 -17 -7 -18 -6 -17 -3 -18 -3 -16 -6 -16 -5 -16 -3 -16 -2 -17 -1 -19 -2 -15 0 -16 0 -14 1 -15 0 -15 0 -16 0 -15 1 -14 -1 -13 1 0 0 0 0 0 0 0 0 0 0 -1 -1 -1 -1 22 4 23 3 23 -1 20 -3 13 8 12 7 13 7 12 8 12 6 10 4 13 5 11 3 14 3 13 4 14 5 12 3 14 3 13 3 11 3 12 0 12 -2 13 1 11 -1 11 0 11 1 12 -1 12 1 12 -2 13 0 12 -2 12 -9 12 -1 11 -1 10 -1 10 -2 10 -1 10 -2 9 -2 9 -1 9 -1 8 -2 9 -1 9 0 8 -1 7 -1 6 -2 5 -1 6 -1 5 -1 4 -2 4 0 4 -1 3 -1 3 -1 2 -1 2 -1 2 -1 0 0 0 0 -1 -1 -1 -1 -1 -1 -1 -1 -1 -1 0 0 0 0 -1 -1 -1 -1 -37 12 -35 11 -40 13 -38 9 -39 11 -33 7 -40 7 -33 6 -42 11 -41 3 -44 4 -41 3 -45 5 -42 3 -35 1 -38 4 -36 6 -39 3 -31 4 -34 2 -31 -2 -34 5 -33 -1 -33 1 -38 -2 -32 3 -32 21 -31 2 -31 4 -27 6 -27 5 -29 4 -28 8 -27 5 -27 8 -26 9 -24 7 -24 9 -25 7 -24 10 -23 9 -18 14 -18 10 -21 13 -18 10 -17 12 -18 11 -16 13 -15 13 -20 12 -17 12 -16 11 -16 11 -8 23 -6 26 -6 25 1 28 -1 -1 ]
CSI_DATA,STA,08:3A:F2:51:5D:9D,-49,11,1,0,1,1,1,0,0,0,0,-93,0,6,1,24597517,0,110,0,0,24.841453,384,[110 96 6 0 0 0 0 0 0 0 0 0 6 -23 5 -22 6 -26 9 -26 8 -25 9 -20 10 -23 9 -20 9 -22 11 -22 13 -23 12 -24 12 -22 13 -21 12 -17 12 -23 11 -19 12 -18 11 -18 10 -17 11 -17 11 -18 12 -15 12 -17 12 -19 9 -18 0 0 9 -17 7 -18 8 -18 6 -18 8 -15 7 -17 7 -17 6 -16 6 -17 2 -16 3 -16 4 -15 4 -15 2 -15 2 -15 0 -16 2 -18 0 -14 0 -15 -2 -13 0 -14 0 -14 0 -15 -2 -14 0 -13 -1 -12 0 0 0 0 0 0 0 0 0 0 -1 -1 -1 -1 -7 21 -7 21 -3 22 -1 19 -10 11 -10 11 -9 12 -10 11 -8 11 -7 9 -7 12 -5 10 -5 12 -6 12 -7 13 -6 12 -5 13 -5 12 -4 10 -3 11 -1 12 -4 11 -1 10 -3 11 -3 10 -1 11 -3 10 0 11 -3 12 -1 11 5 12 -1 11 -1 10 0 9 -1 10 -1 9 0 10 -1 8 0 9 -1 8 -1 8 -1 8 -1 8 0 7 -1 6 -1 6 0 5 0 5 -2 5 -1 4 -1 4 0 4 0 3 0 3 0 3 0 2 -1 1 0 0 0 0 -1 -1 -1 -1 -1 -1 -1 -1 -1 -1 0 0 0 0 -1 -1 -1 -1 -9 -36 -9 -34 -9 -39 -7 -38 -7 -38 -5 -33 -4 -38 -5 -32 -8 -41 -1 -39 -1 -42 0 -40 -1 -43 0 -41 0 -33 -1 -37 -4 -36 1 -37 -2 -30 0 -32 2 -29 -3 -32 3 -31 0 -32 4 -36 -1 -31 -16 -32 0 -31 -2 -30 -4 -27 -3 -26 -3 -28 -6 -27 -4 -26 -7 -26 -8 -26 -6 -24 -8 -24 -6 -25 -9 -24 -9 -24 -13 -19 -10 -20 -12 -22 -9 -19 -11 -18 -10 -18 -13 -17 -12 -16 -11 -20 -11 -18 -11 -17 -11 -17 -20 -10 -24 -9 -25 -8 -25 -3 -1 -1 ]
CSI_DATA,STA,08:3A:F2:51:5D:9D,-48,11,1,0,1,1,1,0,0,0,0,-93,0,6,1,24696040,0,110,0,0,24.862466,384,[110 96 6 0 0 0 0 0 0 0 0 0 14 -19 14 -19 16 -23 19 -22 17 -20 16 -16 18 -18 16 -16 17 -18 19 -16 21 -17 21 -18 20 -16 21 -15 18 -12 21 -18 18 -14 19 -12 17 -13 16 -13 17 -12 17 -13 17 -9 18 -12 19 -13 16 -13 0 0 16 -13 14 -15 15 -15 12 -15 14 -12 13 -14 14 -14 11 -13 12 -15 8 -14 9 -15 10 -12 10 -13 7 -14 8 -14 6 -15 8 -17 5 -14 5 -15 3 -13 6 -14 5 -14 5 -14 4 -15 5 -13 4 -13 0 0 0 0 0 0 0 0 0 0 -1 -1 -1 -1 -16 17 -17 18 -13 20 -10 18 -16 8 -14 7 -15 9 -16 7 -13 8 -12 7 -12 9 -10 8 -11 11 -12 10 -13 10 -12 10 -12 11 -11 10 -9 8 -8 11 -7 11 -10 11 -5 10 -7 10 -8 9 -6 11 -8 10 -6 11 -8 11 -6 12 -1 14 -6 11 -5 11 -4 9 -4 11 -6 9 -5 10 -4 9 -4 9 -5 9 -5 8 -5 8 -5 7 -4 7 -4 6 -3 7 -4 5 -3 6 -3 4 -3 5 -3 4 -2 4 -2 4 -2 3 -2 3 -2 2 -2 2 -1 -1 -1 -1 -1 -1 -1 -1 -1 -1 -1 -1 -1 -1 -1 -1 -1 -1 -1 -1 0 0 9 -39 8 -37 9 -43 12 -40 11 -41 11 -34 14 -40 10 -34 12 -44 19 -38 20 -41 19 -39 20 -42 19 -40 16 -32 17 -37 14 -37 18 -37 12 -30 15 -32 16 -28 12 -34 17 -30 16 -31 21 -33 13 -31 2 -37 14 -30 11 -31 8 -28 7 -28 10 -29 7 -30 7 -28 5 -29 4 -29 5 -26 4 -28 6 -27 2 -28 2 -27 -4 -25 -1 -24 -3 -27 -1 -23 -4 -23 -2 -23 -5 -23 -6 -22 -2 -25 -3 -23 -3 -22 -3 -22 -15 -20 -20 -21 -19 -20 -24 -15 -1 -1 ]
CSI_DATA,STA,08:3A:F2:51:5D:9D,-49,11,1,0,1,1,1,0,0,0,0,-93,0,6,1,24778278,0,110,0,0,24.944719,384,[110 96 6 0 0 0 0 0 0 0 0 0 12 -21 12 -20 13 -23 17 -23 15 -21 15 -17 16 -19 15 -18 16 -18 17 -18 19 -20 18 -20 18 -19 19 -18 17 -14 19 -19 17 -16 17 -14 17 -14 15 -13 16 -14 16 -15 15 -11 16 -14 17 -16 14 -15 0 0 15 -15 12 -16 13 -17 10 -15 13 -13 12 -15 12 -15 10 -14 10 -16 6 -15 7 -16 8 -14 7 -15 6 -15 6 -14 4 -16 6 -17 3 -15 4 -15 2 -14 4 -14 3 -14 3 -14 2 -15 3 -13 2 -13 0 0 0 0 0 0 0 0 0 0 -1 -1 -1 -1 -14 18 -14 18 -10 21 -8 17 -14 9 -13 9 -13 10 -15 9 -11 9 -10 8 -11 9 -8 10 -10 11 -9 10 -10 10 -9 11 -9 12 -9 11 -8 9 -7 12 -5 12 -7 10 -4 10 -6 10 -6 9 -4 11 -6 10 -4 11 -6 11 -4 11 1 13 -4 11 -5 10 -3 9 -4 9 -4 9 -3 9 -3 8 -3 8 -3 8 -3 8 -4 8 -4 7 -4 6 -4 5 -3 6 -3 4 -3 5 -3 4 -3 3 -3 3 -2 2 -2 1 -2 1 -2 1 -2 1 -2 0 -1 -1 -1 -1 -1 -1 -1 -1 -1 -1 -1 -1 -1 -1 -1 -1 -1 -1 0 0 0 0 4 -39 3 -38 5 -42 7 -43 7 -40 7 -35 10 -39 6 -34 8 -43 12 -38 12 -42 11 -41 12 -44 13 -42 11 -34 13 -37 10 -39 14 -36 9 -32 12 -32 11 -30 9 -34 12 -30 11 -32 15 -35 8 -32 -5 -36 10 -32 8 -31 5 -30 5 -27 7 -30 3 -29 4 -28 2 -29 1 -30 -1 -26 -1 -27 2 -27 -2 -28 -2 -27 -7 -24 -4 -24 -5 -26 -4 -23 -6 -22 -5 -22 -8 -21 -7 -21 -5 -23 -7 -22 -6 -21 -6 -21 -16 -17 -22 -18 -22 -18 -23 -13 -1 -1 ]
CSI_DATA,STA,08:3A:F2:51:5D:9D,-49,11,1,0,1,1,1,0,0,0,0,-93,0,6,1,24785698,0,110,0,0,24.956039,384,[110 96 6 0 0 0 0 0 0 0 0 0 18 14 17 14 20 16 19 20 17 18 14 17 16 19 14 18 15 17 14 19 16 21 16 20 15 20 14 21 10 19 16 21 12 19 9 19 10 18 9 17 10 18 11 18 7 16 11 18 11 19 11 16 0 0 10 17 12 14 13 16 12 14 10 15 11 15 11 15 11 12 12 13 12 9 14 11 11 10 12 9 12 8 12 9 14 7 14 10 12 6 13 7 13 5 12 8 12 7 12 7 13 5 11 6 11 3 0 0 0 0 0 0 0 0 0 0 -1 -1 -1 -1 -11 -19 -15 -21 -19 -17 -15 -12 -4 -16 -5 -15 -6 -15 -7 -17 -6 -13 -6 -11 -6 -15 -6 -11 -7 -14 -7 -13 -9 -13 -9 -12 -9 -12 -8 -12 -7 -10 -9 -11 -12 -11 -10 -11 -9 -10 -10 -10 -8 -11 -11 -9 -8 -9 -12 -6 -8 -11 -11 -9 -11 -1 -10 -8 -11 -9 -8 -8 -9 -8 -9 -10 -9 -8 -9 -5 -7 -7 -7 -6 -6 -4 -5 -8 -7 -6 -3 -7 -5 -7 -7 -5 -5 -4 -5 -5 -2 -5 -5 -4 -2 -6 -3 -3 -3 -3 -2 -4 0 -3 0 -2 -1 -1 -1 -1 -1 -1 -1 -1 -1 -1 -1 -1 -1 -1 -1 -1 -1 -1 -1 -1 0 0 0 0 36 12 37 11 39 14 41 16 36 16 33 15 37 20 32 15 40 19 34 21 39 21 37 20 40 21 38 22 32 19 33 22 36 20 30 24 29 18 28 20 26 19 30 19 24 20 29 17 29 23 28 16 36 6 27 18 26 15 27 13 25 12 28 14 28 12 25 12 28 10 27 10 22 9 27 6 26 8 28 4 26 5 25 1 23 3 25 3 22 3 21 1 23 3 22 -1 21 -1 21 1 21 0 21 -1 20 0 18 -9 21 -15 26 -17 22 -17 -1 -1 ]
CSI_DATA,STA,08:3A:F2:51:5D:9D,-49,11,1,0,1,1,1,0,0,0,0,-93,0,6,1,24786119,0,110,0,0,24.966391,384,[110 96 6 0 0 0 0 0 0 0 0 0 -4 23 -4 22 -4 26 -8 26 -7 24 -8 20 -9 23 -9 21 -8 22 -10 21 -11 24 -11 24 -11 23 -12 22 -12 18 -11 24 -11 20 -12 18 -10 18 -10 17 -11 17 -11 19 -12 15 -12 18 -13 19 -10 18 0 0 -10 18 -7 18 -8 19 -6 17 -9 16 -7 17 -8 17 -6 16 -6 17 -3 15 -3 17 -5 14 -4 15 -2 15 -2 15 -1 16 -2 17 0 14 0 14 1 13 -1 14 0 14 0 14 1 14 -1 13 1 12 0 0 0 0 0 0 0 0 0 0 -1 -1 -1 -1 9 -21 8 -21 6 -23 4 -20 12 -13 10 -12 10 -13 11 -13 8 -12 7 -11 8 -13 6 -12 7 -14 6 -13 7 -14 6 -14 6 -15 5 -13 5 -12 3 -13 2 -14 4 -13 1 -12 3 -12 4 -11 2 -12 3 -12 1 -13 3 -13 2 -13 -3 -14 2 -13 2 -12 1 -11 1 -11 2 -11 1 -11 1 -10 1 -10 2 -9 1 -9 2 -9 2 -8 2 -7 2 -8 1 -7 1 -6 1 -6 1 -5 1 -5 1 -4 1 -4 1 -3 1 -2 1 -2 0 -2 0 -2 0 0 0 0 -1 -1 -1 -1 -1 -1 -1 -1 -1 -1 0 0 0 0 -1 -1 -1 -1 9 37 10 35 10 39 7 41 7 38 6 34 4 40 5 34 7 42 1 39 2 42 2 42 2 44 1 42 0 36 0 38 3 39 -3 38 1 32 -2 34 -3 31 1 35 -3 32 -1 33 -4 37 1 32 15 32 -1 33 0 31 3 30 3 26 1 30 5 29 3 27 5 28 6 27 5 24 7 25 5 25 8 25 8 24 12 20 9 21 10 23 9 20 10 18 9 19 12 18 12 17 10 20 11 18 10 17 10 18 19 12 25 12 25 11 25 8 -1 -1 ]
CSI_DATA,STA,08:3A:F2:51:5D:9D,-49,11,1,0,1,1,1,0,0,0,0,-93,0,6,1,24793333,0,110,0,0,24.976359,384,[110 96 6 0 0 0 0 0 0 0 0 0 -1 -25 -1 -23 -2 -27 1 -28 1 -26 2 -22 2 -26 2 -22 1 -24 5 -24 6 -27 5 -27 5 -25 8 -25 7 -20 4 -27 4 -22 5 -20 5 -20 5 -21 5 -21 4 -22 7 -18 5 -21 7 -22 4 -20 0 0 3 -19 0 -21 2 -20 1 -19 3 -17 1 -19 2 -21 0 -18 -1 -18 -4 -16 -2 -16 0 -16 -1 -17 -4 -15 -5 -17 -5 -16 -6 -18 -5 -13 -6 -15 -6 -12 -4 -14 -7 -14 -5 -15 -6 -13 -5 -13 -5 -13 0 0 0 0 0 0 0 0 0 0 -1 -1 -1 -1 7 19 7 20 9 22 10 14 -3 15 -2 12 -1 14 -2 15 -2 11 0 10 0 13 0 10 1 13 2 12 1 11 1 11 3 13 -1 12 0 11 3 9 5 8 3 9 6 6 4 8 3 9 7 8 2 10 3 8 5 9 6 10 10 7 5 8 1 7 4 8 5 7 2 8 5 7 5 7 4 6 2 6 3 3 2 7 3 6 3 4 -1 4 0 5 2 3 3 3 -2 4 1 3 0 1 1 0 -1 1 -2 3 -2 0 2 1 -2 3 -1 -1 -1 -1 -1 -1 -1 -1 -1 -1 -1 -1 -1 -1 -1 -1 -1 -1 0 0 0 0 -19 -31 -18 -28 -21 -33 -18 -33 -19 -32 -15 -29 -17 -34 -16 -28 -22 -35 -14 -36 -15 -39 -15 -36 -17 -38 -13 -38 -13 -30 -13 -33 -17 -29 -17 -33 -12 -27 -12 -32 -7 -27 -14 -28 -10 -30 -11 -28 -8 -34 -11 -28 -31 -25 -12 -26 -14 -28 -12 -21 -15 -19 -13 -23 -18 -22 -13 -22 -15 -19 -18 -20 -13 -19 -15 -17 -15 -17 -17 -19 -17 -16 -20 -12 -15 -13 -20 -12 -15 -13 -16 -10 -17 -11 -17 -9 -17 -9 -17 -11 -19 -12 -17 -9 -17 -11 -24 2 -24 3 -26 4 -23 10 -1 -1 ]
CSI_DATA,STA,08:3A:F2:51:5D:9D,-49,11,1,0,1,1,1,0,0,0,0,-93,0,6,1,24793640,0,110,0,0,24.986854,384,[110 96 6 0 0 0 0 0 0 0 0 0 13 -20 12 -19 14 -23 18 -22 16 -20 15 -16 16 -18 16 -17 16 -18 18 -16 20 -19 20 -18 18 -17 20 -16 17 -12 20 -19 17 -16 18 -13 15 -13 15 -12 16 -12 16 -14 16 -9 18 -13 17 -15 16 -14 0 0 16 -13 13 -15 14 -14 12 -14 13 -11 12 -13 14 -14 10 -14 11 -14 9 -14 8 -16 11 -12 10 -13 7 -15 7 -13 8 -14 9 -16 6 -14 5 -15 3 -13 7 -13 5 -14 5 -14 4 -14 5 -12 3 -13 0 0 0 0 0 0 0 0 0 0 -1 -1 -1 -1 -17 11 -21 7 -19 13 -15 13 -17 4 -17 5 -17 5 -18 3 -15 5 -14 4 -16 6 -13 7 -12 6 -13 6 -14 7 -14 8 -15 8 -13 7 -10 6 -13 10 -8 10 -10 7 -8 8 -10 6 -12 6 -10 8 -12 8 -9 10 -12 10 -9 10 -5 8 -9 9 -9 8 -6 8 -8 8 -10 6 -8 7 -9 10 -7 5 -7 6 -8 5 -7 9 -7 6 -6 5 -8 1 -6 6 -5 1 -4 3 -6 0 -5 4 -5 1 -7 2 -5 1 -2 -1 -2 1 -4 -1 -2 -1 0 0 0 0 -1 -1 -1 -1 -1 -1 -1 -1 -1 -1 0 0 0 0 -1 -1 -1 -1 11 -40 9 -39 12 -43 15 -42 14 -41 13 -35 17 -40 14 -36 17 -44 21 -37 21 -40 20 -39 20 -41 22 -38 19 -33 22 -38 19 -40 23 -36 15 -32 20 -29 22 -27 16 -33 21 -27 19 -34 23 -34 17 -31 7 -38 18 -30 16 -31 11 -29 13 -27 14 -29 13 -28 14 -28 10 -30 9 -28 9 -24 7 -29 9 -28 7 -30 7 -28 -1 -26 2 -24 4 -28 2 -25 2 -26 2 -24 -2 -25 -2 -24 2 -25 0 -23 -1 -22 1 -22 -9 -22 -13 -25 -13 -24 -16 -23 -1 -1 ]
CSI_DATA,STA,08:3A:F2:51:5D:9D,-49,11,1,0,1,1,1,0,0,0,0,-93,0,6,1,24794010,0,110,0,0,24.997451,384,[110 96 6 0 0 0 0 0 0 0 0 0 21 7 20 7 24 7 24 11 23 10 19 10 22 11 19 10 21 10 20 13 22 16 22 14 20 13 19 15 15 13 23 14 18 10 17 12 18 14 17 11 17 11 16 13 13 13 15 12 17 13 17 11 0 0 16 9 17 7 17 9 16 6 15 8 18 8 18 8 15 6 17 6 17 2 15 3 15 5 15 4 14 1 14 3 14 1 18 1 13 -1 15 -1 13 -3 13 1 15 -1 14 1 14 -1 12 0 12 -1 0 0 0 0 0 0 0 0 0 0 -1 -1 -1 -1 -24 -8 -25 -8 -21 0 -21 -2 -12 -11 -13 -11 -13 -9 -13 -10 -14 -9 -12 -9 -11 -6 -12 -5 -15 -5 -14 -6 -13 -6 -13 -5 -15 -5 -14 -6 -11 -3 -13 -4 -12 1 -14 -5 -10 1 -12 -1 -12 -4 -11 1 -10 -2 -14 -1 -12 -2 -14 -2 -15 4 -13 -2 -13 -1 -13 -1 -13 -1 -11 -1 -13 -1 -11 -1 -8 -1 -10 0 -11 -1 -10 -1 -7 -3 -6 -3 -8 -1 -7 -2 -6 0 -9 0 -5 -3 -4 -2 -5 -2 -2 -3 -2 -4 -3 -1 -4 0 -2 -1 -2 -2 -1 -1 -1 -1 -1 -1 -1 -1 -1 -1 -1 -1 -1 -1 -1 -1 -1 -1 0 0 0 0 34 -8 32 -8 36 -9 35 -6 36 -7 30 -4 36 -3 30 -5 39 -8 37 0 39 -1 39 -1 39 -3 39 -1 33 -2 37 -2 33 -4 37 -1 27 -1 30 -2 29 3 29 -2 29 1 30 0 32 3 28 0 29 -17 29 -1 29 -4 25 -4 24 -5 28 -4 27 -8 24 -3 24 -6 25 -10 24 -6 22 -8 25 -6 24 -10 22 -10 17 -13 17 -9 20 -12 18 -11 17 -14 17 -10 16 -13 15 -12 19 -10 17 -11 15 -12 15 -11 8 -24 7 -28 9 -24 3 -24 -1 -1 ]
CSI_DATA,STA,08:3A:F2:51:5D:9D,-49,11,1,0,1,1,1,0,0,0,0,-93,0,6,1,24794335,0,110,0,0,25.7762,384,[110 96 6 0 0 0 0 0 0 0 0 0 10 23 9 22 12 25 9 28 9 26 6 23 7 25 6 23 7 24 5 25 5 28 6 29 4 28 4 26 0 23 6 28 2 23 0 23 3 23 4 20 3 22 3 23 0 22 0 23 2 24 3 21 0 0 3 20 6 20 5 21 6 20 3 18 6 18 6 20 5 17 7 16 8 13 9 15 5 14 7 14 9 12 9 13 10 13 10 16 9 10 10 10 10 8 9 10 9 12 11 11 11 10 8 11 9 8 0 0 0 0 0 0 0 0 0 0 -1 -1 -1 -1 -2 -22 -1 -23 -4 -26 -9 -19 3 -19 2 -19 1 -19 2 -21 0 -18 0 -15 -1 -15 -3 -14 -2 -18 -2 -17 -3 -19 -4 -17 -2 -18 -5 -18 -3 -14 -4 -15 -8 -15 -6 -14 -8 -12 -7 -13 -7 -12 -6 -13 -5 -17 -10 -13 -6 -15 -7 -16 -13 -12 -7 -13 -6 -13 -8 -12 -7 -14 -5 -16 -8 -12 -6 -10 -6 -11 -6 -11 -5 -11 -5 -9 -6 -11 -4 -10 -3 -11 -5 -8 -2 -6 -3 -8 -1 -6 -3 -6 0 -7 1 -3 -2 -6 -2 -4 -1 -3 1 -4 1 -2 -1 -1 -1 -1 -1 -1 -1 -1 -1 -1 -1 -1 -1 -1 -1 -1 -1 -1 0 0 0 0 28 34 28 31 31 36 29 37 28 36 23 33 26 38 23 32 30 40 22 42 24 44 24 44 25 47 23 44 19 39 22 39 24 37 19 42 18 33 18 37 16 31 18 34 13 37 16 34 14 40 19 32 25 29 18 32 18 30 19 27 18 26 18 28 20 27 18 23 21 24 22 24 18 19 23 19 20 21 23 19 24 17 23 14 21 14 23 17 21 14 23 10 19 12 23 9 23 8 24 13 22 13 20 12 19 10 25 5 26 1 29 0 26 -9 -1 -1 ]
CSI_DATA,STA,08:3A:F2:51:5D:9D,-49,11,1,0,1,1,1,0,0,0,0,-93,0,6,1,24794637,0,110,0,0,25.17846,384,[110 96 6 0 0 0 0 0 0 0 0 0 -11 23 -10 22 -12 25 -16 25 -15 24 -14 19 -15 22 -14 20 -14 21 -17 20 -19 22 -18 22 -18 20 -19 19 -19 15 -18 21 -16 18 -17 17 -17 16 -15 15 -17 16 -16 17 -17 13 -18 15 -19 15 -14 16 0 0 -15 15 -14 15 -15 17 -13 15 -14 15 -11 16 -12 17 -10 15 -12 15 -8 15 -9 15 -9 12 -9 13 -6 16 -6 15 -6 15 -8 16 -5 14 -5 15 -2 14 -4 14 -4 14 -5 15 -4 14 -5 13 -3 12 0 0 0 0 0 0 0 0 0 0 -1 -1 -1 -1 16 -15 18 -17 13 -20 7 -19 17 -7 14 -8 17 -11 17 -7 14 -11 11 -8 12 -10 10 -10 11 -12 12 -11 12 -11 11 -12 11 -13 10 -11 9 -9 8 -13 7 -13 9 -12 5 -11 8 -11 8 -10 6 -12 8 -11 6 -13 9 -12 6 -13 2 -15 7 -12 6 -11 5 -10 5 -12 7 -10 5 -11 5 -10 5 -9 5 -10 5 -9 6 -8 6 -7 5 -7 5 -7 4 -7 4 -5 3 -6 3 -5 3 -5 3 -4 3 -4 2 -3 2 -2 2 -1 2 -1 2 -1 -1 -1 -1 -1 -1 -1 -1 -1 -1 -1 -1 -1 -1 -1 -1 -1 -1 -1 0 0 0 0 -3 42 -2 39 -3 46 -6 43 -5 44 -7 36 -10 44 -6 37 -6 47 -14 43 -15 46 -15 43 -16 47 -15 45 -13 36 -14 43 -10 39 -15 41 -9 33 -16 35 -15 29 -13 37 -14 36 -15 34 -18 37 -9 37 1 41 -15 30 -8 33 -10 30 -7 27 -10 29 -4 32 -8 32 -7 30 -4 32 -4 26 -5 28 -3 28 -3 28 -1 29 7 24 1 24 2 28 1 22 4 22 4 24 6 24 6 22 1 25 3 23 4 22 2 22 15 19 18 21 18 21 23 18 -1 -1 ]
CSI_DATA,STA,08:3A:F2:51:5D:9D,-49,11,1,0,1,1,1,0,0,0,0,-93,0,6,1,24794926,0,110,0,0,25.28265,384,[110 96 6 0 0 0 0 0 0 0 0 0 -25 16 -23 15 -27 18 -31 15 -29 14 -25 10 -28 13 -26 11 -26 12 -29 10 -31 10 -31 11 -30 10 -31 8 -25 5 -32 10 -30 8 -28 5 -26 4 -28 6 -26 5 -26 7 -25 2 -26 3 -28 7 -24 8 0 0 -22 5 -23 9 -24 9 -22 9 -20 3 -24 7 -24 7 -20 10 -19 8 -16 10 -19 11 -17 8 -17 10 -16 11 -16 10 -14 13 -18 12 -13 12 -13 11 -11 12 -13 11 -12 11 -14 11 -11 12 -12 10 -10 10 0 0 0 0 0 0 0 0 0 0 -1 -1 -1 -1 28 0 30 -2 28 -5 22 -4 22 3 19 1 21 2 22 3 18 -1 14 3 19 -1 17 -1 19 -3 19 -1 20 -1 18 -2 20 -2 18 -2 16 -2 16 -5 16 -7 17 -4 14 -6 15 -4 15 -3 15 -6 15 -4 15 -6 17 -4 15 -7 13 -10 15 -6 15 -6 13 -6 13 -6 13 -4 13 -6 11 -5 12 -4 11 -5 11 -4 11 -3 11 -2 10 -3 9 -2 8 -3 6 -2 8 -2 6 -1 5 -2 5 0 4 -1 3 0 3 0 3 0 2 0 1 0 -1 -1 -1 -1 -1 -1 -1 -1 -1 -1 -1 -1 -1 -1 -1 -1 -1 -1 0 0 0 0 -36 37 -33 36 -38 40 -40 37 -39 37 -35 30 -41 34 -35 30 -43 39 -47 29 -49 31 -46 29 -51 32 -50 29 -41 25 -44 30 -46 32 -44 22 -35 22 -43 23 -36 17 -41 27 -39 19 -40 21 -45 24 -36 25 -28 30 -39 21 -36 20 -32 23 -30 24 -31 20 -29 26 -30 21 -30 24 -27 26 -25 22 -28 23 -25 23 -25 25 -21 24 -17 27 -18 25 -20 28 -18 25 -14 26 -15 22 -13 26 -12 25 -18 24 -15 24 -14 23 -13 23 -8 27 -5 31 -2 33 3 31 -1 -1 ]
CSI_DATA,STA,08:3A:F2:51:5D:9D,-45,11,0,0,0,0,0,0,0,0,0,-93,0,6,1,24811431,0,110,0,0,25.38885,128,[110 96 6 0 0 0 0 0 0 0 0 0 13 -23 14 -22 15 -23 15 -24 16 -22 15 -20 16 -20 16 -19 17 -20 17 -19 17 -21 18 -21 17 -20 16 -19 16 -17 17 -20 16 -16 16 -15 15 -16 15 -16 14 -15 15 -16 13 -14 12 -16 13 -18 12 -17 0 0 11 -16 11 -17 10 -17 10 -16 9 -15 9 -16 8 -17 8 -15 7 -16 7 -15 6 -16 6 -15 5 -16 6 -16 6 -15 5 -16 4 -17 4 -15 4 -15 3 -15 3 -14 3 -15 2 -15 1 -15 1 -14 1 -14 0 0 0 0 0 0 0 0 0 0 ]
CSI_DATA,STA,08:3A:F2:51:5D:9D,-49,11,1,0,1,1,1,0,0,0,0,-93,0,6,1,24812549,0,110,0,0,25.42814,384,[110 96 6 0 0 0 0 0 0 0 0 0 -13 19 -13 19 -14 22 -18 21 -16 19 -15 16 -17 18 -16 16 -16 17 -17 16 -20 18 -19 19 -19 17 -19 16 -17 13 -19 18 -17 15 -18 12 -17 13 -15 13 -17 13 -17 13 -16 10 -17 13 -18 14 -15 14 0 0 -15 14 -13 15 -14 15 -11 14 -13 12 -12 14 -12 14 -10 13 -11 14 -7 14 -8 15 -9 12 -8 13 -6 13 -7 13 -5 15 -7 16 -4 13 -4 14 -2 13 -5 13 -4 13 -4 13 -3 13 -4 12 -3 12 0 0 0 0 0 0 0 0 0 0 -1 -1 -1 -1 19 -10 20 -11 18 -15 16 -12 16 -7 15 -7 15 -9 17 -8 14 -8 13 -7 14 -9 11 -9 13 -11 12 -10 13 -10 12 -11 12 -12 11 -11 10 -9 10 -12 9 -14 11 -11 7 -11 8 -10 9 -10 8 -11 8 -11 6 -12 9 -11 7 -13 4 -12 8 -12 7 -11 6 -11 6 -11 8 -10 6 -11 5 -10 5 -9 6 -9 5 -9 6 -9 6 -7 5 -7 5 -7 4 -7 4 -6 4 -6 4 -5 4 -5 4 -4 3 -4 2 -3 2 -2 2 -1 1 -2 1 -1 -1 -1 -1 -1 -1 -1 -1 -1 -1 -1 -1 -1 -1 -1 -1 -1 -1 -1 -1 -1 0 0 -13 39 -12 38 -15 42 -18 42 -17 39 -16 34 -19 39 -16 34 -19 42 -22 37 -23 40 -21 39 -23 41 -23 39 -21 32 -23 36 -21 38 -25 33 -18 31 -21 30 -20 28 -20 32 -21 28 -19 31 -23 32 -16 31 -9 33 -19 30 -17 29 -14 29 -13 27 -16 29 -12 29 -12 27 -11 29 -10 29 -8 25 -6 28 -8 27 -6 28 -5 28 -1 26 -3 25 -3 28 -2 24 0 24 -1 23 2 24 2 24 -1 25 1 23 0 22 0 22 7 22 11 24 12 24 14 21 -1 -1 ]
CSI_DATA,STA,08:3A:F2:51:5D:9D,-49,11,1,0,1,1,1,0,0,0,0,-93,0,6,1,24875284,0,110,0,0,25.53648,384,[110 96 6 0 0 0 0 0 0 0 0 0 4 22 4 21 5 24 2 26 2 24 0 21 1 23 0 21 1 22 -1 22 -1 25 0 25 -1 24 -2 23 -3 20 -1 25 -2 21 -4 20 -3 20 -3 19 -3 19 -3 20 -4 17 -3 20 -3 21 -1 19 0 0 -2 19 1 18 0 19 1 17 -2 17 1 17 1 18 1 15 2 16 4 13 4 15 2 14 3 15 4 14 4 13 6 14 5 16 6 12 6 12 6 11 5 12 6 12 6 12 7 12 5 11 6 10 0 0 0 0 0 0 0 0 0 0 -1 -1 -1 -1 3 -22 3 -23 -1 -23 -1 -20 6 -17 5 -15 4 -18 6 -17 4 -16 3 -13 3 -15 1 -14 2 -16 1 -16 2 -16 1 -16 0 -17 0 -15 0 -14 -1 -15 -3 -15 0 -15 -3 -13 -2 -13 -1 -13 -3 -13 -1 -13 -4 -13 -1 -14 -3 -14 -8 -12 -3 -14 -3 -13 -3 -11 -3 -12 -2 -12 -3 -12 -3 -11 -3 -11 -2 -10 -3 -10 -2 -10 -2 -10 -1 -9 -1 -9 -2 -8 -1 -7 -2 -8 0 -6 -1 -6 0 -6 0 -5 0 -5 0 -4 0 -4 0 -4 0 -3 0 0 0 0 -1 -1 -1 -1 -1 -1 -1 -1 -1 -1 0 0 0 0 0 0 -1 -1 19 32 19 30 21 35 17 36 18 35 14 30 15 36 15 30 18 38 13 37 14 40 14 39 15 41 13 39 10 33 11 37 13 35 9 37 10 30 8 32 7 30 11 32 7 31 9 31 7 36 11 30 20 26 9 30 10 29 11 26 11 24 10 27 13 25 12 24 13 24 16 23 14 19 15 21 13 22 16 21 15 20 18 16 15 17 18 19 15 15 17 14 15 15 18 13 17 13 17 16 17 14 16 13 15 13 21 6 25 6 25 4 25 0 -1 -1 ]
CSI_DATA,STA,08:3A:F2:51:5D:9D,-49,11,1,0,1,1,1,0,0,0,0,-93,0,6,1,24955081,0,110,0,0,25.121656,384,[110 96 6 0 0 0 0 0 0 0 0 0 19 -16 18 -15 21 -19 24 -16 22 -16 19 -12 22 -14 20 -12 21 -14 23 -11 25 -12 25 -13 24 -11 24 -10 21 -7 25 -13 21 -10 22 -8 20 -9 19 -8 20 -8 21 -9 19 -5 21 -8 23 -8 19 -9 0 0 19 -9 18 -12 18 -11 16 -12 16 -8 16 -11 17 -11 14 -10 15 -12 11 -12 12 -13 13 -10 13 -11 11 -13 11 -13 9 -14 12 -15 8 -13 9 -14 6 -13 9 -13 8 -14 9 -13 8 -14 8 -12 6 -12 0 0 0 0 0 0 0 0 0 0 -1 -1 -1 -1 -23 11 -23 13 -22 15 -17 15 -20 3 -18 3 -19 4 -20 3 -18 5 -14 4 -17 5 -13 6 -16 8 -17 6 -17 6 -16 7 -17 9 -15 7 -14 6 -14 9 -12 11 -14 8 -11 9 -13 8 -13 7 -12 10 -13 8 -11 10 -14 9 -12 10 -7 15 -11 10 -12 9 -11 9 -10 9 -11 8 -10 10 -9 8 -10 7 -10 8 -9 7 -10 6 -10 6 -10 6 -9 5 -8 6 -7 5 -8 5 -7 3 -7 4 -7 3 -6 3 -6 3 -6 1 -5 1 -5 0 -4 0 -1 -1 0 0 0 0 -1 -1 -1 -1 -1 -1 0 0 0 0 -1 -1 -1 -1 -1 -1 16 -37 14 -36 18 -40 20 -37 19 -38 18 -31 22 -36 18 -31 21 -40 26 -34 26 -36 25 -34 27 -38 27 -35 23 -29 25 -33 21 -34 26 -32 19 -28 23 -28 22 -24 21 -30 23 -25 22 -28 28 -29 19 -28 9 -37 20 -27 19 -28 15 -27 14 -26 17 -27 14 -29 14 -26 13 -28 11 -29 10 -25 9 -27 12 -26 9 -28 8 -27 2 -27 4 -24 5 -29 4 -23 2 -25 4 -24 1 -26 0 -25 4 -26 2 -24 2 -23 3 -23 -10 -24 -14 -27 -14 -26 -18 -24 -1 -1 ]
CSI_DATA,STA,08:3A:F2:51:5D:9D,-49,11,1,0,1,1,1,0,0,0,0,-93,0,6,1,24961824,0,110,0,0,25.133045,384,[110 96 6 0 0 0 0 0 0 0 0 0 -12 19 -11 18 -12 21 -15 21 -14 20 -13 16 -15 18 -14 16 -14 18 -16 17 -18 18 -17 18 -17 17 -18 16 -16 13 -17 18 -15 15 -16 14 -15 14 -14 13 -15 13 -15 14 -15 11 -15 13 -16 14 -13 14 0 0 -13 14 -11 15 -12 15 -10 15 -12 12 -10 14 -11 14 -9 13 -9 15 -6 14 -7 15 -8 13 -7 13 -5 14 -6 14 -4 14 -6 16 -3 13 -3 14 -1 13 -4 14 -3 13 -3 14 -2 14 -4 12 -2 12 0 0 0 0 0 0 0 0 0 0 -1 -1 -1 -1 13 -19 15 -21 11 -20 7 -19 14 -11 12 -10 13 -12 13 -11 11 -11 9 -9 10 -12 8 -11 9 -14 10 -13 11 -12 10 -12 10 -14 9 -13 8 -11 6 -14 5 -14 7 -13 3 -12 5 -12 6 -11 4 -13 6 -13 4 -13 6 -13 4 -14 0 -15 4 -13 4 -13 3 -11 2 -12 4 -11 2 -13 2 -11 2 -11 3 -10 3 -10 4 -10 4 -10 3 -9 3 -8 2 -8 2 -7 2 -8 3 -6 2 -6 2 -6 2 -5 1 -5 2 -4 2 -3 2 -3 2 -3 -1 -1 -1 -1 -1 -1 -1 -1 -1 -1 -1 -1 -1 -1 -1 -1 -1 -1 -1 -1 0 0 -7 37 -6 34 -6 40 -9 37 -8 39 -9 32 -11 38 -8 32 -8 42 -15 38 -16 40 -15 38 -16 41 -16 39 -13 30 -13 37 -11 35 -15 36 -9 29 -13 31 -13 28 -9 32 -14 29 -13 30 -17 33 -11 30 -1 35 -11 29 -9 30 -6 26 -4 27 -8 27 -3 29 -5 27 -2 27 -1 29 -2 26 -1 27 -3 27 0 27 1 25 6 23 2 22 5 25 2 21 6 21 4 21 7 21 8 20 4 23 5 21 5 20 5 20 15 17 19 18 18 17 23 12 -1 -1 ]
CSI_DATA,STA,08:3A:F2:51:5D:9D,-49,11,1,0,1,1,1,0,0,0,0,-93,0,6,1,24967257,0,110,0,0,25.145852,384,[110 96 6 0 0 0 0 0 0 0 0 0 -22 -7 -22 -6 -25 -8 -26 -11 -23 -10 -19 -10 -23 -10 -20 -10 -21 -10 -21 -11 -23 -14 -23 -13 -22 -13 -21 -14 -18 -13 -22 -13 -19 -13 -17 -13 -18 -12 -17 -12 -17 -12 -18 -12 -14 -13 -18 -13 -19 -14 -18 -11 0 0 -18 -11 -18 -9 -19 -9 -17 -8 -16 -10 -17 -8 -18 -9 -16 -7 -17 -6 -16 -3 -17 -3 -15 -6 -15 -6 -15 -3 -15 -3 -16 -2 -18 -3 -15 0 -15 -1 -14 1 -15 -2 -15 -1 -15 -1 -15 0 -14 -2 -13 0 0 0 0 0 0 0 0 0 0 0 -1 -1 -1 -1 19 13 21 13 22 10 20 6 11 13 10 12 12 12 11 14 12 11 9 9 12 10 11 7 14 9 12 9 13 10 13 8 15 8 13 8 11 7 13 6 14 4 13 7 12 3 12 5 12 6 13 4 12 6 13 3 13 6 13 4 14 -1 13 4 12 5 11 3 11 3 11 5 12 3 10 2 10 3 10 3 9 3 9 4 10 4 8 3 8 3 8 2 6 2 7 3 6 3 5 2 4 2 5 2 4 2 4 2 3 3 2 2 1 2 -1 -1 -1 -1 -1 -1 -1 -1 -1 -1 -1 -1 -1 -1 -1 -1 -1 -1 -1 -1 0 0 -39 2 -37 3 -41 3 -42 0 -40 1 -35 0 -41 -2 -35 0 -44 1 -41 -5 -44 -7 -43 -5 -45 -5 -43 -7 -35 -6 -40 -6 -39 -3 -39 -8 -33 -4 -34 -7 -32 -7 -36 -3 -32 -8 -34 -7 -38 -11 -34 -4 -35 8 -33 -5 -32 -5 -31 -1 -29 -1 -31 -4 -31 1 -29 0 -30 2 -30 4 -25 3 -28 4 -28 2 -28 5 -26 6 -24 9 -24 7 -27 8 -23 7 -21 9 -21 8 -21 10 -20 10 -24 9 -23 9 -21 8 -20 7 -17 17 -16 23 -16 23 -12 25 -1 -1 ]
CSI_DATA,STA,08:3A:F2:51:5D:9D,-49,11,1,0,1,1,1,0,0,0,0,-93,0,6,1,24968065,0,110,0,0,25.156797,384,[110 96 6 0 0 0 0 0 0 0 0 0 5 -23 5 -21 5 -25 9 -25 8 -24 7 -20 9 -23 8 -20 8 -21 10 -21 12 -24 11 -24 11 -23 12 -21 11 -17 11 -23 11 -19 12 -18 10 -18 10 -17 11 -17 11 -18 11 -15 11 -18 12 -19 9 -18 0 0 9 -18 7 -18 8 -18 6 -18 8 -16 6 -17 7 -17 5 -16 5 -18 2 -16 3 -17 4 -15 4 -16 1 -16 2 -16 0 -16 2 -18 -1 -15 0 -15 -2 -14 0 -15 0 -15 0 -15 -1 -15 0 -14 -1 -14 0 0 0 0 0 0 0 0 0 0 -1 -1 -1 -1 -13 20 -13 21 -9 22 -6 20 -14 11 -12 11 -13 12 -15 11 -12 11 -10 9 -10 12 -8 11 -9 13 -10 12 -10 13 -9 13 -9 14 -9 13 -8 11 -6 14 -5 14 -8 13 -4 11 -6 12 -7 11 -5 12 -6 12 -4 13 -7 13 -4 13 1 14 -4 13 -6 12 -4 11 -3 11 -5 11 -3 11 -4 10 -4 10 -4 10 -4 10 -5 9 -5 9 -5 8 -5 7 -3 8 -3 7 -4 6 -4 6 -3 5 -3 5 -3 5 -3 3 -3 3 -4 2 -3 2 -3 2 -1 -1 0 0 0 0 -1 -1 -1 -1 -1 -1 0 0 0 0 -1 -1 -1 -1 -1 -1 -6 -38 -7 -36 -7 -41 -4 -41 -4 -40 -3 -34 -1 -40 -3 -34 -4 -43 2 -40 2 -43 2 -41 2 -44 3 -42 3 -35 3 -39 0 -39 4 -38 1 -32 3 -34 5 -31 1 -35 5 -32 4 -34 7 -38 1 -33 -10 -33 2 -33 1 -32 -1 -29 -2 -28 0 -31 -3 -30 -2 -28 -5 -29 -6 -29 -5 -26 -7 -27 -4 -27 -7 -27 -7 -27 -11 -23 -9 -23 -10 -26 -9 -22 -10 -21 -9 -21 -12 -20 -12 -21 -10 -23 -11 -22 -10 -20 -10 -21 -19 -15 -23 -16 -23 -15 -26 -11 -1 -1 ]
CSI_DATA,STA,08:3A:F2:51:5D:9D,-49,11,1,0,1,1,1,0,0,0,0,-93,0,6,1,24968580,0,110,0,0,25.167378,384,[110 96 6 0 0 0 0 0 0 0 0 0 11 18 11 18 13 20 11 23 11 21 8 19 9 21 8 20 8 20 7 21 7 24 8 24 7 23 6 23 4 20 7 24 5 21 3 20 5 20 4 18 4 19 4 20 1 17 4 20 4 21 5 19 0 0 5 18 7 17 7 18 7 16 4 16 7 16 6 17 6 14 8 15 9 12 9 13 6 13 8 13 9 12 9 12 10 11 11 14 10 10 10 10 10 8 9 10 10 10 10 10 11 9 8 9 9 8 0 0 0 0 0 0 0 0 0 0 -1 -1 -1 -1 -11 -22 -11 -24 -14 -20 -12 -16 -1 -18 -2 -16 -3 -18 -1 -18 -3 -16 -2 -14 -3 -15 -4 -13 -6 -16 -5 -16 -4 -16 -5 -15 -6 -16 -5 -15 -5 -13 -7 -13 -8 -13 -6 -14 -7 -10 -7 -12 -5 -12 -7 -11 -6 -13 -9 -11 -7 -13 -8 -12 -13 -8 -8 -11 -8 -11 -7 -9 -7 -10 -6 -10 -8 -10 -7 -9 -7 -9 -6 -9 -7 -8 -5 -9 -6 -10 -5 -9 -5 -9 -5 -7 -4 -7 -5 -7 -3 -6 -4 -6 -2 -6 -2 -5 -3 -5 -2 -5 -1 -5 -1 -4 0 -4 -1 -1 -1 -1 -1 -1 -1 -1 -1 -1 -1 -1 -1 -1 -1 -1 -1 -1 -1 -1 0 0 30 19 29 18 33 21 30 22 31 22 24 20 28 24 25 19 33 24 27 27 28 30 28 29 30 30 27 29 21 24 26 27 26 24 25 27 21 20 21 23 18 22 24 21 19 24 20 24 21 29 21 22 31 13 20 21 21 20 20 17 20 16 20 18 24 15 20 15 22 13 24 13 21 12 23 13 21 14 23 12 22 11 23 5 20 7 24 7 19 7 20 4 20 6 20 3 21 2 22 6 21 6 19 5 19 5 23 -6 26 -10 25 -10 23 -16 -1 -1 ]
CSI_DATA,STA,08:3A:F2:51:5D:9D,-49,11,1,0,1,1,1,0,0,0,0,-93,0,6,1,24969008,0,110,0,0,25.177499,384,[110 96 6 0 0 0 0 0 0 0 0 0 -13 18 -12 18 -13 21 -17 20 -15 19 -15 15 -16 17 -15 15 -15 16 -17 15 -19 17 -19 18 -19 17 -19 15 -17 12 -19 17 -17 14 -18 11 -17 13 -15 12 -16 12 -17 12 -16 9 -17 12 -18 13 -15 13 0 0 -15 13 -13 14 -14 14 -12 13 -14 11 -12 13 -13 13 -11 12 -11 14 -8 13 -9 14 -10 12 -9 13 -8 13 -8 13 -7 14 -9 15 -5 13 -5 13 -3 13 -6 13 -5 13 -5 13 -5 14 -6 12 -4 12 0 0 0 0 0 0 0 0 0 0 -1 -1 -1 -1 18 -15 19 -16 15 -18 11 -18 16 -8 15 -8 15 -9 16 -7 14 -8 12 -7 13 -9 10 -9 12 -12 12 -10 14 -10 12 -10 13 -12 12 -10 10 -9 10 -12 9 -13 10 -11 6 -11 8 -10 9 -9 8 -11 9 -11 7 -12 10 -11 8 -12 4 -15 8 -12 8 -11 6 -10 6 -11 8 -10 6 -11 5 -9 5 -10 6 -9 6 -9 7 -8 6 -8 6 -8 5 -7 4 -8 4 -6 4 -7 4 -5 4 -5 4 -4 3 -5 3 -4 3 -3 3 -2 3 -2 3 -2 -1 -1 -1 -1 -1 -1 -1 -1 -1 -1 -1 -1 -1 -1 -1 -1 -1 -1 -1 -1 0 0 -10 37 -8 35 -9 40 -13 38 -12 39 -12 32 -14 37 -10 32 -13 41 -18 36 -20 39 -20 38 -20 41 -21 38 -17 30 -18 35 -15 35 -20 34 -14 28 -16 29 -16 27 -14 32 -18 28 -17 29 -22 31 -15 29 -6 33 -15 29 -14 29 -11 27 -9 26 -13 27 -7 28 -8 26 -7 27 -5 29 -4 25 -5 27 -8 26 -5 27 -4 26 2 24 -1 23 0 26 -2 22 3 22 1 22 4 22 4 22 0 24 1 23 0 22 1 21 12 21 15 23 15 21 20 18 -1 -1 ]
CSI_DATA,STA,08:3A:F2:51:5D:9D,-49,11,1,0,1,1,1,0,0,0,0,-93,0,6,1,24969561,0,110,0,0,25.187994,384,[110 96 6 0 0 0 0 0 0 0 0 0 -19 -12 -19 -12 -22 -13 -22 -17 -20 -15 -16 -15 -19 -16 -17 -15 -18 -15 -17 -17 -18 -19 -19 -19 -17 -19 -16 -19 -13 -17 -18 -19 -15 -17 -13 -17 -14 -17 -13 -15 -13 -16 -14 -16 -10 -16 -13 -17 -14 -18 -14 -15 0 0 -14 -15 -15 -13 -15 -14 -14 -12 -12 -14 -14 -13 -14 -13 -13 -11 -15 -11 -14 -8 -15 -9 -13 -10 -13 -9 -14 -7 -14 -8 -15 -6 -17 -9 -14 -5 -14 -5 -13 -3 -14 -6 -14 -5 -14 -6 -15 -5 -13 -6 -13 -4 0 0 0 0 0 0 0 0 0 0 -1 -1 -1 -1 17 14 19 15 20 12 18 9 7 14 7 13 9 14 7 15 8 13 6 11 8 11 8 9 10 11 9 11 9 12 9 10 11 11 10 10 9 9 10 8 12 7 9 9 10 6 9 7 9 8 10 7 9 7 11 5 10 8 10 6 14 1 10 6 10 7 9 5 9 5 9 6 9 5 8 4 8 4 7 5 7 4 7 5 7 6 6 5 6 4 6 3 4 4 6 4 4 4 4 3 3 3 3 3 3 2 2 3 2 3 1 2 0 2 -1 -1 -1 -1 -1 -1 -1 -1 -1 -1 -1 -1 -1 -1 -1 -1 -1 -1 -1 -1 0 0 -37 -5 -35 -4 -40 -6 -39 -8 -39 -7 -33 -8 -37 -10 -32 -7 -41 -8 -37 -12 -40 -14 -38 -13 -41 -14 -38 -14 -32 -12 -36 -14 -36 -11 -34 -15 -29 -10 -30 -13 -27 -12 -32 -10 -28 -14 -30 -13 -33 -17 -29 -10 -35 3 -30 -11 -29 -10 -28 -7 -26 -7 -28 -9 -28 -5 -26 -5 -28 -4 -28 -2 -24 -3 -27 -2 -26 -4 -26 -1 -26 -1 -23 4 -23 1 -26 2 -22 1 -21 4 -21 2 -21 5 -21 5 -23 3 -22 3 -21 3 -21 3 -19 15 -20 20 -19 20 -15 23 -1 -1 ]
CSI_DATA,STA,08:3A:F2:51:5D:9D,-49,11,1,0,1,1,1,0,0,0,0,-93,0,6,1,24969953,0,110,0,0,25.198678,384,[110 96 6 0 0 0 0 0 0 0 0 0 1 -23 1 -22 0 -26 4 -26 3 -25 4 -21 4 -24 5 -21 4 -23 6 -23 8 -25 7 -25 7 -24 8 -23 8 -19 7 -25 7 -20 9 -20 7 -19 7 -19 7 -19 7 -20 9 -16 8 -19 9 -21 6 -19 0 0 6 -19 4 -19 5 -19 3 -18 5 -17 4 -18 4 -18 3 -17 3 -18 0 -16 0 -17 2 -16 1 -16 -1 -16 0 -16 -2 -16 -1 -18 -3 -14 -3 -15 -4 -13 -2 -15 -3 -15 -2 -15 -3 -15 -1 -14 -3 -13 0 0 0 0 0 0 0 0 0 0 -1 -1 -1 -1 -3 22 -4 24 0 23 2 20 -9 13 -8 12 -8 14 -9 13 -7 12 -6 10 -6 12 -4 11 -4 14 -5 14 -7 13 -6 13 -5 15 -5 13 -4 11 -3 13 -1 12 -3 13 0 10 -2 12 -3 11 -1 12 -2 12 0 12 -3 13 -1 12 6 13 -1 12 -2 12 -1 9 -1 11 -2 10 0 11 -1 9 -1 9 -1 9 -1 9 -2 9 -2 9 -2 8 -2 7 -1 7 -2 6 -1 7 -2 5 -1 5 -2 5 -2 4 -1 3 -2 3 -2 3 -2 3 -3 2 -1 -1 -1 -1 -1 -1 -1 -1 -1 -1 -1 -1 -1 -1 -1 -1 -1 -1 -1 -1 0 0 -15 -34 -14 -31 -16 -36 -13 -35 -14 -35 -10 -30 -11 -36 -11 -28 -16 -38 -8 -38 -8 -41 -8 -39 -9 -41 -7 -40 -5 -32 -7 -36 -9 -34 -6 -37 -7 -28 -5 -32 -4 -29 -9 -31 -3 -31 -5 -31 -3 -36 -6 -30 -20 -29 -5 -30 -7 -29 -8 -26 -9 -25 -7 -27 -11 -25 -9 -24 -12 -25 -12 -24 -10 -23 -12 -23 -10 -24 -13 -23 -12 -22 -16 -18 -12 -18 -16 -20 -12 -18 -14 -16 -13 -17 -16 -15 -16 -14 -14 -18 -14 -17 -14 -16 -13 -16 -24 -8 -27 -7 -27 -5 -28 0 -1 -1 ]
CSI_DATA,STA,08:3A:F2:51:5D:9D,-48,11,1,0,1,1,1,0,0,0,0,-93,0,6,1,25163766,0,110,0,0,25.330265,384,[110 96 6 0 0 0 0 0 0 0 0 0 -21 -12 -20 -11 -24 -13 -23 -16 -22 -15 -17 -14 -20 -16 -18 -14 -19 -15 -18 -16 -20 -19 -20 -18 -19 -18 -18 -19 -14 -16 -20 -18 -16 -16 -14 -17 -15 -15 -15 -15 -14 -15 -16 -16 -12 -16 -14 -16 -16 -17 -15 -14 0 0 -15 -14 -17 -12 -17 -13 -16 -11 -13 -13 -16 -11 -16 -12 -14 -10 -16 -10 -15 -6 -16 -7 -14 -8 -15 -8 -15 -6 -15 -6 -16 -5 -18 -7 -15 -3 -15 -4 -14 -2 -15 -5 -15 -4 -15 -4 -15 -3 -13 -4 -13 -3 0 0 0 0 0 0 0 0 0 0 -1 -1 -1 -1 17 15 18 16 20 12 18 9 8 15 8 13 10 13 8 15 9 12 7 10 10 11 9 9 12 10 11 11 10 12 11 11 12 11 11 10 10 9 12 8 13 6 11 9 11 4 10 7 10 7 11 6 10 7 12 5 12 8 12 6 14 1 11 5 11 6 10 4 10 4 10 5 11 4 10 4 9 4 8 4 8 5 8 6 8 5 7 5 7 4 6 3 5 3 5 4 4 4 4 3 3 3 3 3 3 2 1 2 1 2 0 2 0 2 0 0 0 0 -1 -1 -1 -1 -1 -1 -1 -1 -1 -1 0 0 0 0 0 0 -1 -1 -40 -6 -38 -5 -43 -6 -42 -9 -41 -8 -35 -8 -41 -10 -35 -7 -44 -8 -40 -14 -43 -15 -41 -15 -44 -15 -42 -16 -34 -13 -39 -14 -38 -11 -37 -15 -32 -10 -33 -13 -30 -13 -35 -10 -31 -15 -32 -13 -36 -17 -32 -11 -36 0 -32 -11 -32 -10 -30 -7 -28 -6 -30 -9 -30 -4 -29 -5 -30 -3 -30 -2 -26 -1 -28 -1 -28 -4 -29 -1 -27 0 -25 5 -23 2 -28 3 -23 3 -23 4 -23 4 -23 6 -22 7 -25 3 -23 4 -22 4 -22 4 -19 15 -20 19 -19 19 -15 23 -1 -1 ]
CSI_DATA,STA,08:3A:F2:51:5D:9D,-49,11,1,0,1,1,1,0,0,0,0,-93,0,6,1,25175803,0,110,0,0,25.343624,384,[110 96 6 0 0 0 0 0 0 0 0 0 17 14 16 14 19 15 18 19 17 17 13 16 15 18 13 17 14 17 13 19 15 21 15 20 14 20 13 20 9 18 15 20 11 18 10 18 10 18 10 17 9 17 10 17 7 16 10 18 10 19 11 16 0 0 10 15 12 14 12 15 13 13 9 15 12 13 11 15 12 12 13 12 12 9 13 9 11 11 12 10 13 8 12 9 13 7 15 10 12 6 12 7 12 4 10 6 12 6 13 6 12 7 11 5 10 4 0 0 0 0 0 0 0 0 0 0 -1 -1 -1 -1 -16 -18 -17 -17 -20 -15 -15 -12 -7 -16 -7 -15 -7 -16 -7 -16 -7 -14 -6 -13 -7 -13 -8 -10 -9 -13 -9 -13 -9 -13 -9 -12 -11 -13 -10 -12 -9 -10 -10 -10 -12 -9 -9 -11 -10 -8 -9 -9 -9 -10 -10 -8 -9 -9 -11 -8 -10 -10 -11 -8 -15 -3 -10 -8 -10 -8 -9 -7 -9 -7 -9 -8 -10 -7 -8 -7 -9 -8 -8 -7 -7 -6 -7 -7 -7 -7 -7 -7 -6 -7 -6 -5 -5 -6 -5 -6 -4 -5 -3 -5 -3 -5 -3 -4 -3 -4 -2 -4 -2 -4 -1 -3 0 -3 0 0 -1 -1 -1 -1 -1 -1 -1 -1 -1 -1 -1 -1 -1 -1 0 0 0 0 -1 -1 34 7 33 6 36 8 37 10 35 10 30 9 34 13 30 9 38 11 33 15 36 15 35 15 38 15 35 15 29 14 31 16 33 13 31 17 28 12 27 14 24 15 28 12 24 14 27 14 29 18 27 11 35 -2 27 12 26 10 25 8 24 8 26 12 26 7 23 8 28 4 26 4 21 3 22 3 24 5 26 2 26 2 23 -3 22 -1 25 1 18 0 20 -2 20 -1 17 -6 20 -3 22 -1 21 0 19 -3 18 -2 21 -16 21 -16 22 -20 14 -19 -1 -1 ]
CSI_DATA,STA,08:3A:F2:51:5D:9D,-49,11,1,0,1,1,1,0,0,0,0,-93,0,6,1,25176860,0,110,0,0,25.354336,384,[110 96 6 0 0 0 0 0 0 0 0 0 -26 -2 -24 -2 -28 -2 -30 -6 -27 -5 -23 -7 -26 -7 -24 -7 -24 -7 -25 -9 -27 -10 -27 -9 -27 -9 -26 -11 -21 -10 -27 -10 -23 -10 -21 -11 -21 -10 -20 -9 -21 -10 -22 -10 -17 -11 -21 -10 -22 -10 -21 -8 0 0 -19 -9 -21 -6 -21 -7 -19 -5 -18 -8 -19 -6 -20 -6 -19 -5 -19 -4 -17 -1 -18 0 -18 -3 -17 -2 -15 -1 -18 -2 -17 1 -19 0 -15 3 -16 2 -14 3 -16 0 -15 1 -16 1 -16 3 -14 1 -14 2 0 0 0 0 0 0 0 0 0 0 -1 -1 -1 -1 19 13 22 13 23 12 19 8 13 14 13 13 14 12 14 15 13 12 11 10 13 10 13 7 15 9 14 9 14 9 14 8 16 9 15 8 13 7 14 6 16 4 13 7 13 3 13 5 13 6 14 5 12 6 15 2 14 5 14 3 15 -1 14 3 13 4 13 3 12 3 13 4 13 3 12 3 11 4 11 3 9 3 10 4 10 5 10 4 9 4 8 3 6 3 7 3 5 4 5 3 4 4 4 3 3 3 3 3 1 3 1 2 0 2 0 0 -1 -1 -1 -1 -1 -1 -1 -1 -1 -1 -1 -1 -1 -1 0 0 0 0 -1 -1 -44 9 -42 10 -46 8 -49 6 -45 6 -41 4 -46 3 -40 4 -49 4 -45 -1 -49 0 -47 0 -51 0 -48 -1 -42 -2 -44 -3 -46 0 -43 -6 -39 -1 -39 -4 -36 -5 -41 -2 -35 -6 -38 -2 -42 -6 -37 -1 -37 8 -37 -2 -37 -2 -35 2 -30 2 -35 -1 -34 4 -32 2 -34 3 -33 6 -27 6 -30 8 -31 5 -30 6 -28 8 -26 11 -26 9 -29 10 -25 11 -23 8 -24 8 -23 12 -21 11 -25 8 -23 11 -21 10 -22 12 -18 16 -19 24 -18 21 -12 24 -1 -1 ]
CSI_DATA,STA,08:3A:F2:51:5D:9D,-49,11,1,0,1,1,1,0,0,0,0,-93,0,6,1,25177284,0,110,0,0,25.364656,384,[110 96 6 0 0 0 0 0 0 0 0 0 -15 -21 -15 -20 -17 -23 -15 -26 -14 -24 -11 -22 -13 -24 -11 -22 -12 -23 -10 -24 -11 -27 -12 -26 -11 -26 -10 -26 -7 -23 -12 -26 -9 -23 -6 -23 -8 -22 -7 -21 -7 -21 -8 -22 -4 -20 -7 -22 -8 -24 -8 -20 0 0 -8 -21 -11 -18 -11 -20 -11 -17 -8 -18 -10 -18 -10 -18 -10 -16 -11 -16 -11 -12 -13 -14 -10 -13 -11 -14 -12 -12 -12 -12 -13 -11 -14 -13 -13 -10 -13 -10 -13 -8 -12 -11 -13 -10 -13 -10 -14 -9 -12 -9 -12 -8 0 0 0 0 0 0 0 0 0 0 -1 -1 -1 -1 13 20 15 18 19 17 15 15 3 16 4 16 5 16 4 17 5 14 5 13 5 14 7 11 8 14 7 13 7 14 7 12 9 13 9 12 7 11 8 11 11 10 8 12 10 8 7 10 7 10 9 9 8 10 10 7 9 10 10 9 15 3 10 9 8 9 9 8 9 7 8 9 9 8 7 7 7 7 7 8 6 7 7 8 6 7 6 7 5 6 5 6 4 6 4 5 3 5 3 5 2 5 2 4 1 3 1 3 0 2 0 2 -1 2 0 0 -1 -1 -1 -1 -1 -1 -1 -1 -1 -1 -1 -1 -1 -1 0 0 0 0 -1 -1 -35 -16 -35 -15 -37 -19 -37 -21 -34 -20 -31 -18 -34 -23 -30 -18 -38 -22 -32 -24 -35 -24 -34 -23 -37 -25 -35 -25 -29 -22 -31 -25 -34 -22 -29 -26 -27 -20 -26 -23 -24 -22 -29 -21 -24 -22 -27 -20 -28 -25 -27 -18 -38 -4 -27 -20 -26 -19 -26 -15 -24 -15 -26 -17 -26 -14 -25 -14 -27 -13 -27 -12 -23 -10 -26 -9 -25 -10 -26 -8 -26 -8 -25 -3 -24 -5 -26 -5 -24 -4 -23 -3 -22 -4 -24 -1 -23 -1 -24 -4 -23 -2 -22 -2 -23 -3 -23 10 -25 17 -24 17 -22 19 -1 -1 ]
CSI_DATA,STA,08:3A:F2:51:5D:9D,-49,11,1,0,1,1,1,0,0,0,0,-93,0,6,1,25177664,0,110,0,0,25.375515,384,[110 96 6 0 0 0 0 0 0 0 0 0 21 -13 20 -13 23 -15 27 -13 24 -12 21 -9 24 -10 22 -9 23 -9 24 -8 27 -8 26 -9 26 -8 26 -6 22 -4 27 -8 23 -5 22 -4 21 -4 20 -4 22 -4 22 -4 19 -2 21 -3 24 -4 21 -6 0 0 21 -5 19 -7 19 -7 18 -8 17 -4 18 -7 19 -6 16 -7 18 -7 13 -9 15 -10 15 -6 15 -8 13 -9 13 -9 14 -10 15 -11 11 -10 12 -11 9 -11 12 -9 12 -10 12 -10 10 -11 11 -9 10 -10 0 0 0 0 0 0 0 0 0 0 -1 -1 -1 -1 -27 2 -26 3 -25 9 -23 6 -20 -4 -19 -3 -19 -2 -20 -5 -18 -3 -17 -3 -17 -1 -15 2 -20 1 -17 0 -18 0 -17 2 -18 2 -17 3 -15 1 -16 2 -16 5 -16 1 -14 4 -16 3 -15 3 -15 4 -15 2 -13 5 -16 3 -14 6 -12 10 -15 5 -15 3 -14 5 -13 3 -14 2 -14 3 -12 2 -13 3 -13 3 -11 3 -10 2 -11 1 -10 1 -11 1 -9 3 -10 1 -9 0 -8 -1 -6 -1 -6 -1 -7 -2 -5 -1 -4 -2 -4 -1 -4 -1 -4 -1 0 0 -1 -1 -1 -1 -1 -1 -1 -1 -1 -1 -1 -1 -1 -1 0 0 0 0 -1 -1 26 -34 24 -34 29 -35 31 -35 29 -31 27 -28 33 -30 27 -27 34 -34 34 -27 35 -30 34 -29 36 -32 36 -29 32 -24 34 -24 34 -28 34 -22 28 -22 31 -19 31 -19 31 -23 30 -18 29 -21 34 -21 27 -23 19 -34 29 -21 27 -20 23 -23 22 -19 26 -20 23 -22 23 -21 23 -23 22 -24 17 -21 15 -24 18 -22 17 -26 17 -24 11 -24 13 -23 15 -24 10 -23 11 -23 12 -22 10 -24 11 -23 12 -23 9 -24 9 -21 10 -21 1 -24 -1 -29 -3 -31 -5 -29 -1 -1 ]
CSI_DATA,STA,08:3A:F2:51:5D:9D,-49,11,1,0,1,1,1,0,0,0,0,-93,0,6,1,25177999,0,110,0,0,25.386179,384,[110 96 6 0 0 0 0 0 0 0 0 0 16 11 16 11 18 12 18 16 16 14 13 13 15 15 13 14 14 14 13 15 15 17 15 16 14 17 13 17 10 14 15 17 12 15 10 15 11 14 10 14 10 14 11 14 8 13 10 14 12 15 11 13 0 0 11 13 12 11 12 12 12 10 10 12 12 10 12 12 10 9 12 9 11 6 12 7 10 8 11 7 12 6 11 6 12 4 13 6 12 3 12 4 10 2 11 4 12 3 12 3 12 2 10 3 11 2 0 0 0 0 0 0 0 0 0 0 -1 -1 -1 -1 -12 -18 -14 -18 -18 -14 -14 -13 -7 -15 -7 -14 -8 -15 -8 -17 -6 -14 -6 -11 -8 -13 -8 -10 -10 -13 -9 -12 -9 -12 -10 -11 -11 -13 -10 -11 -9 -10 -10 -8 -12 -9 -9 -11 -11 -7 -10 -9 -9 -9 -10 -7 -9 -8 -11 -7 -11 -9 -11 -7 -13 -5 -11 -8 -11 -8 -11 -6 -10 -6 -9 -8 -9 -6 -10 -6 -8 -6 -8 -6 -8 -5 -8 -5 -7 -6 -7 -7 -7 -6 -7 -5 -6 -6 -6 -6 -4 -5 -4 -5 -3 -4 -3 -4 -3 -5 -1 -4 -1 -3 0 -3 0 -4 0 0 -1 -1 -1 -1 -1 -1 -1 -1 -1 -1 -1 -1 -1 -1 0 0 0 0 -1 -1 33 7 32 7 34 8 35 11 32 10 29 10 33 13 29 10 36 12 30 15 34 15 33 15 35 16 33 16 28 15 30 15 33 13 29 17 27 11 25 15 24 14 28 14 24 14 26 13 29 18 26 10 31 2 26 12 25 11 25 8 22 8 25 10 25 7 23 8 24 6 24 5 20 3 24 3 22 4 24 2 24 3 21 -2 20 -1 22 -1 20 -1 21 -2 19 -2 20 -3 20 -3 21 -2 20 -3 18 -3 20 -2 17 -9 19 -15 19 -16 16 -17 -1 -1 ]
CSI_DATA,STA,08:3A:F2:51:5D:9D,-49,11,1,0,1,1,1,0,0,0,0,-93,0,6,1,25180115,0,110,0,0,25.396404,384,[110 96 6 0 0 0 0 0 0 0 0 0 23 3 21 2 25 3 26 6 24 5 20 6 23 6 21 6 22 6 21 8 24 9 24 8 23 9 22 10 18 10 24 9 20 8 18 10 19 9 17 8 18 9 19 8 16 10 18 9 19 10 18 7 0 0 18 7 18 5 19 5 18 4 16 6 17 4 18 5 15 3 17 3 14 0 16 0 15 2 15 1 14 -1 14 0 16 -2 18 0 13 -2 15 -3 12 -4 14 -1 14 -3 13 -2 14 -3 13 -2 12 -4 0 0 0 0 0 0 0 0 0 0 -1 -1 -1 -1 -23 -9 -20 -9 -24 -6 -19 -3 -14 -11 -16 -10 -15 -10 -17 -12 -14 -10 -11 -9 -15 -8 -13 -6 -16 -6 -15 -8 -15 -8 -15 -6 -16 -6 -15 -7 -14 -7 -15 -4 -16 -2 -14 -5 -14 0 -13 -4 -13 -5 -14 -1 -14 -4 -15 -1 -15 -4 -14 -1 -12 4 -14 -1 -13 -3 -13 -1 -13 -2 -12 -3 -13 -3 -11 -2 -11 -2 -10 -2 -11 -2 -12 -3 -9 -3 -10 -4 -8 -3 -9 -2 -6 -3 -8 -4 -6 -2 -6 -2 -4 -4 -5 -2 -5 -4 -3 -3 -3 -3 -2 -3 -2 -3 0 0 -1 -1 -1 -1 -1 -1 -1 -1 -1 -1 -1 -1 -1 -1 0 0 0 0 -1 -1 37 -10 36 -11 40 -10 41 -8 38 -7 34 -6 40 -5 34 -6 42 -8 39 -1 42 -3 41 -3 44 -3 42 -2 36 -1 38 -1 39 -5 37 1 33 -2 34 0 32 1 34 -3 31 2 33 -1 36 2 32 -3 32 -17 31 -2 31 -2 28 -5 26 -4 31 -4 28 -7 29 -5 28 -8 28 -9 22 -7 25 -11 25 -7 26 -11 25 -11 20 -15 21 -12 23 -12 19 -11 19 -14 20 -12 19 -15 17 -15 20 -13 19 -12 18 -13 18 -13 13 -19 11 -25 11 -25 6 -24 -1 -1 ]
CSI_DATA,STA,08:3A:F2:51:5D:9D,-49,11,1,0,1,1,1,0,0,0,0,-93,0,6,1,25180395,0,110,0,0,25.406744,384,[110 96 6 0 0 0 0 0 0 0 0 0 18 12 18 12 21 14 20 17 19 15 15 15 17 16 16 15 16 15 16 17 17 19 18 19 16 18 15 19 12 16 17 19 13 16 12 17 12 16 12 15 12 16 13 16 8 16 12 16 14 17 13 14 0 0 12 13 14 12 14 13 13 11 11 13 13 12 13 12 12 10 14 10 13 7 15 8 11 9 13 9 13 6 12 6 14 5 15 7 12 4 14 4 12 2 13 4 13 4 13 4 14 4 12 4 11 2 0 0 0 0 0 0 0 0 0 0 -1 -1 -1 -1 -19 -13 -21 -15 -22 -10 -18 -9 -9 -15 -9 -13 -10 -14 -9 -14 -9 -14 -8 -10 -9 -12 -9 -9 -11 -12 -11 -11 -11 -11 -11 -10 -13 -11 -12 -10 -11 -9 -11 -8 -14 -8 -11 -10 -10 -6 -12 -7 -11 -9 -11 -7 -11 -8 -12 -5 -13 -8 -11 -5 -14 1 -11 -6 -10 -7 -11 -5 -10 -6 -11 -6 -11 -6 -9 -5 -9 -7 -9 -6 -8 -6 -8 -5 -9 -6 -7 -6 -7 -6 -7 -6 -7 -4 -6 -5 -5 -5 -4 -5 -2 -4 -4 -3 -3 -4 -3 -5 -2 -3 -2 -1 0 -4 -1 -1 -1 -1 -1 -1 -1 -1 -1 -1 -1 -1 -1 -1 -1 -1 -1 -1 -1 -1 0 0 35 3 36 2 38 5 38 6 36 7 32 6 36 10 32 6 40 8 35 12 38 11 37 10 40 10 37 11 32 10 34 13 36 8 32 14 30 8 29 11 27 12 31 9 26 12 29 9 31 12 29 7 33 -6 29 9 27 9 27 6 24 4 27 7 26 4 24 5 27 1 27 2 22 0 25 -1 24 0 25 -2 25 -3 22 -5 22 -4 24 -5 21 -3 20 -6 21 -4 21 -8 20 -8 22 -5 21 -6 18 -6 20 -6 16 -15 20 -22 18 -22 14 -25 -1 -1 ]
CSI_DATA,STA,08:3A:F2:51:5D:9D,-49,11,1,0,1,1,1,0,0,0,0,-93,0,6,1,25180729,0,110,0,0,25.416999,384,[110 96 6 0 0 0 0 0 0 0 0 0 0 22 0 21 1 25 -2 27 -2 25 -3 21 -3 24 -4 21 -3 22 -5 22 -6 25 -4 25 -5 24 -7 23 -7 19 -5 25 -6 21 -7 19 -6 20 -6 19 -6 19 -7 20 -7 16 -6 20 -7 21 -5 19 0 0 -5 20 -3 19 -3 19 -2 17 -4 17 -2 18 -3 18 -2 15 -1 18 2 15 2 16 -1 16 0 15 2 14 2 15 4 14 2 17 4 12 4 14 5 12 3 14 5 14 4 14 5 14 3 12 4 11 0 0 0 0 0 0 0 0 0 0 -1 -1 -1 -1 0 -24 -3 -23 -5 -26 -2 -20 6 -16 5 -16 4 -17 6 -17 3 -16 3 -13 2 -16 2 -14 2 -16 1 -15 2 -15 1 -15 0 -16 0 -14 0 -14 0 -13 -3 -15 1 -15 -3 -12 0 -12 0 -14 -2 -13 -1 -13 -4 -13 -2 -14 -2 -13 -10 -11 -3 -14 -1 -12 -3 -11 -2 -12 -2 -12 -1 -11 -3 -11 -2 -11 0 -11 -1 -10 0 -10 -1 -9 -1 -9 -1 -9 0 -8 1 -8 0 -8 0 -5 1 -6 1 -5 2 -6 1 -5 1 -4 0 -4 1 -3 2 -2 0 0 -1 -1 -1 -1 -1 -1 -1 -1 -1 -1 -1 -1 -1 -1 0 0 0 0 -1 -1 19 28 19 28 19 31 18 33 16 31 14 27 14 33 14 27 19 34 12 33 14 36 14 34 15 36 15 36 12 30 10 33 15 33 8 33 11 27 8 30 7 28 11 29 7 27 9 28 9 32 11 26 27 22 10 28 9 26 13 23 10 22 11 26 14 24 11 22 13 22 15 21 11 18 15 20 13 21 16 19 16 19 17 14 14 14 17 16 16 15 16 14 15 14 17 12 17 11 16 14 15 14 15 12 15 12 22 3 29 1 28 -1 28 -3 -1 -1 ]
CSI_DATA,STA,08:3A:F2:51:5D:9D,-49,11,1,0,1,1,1,0,0,0,0,-93,0,6,1,25181181,0,110,0,0,25.427066,384,[110 96 6 0 0 0 0 0 0 0 0 0 -24 7 -24 7 -27 9 -30 6 -26 5 -24 3 -26 4 -24 3 -25 3 -25 2 -29 2 -29 3 -28 2 -27 0 -23 -1 -28 2 -25 0 -23 -1 -23 -1 -22 0 -23 -1 -23 -1 -20 -3 -23 -1 -24 -1 -22 1 0 0 -22 1 -21 3 -22 3 -19 4 -20 1 -20 3 -20 2 -18 3 -19 4 -15 6 -17 7 -16 4 -16 5 -15 6 -15 6 -15 8 -18 8 -14 8 -13 8 -11 9 -14 7 -13 7 -14 8 -13 9 -13 7 -11 8 0 0 0 0 0 0 0 0 0 0 -1 -1 -1 -1 23 9 23 7 25 4 21 3 18 8 17 7 18 6 19 9 17 5 14 5 17 4 16 3 18 3 16 3 18 3 18 2 19 2 17 2 15 2 17 0 17 -2 16 1 14 -2 15 0 15 1 15 -1 15 0 15 -3 16 -1 15 -3 14 -5 16 -2 14 -1 14 -2 13 -3 14 -1 14 -2 12 -2 12 -1 12 -1 11 -1 12 -1 11 0 10 0 10 0 9 -1 8 0 8 0 7 1 6 0 5 1 5 1 4 1 3 2 3 2 2 2 2 2 0 0 -1 -1 -1 -1 -1 -1 -1 -1 -1 -1 -1 -1 -1 -1 0 0 0 0 -1 -1 -41 21 -40 22 -44 22 -47 20 -44 19 -40 15 -46 17 -40 15 -48 19 -46 12 -49 14 -47 14 -51 15 -49 13 -43 10 -45 11 -46 14 -45 8 -39 11 -40 7 -38 6 -41 11 -38 5 -39 9 -43 6 -37 11 -34 17 -38 9 -36 10 -34 12 -30 12 -35 10 -32 13 -31 12 -32 14 -31 16 -25 14 -27 17 -27 15 -27 18 -26 17 -22 20 -22 17 -25 19 -20 18 -19 19 -19 17 -19 20 -18 20 -20 18 -18 19 -18 18 -18 18 -12 21 -11 27 -11 28 -8 27 -1 -1 ]
CSI_DATA,STA,08:3A:F2:51:5D:9D,-50,11,1,0,1,1,1,0,0,0,0,-93,0,6,1,25274098,0,110,0,0,25.441973,384,[110 96 6 0 0 0 0 0 0 0 0 0 21 2 20 2 23 2 24 6 22 5 18 6 21 6 19 6 20 6 20 8 22 9 23 8 21 9 20 10 17 9 22 9 18 9 17 10 17 9 16 8 16 9 17 9 14 10 17 9 18 10 16 8 0 0 16 8 17 6 17 7 16 5 14 7 15 6 16 6 14 5 16 5 14 1 15 2 13 3 14 3 14 1 14 2 14 0 16 1 13 -1 13 0 12 -2 13 0 13 0 13 0 13 -2 12 0 11 -1 0 0 0 0 0 0 0 0 0 0 -1 -1 -1 -1 -16 -16 -16 -15 -19 -13 -15 -11 -10 -15 -10 -14 -11 -14 -11 -15 -10 -13 -9 -11 -11 -12 -10 -10 -12 -12 -12 -11 -12 -12 -12 -10 -13 -11 -12 -10 -11 -9 -12 -9 -13 -8 -11 -10 -12 -7 -11 -8 -11 -8 -12 -7 -10 -8 -13 -6 -12 -8 -12 -7 -13 -3 -12 -7 -11 -7 -11 -6 -10 -7 -10 -7 -11 -6 -10 -6 -10 -6 -9 -7 -9 -6 -8 -7 -8 -6 -7 -6 -7 -6 -6 -6 -5 -5 -6 -6 -4 -5 -4 -5 -3 -5 -3 -5 -2 -5 -2 -4 -2 -4 -1 -3 0 -3 0 0 0 0 -1 -1 -1 -1 -1 -1 -1 -1 -1 -1 0 0 0 0 -1 -1 -1 -1 36 -6 36 -8 39 -6 41 -4 38 -3 34 -2 39 -1 34 -2 41 -2 38 3 41 2 40 1 43 2 40 3 35 3 37 5 39 2 36 7 32 2 32 5 30 6 34 4 30 7 32 4 35 8 31 2 32 -7 32 4 30 4 30 1 26 1 30 2 28 -1 27 0 28 -2 28 -2 25 -3 26 -5 26 -2 26 -5 26 -5 22 -8 23 -6 25 -7 21 -7 21 -8 20 -7 21 -10 20 -9 21 -7 20 -8 19 -8 20 -7 16 -13 19 -19 17 -20 14 -21 -1 -1 ]
CSI_DATA,STA,08:3A:F2:51:5D:9D,-45,11,0,0,0,0,0,0,0,0,0,-93,0,6,1,25275453,0,110,0,0,25.452604,128,[110 96 6 0 0 0 0 0 0 0 0 0 -19 -19 -18 -20 -20 -21 -20 -22 -18 -21 -16 -21 -16 -22 -14 -22 -16 -23 -14 -22 -16 -23 -16 -24 -15 -23 -15 -22 -12 -22 -15 -23 -12 -21 -11 -21 -11 -20 -12 -20 -11 -19 -12 -20 -9 -18 -12 -18 -14 -19 -13 -18 0 0 -12 -17 -13 -16 -14 -16 -13 -15 -12 -14 -13 -14 -14 -14 -12 -13 -14 -13 -13 -13 -14 -12 -13 -11 -14 -11 -14 -12 -13 -11 -14 -11 -15 -10 -14 -10 -13 -10 -13 -9 -13 -9 -14 -9 -13 -8 -14 -7 -13 -7 -13 -7 0 0 0 0 0 0 0 0 0 0 ]
CSI_DATA,STA,08:3A:F2:51:5D:9D,-50,11,1,0,1,1,1,0,0,0,0,-93,0,6,1,25276095,0,110,0,0,25.456998,384,[110 96 6 0 0 0 0 0 0 0 0 0 19 -13 19 -13 21 -15 25 -13 22 -12 20 -9 22 -10 21 -9 21 -9 22 -8 25 -8 25 -9 24 -8 24 -7 21 -5 24 -8 22 -6 20 -4 21 -5 19 -5 20 -4 21 -5 18 -2 21 -5 22 -5 19 -6 0 0 19 -6 17 -8 19 -8 16 -8 17 -5 17 -7 17 -7 15 -7 16 -8 12 -9 13 -10 13 -8 13 -8 12 -10 12 -9 12 -11 14 -11 10 -11 10 -11 8 -11 10 -10 10 -10 10 -10 9 -12 10 -10 8 -10 0 0 0 0 0 0 0 0 0 0 -1 -1 -1 -1 -24 2 -23 3 -24 7 -20 6 -18 -3 -18 -2 -19 -1 -20 -3 -17 -1 -15 -1 -17 0 -14 2 -17 2 -16 1 -17 1 -16 3 -18 3 -16 3 -15 2 -14 3 -15 6 -15 2 -13 5 -14 3 -14 2 -14 4 -13 3 -13 6 -15 4 -13 5 -11 10 -14 5 -13 4 -13 5 -11 4 -13 3 -12 4 -11 4 -12 3 -11 3 -10 3 -11 2 -11 2 -10 1 -10 1 -8 2 -8 0 -8 0 -7 -1 -7 -1 -6 -1 -6 -1 -5 -2 -5 -2 -4 -2 -3 -2 -2 -2 0 0 0 0 -1 -1 -1 -1 -1 -1 -1 -1 -1 -1 0 0 0 0 -1 -1 -1 -1 23 -32 22 -33 25 -33 28 -34 26 -30 25 -27 29 -30 24 -27 30 -33 30 -27 32 -30 31 -29 33 -31 33 -28 29 -24 31 -25 30 -29 31 -22 26 -23 28 -21 27 -19 27 -23 26 -18 27 -22 32 -21 24 -22 17 -31 26 -22 24 -20 23 -22 19 -20 24 -22 20 -23 20 -21 20 -23 18 -23 15 -20 15 -24 17 -22 16 -24 15 -24 10 -23 12 -23 12 -24 10 -22 9 -22 9 -21 7 -24 7 -23 10 -22 8 -22 8 -21 8 -22 0 -23 -3 -29 -5 -29 -7 -26 -1 -1 ]
CSI_DATA,STA,08:3A:F2:51:5D:9D,-50,11,1,0,1,1,1,0,0,0,0,-93,0,6,1,25276586,0,110,0,0,25.467617,384,[110 96 6 0 0 0 0 0 0 0 0 0 17 16 16 15 19 17 18 21 17 19 13 17 15 19 13 18 14 18 13 19 14 22 14 21 13 21 12 21 9 19 14 22 11 19 9 19 10 18 9 17 9 18 10 19 6 17 9 18 10 20 10 17 0 0 10 17 11 15 12 16 11 14 8 15 10 14 10 15 10 13 11 13 11 9 12 11 10 11 11 11 12 9 11 9 13 8 14 10 12 7 12 7 12 5 12 8 12 7 12 7 12 6 11 7 11 5 0 0 0 0 0 0 0 0 0 0 -1 -1 -1 -1 -7 -23 -9 -22 -12 -21 -10 -18 -2 -19 -3 -18 -4 -19 -3 -20 -4 -17 -3 -15 -5 -16 -6 -14 -7 -17 -6 -16 -6 -17 -7 -16 -8 -16 -7 -15 -7 -14 -8 -14 -10 -14 -6 -15 -9 -11 -8 -13 -7 -13 -8 -12 -7 -12 -10 -11 -8 -13 -9 -12 -12 -9 -9 -13 -8 -12 -9 -11 -8 -11 -7 -12 -8 -11 -7 -10 -7 -11 -6 -11 -6 -10 -6 -10 -5 -10 -5 -9 -4 -9 -4 -9 -3 -8 -4 -8 -2 -8 -2 -7 -1 -6 -1 -6 -1 -5 0 -4 0 -4 0 -4 1 -3 0 0 0 0 -1 -1 -1 -1 -1 -1 -1 -1 -1 -1 0 0 0 0 -1 -1 -1 -1 36 16 36 14 39 18 39 20 36 19 32 18 35 22 32 18 39 22 33 24 36 25 35 24 37 26 35 26 30 24 31 26 34 24 29 27 27 20 26 23 24 23 28 22 23 23 27 22 27 26 27 19 33 11 26 22 25 20 26 17 24 16 25 19 26 15 24 15 26 14 27 14 24 10 26 10 24 11 27 9 25 9 25 5 23 6 26 7 23 6 23 4 22 5 24 2 23 2 23 5 23 3 22 3 22 3 22 -5 26 -9 26 -10 23 -11 -1 -1 ]
CSI_DATA,STA,08:3A:F2:51:5D:9D,-49,11,1,0,1,1,1,0,0,0,0,-93,0,6,1,25277077,0,110,0,0,25.477863,384,[110 96 6 0 0 0 0 0 0 0 0 0 -21 8 -20 8 -22 9 -25 7 -23 7 -21 4 -23 5 -21 4 -22 4 -23 3 -25 3 -25 4 -24 3 -24 2 -20 0 -24 3 -21 1 -21 0 -20 1 -19 1 -20 0 -21 1 -18 -2 -20 0 -22 0 -19 2 0 0 -19 2 -18 4 -19 3 -17 4 -17 1 -17 3 -18 3 -16 3 -16 4 -13 6 -15 6 -14 4 -14 5 -13 6 -13 6 -13 7 -15 7 -11 8 -12 8 -10 8 -12 7 -12 7 -12 7 -11 8 -11 6 -10 7 0 0 0 0 0 0 0 0 0 0 -1 -1 -1 -1 22 1 21 0 22 -4 19 -3 16 4 15 3 16 3 16 5 14 3 13 2 14 2 13 0 15 0 14 1 15 1 14 -1 16 -1 14 -1 12 0 14 -3 14 -4 13 -2 11 -4 12 -2 12 -1 12 -3 12 -2 12 -5 12 -3 12 -4 10 -8 12 -4 12 -3 11 -4 10 -4 11 -2 11 -3 10 -3 10 -3 9 -2 8 -3 9 -2 9 -1 8 -1 8 0 7 -2 6 -1 6 -1 5 0 5 0 4 1 4 0 4 1 2 1 2 1 1 1 1 1 0 0 0 0 -1 -1 -1 -1 -1 -1 -1 -1 -1 -1 0 0 0 0 -1 -1 -1 -1 -29 24 -28 24 -32 25 -34 24 -32 22 -29 20 -34 20 -29 19 -35 23 -35 17 -37 20 -35 19 -38 21 -37 19 -32 15 -34 17 -34 19 -35 14 -29 16 -32 13 -30 11 -31 16 -30 10 -30 14 -35 13 -28 16 -22 25 -29 14 -27 14 -25 15 -23 14 -27 14 -24 16 -24 15 -23 16 -22 18 -18 15 -19 18 -20 16 -19 19 -19 18 -14 20 -15 18 -17 20 -14 18 -13 18 -14 17 -12 19 -12 18 -14 18 -12 18 -11 17 -12 17 -3 21 -2 26 -2 26 2 24 -1 -1 ]
CSI_DATA,STA,08:3A:F2:51:5D:9D,-50,11,1,0,1,1,1,0,0,0,0,-93,0,6,1,25277747,0,110,0,0,25.488106,384,[110 96 6 0 0 0 0 0 0 0 0 0 -15 -20 -14 -18 -17 -21 -15 -24 -14 -23 -10 -20 -12 -23 -10 -21 -12 -22 -10 -23 -10 -25 -11 -25 -10 -25 -8 -25 -6 -21 -10 -25 -8 -22 -6 -22 -7 -21 -7 -20 -6 -21 -7 -21 -3 -19 -6 -21 -7 -22 -7 -20 0 0 -7 -20 -9 -19 -9 -19 -9 -17 -7 -17 -9 -17 -8 -18 -8 -16 -9 -16 -10 -13 -12 -16 -8 -13 -10 -14 -12 -12 -12 -11 -12 -11 -13 -15 -9 -8 -12 -11 -11 -8 -12 -11 -10 -10 -12 -11 -13 -10 -10 -10 -10 -8 0 0 0 0 0 0 0 0 0 0 -1 -1 -1 -1 4 22 6 24 9 19 10 19 -3 18 0 15 1 17 -1 18 2 15 1 13 1 15 2 13 4 15 3 15 2 16 3 14 4 16 4 14 3 12 5 13 7 12 4 13 6 11 4 11 4 11 6 12 4 12 7 11 5 13 6 12 11 9 6 12 5 12 6 10 5 10 4 11 6 10 5 9 4 9 4 9 3 9 2 9 3 9 3 8 2 8 2 7 1 6 1 6 0 6 0 5 -1 5 0 4 0 4 -2 3 -1 2 -2 2 -2 2 0 0 0 0 -1 -1 -1 -1 -1 -1 -1 -1 -1 -1 0 0 0 0 -1 -1 -1 -1 -34 -22 -34 -21 -36 -24 -35 -27 -34 -26 -29 -23 -32 -28 -29 -23 -36 -29 -29 -31 -32 -32 -31 -31 -33 -33 -31 -33 -26 -28 -28 -31 -30 -29 -26 -32 -25 -25 -23 -28 -20 -28 -26 -26 -21 -28 -23 -26 -24 -32 -24 -25 -33 -18 -23 -26 -23 -25 -25 -21 -22 -19 -23 -22 -25 -21 -25 -20 -23 -18 -27 -19 -22 -17 -24 -16 -22 -18 -27 -13 -25 -15 -26 -7 -22 -9 -27 -13 -22 -9 -24 -9 -24 -10 -24 -6 -24 -8 -23 -12 -23 -9 -21 -10 -21 -5 -24 2 -28 6 -24 1 -25 11 -1 -1 ]
CSI_DATA,STA,08:3A:F2:51:5D:9D,-50,11,1,0,1,1,1,0,0,0,0,-93,0,6,1,25279600,0,110,0,0,25.499005,384,[110 96 6 0 0 0 0 0 0 0 0 0 -23 8 -22 8 -25 10 -28 7 -26 7 -22 4 -25 4 -23 4 -24 4 -25 2 -27 2 -27 3 -27 2 -26 0 -22 -1 -27 2 -23 0 -23 -1 -22 0 -21 0 -21 -1 -22 0 -20 -3 -22 -1 -23 -1 -21 1 0 0 -21 1 -20 3 -21 2 -19 3 -18 0 -19 2 -20 2 -17 2 -18 4 -15 6 -16 6 -16 3 -16 4 -15 6 -15 6 -14 7 -17 7 -13 7 -13 7 -11 8 -13 6 -13 6 -14 7 -13 8 -13 6 -11 7 0 0 0 0 0 0 0 0 0 0 -1 -1 -1 -1 23 0 23 -2 24 -5 19 -5 16 5 16 3 17 3 16 5 15 3 13 2 15 1 13 0 16 -1 15 1 15 0 15 -1 16 -1 15 -1 13 0 14 -2 14 -5 14 -1 12 -4 12 -2 13 -1 13 -3 12 -1 12 -4 14 -2 13 -4 11 -10 13 -4 12 -3 11 -3 11 -3 12 -2 11 -3 10 -3 10 -2 9 -2 9 -2 10 -1 10 -1 9 -1 8 0 7 -2 6 -1 6 0 6 0 5 0 4 1 4 1 4 1 3 2 2 1 1 1 1 1 0 0 0 0 -1 -1 -1 -1 -1 -1 -1 -1 -1 -1 0 0 0 0 -1 -1 -1 -1 -29 26 -27 26 -31 28 -34 27 -32 25 -29 21 -34 23 -29 21 -35 26 -36 20 -38 22 -36 21 -39 23 -38 21 -33 17 -35 18 -34 21 -36 16 -29 17 -32 15 -31 12 -31 17 -31 12 -31 15 -36 14 -29 16 -22 28 -30 15 -28 15 -25 17 -24 15 -27 15 -25 18 -25 15 -24 17 -22 19 -19 16 -20 19 -21 17 -20 19 -19 19 -14 21 -15 18 -17 21 -14 18 -13 19 -14 18 -12 20 -11 19 -15 19 -13 19 -12 17 -13 17 -2 23 0 27 0 27 4 26 -1 -1 ]
CSI_DATA,STA,08:3A:F2:51:5D:9D,-50,11,1,0,1,1,1,0,0,0,0,-93,0,6,1,25279957,0,110,0,0,25.509315,384,[110 96 6 0 0 0 0 0 0 0 0 0 -19 -15 -18 -14 -21 -17 -21 -20 -19 -18 -15 -17 -17 -19 -15 -18 -16 -18 -15 -19 -16 -22 -17 -21 -15 -21 -14 -22 -11 -19 -16 -21 -13 -19 -11 -19 -12 -19 -11 -18 -11 -18 -12 -19 -8 -18 -11 -19 -12 -20 -12 -17 0 0 -12 -17 -13 -15 -13 -17 -13 -14 -10 -16 -12 -15 -12 -16 -11 -13 -13 -14 -12 -10 -13 -11 -11 -11 -12 -11 -13 -10 -13 -10 -14 -9 -15 -11 -13 -7 -13 -7 -13 -6 -13 -8 -13 -8 -13 -8 -14 -7 -12 -8 -12 -6 0 0 0 0 0 0 0 0 0 0 -1 -1 -1 -1 8 22 8 21 12 21 10 16 2 18 3 16 4 17 2 18 3 16 3 13 4 15 5 13 6 15 5 15 5 15 6 14 7 15 6 14 5 12 7 12 9 12 6 13 8 10 6 12 6 12 7 11 6 11 9 10 7 12 8 11 11 8 8 11 7 11 7 10 7 9 6 11 7 9 6 9 6 9 5 9 4 8 4 9 4 9 4 8 3 8 3 6 2 6 2 7 0 5 1 5 0 5 0 4 0 4 -1 3 -1 3 -2 2 -3 1 0 0 0 0 -1 -1 -1 -1 -1 -1 -1 -1 -1 -1 0 0 0 0 -1 -1 -1 -1 -39 -16 -38 -14 -41 -17 -42 -20 -39 -19 -34 -18 -39 -22 -34 -18 -42 -22 -35 -25 -38 -26 -38 -26 -40 -27 -38 -27 -32 -24 -34 -25 -36 -23 -32 -27 -30 -20 -29 -24 -27 -24 -31 -22 -26 -24 -29 -23 -30 -28 -29 -21 -34 -12 -29 -22 -28 -20 -28 -17 -26 -15 -28 -19 -28 -16 -27 -16 -28 -15 -28 -13 -24 -12 -27 -10 -26 -13 -28 -10 -28 -10 -26 -4 -25 -6 -28 -7 -24 -6 -24 -4 -24 -6 -25 -3 -25 -2 -25 -6 -24 -4 -23 -4 -23 -4 -22 5 -26 9 -26 8 -24 13 -1 -1 ]
CSI_DATA,STA,08:3A:F2:51:5D:9D,-50,11,1,0,1,1,1,0,0,0,0,-93,0,6,1,25282012,0,110,0,0,25.520328,384,[110 96 6 0 0 0 0 0 0 0 0 0 -23 7 -22 7 -26 9 -28 6 -26 6 -22 3 -25 4 -23 3 -24 4 -25 1 -28 1 -28 2 -27 1 -26 -1 -22 -2 -27 1 -23 0 -22 -2 -22 -1 -21 -1 -21 -1 -23 -1 -20 -4 -22 -2 -24 -2 -21 0 0 0 -21 0 -21 2 -21 2 -19 2 -19 -1 -19 2 -20 1 -17 2 -18 3 -16 5 -17 5 -16 2 -16 3 -15 5 -15 5 -15 6 -18 6 -13 7 -14 7 -12 7 -14 6 -13 6 -14 6 -13 7 -13 5 -11 6 0 0 0 0 0 0 0 0 0 0 -1 -1 -1 -1 23 2 24 1 24 -2 20 -4 16 6 15 5 16 5 16 7 15 4 13 3 15 3 13 1 16 1 15 2 16 3 15 2 16 1 15 1 13 1 14 -1 14 -3 14 0 12 -3 12 -1 13 1 13 -2 13 0 13 -3 14 0 13 -2 13 -8 13 -2 12 -1 11 -2 11 -2 12 0 12 -2 10 -2 10 -1 10 -1 9 -1 9 1 10 1 9 1 8 1 7 -1 6 0 6 1 5 1 5 1 4 2 3 1 3 2 2 2 2 2 1 1 1 2 0 0 0 0 -1 -1 -1 -1 -1 -1 -1 -1 -1 -1 0 0 0 0 -1 -1 -1 -1 -31 25 -29 25 -33 27 -34 25 -33 24 -30 20 -35 22 -30 20 -37 26 -38 18 -40 20 -39 19 -42 21 -40 19 -34 15 -36 18 -35 20 -37 15 -30 15 -33 13 -31 10 -32 17 -32 10 -33 13 -38 11 -31 14 -26 26 -31 13 -30 14 -26 15 -25 14 -28 13 -26 17 -25 15 -25 16 -24 18 -21 15 -22 17 -23 15 -22 18 -21 17 -15 20 -16 17 -18 20 -16 17 -14 18 -15 16 -13 19 -13 18 -17 18 -14 18 -14 17 -14 17 -5 23 -3 27 -3 27 2 27 -1 -1 ]
CSI_DATA,STA,08:3A:F2:51:5D:9D,-45,11,0,0,0,0,0,0,0,0,0,-93,0,6,1,25287244,0,110,0,0,25.530548,128,[110 96 6 0 0 0 0 0 0 0 0 0 -19 -20 -17 -20 -20 -22 -20 -22 -19 -23 -15 -21 -17 -22 -14 -22 -16 -22 -14 -24 -15 -25 -15 -25 -14 -24 -13 -23 -11 -21 -15 -24 -11 -21 -11 -22 -11 -21 -12 -21 -11 -19 -12 -20 -9 -19 -11 -19 -12 -20 -12 -19 0 0 -12 -17 -13 -17 -13 -16 -13 -16 -11 -14 -14 -15 -14 -15 -12 -14 -14 -13 -13 -14 -14 -14 -12 -12 -13 -12 -13 -12 -13 -12 -13 -11 -15 -11 -13 -10 -13 -10 -13 -9 -13 -9 -14 -9 -14 -9 -14 -9 -13 -8 -12 -8 0 0 0 0 0 0 0 0 0 0 ]
CSI_DATA,STA,08:3A:F2:51:5D:9D,-45,11,0,0,0,0,0,0,0,0,0,-93,0,6,1,25291057,0,110,0,0,25.534911,128,[110 96 6 0 0 0 0 0 0 0 0 0 5 29 4 28 5 31 4 31 3 31 1 28 1 29 0 28 1 29 -2 29 -1 31 -1 31 -2 29 -2 28 -3 26 -1 30 -3 25 -4 26 -3 24 -2 25 -3 23 -3 25 -4 22 -2 23 -1 25 -1 23 0 0 0 22 1 23 1 21 2 22 1 19 2 20 3 20 2 19 4 19 2 19 4 20 3 18 3 18 4 18 4 18 4 17 6 18 5 17 5 16 5 15 5 16 5 16 6 16 7 16 5 14 6 14 0 0 0 0 0 0 0 0 0 0 ]
CSI_DATA,STA,08:3A:F2:51:5D:9D,-49,11,1,0,1,1,1,0,0,0,0,-93,0,6,1,25507319,0,110,0,0,25.673876,384,[110 96 6 0 0 0 0 0 0 0 0 0 -8 -23 -8 -22 -9 -25 -7 -28 -6 -26 -4 -23 -5 -25 -4 -23 -4 -24 -3 -25 -2 -28 -3 -27 -3 -27 -1 -27 0 -23 -2 -27 -1 -24 1 -22 0 -23 0 -21 0 -22 -1 -23 2 -20 0 -23 0 -24 -2 -22 0 0 -1 -21 -4 -21 -4 -22 -4 -19 -1 -20 -3 -20 -4 -21 -4 -18 -5 -19 -7 -15 -7 -17 -5 -16 -6 -17 -7 -16 -7 -15 -9 -15 -9 -18 -9 -14 -9 -14 -9 -11 -8 -14 -9 -14 -9 -14 -10 -13 -7 -13 -9 -12 0 0 0 0 0 0 0 0 0 0 -1 -1 -1 -1 -1 25 0 25 5 27 4 21 -7 18 -5 17 -5 18 -7 19 -4 17 -4 14 -3 17 -1 14 -1 18 -2 16 -3 17 -1 17 0 18 -1 17 -1 15 1 16 3 16 -1 16 3 13 1 14 0 14 3 14 1 14 4 14 1 15 3 14 9 13 3 15 2 14 3 13 2 13 2 13 3 13 2 11 2 11 1 11 1 10 0 11 0 11 0 10 0 9 0 8 -1 8 0 8 -1 7 -1 6 -2 5 -1 5 -1 5 -2 3 -2 3 -2 2 -3 1 -1 -1 -1 -1 -1 -1 -1 -1 -1 -1 -1 -1 -1 -1 -1 -1 -1 -1 0 0 0 0 -26 -31 -26 -30 -27 -34 -26 -36 -25 -34 -21 -31 -23 -37 -20 -31 -26 -38 -19 -38 -22 -41 -21 -39 -23 -41 -21 -40 -17 -35 -18 -37 -22 -37 -16 -38 -17 -31 -15 -34 -13 -32 -18 -33 -12 -32 -16 -33 -14 -39 -17 -31 -28 -25 -16 -32 -16 -30 -18 -27 -17 -25 -17 -29 -19 -26 -18 -26 -20 -25 -21 -24 -18 -20 -21 -22 -18 -22 -21 -21 -21 -21 -23 -15 -21 -17 -23 -18 -20 -16 -21 -14 -20 -15 -22 -13 -22 -12 -21 -16 -22 -14 -20 -13 -21 -14 -25 -4 -30 -1 -30 -1 -30 5 -1 -1 ]
CSI_DATA,STA,08:3A:F2:51:5D:9D,-49,11,1,0,1,1,1,0,0,0,0,-93,0,6,1,25513505,0,110,0,0,25.685826,384,[110 96 6 0 0 0 0 0 0 0 0 0 -21 -5 -20 -4 -24 -5 -24 -8 -23 -7 -19 -8 -22 -8 -19 -8 -20 -8 -20 -10 -22 -12 -23 -11 -21 -11 -20 -12 -16 -12 -22 -11 -18 -11 -17 -12 -17 -10 -17 -10 -17 -11 -18 -11 -14 -12 -17 -12 -18 -13 -17 -10 0 0 -17 -10 -18 -8 -18 -8 -17 -7 -15 -9 -16 -8 -17 -8 -15 -7 -16 -6 -15 -3 -16 -4 -14 -6 -15 -5 -15 -3 -15 -3 -15 -2 -18 -4 -14 -1 -15 -1 -14 0 -14 -2 -14 -2 -15 -2 -15 0 -14 -2 -13 0 0 0 0 0 0 0 0 0 0 0 -1 -1 -1 -1 16 17 17 18 18 13 16 10 10 16 9 14 10 15 8 16 10 13 7 11 10 12 10 9 12 11 10 12 10 12 11 11 12 12 11 11 9 10 12 9 12 7 11 10 10 6 11 8 9 8 11 7 10 9 12 6 11 9 11 7 12 3 11 6 11 7 10 6 10 6 9 7 11 6 9 5 9 6 8 6 8 6 7 6 8 7 7 6 6 6 6 5 4 5 6 5 3 4 3 4 2 4 2 3 2 4 1 3 0 3 0 2 -1 2 -1 -1 -1 -1 -1 -1 -1 -1 -1 -1 -1 -1 -1 -1 -1 -1 -1 -1 0 0 0 0 -38 1 -36 2 -42 2 -40 -2 -41 0 -34 -2 -41 -4 -34 -3 -44 -2 -41 -8 -42 -9 -42 -8 -44 -9 -42 -10 -35 -9 -40 -7 -38 -6 -39 -10 -33 -6 -34 -9 -31 -10 -36 -6 -32 -11 -34 -10 -36 -13 -33 -7 -34 0 -32 -8 -32 -6 -30 -3 -29 -3 -30 -6 -31 -2 -29 -3 -30 -2 -30 1 -26 0 -28 1 -28 -1 -29 1 -27 2 -25 7 -24 4 -28 5 -23 4 -23 7 -23 4 -23 8 -23 8 -25 5 -24 6 -22 5 -22 5 -20 13 -20 18 -20 17 -17 21 -1 -1 ]
CSI_DATA,STA,08:3A:F2:51:5D:9D,-50,11,1,0,1,1,1,0,0,0,0,-93,0,6,1,25514638,0,110,0,0,25.696481,384,[110 96 6 0 0 0 0 0 0 0 0 0 20 9 20 9 24 10 23 13 22 12 18 12 20 13 18 12 20 12 18 15 20 17 21 16 19 16 18 17 15 15 21 16 17 14 15 15 15 14 15 13 15 14 16 14 12 14 15 15 16 16 15 13 0 0 15 13 16 11 17 11 16 9 13 11 15 9 16 11 14 8 16 8 14 5 16 6 13 7 14 7 15 4 15 4 16 3 17 5 14 2 15 2 13 0 14 3 14 2 14 3 15 2 13 3 13 1 0 0 0 0 0 0 0 0 0 0 -1 -1 -1 -1 -21 -15 -22 -15 -24 -12 -20 -9 -11 -16 -11 -14 -13 -15 -11 -16 -12 -13 -10 -12 -12 -13 -11 -9 -14 -12 -13 -12 -13 -12 -13 -11 -15 -12 -13 -11 -11 -10 -14 -9 -15 -7 -13 -9 -13 -6 -13 -8 -12 -9 -13 -7 -13 -8 -14 -6 -14 -9 -14 -6 -16 0 -14 -7 -13 -7 -12 -6 -12 -5 -12 -7 -12 -6 -11 -6 -11 -6 -10 -6 -10 -5 -10 -6 -9 -7 -9 -7 -8 -7 -8 -5 -7 -5 -8 -5 -5 -5 -6 -5 -4 -5 -5 -4 -4 -5 -3 -5 -2 -5 -2 -4 -1 -4 -1 -1 -1 -1 -1 -1 -1 -1 -1 -1 -1 -1 -1 -1 -1 -1 -1 -1 0 0 0 0 37 -1 36 -2 40 -1 40 2 39 1 33 3 39 5 33 3 43 2 39 9 42 8 40 8 42 8 40 9 34 8 38 8 38 5 37 10 31 6 33 8 29 10 34 6 31 11 32 8 35 12 31 5 35 -7 31 7 30 6 28 3 27 2 29 4 30 0 28 2 29 0 29 -2 25 -1 27 -3 27 0 27 -3 26 -4 23 -9 23 -6 26 -7 22 -6 22 -8 22 -7 21 -10 21 -10 23 -7 22 -8 20 -8 21 -7 16 -19 17 -23 17 -24 12 -25 -1 -1 ]
CSI_DATA,STA,08:3A:F2:51:5D:9D,-49,11,1,0,1,1,1,0,0,0,0,-93,0,6,1,25515049,0,110,0,0,25.706759,384,[110 96 6 0 0 0 0 0 0 0 0 0 15 14 14 13 17 15 16 19 15 17 12 16 14 17 12 16 13 16 12 18 13 20 14 20 12 19 11 19 9 17 13 20 10 17 9 18 9 17 9 16 9 17 9 17 6 16 9 17 10 19 9 15 0 0 10 16 11 14 11 15 11 13 9 14 11 13 11 14 10 12 11 12 11 9 12 10 10 10 11 10 12 8 12 8 13 7 14 10 12 6 13 6 12 4 12 7 12 6 12 6 13 5 11 6 11 5 0 0 0 0 0 0 0 0 0 0 -1 -1 -1 -1 -2 -24 -4 -24 -7 -24 -7 -20 -1 -20 -2 -19 -3 -20 -1 -21 -3 -18 -2 -16 -4 -18 -4 -15 -5 -18 -4 -18 -5 -18 -5 -17 -6 -19 -6 -17 -5 -15 -7 -16 -9 -15 -6 -16 -8 -13 -7 -14 -6 -14 -8 -13 -5 -14 -9 -13 -7 -15 -9 -13 -10 -11 -8 -13 -8 -13 -8 -11 -8 -11 -6 -13 -8 -12 -7 -11 -7 -11 -6 -11 -5 -10 -5 -10 -5 -11 -5 -11 -4 -10 -4 -9 -3 -9 -4 -8 -2 -7 -2 -7 -1 -6 -2 -6 -1 -6 0 -5 0 -5 1 -3 1 -3 -1 -1 -1 -1 -1 -1 -1 -1 -1 -1 -1 -1 -1 -1 -1 -1 -1 -1 0 0 0 0 32 21 31 19 35 22 33 25 32 24 28 22 31 26 27 22 35 28 28 29 31 31 30 30 32 32 30 31 24 27 29 29 30 27 26 30 25 24 23 26 21 26 25 26 20 27 23 26 23 31 24 24 27 20 23 24 24 22 24 19 23 17 23 21 26 18 23 18 25 17 26 16 23 13 25 13 23 15 26 13 25 12 26 7 23 8 27 10 22 7 24 6 22 7 25 5 25 4 24 8 23 6 22 6 22 6 23 1 27 -3 27 -3 25 -7 -1 -1 ]
CSI_DATA,STA,08:3A:F2:51:5D:9D,-49,11,1,0,1,1,1,0,0,0,0,-93,0,6,1,25515529,0,110,0,0,25.717006,384,[110 96 6 0 0 0 0 0 0 0 0 0 -22 3 -20 4 -24 5 -25 2 -24 2 -20 0 -23 1 -21 0 -22 1 -23 -1 -26 -2 -25 -1 -24 -2 -24 -3 -20 -4 -25 -1 -21 -2 -21 -4 -20 -2 -19 -2 -20 -3 -21 -2 -18 -5 -20 -4 -22 -4 -20 -2 0 0 -19 -1 -19 1 -20 0 -18 1 -17 -1 -18 1 -19 0 -17 1 -18 2 -15 4 -16 4 -15 2 -16 2 -14 4 -15 4 -14 5 -17 5 -13 6 -14 6 -12 7 -13 5 -13 6 -14 6 -13 6 -13 5 -12 6 0 0 0 0 0 0 0 0 0 0 -1 -1 -1 -1 23 -1 24 0 23 -4 20 -5 17 5 15 5 16 4 16 6 15 3 12 3 15 2 13 1 16 0 15 2 16 2 15 1 16 1 14 1 13 1 14 -2 14 -3 15 -1 11 -3 13 -2 12 0 12 -3 13 -1 13 -3 14 -1 13 -3 12 -8 12 -2 12 -2 10 -3 11 -4 11 -1 11 -3 10 -3 9 -3 10 -2 9 -1 10 -1 9 0 9 0 8 -1 8 -1 6 0 6 0 6 0 5 -1 5 0 4 0 4 0 3 1 2 2 1 1 2 1 -1 -1 -1 -1 -1 -1 -1 -1 -1 -1 -1 -1 -1 -1 -1 -1 -1 -1 0 0 0 0 -29 20 -27 19 -31 22 -32 18 -32 20 -27 15 -33 18 -27 16 -34 22 -36 14 -39 15 -37 14 -39 16 -38 14 -31 11 -34 15 -32 16 -35 13 -27 12 -30 11 -28 8 -30 15 -30 8 -31 10 -36 9 -29 12 -26 23 -29 11 -28 12 -25 13 -23 14 -26 11 -24 16 -24 13 -23 15 -23 17 -20 15 -21 16 -22 14 -21 17 -19 16 -15 19 -15 16 -17 19 -15 16 -13 18 -14 17 -12 19 -12 18 -16 17 -14 17 -14 16 -13 17 -3 23 -3 27 -2 25 4 26 -1 -1 ]
CSI_DATA,STA,08:3A:F2:51:5D:9D,-49,11,1,0,1,1,1,0,0,0,0,-93,0,6,1,25515870,0,110,0,0,25.727366,384,[110 96 6 0 0 0 0 0 0 0 0 0 -21 5 -19 5 -24 7 -25 4 -24 4 -20 1 -23 2 -21 1 -22 2 -23 0 -25 0 -25 1 -24 0 -24 -1 -20 -2 -25 1 -21 -1 -21 -2 -20 -1 -19 -1 -19 -2 -21 -1 -18 -4 -20 -2 -22 -2 -19 0 0 0 -19 0 -19 2 -19 2 -18 2 -17 -1 -18 1 -19 1 -16 1 -17 3 -15 4 -16 5 -15 2 -15 3 -14 4 -15 5 -14 6 -17 6 -12 6 -13 7 -11 7 -13 6 -13 6 -13 6 -13 7 -12 5 -11 6 0 0 0 0 0 0 0 0 0 0 -1 -1 -1 -1 22 -8 22 -8 21 -12 17 -12 15 1 14 0 15 0 15 1 13 0 11 0 13 -1 11 -2 14 -3 13 -2 14 -1 13 -2 14 -3 13 -3 11 -2 12 -4 12 -6 12 -3 10 -5 11 -3 11 -2 11 -5 11 -3 10 -5 12 -4 10 -5 8 -12 11 -5 11 -4 9 -4 9 -5 9 -3 9 -4 9 -4 9 -4 8 -3 7 -3 8 -2 8 -2 8 -2 7 -2 7 -3 5 -2 6 -2 5 -1 4 -1 4 0 4 0 4 0 3 0 2 1 2 1 1 1 0 0 0 0 -1 -1 -1 -1 -1 -1 -1 -1 -1 -1 0 0 0 0 -1 -1 -1 -1 -20 23 -18 22 -22 24 -22 23 -22 23 -19 19 -24 21 -19 19 -24 25 -26 19 -28 21 -26 20 -28 23 -28 21 -23 17 -26 19 -22 20 -26 18 -20 16 -23 16 -22 13 -22 18 -23 13 -23 15 -28 16 -20 17 -12 31 -22 16 -22 16 -17 16 -17 15 -19 16 -17 18 -17 16 -16 18 -15 19 -13 16 -13 18 -15 17 -13 19 -13 18 -8 19 -9 17 -11 19 -10 16 -8 17 -9 16 -7 18 -6 17 -10 18 -9 17 -8 16 -8 16 4 22 8 26 8 25 13 22 -1 -1 ]
CSI_DATA,STA,08:3A:F2:51:5D:9D,-50,11,1,0,1,1,1,0,0,0,0,-93,0,6,1,25516367,0,110,0,0,25.737640,384,[110 96 6 0 0 0 0 0 0 0 0 0 -11 -22 -10 -21 -12 -24 -10 -26 -9 -25 -7 -21 -8 -24 -7 -22 -7 -23 -5 -24 -5 -27 -6 -27 -6 -26 -4 -25 -2 -22 -6 -26 -4 -23 -2 -23 -3 -21 -3 -21 -2 -21 -3 -22 0 -20 -2 -22 -3 -24 -4 -21 0 0 -4 -21 -6 -20 -6 -20 -6 -18 -3 -18 -6 -19 -5 -19 -6 -17 -7 -18 -8 -15 -9 -16 -6 -15 -7 -16 -9 -14 -8 -14 -10 -14 -10 -17 -10 -12 -10 -12 -10 -10 -9 -13 -10 -12 -10 -13 -11 -12 -9 -12 -9 -10 0 0 0 0 0 0 0 0 0 0 -1 -1 -1 -1 1 24 2 26 6 24 7 20 -4 19 -4 17 -3 19 -5 18 -2 17 -2 14 -1 17 0 14 1 17 0 17 -1 17 0 17 1 18 1 17 0 14 3 15 4 15 2 15 4 12 2 14 1 14 4 14 2 14 5 14 2 16 4 14 9 12 3 14 3 14 4 11 4 12 2 12 3 12 3 11 3 11 2 11 2 10 1 11 1 11 1 10 0 9 1 8 0 7 1 8 -1 6 -1 6 -2 5 -1 5 -1 5 -2 3 -2 3 -2 2 -3 2 -1 -1 -1 -1 -1 -1 -1 -1 -1 -1 -1 -1 -1 -1 -1 -1 -1 -1 0 0 0 0 -29 -29 -27 -27 -32 -31 -28 -32 -29 -32 -23 -27 -27 -34 -23 -28 -31 -34 -23 -37 -25 -39 -24 -38 -26 -40 -24 -39 -19 -33 -23 -35 -24 -33 -21 -37 -20 -28 -18 -32 -16 -30 -22 -31 -15 -32 -18 -32 -17 -37 -19 -30 -28 -24 -18 -30 -20 -28 -20 -25 -20 -23 -18 -26 -22 -24 -20 -24 -22 -23 -23 -22 -20 -20 -22 -20 -21 -22 -23 -20 -22 -18 -24 -13 -21 -14 -25 -16 -21 -14 -22 -12 -21 -13 -24 -11 -23 -10 -23 -14 -23 -13 -21 -12 -21 -12 -25 -2 -30 1 -28 0 -28 7 -1 -1 ]
CSI_DATA,STA,08:3A:F2:51:5D:9D,-50,11,1,0,1,1,1,0,0,0,0,-93,0,6,1,25516858,0,110,0,0,25.748603,384,[110 96 6 0 0 0 0 0 0 0 0 0 18 -15 16 -14 19 -18 22 -15 21 -15 18 -11 21 -14 19 -12 20 -13 21 -11 24 -12 23 -12 23 -11 23 -10 19 -7 24 -12 20 -9 21 -7 19 -8 18 -8 19 -8 20 -9 18 -5 20 -7 22 -8 18 -9 0 0 18 -9 17 -11 17 -10 16 -11 16 -7 16 -10 17 -10 14 -10 15 -11 11 -12 13 -12 13 -9 13 -10 11 -11 11 -12 10 -13 13 -14 8 -12 9 -13 7 -13 9 -12 9 -12 9 -12 8 -13 9 -11 7 -12 0 0 0 0 0 0 0 0 0 0 -1 -1 -1 -1 -24 8 -25 9 -22 11 -18 12 -21 0 -19 1 -20 2 -20 0 -18 2 -15 1 -17 3 -15 4 -18 5 -17 4 -18 3 -17 4 -18 5 -17 5 -15 3 -15 7 -14 8 -16 6 -11 7 -14 6 -14 5 -13 8 -14 6 -13 8 -15 6 -13 8 -10 12 -13 7 -13 7 -10 6 -11 8 -12 5 -12 7 -11 6 -11 6 -11 6 -10 5 -11 4 -11 4 -10 3 -9 3 -9 4 -8 2 -8 3 -7 2 -7 2 -6 1 -6 1 -5 0 -5 -1 -5 -1 -4 -1 -4 -2 -1 -1 -1 -1 -1 -1 -1 -1 -1 -1 -1 -1 -1 -1 -1 -1 -1 -1 0 0 0 0 21 -35 19 -33 22 -38 24 -35 23 -36 21 -29 26 -34 20 -30 26 -38 30 -31 32 -33 30 -32 33 -34 32 -32 26 -26 28 -31 25 -31 30 -29 22 -26 25 -25 24 -22 24 -28 27 -23 26 -24 31 -25 23 -25 16 -33 23 -25 22 -26 18 -25 17 -25 20 -24 17 -27 17 -25 15 -27 14 -28 13 -25 13 -26 15 -25 13 -27 12 -26 6 -27 8 -23 8 -28 7 -23 4 -24 6 -23 3 -25 2 -25 7 -25 6 -24 5 -23 5 -23 -6 -25 -8 -28 -8 -27 -15 -25 -1 -1 ]
CSI_DATA,STA,08:3A:F2:51:5D:9D,-50,11,1,0,1,1,1,0,0,0,0,-93,0,6,1,25520569,0,110,0,0,25.759311,384,[110 96 6 0 0 0 0 0 0 0 0 0 -18 15 -17 14 -19 17 -23 15 -21 14 -19 11 -21 13 -19 11 -20 12 -22 11 -24 11 -23 12 -23 11 -23 10 -20 7 -23 12 -21 9 -21 7 -20 8 -19 8 -19 8 -20 9 -19 5 -20 8 -22 8 -18 9 0 0 -19 9 -17 11 -18 10 -15 11 -16 8 -16 10 -17 10 -14 10 -15 11 -11 11 -12 12 -13 10 -12 11 -11 11 -11 11 -10 13 -12 14 -8 12 -8 13 -6 12 -9 12 -8 12 -9 13 -8 13 -8 11 -6 11 0 0 0 0 0 0 0 0 0 0 -1 -1 -1 -1 21 -11 23 -12 20 -15 16 -14 18 -4 16 -4 18 -6 18 -4 16 -5 14 -5 16 -6 13 -7 15 -9 15 -7 16 -7 15 -8 16 -9 15 -8 13 -7 13 -10 11 -12 13 -9 9 -10 11 -9 11 -8 10 -11 12 -9 10 -11 13 -10 10 -11 7 -14 11 -11 11 -9 9 -9 9 -10 10 -8 9 -10 8 -9 8 -8 9 -8 8 -7 9 -6 10 -6 9 -6 8 -5 6 -6 6 -4 7 -4 6 -3 5 -4 5 -2 4 -3 4 -2 4 -1 4 0 3 -1 3 0 -1 -1 -1 -1 -1 -1 -1 -1 -1 -1 -1 -1 -1 -1 -1 -1 -1 -1 0 0 0 0 -19 33 -17 32 -21 36 -22 34 -22 34 -20 28 -24 33 -19 28 -23 37 -28 30 -30 33 -28 31 -30 35 -30 32 -25 26 -27 31 -24 31 -28 29 -21 26 -24 25 -23 22 -22 28 -25 23 -24 25 -29 26 -22 26 -13 33 -22 25 -21 26 -17 25 -15 24 -19 24 -15 27 -16 24 -14 26 -13 27 -12 23 -12 26 -14 25 -11 27 -10 25 -4 25 -6 23 -7 27 -6 22 -3 23 -5 22 -2 24 -1 23 -6 25 -5 23 -4 22 -4 22 7 23 11 26 11 25 16 22 -1 -1 ]
CSI_DATA,STA,08:3A:F2:51:5D:9D,-50,11,1,0,1,1,1,0,0,0,0,-93,0,6,1,25594799,0,110,0,0,25.770231,384,[110 96 6 0 0 0 0 0 0 0 0 0 -22 7 -21 7 -25 8 -27 5 -25 5 -22 3 -24 4 -22 3 -23 3 -24 1 -27 1 -26 2 -26 1 -25 0 -21 -2 -26 1 -22 0 -22 -2 -21 -1 -21 -1 -21 -2 -22 -1 -19 -4 -21 -2 -23 -2 -20 0 0 0 -20 -1 -20 1 -20 1 -19 2 -18 -1 -19 1 -19 1 -17 1 -18 2 -15 4 -17 4 -16 2 -16 3 -15 4 -15 4 -15 6 -18 5 -13 6 -14 6 -12 7 -14 5 -13 5 -14 6 -13 7 -13 5 -12 6 0 0 0 0 0 0 0 0 0 0 -1 -1 -1 -1 22 8 23 6 25 3 20 2 16 9 15 7 16 7 16 10 15 7 13 6 15 6 14 4 17 4 15 5 16 5 16 3 17 4 16 3 14 3 15 2 16 0 15 3 14 0 13 2 14 2 14 1 13 2 15 -1 15 2 14 0 14 -4 14 0 14 2 13 0 13 0 13 2 13 1 11 1 11 1 11 1 10 0 10 2 10 3 10 2 9 2 8 1 7 2 7 2 6 2 5 1 5 3 4 2 3 2 3 2 2 2 1 2 0 1 0 0 0 0 -1 -1 -1 -1 -1 -1 -1 -1 -1 -1 0 0 0 0 -1 -1 -1 -1 -33 23 -31 24 -36 24 -39 23 -36 21 -33 17 -38 19 -32 18 -40 21 -39 16 -42 17 -40 17 -43 18 -42 15 -36 13 -39 13 -39 16 -39 10 -33 12 -35 10 -34 9 -36 12 -34 8 -35 11 -39 9 -32 12 -28 20 -33 10 -32 10 -30 12 -27 12 -32 11 -28 13 -27 12 -28 14 -27 15 -23 14 -24 16 -25 14 -24 17 -23 16 -19 18 -20 16 -23 18 -18 16 -17 17 -18 16 -16 19 -17 18 -19 17 -18 17 -16 16 -17 16 -10 21 -10 27 -9 27 -6 26 -1 -1 ]
CSI_DATA,STA,08:3A:F2:51:5D:9D,-50,11,1,0,1,1,1,0,0,0,0,-93,0,6,1,25606202,0,110,0,0,25.784025,384,[110 96 6 0 0 0 0 0 0 0 0 0 -22 0 -21 1 -24 1 -26 -2 -23 -1 -20 -3 -23 -2 -21 -3 -21 -3 -22 -5 -24 -5 -24 -4 -23 -5 -23 -6 -19 -6 -23 -5 -20 -6 -19 -7 -19 -6 -18 -5 -19 -6 -19 -6 -16 -7 -19 -6 -21 -7 -19 -4 0 0 -19 -5 -18 -3 -19 -3 -17 -2 -17 -4 -17 -2 -18 -3 -16 -2 -17 -1 -15 2 -16 1 -15 -1 -15 0 -15 2 -15 1 -15 3 -17 2 -14 3 -14 3 -12 4 -14 3 -14 3 -14 3 -14 4 -13 2 -12 4 0 0 0 0 0 0 0 0 0 0 -1 -1 -1 -1 21 5 22 4 23 0 20 -1 13 8 14 7 14 7 14 9 13 7 11 5 13 5 12 3 14 3 13 5 14 4 13 3 15 3 13 2 12 3 13 1 14 0 12 2 11 0 12 1 12 2 12 0 11 2 12 -1 12 1 12 0 12 -7 12 0 11 1 11 0 10 -1 11 1 11 0 10 0 9 0 9 1 9 0 9 0 9 1 8 1 7 1 6 0 6 1 6 1 5 1 4 1 4 2 3 1 3 2 2 2 2 1 1 1 1 1 -1 -1 -1 -1 -1 -1 -1 -1 -1 -1 -1 -1 -1 -1 -1 -1 -1 -1 0 0 0 0 -31 15 -31 16 -33 15 -36 14 -33 14 -30 11 -35 11 -30 11 -37 13 -35 8 -38 10 -36 10 -39 11 -38 9 -33 7 -34 7 -35 10 -34 5 -30 7 -31 5 -30 3 -32 8 -29 3 -30 6 -34 4 -29 8 -26 21 -30 7 -28 6 -27 9 -24 8 -28 7 -26 10 -25 8 -25 10 -25 11 -21 11 -22 13 -23 10 -22 13 -22 13 -17 14 -18 13 -20 14 -17 13 -16 14 -17 13 -16 15 -15 14 -17 13 -16 14 -15 13 -16 13 -7 19 -6 26 -7 27 -3 25 -1 -1 ]
CSI_DATA,STA,08:3A:F2:51:5D:9D,-50,11,1,0,1,1,1,0,0,0,0,-93,0,6,1,25606669,0,110,0,0,25.794581,384,[110 96 6 0 0 0 0 0 0 0 0 0 -8 -22 -8 -21 -10 -24 -7 -27 -6 -25 -4 -22 -5 -24 -4 -22 -5 -23 -3 -24 -2 -27 -3 -27 -2 -25 -1 -25 0 -22 -3 -26 -1 -23 1 -22 -1 -21 -1 -20 0 -21 -1 -22 2 -19 0 -22 0 -23 -2 -20 0 0 -1 -21 -4 -20 -3 -20 -4 -19 -1 -18 -3 -19 -3 -19 -4 -17 -4 -18 -6 -15 -7 -16 -4 -15 -5 -16 -7 -15 -6 -15 -8 -15 -8 -17 -8 -13 -8 -14 -8 -11 -7 -14 -8 -13 -8 -13 -9 -13 -7 -13 -8 -11 0 0 0 0 0 0 0 0 0 0 -1 -1 -1 -1 -6 23 -5 23 -1 24 -1 21 -9 17 -7 16 -7 17 -9 17 -6 16 -5 14 -5 16 -3 14 -4 17 -4 16 -4 16 -3 16 -3 17 -2 16 -3 14 -1 15 1 16 -2 15 1 13 -1 14 -2 13 0 14 -2 14 2 13 -1 15 1 14 6 13 1 14 0 14 1 13 0 12 -1 13 1 12 1 11 0 11 -1 11 -1 10 -1 11 -1 10 -1 9 -1 9 -1 8 -2 7 -2 8 -2 6 -3 5 -3 5 -3 5 -2 4 -2 3 -3 2 -3 1 -3 1 0 0 -1 -1 -1 -1 -1 -1 -1 -1 -1 -1 -1 -1 -1 -1 0 0 0 0 -1 -1 -24 -33 -25 -32 -25 -36 -23 -38 -23 -36 -19 -33 -20 -38 -19 -33 -23 -40 -17 -39 -19 -42 -18 -40 -19 -43 -18 -42 -14 -36 -15 -39 -18 -39 -12 -39 -14 -33 -12 -35 -10 -34 -14 -35 -9 -34 -13 -34 -11 -39 -14 -32 -23 -28 -13 -34 -13 -31 -15 -29 -14 -27 -13 -30 -16 -28 -15 -28 -16 -27 -18 -26 -16 -22 -18 -23 -16 -24 -19 -23 -19 -23 -21 -18 -18 -19 -21 -21 -18 -17 -19 -17 -18 -17 -21 -16 -20 -15 -19 -17 -20 -16 -19 -15 -19 -16 -23 -8 -28 -7 -28 -7 -27 -3 -1 -1 ]
CSI_DATA,STA,08:3A:F2:51:5D:9D,-50,11,1,0,1,1,1,0,0,0,0,-93,0,6,1,25606985,0,110,0,0,25.805651,384,[110 96 6 0 0 0 0 0 0 0 0 0 21 -7 21 -7 23 -9 26 -6 24 -6 21 -3 24 -4 22 -3 22 -4 23 -2 26 -2 25 -3 25 -2 24 -1 20 1 25 -2 22 0 21 1 21 0 19 0 20 1 21 0 18 3 21 1 22 1 20 -1 0 0 20 0 18 -3 20 -2 18 -3 17 0 18 -3 18 -2 16 -3 17 -4 14 -6 16 -6 15 -4 15 -4 14 -6 14 -6 14 -7 16 -7 12 -7 13 -7 11 -8 13 -7 12 -7 13 -7 12 -9 12 -7 10 -8 0 0 0 0 0 0 0 0 0 0 -1 -1 -1 -1 -23 -8 -23 -7 -25 -3 -21 -4 -18 -10 -18 -8 -18 -8 -19 -10 -16 -7 -15 -7 -17 -6 -16 -4 -18 -6 -17 -5 -18 -5 -17 -4 -18 -4 -17 -3 -16 -4 -17 -2 -18 0 -16 -4 -15 0 -15 -2 -15 -3 -15 -1 -14 -2 -15 1 -16 -1 -16 1 -14 5 -16 0 -15 -1 -14 0 -14 0 -14 -2 -14 -1 -13 -1 -13 -1 -13 -2 -12 0 -11 -2 -11 -2 -10 -2 -10 -3 -10 -2 -9 -2 -9 -2 -8 -3 -7 -3 -6 -3 -6 -3 -5 -3 -4 -3 -3 -3 -3 -3 -2 -3 -1 -1 -1 -1 -1 -1 -1 -1 -1 -1 -1 -1 -1 -1 -1 -1 -1 -1 -1 -1 0 0 33 -22 33 -24 36 -23 40 -23 36 -19 34 -17 38 -18 33 -17 42 -20 38 -14 41 -17 40 -17 42 -18 42 -16 37 -13 38 -12 41 -16 38 -9 34 -12 34 -10 34 -9 35 -11 32 -8 34 -12 37 -10 32 -14 28 -22 33 -12 30 -11 30 -13 26 -12 31 -12 28 -14 27 -13 27 -15 27 -16 21 -15 23 -17 23 -15 23 -18 23 -18 19 -19 19 -18 21 -19 18 -18 17 -18 17 -17 16 -20 16 -19 17 -18 15 -19 15 -18 16 -18 9 -20 8 -27 9 -29 5 -26 -1 -1 ]
CSI_DATA,STA,08:3A:F2:51:5D:9D,-50,11,1,0,1,1,1,0,0,0,0,-93,0,6,1,25607492,0,110,0,0,25.816404,384,[110 96 6 0 0 0 0 0 0 0 0 0 17 -15 16 -15 18 -18 22 -16 20 -15 18 -12 20 -13 19 -12 19 -13 20 -11 23 -12 23 -12 22 -11 22 -10 19 -8 22 -12 20 -9 20 -7 19 -8 18 -8 19 -8 19 -8 18 -5 19 -8 21 -8 18 -9 0 0 18 -8 16 -10 17 -10 15 -10 16 -8 15 -10 16 -10 14 -10 14 -10 11 -11 12 -12 12 -9 12 -10 11 -11 11 -11 10 -13 12 -13 8 -12 9 -12 6 -12 9 -11 9 -12 9 -12 8 -13 8 -11 6 -11 0 0 0 0 0 0 0 0 0 0 -1 -1 -1 -1 -25 2 -24 3 -24 7 -20 6 -20 -2 -19 -1 -20 0 -21 -2 -18 0 -16 0 -18 1 -15 2 -18 3 -17 2 -18 2 -17 3 -19 4 -17 4 -15 3 -15 5 -15 7 -16 3 -13 6 -15 4 -14 3 -14 5 -14 3 -14 7 -15 5 -14 6 -11 10 -14 5 -14 5 -12 5 -12 5 -14 4 -13 5 -12 5 -12 4 -12 3 -10 4 -11 3 -11 3 -11 2 -10 2 -8 2 -8 1 -9 1 -8 0 -7 0 -6 -1 -6 0 -5 -1 -5 -1 -4 -2 -3 -2 -3 -2 0 0 -1 -1 -1 -1 -1 -1 -1 -1 -1 -1 -1 -1 -1 -1 0 0 0 0 -1 -1 21 -34 20 -34 23 -37 26 -36 25 -34 23 -29 28 -32 23 -29 28 -36 30 -29 31 -32 30 -31 33 -34 32 -31 28 -26 30 -29 29 -30 31 -26 25 -25 28 -24 27 -21 27 -26 27 -21 26 -24 31 -24 24 -25 17 -31 25 -24 23 -23 21 -24 19 -23 23 -23 20 -25 19 -24 19 -25 17 -26 15 -22 14 -25 16 -24 14 -26 14 -26 8 -25 10 -24 11 -27 9 -23 8 -24 8 -23 6 -25 6 -25 9 -24 7 -24 6 -23 7 -23 -1 -23 -4 -28 -4 -29 -8 -26 -1 -1 ]
CSI_DATA,STA,08:3A:F2:51:5D:9D,-50,11,1,0,1,1,1,0,0,0,0,-93,0,6,1,25607801,0,110,0,0,25.827069,384,[110 96 6 0 0 0 0 0 0 0 0 0 15 17 15 16 17 18 16 21 15 19 11 18 13 19 11 18 12 19 11 20 11 23 12 22 11 22 10 22 7 19 12 22 9 20 7 19 8 19 8 18 7 19 8 20 4 18 7 19 8 21 8 18 0 0 8 18 10 16 10 17 10 15 7 16 9 15 9 16 9 14 10 14 10 11 11 12 9 12 10 12 11 10 10 11 12 10 13 12 11 8 11 8 11 7 11 9 11 8 11 9 12 7 10 8 10 7 0 0 0 0 0 0 0 0 0 0 -1 -1 -1 -1 -10 -22 -11 -22 -15 -21 -12 -18 -2 -19 -3 -17 -4 -19 -3 -19 -4 -16 -3 -14 -5 -16 -5 -14 -6 -17 -6 -16 -6 -16 -6 -15 -8 -17 -7 -15 -6 -14 -7 -14 -9 -14 -7 -14 -9 -11 -7 -13 -7 -13 -8 -12 -6 -13 -10 -11 -8 -14 -9 -12 -13 -8 -8 -12 -8 -12 -8 -10 -7 -11 -7 -11 -8 -11 -7 -10 -7 -10 -6 -10 -6 -9 -5 -10 -5 -10 -5 -10 -4 -9 -4 -8 -3 -8 -3 -8 -2 -7 -2 -6 -1 -6 -2 -6 -2 -5 0 -5 0 -4 0 -4 1 -3 -1 -1 -1 -1 -1 -1 -1 -1 -1 -1 -1 -1 -1 -1 -1 -1 -1 -1 -1 -1 0 0 34 14 34 14 36 16 36 18 35 17 29 16 33 21 29 17 37 21 31 23 34 24 33 23 35 25 33 25 27 22 30 24 32 22 28 25 25 19 25 22 22 21 27 21 22 22 25 20 26 25 25 18 34 8 25 20 24 19 24 15 23 14 24 17 26 14 23 15 25 13 26 12 21 10 25 9 23 11 25 9 25 9 24 4 22 6 25 6 21 5 22 3 22 5 22 2 22 2 23 5 22 3 21 3 21 4 22 -7 26 -11 25 -12 22 -16 -1 -1 ]
CSI_DATA,STA,08:3A:F2:51:5D:9D,-50,11,1,0,1,1,1,0,0,0,0,-93,0,6,1,25608275,0,110,0,0,25.837328,384,[110 96 6 0 0 0 0 0 0 0 0 0 -16 17 -15 16 -17 19 -21 18 -19 16 -18 13 -19 15 -18 13 -18 14 -20 13 -23 14 -22 15 -22 13 -22 12 -20 9 -22 14 -20 11 -20 9 -19 10 -18 9 -19 9 -19 10 -18 6 -19 9 -21 9 -18 10 0 0 -18 10 -16 11 -17 11 -15 11 -16 8 -15 10 -16 10 -14 10 -14 11 -11 12 -12 12 -12 10 -12 11 -10 11 -11 11 -10 13 -12 13 -8 12 -9 12 -6 12 -9 12 -8 12 -8 12 -7 13 -8 11 -6 11 0 0 0 0 0 0 0 0 0 0 -1 -1 -1 -1 23 -6 23 -7 22 -10 18 -10 19 -1 18 -2 18 -3 19 -1 17 -3 15 -3 17 -4 14 -5 17 -6 16 -5 17 -5 15 -6 17 -7 16 -6 14 -5 14 -8 14 -10 14 -7 11 -8 12 -7 13 -6 12 -8 13 -6 11 -9 14 -7 13 -9 10 -11 13 -9 12 -7 10 -7 11 -8 12 -6 11 -8 10 -7 10 -6 10 -6 9 -6 10 -5 10 -4 9 -4 9 -4 8 -4 7 -3 6 -3 6 -2 6 -2 5 -1 5 -1 4 -1 3 0 3 0 2 0 2 0 0 0 -1 -1 -1 -1 -1 -1 -1 -1 -1 -1 -1 -1 -1 -1 0 0 0 0 -1 -1 -19 36 -17 36 -21 38 -23 38 -22 36 -20 31 -25 35 -20 31 -25 38 -28 32 -30 35 -28 34 -31 36 -30 34 -26 28 -28 31 -26 33 -30 28 -23 27 -26 26 -25 23 -25 28 -26 22 -26 26 -30 26 -23 26 -16 31 -24 26 -22 25 -20 25 -18 24 -22 25 -18 26 -18 25 -17 26 -16 27 -13 24 -13 26 -15 24 -13 26 -12 25 -7 25 -9 24 -10 27 -8 23 -6 24 -7 23 -5 25 -4 23 -8 24 -6 23 -6 22 -6 23 2 23 6 27 6 27 10 25 -1 -1 ]
CSI_DATA,STA,08:3A:F2:51:5D:9D,-49,11,1,0,1,1,1,0,0,0,0,-93,0,6,1,25608723,0,110,0,0,25.847893,384,[110 96 6 0 0 0 0 0 0 0 0 0 -21 -6 -20 -5 -24 -7 -24 -9 -23 -9 -18 -9 -21 -10 -19 -9 -20 -9 -20 -12 -22 -13 -22 -12 -21 -13 -19 -13 -16 -12 -22 -12 -17 -12 -17 -13 -16 -11 -16 -11 -16 -12 -17 -12 -14 -13 -16 -12 -18 -13 -16 -10 0 0 -16 -11 -17 -9 -17 -9 -17 -8 -14 -10 -16 -8 -17 -9 -15 -7 -16 -7 -15 -4 -16 -5 -14 -6 -14 -6 -14 -4 -15 -4 -15 -2 -17 -4 -14 -1 -14 -2 -13 0 -14 -2 -14 -2 -15 -2 -15 -1 -13 -2 -13 -1 0 0 0 0 0 0 0 0 0 0 -1 -1 -1 -1 19 10 20 10 22 6 19 4 10 12 10 10 11 11 10 12 10 10 8 8 10 9 10 6 12 7 11 8 11 8 11 8 12 8 11 7 9 6 11 5 12 3 11 6 10 3 10 5 9 6 11 4 10 5 11 3 11 5 11 3 13 -2 11 4 10 5 9 3 10 3 9 4 9 3 9 3 8 3 8 4 7 3 7 4 7 4 6 4 6 4 6 2 4 2 5 3 3 3 3 2 2 3 2 2 2 2 1 2 1 2 0 2 -1 1 0 0 -1 -1 -1 -1 -1 -1 -1 -1 -1 -1 -1 -1 -1 -1 0 0 0 0 -1 -1 -33 6 -32 7 -35 6 -36 4 -35 4 -30 2 -36 1 -30 2 -38 4 -36 -2 -39 -1 -37 -2 -40 0 -38 -1 -31 -3 -35 -2 -34 1 -35 -3 -29 0 -31 -3 -28 -5 -31 0 -29 -5 -30 -3 -34 -6 -29 -1 -31 13 -29 -3 -29 -1 -26 1 -25 1 -27 -1 -27 3 -26 1 -26 3 -26 5 -23 4 -24 5 -24 3 -24 6 -23 5 -20 9 -20 7 -23 8 -19 7 -18 8 -19 7 -18 10 -18 10 -21 8 -20 9 -18 8 -18 7 -12 19 -12 23 -12 22 -8 25 -1 -1 ]
CSI_DATA,STA,08:3A:F2:51:5D:9D,-90,11,1,0,1,1,1,0,0,0,0,-93,0,6,1,25712164,0,110,0,0,25.878876,384,[110 96 6 0 0 0 0 0 0 0 0 0 -30 12 -36 16 -63 5 -82 -5 -64 1 -53 0 -77 -15 -42 0 -66 -5 -65 -21 -85 -12 -83 -13 -71 -29 -75 -11 -57 -2 -91 -21 -67 -20 -70 -3 -63 -1 -65 -15 -59 -8 -70 -23 -59 -17 -82 -19 -93 -17 -77 -16 0 0 -86 -10 -74 -5 -84 -7 -78 12 -72 -2 -72 5 -78 -6 -63 3 -74 13 -64 2 -64 8 -61 3 -63 13 -54 4 -52 3 -63 12 -72 12 -51 11 -52 14 -49 17 -55 12 -50 17 -59 9 -53 12 -53 11 -47 16 0 0 0 0 0 0 0 0 0 0 -1 -1 -1 -1 40 11 38 5 45 -15 32 -7 35 10 29 6 34 7 28 12 27 11 22 4 31 7 22 3 27 0 29 4 16 6 25 6 32 7 23 3 15 10 23 -5 26 -11 20 -6 19 -8 22 -2 19 3 20 0 28 4 17 -16 20 -2 21 -6 19 -13 22 -11 16 -6 14 -5 20 3 17 2 20 -5 21 -6 16 1 10 6 18 -19 19 8 28 0 18 10 12 -4 17 7 9 -15 14 -14 21 -3 10 1 12 3 8 -5 8 3 16 7 11 -8 10 9 13 10 -1 -1 -1 -1 -1 -1 0 0 0 0 0 0 -1 -1 -1 -1 -1 -1 -1 -1 -1 -1 -21 24 -30 25 -40 30 -52 23 -35 31 -36 16 -57 17 -35 19 -57 32 -60 20 -68 30 -60 27 -62 24 -57 32 -45 19 -64 21 -54 29 -54 32 -37 30 -57 19 -45 13 -55 19 -54 11 -62 25 -78 18 -57 23 -53 48 -65 23 -55 29 -50 29 -46 33 -53 32 -52 32 -54 26 -49 38 -40 42 -46 27 -40 25 -50 26 -41 35 -46 24 -28 34 -35 32 -36 44 -31 26 -29 34 -35 28 -28 35 -25 36 -40 32 -29 26 -29 25 -29 30 -9 40 -12 51 -13 50 -1 56 -1 -1 ]
CSI_DATA,STA,08:3A:F2:51:5D:9D,-50,11,1,0,1,1,1,0,0,0,0,-93,0,6,1,25721244,0,110,0,0,25.890674,384,[110 96 6 0 0 0 0 0 0 0 0 0 23 7 21 6 25 7 25 11 24 10 19 10 22 11 20 11 21 10 21 12 23 14 24 13 22 13 20 14 16 13 23 14 18 13 17 14 17 13 16 12 16 12 18 13 13 13 17 13 18 14 17 11 0 0 17 11 18 9 18 10 17 8 14 10 16 8 17 9 15 7 17 7 15 3 17 4 14 6 15 5 15 3 15 3 16 2 18 4 14 1 15 1 14 -1 15 2 15 1 15 1 15 0 14 1 13 0 0 0 0 0 0 0 0 0 0 0 -1 -1 -1 -1 -21 -15 -21 -15 -23 -12 -21 -8 -13 -16 -12 -14 -13 -15 -12 -16 -13 -13 -11 -11 -13 -12 -12 -9 -15 -11 -14 -12 -14 -13 -14 -11 -15 -11 -14 -11 -12 -10 -15 -8 -15 -7 -14 -9 -13 -5 -13 -7 -12 -8 -14 -6 -13 -8 -14 -6 -14 -9 -15 -6 -16 -1 -14 -6 -14 -7 -12 -5 -12 -5 -12 -7 -12 -6 -12 -5 -11 -5 -11 -5 -11 -5 -10 -6 -9 -7 -9 -7 -8 -6 -8 -5 -7 -5 -7 -5 -6 -5 -5 -4 -5 -4 -4 -4 -3 -4 -2 -4 -2 -4 -2 -3 -1 -3 0 0 0 0 -1 -1 -1 -1 -1 -1 -1 -1 -1 -1 0 0 0 0 -1 -1 -1 -1 40 -3 37 -5 43 -4 42 0 42 -2 35 0 42 1 35 0 45 -1 42 5 45 6 43 6 46 6 44 7 36 6 41 5 39 3 40 7 33 3 35 6 31 7 36 3 33 8 34 7 38 11 34 4 36 -7 33 5 33 4 30 1 29 0 31 3 31 -1 29 0 29 -3 30 -3 27 -3 28 -4 28 -1 28 -5 26 -5 24 -10 23 -6 26 -9 22 -7 21 -10 22 -8 21 -11 21 -12 24 -9 23 -9 21 -9 21 -8 17 -19 18 -22 17 -23 12 -26 -1 -1 ]
CSI_DATA,STA,08:3A:F2:51:5D:9D,-49,11,1,0,1,1,1,0,0,0,0,-93,0,6,1,25721738,0,110,0,0,25.901075,384,[110 96 6 0 0 0 0 0 0 0 0 0 21 5 20 4 24 5 24 9 22 7 19 8 21 9 19 9 20 8 20 10 22 11 22 11 21 11 20 12 16 11 21 12 18 11 16 12 16 11 15 10 16 11 16 12 13 12 16 11 17 13 16 10 0 0 16 11 16 8 17 9 16 7 14 9 15 8 16 9 14 7 15 7 14 3 15 4 13 5 14 5 14 3 14 4 15 2 17 4 14 1 14 2 13 0 13 3 14 2 14 2 14 0 13 2 12 0 0 0 0 0 0 0 0 0 0 0 -1 -1 -1 -1 -14 -20 -14 -21 -18 -17 -15 -15 -7 -18 -8 -17 -10 -18 -8 -19 -8 -16 -7 -13 -9 -15 -9 -12 -11 -15 -10 -14 -10 -15 -10 -14 -12 -15 -11 -13 -9 -12 -11 -12 -13 -11 -9 -13 -11 -9 -10 -11 -9 -11 -11 -10 -9 -11 -12 -9 -11 -12 -11 -10 -12 -7 -11 -10 -10 -11 -10 -9 -9 -9 -9 -10 -9 -9 -9 -8 -9 -9 -7 -9 -8 -8 -7 -9 -7 -9 -6 -8 -6 -8 -5 -7 -4 -7 -5 -8 -3 -7 -3 -6 -2 -5 -2 -5 -2 -5 -2 -4 -1 -4 0 -3 0 -2 0 0 0 0 -1 -1 -1 -1 -1 -1 -1 -1 -1 -1 0 0 0 0 -1 -1 -1 -1 39 -2 37 -3 42 -1 43 2 40 1 35 3 40 4 35 2 43 3 39 7 43 8 42 7 44 8 42 9 35 9 39 10 40 7 37 12 33 7 33 10 31 10 34 9 31 11 33 9 35 13 32 7 33 0 32 9 31 8 30 5 28 4 30 8 30 3 29 4 30 2 30 2 26 0 28 0 27 2 28 0 27 -1 25 -5 24 -3 27 -4 23 -3 23 -5 23 -4 24 -7 23 -6 24 -4 23 -5 22 -4 22 -4 21 -11 23 -16 22 -16 20 -19 -1 -1 ]
CSI_DATA,STA,08:3A:F2:51:5D:9D,-49,11,1,0,1,1,1,0,0,0,0,-93,0,6,1,25736156,0,110,0,0,25.912384,384,[110 96 6 0 0 0 0 0 0 0 0 0 21 4 21 3 24 3 25 7 23 6 19 7 21 8 20 7 20 7 20 9 23 10 23 9 22 10 21 11 17 10 22 10 19 10 17 11 17 10 16 9 17 10 17 11 14 11 17 10 18 11 17 9 0 0 17 9 17 7 18 8 16 6 15 8 16 7 16 7 15 6 16 5 14 2 16 2 14 4 15 3 15 2 14 2 15 1 17 2 14 0 14 0 13 -1 14 1 14 0 14 0 14 -1 13 0 12 -1 0 0 0 0 0 0 0 0 0 0 -1 -1 -1 -1 -16 -18 -16 -18 -20 -16 -16 -14 -10 -17 -10 -16 -11 -16 -11 -18 -10 -15 -9 -13 -11 -14 -10 -11 -12 -14 -12 -13 -12 -13 -13 -12 -14 -13 -13 -12 -11 -11 -13 -10 -14 -9 -12 -11 -13 -8 -12 -10 -11 -10 -13 -8 -11 -9 -14 -7 -13 -10 -14 -8 -14 -4 -13 -8 -12 -8 -12 -7 -11 -7 -11 -9 -12 -7 -11 -7 -10 -8 -9 -7 -9 -6 -9 -7 -9 -7 -8 -7 -7 -7 -7 -6 -5 -6 -6 -7 -5 -6 -4 -5 -4 -5 -3 -4 -3 -5 -2 -4 -2 -4 -1 -3 -1 -3 0 0 0 0 -1 -1 -1 -1 -1 -1 -1 -1 -1 -1 0 0 0 0 -1 -1 -1 -1 39 -3 38 -5 41 -3 43 0 40 0 36 1 41 2 36 1 44 2 39 6 43 5 42 4 45 6 43 6 36 7 39 7 41 5 38 10 34 5 34 8 32 9 35 7 31 9 34 7 37 10 33 4 34 -4 33 7 31 5 32 3 28 2 32 5 30 1 29 2 30 1 30 -1 24 -1 28 -3 27 -1 28 -4 28 -4 24 -8 24 -5 27 -6 23 -6 23 -7 23 -6 23 -9 22 -9 24 -6 22 -9 21 -8 22 -7 18 -13 20 -20 21 -20 17 -20 -1 -1 ]
CSI_DATA,STA,08:3A:F2:51:5D:9D,-49,11,1,0,1,1,1,0,0,0,0,-93,0,6,1,25751417,0,110,0,0,25.923253,384,[110 96 6 0 0 0 0 0 0 0 0 0 -20 10 -19 10 -22 12 -25 10 -23 9 -20 6 -23 8 -21 6 -21 7 -22 5 -25 6 -25 6 -24 5 -24 4 -21 2 -25 6 -22 4 -21 2 -21 3 -19 3 -20 3 -21 3 -19 0 -21 2 -22 2 -20 4 0 0 -20 4 -19 6 -19 5 -17 6 -17 3 -17 5 -18 5 -16 5 -17 6 -13 8 -15 8 -14 5 -14 6 -13 8 -13 7 -13 9 -15 9 -11 9 -11 9 -9 9 -12 8 -11 9 -12 9 -11 9 -11 7 -10 8 0 0 0 0 0 0 0 0 0 0 -1 -1 -1 -1 21 -4 24 -5 21 -9 18 -9 18 2 15 1 17 0 17 2 15 0 13 0 15 -1 13 -2 16 -3 15 -2 16 -2 14 -3 16 -4 14 -3 12 -2 14 -5 13 -7 14 -4 10 -5 12 -4 11 -3 11 -6 12 -4 11 -6 14 -4 12 -6 9 -11 12 -6 12 -5 9 -5 10 -6 10 -4 10 -5 9 -5 9 -4 8 -4 9 -4 9 -3 9 -2 8 -2 7 -2 7 -3 6 -2 6 -2 5 -1 5 -2 4 -1 4 -1 3 -1 2 0 2 0 2 0 1 0 0 0 -1 -1 -1 -1 -1 -1 -1 -1 -1 -1 -1 -1 -1 -1 0 0 0 0 -1 -1 -26 28 -23 26 -27 31 -29 27 -28 28 -25 22 -30 26 -25 22 -30 30 -33 24 -35 25 -34 24 -36 26 -35 23 -29 18 -32 23 -29 23 -33 21 -25 18 -29 18 -27 15 -28 21 -29 16 -28 18 -34 17 -26 19 -19 28 -26 18 -26 19 -22 19 -21 19 -24 17 -21 21 -20 19 -19 21 -19 22 -16 20 -17 21 -18 19 -16 21 -16 20 -10 22 -12 19 -13 23 -12 19 -9 20 -10 19 -8 21 -8 20 -12 21 -10 20 -10 19 -10 18 1 24 4 27 4 26 9 25 -1 -1 ]
CSI_DATA,STA,08:3A:F2:51:5D:9D,-49,11,1,0,1,1,1,0,0,0,0,-93,0,6,1,26156254,0,110,0,0,26.322853,384,[110 96 6 0 0 0 0 0 0 0 0 0 21 7 20 6 24 7 24 11 22 9 18 9 21 11 19 11 20 10 20 12 22 14 22 13 21 13 20 14 16 13 22 14 17 12 16 14 16 12 15 12 15 13 16 13 13 13 16 13 17 14 16 11 0 0 15 11 17 9 17 10 16 8 14 10 15 9 16 9 14 8 16 7 14 4 16 4 14 6 14 6 14 3 14 4 15 2 17 4 14 1 15 2 13 0 14 3 14 2 14 2 15 0 13 2 12 1 0 0 0 0 0 0 0 0 0 0 -1 -1 -1 -1 -23 -11 -23 -11 -26 -7 -20 -5 -11 -13 -11 -12 -12 -13 -12 -14 -10 -11 -9 -10 -11 -10 -11 -7 -13 -9 -12 -9 -12 -10 -13 -9 -14 -9 -12 -8 -11 -8 -12 -7 -14 -5 -12 -8 -12 -5 -11 -7 -11 -7 -12 -6 -11 -6 -12 -4 -12 -7 -12 -5 -14 2 -12 -5 -12 -6 -11 -4 -10 -5 -10 -6 -11 -5 -10 -5 -10 -5 -9 -5 -9 -4 -8 -5 -9 -5 -8 -5 -7 -5 -7 -3 -6 -4 -6 -4 -5 -3 -4 -3 -4 -3 -4 -3 -3 -3 -3 -3 -2 -3 -2 -2 -1 -1 0 0 0 0 -1 -1 -1 -1 -1 -1 -1 -1 -1 -1 0 0 0 0 -1 -1 -1 -1 32 -9 31 -10 34 -8 36 -8 33 -6 30 -6 34 -4 29 -6 37 -7 34 -2 37 -2 35 -3 38 -4 37 -2 31 -1 34 1 34 -4 33 3 29 -1 29 1 27 2 30 -1 27 2 29 0 33 3 28 -2 30 -19 29 0 28 1 26 -3 23 -1 27 -2 26 -4 24 -3 25 -5 24 -6 21 -5 23 -7 23 -5 23 -8 22 -8 19 -11 20 -9 21 -9 18 -8 18 -10 18 -8 17 -11 17 -11 19 -9 18 -10 17 -9 18 -9 12 -19 12 -26 12 -27 7 -26 -1 -1 ]
CSI_DATA,STA,08:3A:F2:51:5D:9D,-49,11,1,0,1,1,1,0,0,0,0,-93,0,6,1,26186245,0,110,0,0,26.353369,384,[110 96 6 0 0 0 0 0 0 0 0 0 19 11 18 11 21 12 21 15 19 14 15 13 18 15 15 14 17 14 15 16 17 18 18 17 17 18 15 18 12 16 17 18 14 16 12 17 12 15 11 15 11 16 12 16 9 15 12 16 13 17 13 15 0 0 12 14 13 13 14 14 13 11 11 13 12 12 12 13 11 10 13 11 13 7 14 8 11 9 12 9 13 7 12 7 14 6 15 8 12 5 13 5 12 4 12 6 13 5 13 5 13 4 11 6 12 4 0 0 0 0 0 0 0 0 0 0 -1 -1 -1 -1 -16 -17 -17 -17 -20 -15 -17 -12 -7 -17 -7 -15 -8 -16 -7 -17 -7 -14 -6 -12 -8 -13 -8 -11 -9 -13 -9 -13 -9 -14 -9 -13 -11 -13 -10 -12 -8 -11 -10 -11 -12 -10 -10 -12 -10 -8 -9 -9 -8 -10 -10 -9 -9 -10 -11 -8 -10 -10 -11 -9 -14 -4 -11 -9 -10 -9 -9 -7 -9 -8 -8 -9 -9 -8 -8 -7 -8 -7 -7 -8 -8 -7 -7 -8 -7 -7 -6 -7 -5 -7 -6 -6 -5 -6 -5 -6 -4 -5 -3 -5 -3 -4 -3 -4 -2 -3 -2 -3 -2 -2 -2 -3 -1 -2 0 0 0 0 -1 -1 -1 -1 -1 -1 -1 -1 -1 -1 0 0 0 0 -1 -1 -1 -1 35 2 34 1 38 3 38 5 36 5 31 5 35 8 31 4 39 6 35 10 38 11 36 11 39 11 37 12 31 10 34 12 35 9 33 13 28 8 28 11 26 11 30 10 27 12 29 11 31 15 28 9 33 -4 28 10 27 10 26 7 24 6 26 8 26 4 25 5 26 3 26 3 23 2 25 2 25 3 25 1 25 0 22 -4 22 -1 24 -2 21 -1 20 -3 21 -2 21 -5 20 -5 22 -3 20 -4 19 -3 20 -3 19 -15 21 -19 19 -20 16 -21 -1 -1 ]
CSI_DATA,STA,08:3A:F2:51:5D:9D,-49,11,1,0,1,1,1,0,0,0,0,-93,0,6,1,26186702,0,110,0,0,26.364080,384,[110 96 6 0 0 0 0 0 0 0 0 0 -4 22 -4 21 -4 24 -8 25 -7 23 -8 19 -8 22 -8 20 -8 21 -10 20 -11 23 -10 23 -11 22 -12 21 -11 17 -11 22 -11 18 -12 17 -11 17 -11 16 -11 17 -12 18 -12 14 -11 17 -12 18 -9 17 0 0 -10 17 -8 17 -9 18 -7 17 -9 15 -8 16 -9 16 -7 15 -6 16 -3 15 -3 16 -5 14 -5 15 -3 14 -3 14 -2 15 -4 17 -1 14 -1 14 1 13 -2 14 -1 14 -1 14 0 14 -2 13 0 12 0 0 0 0 0 0 0 0 0 0 -1 -1 -1 -1 14 -19 14 -20 11 -22 9 -19 14 -11 13 -11 14 -12 15 -11 12 -11 10 -10 11 -11 8 -11 10 -13 10 -12 11 -13 9 -13 10 -14 9 -13 8 -12 8 -13 6 -15 9 -12 5 -12 7 -12 7 -11 6 -12 6 -11 5 -13 7 -13 5 -13 1 -15 5 -13 6 -12 4 -11 4 -11 6 -11 5 -11 4 -11 4 -10 4 -9 4 -10 5 -9 5 -8 5 -8 4 -7 3 -7 3 -6 4 -6 3 -5 2 -5 3 -4 2 -4 2 -3 2 -2 2 -2 1 -2 1 -2 0 0 0 0 -1 -1 -1 -1 -1 -1 -1 -1 -1 -1 0 0 0 0 -1 -1 -1 -1 6 37 7 36 6 40 4 42 4 39 2 34 1 39 2 34 2 42 -3 39 -2 42 -2 41 -2 44 -4 42 -4 35 -4 38 -2 39 -6 37 -3 32 -5 33 -6 31 -3 35 -7 31 -5 33 -8 36 -2 32 9 32 -4 32 -4 31 -1 30 -1 27 -3 31 1 29 0 28 2 28 2 29 3 25 4 27 2 26 4 27 5 25 9 23 6 23 7 25 6 22 8 20 7 21 10 20 9 20 7 22 8 21 7 20 7 20 16 16 21 18 22 17 22 14 -1 -1 ]
CSI_DATA,STA,08:3A:F2:51:5D:9D,-49,11,1,0,1,1,1,0,0,0,0,-93,0,6,1,26194443,0,110,0,0,26.374123,384,[110 96 6 0 0 0 0 0 0 0 0 0 -25 2 -24 2 -28 3 -30 0 -27 0 -24 -2 -27 -1 -24 -2 -25 -1 -26 -3 -29 -4 -29 -2 -27 -3 -27 -5 -23 -6 -28 -3 -24 -4 -23 -6 -23 -5 -21 -5 -22 -5 -23 -5 -20 -7 -23 -5 -24 -5 -22 -3 0 0 -22 -3 -22 -1 -22 -1 -20 0 -20 -3 -20 -1 -21 -1 -18 0 -20 1 -16 4 -18 4 -17 1 -17 2 -16 4 -16 4 -16 5 -19 5 -14 6 -15 6 -13 6 -15 5 -15 5 -15 6 -14 7 -14 5 -12 6 0 0 0 0 0 0 0 0 0 0 -1 -1 -1 -1 25 5 25 4 26 -1 22 -1 17 8 17 6 18 6 18 8 16 6 14 4 16 4 15 2 18 2 16 3 17 3 17 1 18 1 17 1 15 1 16 -1 17 -3 16 1 14 -3 14 0 14 0 15 -2 14 -1 14 -4 16 -1 14 -4 13 -9 15 -3 14 -2 13 -3 12 -3 13 -2 13 -2 11 -3 11 -2 11 -2 10 -2 11 -1 10 0 10 -1 9 -1 8 -1 7 -1 7 0 6 0 5 -1 5 0 4 -1 4 0 3 0 2 1 2 0 1 0 0 0 -1 -1 -1 -1 -1 -1 -1 -1 -1 -1 -1 -1 -1 -1 0 0 0 0 -1 -1 -38 18 -37 19 -42 19 -44 17 -41 15 -37 13 -43 14 -36 13 -45 17 -43 10 -46 12 -45 13 -47 13 -46 12 -40 9 -42 9 -43 13 -43 6 -36 9 -38 6 -36 5 -38 9 -35 5 -37 8 -41 6 -35 11 -31 22 -36 9 -34 9 -32 11 -29 10 -34 10 -31 12 -30 11 -30 13 -29 15 -24 14 -25 16 -26 14 -25 17 -25 17 -20 19 -21 16 -23 18 -19 17 -18 17 -18 16 -17 19 -17 19 -19 18 -17 18 -16 17 -17 17 -9 23 -6 30 -6 30 -3 28 -1 -1 ]
CSI_DATA,STA,08:3A:F2:51:5D:9D,-49,11,1,0,1,1,1,0,0,0,0,-93,0,6,1,26229037,0,110,0,0,26.395434,384,[110 96 6 0 0 0 0 0 0 0 0 0 -15 -18 -15 -17 -17 -19 -16 -23 -14 -20 -12 -19 -13 -21 -11 -20 -12 -20 -11 -21 -12 -24 -13 -23 -12 -23 -10 -23 -8 -21 -12 -23 -10 -21 -7 -20 -9 -20 -8 -19 -7 -20 -8 -20 -5 -18 -8 -20 -9 -22 -9 -19 0 0 -9 -19 -11 -17 -11 -18 -11 -16 -8 -17 -10 -16 -10 -17 -10 -15 -11 -15 -11 -11 -13 -13 -10 -13 -11 -13 -12 -11 -12 -11 -13 -11 -14 -13 -13 -9 -13 -10 -12 -7 -12 -10 -12 -9 -12 -9 -13 -8 -11 -9 -12 -8 0 0 0 0 0 0 0 0 0 0 -1 -1 -1 -1 4 24 5 23 10 23 8 19 -1 19 0 18 1 18 -1 19 1 16 1 15 2 17 3 14 4 17 3 15 3 17 4 16 5 17 5 15 3 14 6 14 8 13 5 14 7 11 5 13 4 12 6 12 4 12 8 11 6 13 7 12 11 9 7 12 5 11 6 10 6 10 5 11 6 10 5 9 5 9 4 9 5 9 4 9 4 8 3 8 3 7 3 7 2 6 2 7 2 5 1 5 1 5 1 4 0 3 0 3 0 2 0 2 -1 2 0 0 -1 -1 -1 -1 -1 -1 -1 -1 -1 -1 -1 -1 -1 -1 0 0 0 0 -1 -1 -34 -22 -34 -21 -36 -24 -36 -27 -33 -25 -29 -23 -32 -28 -28 -24 -36 -29 -29 -30 -33 -32 -32 -31 -34 -33 -32 -32 -26 -29 -28 -30 -31 -29 -26 -31 -26 -25 -24 -28 -21 -27 -27 -27 -21 -28 -25 -27 -25 -32 -25 -25 -32 -17 -25 -26 -24 -23 -25 -21 -23 -19 -25 -23 -25 -20 -24 -20 -26 -19 -26 -17 -22 -15 -27 -15 -24 -16 -27 -14 -26 -14 -26 -8 -25 -10 -27 -11 -24 -9 -24 -8 -23 -9 -25 -7 -24 -6 -24 -9 -24 -7 -23 -7 -23 -8 -24 2 -29 6 -29 5 -26 10 -1 -1 ]
CSI_DATA,STA,08:3A:F2:51:5D:9D,-49,11,1,0,1,1,1,0,0,0,0,-93,0,6,1,26242511,0,110,0,0,26.408821,384,[110 96 6 0 0 0 0 0 0 0 0 0 16 15 15 14 18 16 17 20 16 18 12 16 14 19 13 17 14 18 12 19 14 22 14 21 13 21 12 21 9 18 14 21 11 18 9 19 10 18 9 16 9 17 10 18 6 17 9 18 10 19 10 16 0 0 11 16 12 15 12 15 12 13 9 14 12 13 12 14 11 12 12 12 11 8 13 10 10 10 12 10 12 8 12 8 13 7 15 9 13 6 13 6 12 4 12 7 13 6 13 6 14 5 11 6 12 4 0 0 0 0 0 0 0 0 0 0 -1 -1 -1 -1 -19 -15 -21 -17 -21 -13 -20 -9 -9 -16 -8 -14 -10 -16 -8 -16 -9 -14 -7 -12 -9 -13 -9 -10 -11 -12 -11 -13 -10 -13 -10 -12 -12 -12 -11 -12 -9 -10 -12 -9 -12 -7 -11 -10 -11 -6 -11 -8 -9 -8 -12 -6 -11 -9 -12 -6 -12 -10 -12 -8 -15 -2 -11 -7 -11 -7 -10 -5 -11 -6 -10 -7 -11 -6 -9 -5 -10 -5 -8 -6 -9 -5 -8 -6 -8 -6 -8 -6 -7 -6 -7 -4 -5 -5 -7 -4 -5 -4 -5 -4 -3 -4 -4 -3 -4 -3 -3 -3 -2 -3 -2 -3 -1 -3 -1 -1 -1 -1 -1 -1 -1 -1 -1 -1 -1 -1 -1 -1 -1 -1 -1 -1 0 0 0 0 33 7 31 7 36 8 33 10 35 9 28 9 33 12 28 8 37 9 33 15 36 17 34 16 38 16 35 16 27 14 33 14 31 11 32 15 26 10 27 13 24 13 29 10 25 14 27 14 30 18 27 11 35 -2 26 11 27 10 24 7 24 6 25 8 27 4 24 6 25 3 26 1 22 1 24 3 24 4 25 1 24 1 22 -5 20 -1 24 -3 19 -1 20 -4 20 -2 19 -5 19 -6 22 -3 21 -4 19 -4 19 -3 18 -17 19 -21 17 -21 13 -26 -1 -1 ]
CSI_DATA,STA,08:3A:F2:51:5D:9D,-49,11,1,0,1,1,1,0,0,0,0,-93,0,6,1,26249847,0,110,0,0,26.420054,384,[110 96 6 0 0 0 0 0 0 0 0 0 2 21 2 22 2 24 -1 27 -1 23 -2 21 -2 23 -2 22 -2 22 -4 22 -4 25 -4 26 -4 24 -5 24 -6 20 -4 25 -5 21 -6 19 -5 20 -5 18 -6 19 -6 20 -7 16 -6 20 -6 22 -4 19 0 0 -4 19 -2 19 -3 20 -1 18 -4 17 -2 18 -3 19 -1 16 -1 17 2 14 2 17 0 15 1 16 2 15 2 14 3 15 3 17 4 14 4 14 5 12 3 14 4 13 4 13 5 13 3 13 4 11 0 0 0 0 0 0 0 0 0 0 -1 -1 -1 -1 6 -24 6 -24 1 -26 1 -21 9 -16 8 -16 8 -17 10 -17 7 -16 6 -13 6 -15 4 -14 4 -17 5 -16 6 -16 4 -16 4 -18 3 -16 3 -15 2 -16 0 -16 3 -15 -1 -14 2 -14 3 -14 0 -14 2 -14 -1 -15 2 -15 0 -14 -5 -14 0 -15 0 -14 0 -13 0 -12 1 -13 -1 -13 -1 -12 -1 -12 1 -11 -1 -11 1 -11 1 -11 1 -10 1 -9 0 -8 1 -7 0 -8 1 -6 1 -6 1 -5 1 -5 1 -5 1 -4 1 -4 1 -3 1 -2 -1 -1 -1 -1 -1 -1 -1 -1 -1 -1 -1 -1 -1 -1 -1 -1 -1 -1 0 0 0 0 17 33 17 32 18 36 15 38 14 36 11 32 12 38 12 31 15 40 9 38 11 41 11 40 12 42 10 41 7 35 9 38 11 37 6 38 8 31 5 33 4 31 8 33 4 32 6 32 4 37 8 31 19 29 6 32 7 30 9 28 9 26 8 29 11 27 9 26 11 26 13 25 11 21 13 24 11 24 14 24 14 23 16 18 14 19 16 21 13 18 15 17 14 17 16 16 17 15 15 18 15 17 14 16 14 16 21 10 27 8 27 8 27 3 -1 -1 ]
CSI_DATA,STA,08:3A:F2:51:5D:9D,-49,11,1,0,1,1,1,0,0,0,0,-93,0,6,1,26260617,0,110,0,0,26.430906,384,[110 96 6 0 0 0 0 0 0 0 0 0 -18 14 -17 13 -20 16 -23 14 -21 13 -19 10 -21 12 -20 10 -20 11 -22 9 -24 11 -24 11 -23 10 -23 9 -20 6 -24 11 -21 8 -21 6 -20 7 -19 6 -20 6 -21 7 -19 3 -20 6 -22 7 -19 7 0 0 -19 7 -18 9 -18 9 -16 9 -17 6 -16 8 -18 8 -15 8 -16 9 -12 10 -13 11 -13 8 -13 9 -12 10 -12 10 -11 12 -14 12 -10 11 -10 11 -8 11 -11 10 -10 11 -10 11 -9 12 -10 10 -8 10 0 0 0 0 0 0 0 0 0 0 -1 -1 -1 -1 22 -8 23 -9 22 -13 18 -11 18 -1 16 -2 18 -3 18 -1 16 -2 13 -2 16 -4 13 -4 16 -6 15 -4 16 -5 15 -5 16 -6 15 -5 13 -4 14 -7 13 -9 14 -6 10 -8 12 -6 12 -5 11 -7 12 -6 11 -8 13 -7 12 -9 8 -13 12 -8 11 -6 9 -6 9 -7 11 -6 10 -7 9 -6 9 -6 9 -6 8 -6 9 -5 9 -4 8 -4 8 -4 7 -4 6 -3 6 -4 6 -3 5 -3 5 -2 4 -2 3 -2 3 -1 2 -1 2 -1 2 -1 -1 -1 -1 -1 -1 -1 -1 -1 -1 -1 -1 -1 -1 -1 -1 -1 -1 -1 0 0 0 0 -18 32 -17 31 -20 35 -23 33 -21 32 -20 27 -24 31 -20 27 -24 35 -27 28 -28 31 -28 30 -29 33 -29 30 -25 25 -27 28 -24 30 -28 26 -21 24 -25 23 -24 20 -24 26 -25 20 -24 23 -29 24 -22 24 -13 32 -23 23 -22 23 -18 23 -17 21 -20 22 -17 24 -18 22 -16 23 -15 25 -12 22 -13 24 -14 23 -12 24 -12 24 -6 24 -8 22 -9 25 -8 21 -6 22 -7 21 -5 22 -5 22 -8 22 -6 22 -6 21 -6 21 4 23 8 27 8 26 12 24 -1 -1 ]
CSI_DATA,STA,08:3A:F2:51:5D:9D,-49,11,1,0,1,1,1,0,0,0,0,-93,0,6,1,26271322,0,110,0,0,26.442211,384,[110 96 6 0 0 0 0 0 0 0 0 0 -11 -20 -10 -19 -13 -23 -11 -25 -11 -23 -7 -20 -9 -23 -7 -21 -9 -22 -6 -23 -6 -26 -7 -26 -6 -25 -5 -25 -3 -21 -8 -25 -5 -21 -4 -22 -5 -21 -5 -20 -4 -21 -5 -21 -2 -19 -4 -21 -4 -23 -5 -20 0 0 -5 -20 -8 -19 -7 -19 -8 -18 -5 -17 -8 -17 -7 -18 -8 -16 -9 -17 -10 -13 -10 -15 -7 -14 -8 -15 -10 -13 -10 -13 -11 -12 -12 -15 -11 -10 -11 -10 -11 -9 -11 -11 -11 -11 -11 -11 -12 -10 -10 -11 -10 -9 0 0 0 0 0 0 0 0 0 0 -1 -1 -1 -1 10 21 11 23 14 19 14 15 1 17 2 16 3 17 1 17 3 16 1 13 4 14 4 12 6 14 4 14 3 15 4 14 6 15 5 14 4 12 7 12 8 11 6 12 7 9 6 11 5 11 8 10 5 11 8 10 7 12 7 10 12 6 7 10 7 10 7 8 7 8 6 9 7 8 6 7 6 7 5 8 5 7 4 8 5 8 4 7 3 7 4 5 2 5 3 6 2 5 2 4 1 4 1 3 1 3 0 3 0 3 -1 2 0 1 -1 -1 -1 -1 -1 -1 -1 -1 -1 -1 -1 -1 -1 -1 -1 -1 -1 -1 -1 -1 0 0 -30 -21 -29 -20 -33 -23 -30 -24 -31 -23 -25 -21 -29 -26 -25 -21 -33 -25 -27 -29 -28 -32 -27 -30 -30 -32 -28 -31 -23 -25 -27 -27 -27 -24 -26 -28 -22 -21 -22 -25 -19 -24 -26 -22 -20 -26 -22 -25 -23 -31 -22 -23 -33 -14 -21 -24 -23 -21 -22 -17 -22 -17 -22 -20 -25 -16 -22 -17 -24 -15 -25 -14 -22 -14 -24 -13 -23 -15 -25 -12 -24 -12 -24 -6 -21 -8 -25 -8 -21 -8 -22 -5 -21 -7 -23 -4 -22 -3 -23 -8 -23 -6 -21 -5 -21 -5 -24 8 -26 10 -26 11 -23 17 -1 -1 ]
CSI_DATA,STA,08:3A:F2:51:5D:9D,-49,11,1,0,1,1,1,0,0,0,0,-93,0,6,1,26289008,0,110,0,0,26.456060,384,[110 96 6 0 0 0 0 0 0 0 0 0 0 -23 -1 -22 -1 -25 2 -26 2 -24 3 -21 4 -23 4 -21 3 -22 5 -22 6 -25 5 -25 6 -24 7 -23 7 -20 6 -25 6 -21 7 -20 6 -20 6 -19 7 -19 7 -20 8 -17 7 -20 7 -21 5 -19 0 0 5 -19 3 -19 4 -20 2 -18 5 -17 3 -18 4 -19 2 -17 2 -18 -1 -15 -1 -17 1 -15 0 -16 -1 -16 -1 -16 -3 -16 -2 -18 -4 -15 -3 -15 -4 -13 -2 -15 -3 -15 -3 -15 -4 -15 -2 -14 -4 -13 0 0 0 0 0 0 0 0 0 0 -1 -1 -1 -1 -4 23 -3 24 2 25 2 21 -9 13 -8 13 -8 14 -9 14 -7 13 -6 11 -6 13 -4 11 -4 14 -6 13 -6 14 -4 13 -4 15 -4 13 -4 11 -3 13 0 14 -3 12 -1 11 -2 11 -4 11 -2 12 -2 11 0 12 -2 13 0 12 7 12 -1 12 -2 11 -1 10 -1 10 -1 11 0 11 -1 10 -1 9 -1 9 -1 8 -2 9 -2 9 -2 8 -2 7 -1 7 -2 6 -2 6 -2 5 -2 4 -3 4 -1 3 -2 3 -3 3 -2 2 -2 2 -2 1 -1 -1 0 0 0 0 -1 -1 -1 -1 -1 -1 0 0 0 0 -1 -1 -1 -1 -1 -1 -17 -29 -18 -28 -18 -32 -17 -33 -15 -31 -13 -28 -13 -33 -13 -28 -17 -35 -11 -33 -13 -36 -12 -34 -14 -37 -12 -36 -10 -31 -9 -33 -13 -32 -8 -34 -9 -28 -8 -30 -5 -28 -10 -30 -6 -27 -8 -29 -7 -33 -10 -28 -26 -24 -8 -28 -8 -27 -11 -25 -9 -23 -10 -26 -12 -24 -10 -23 -12 -24 -14 -22 -11 -19 -14 -21 -12 -21 -14 -21 -14 -20 -17 -16 -14 -17 -16 -18 -14 -16 -15 -15 -14 -16 -16 -14 -15 -14 -15 -16 -15 -15 -15 -14 -15 -15 -23 -4 -28 -4 -29 -3 -28 1 -1 -1 ]
CSI_DATA,STA,08:3A:F2:51:5D:9D,-49,11,1,0,1,1,1,0,0,0,0,-93,0,6,1,26304939,0,110,0,0,26.471302,384,[110 96 6 0 0 0 0 0 0 0 0 0 13 17 13 16 15 19 14 22 13 20 10 18 12 20 10 19 11 19 9 20 10 23 11 23 10 22 8 22 6 19 11 23 8 20 6 20 7 19 7 18 6 19 7 19 3 18 6 19 7 21 7 18 0 0 7 18 9 17 9 18 9 15 6 16 9 15 9 16 8 14 10 14 10 11 11 12 8 12 9 12 10 11 10 11 12 10 13 12 11 8 12 9 11 7 11 9 11 9 11 9 12 8 10 9 10 7 0 0 0 0 0 0 0 0 0 0 -1 -1 -1 -1 -8 -24 -9 -25 -11 -23 -11 -19 -1 -20 -2 -18 -3 -20 -1 -20 -3 -18 -2 -15 -4 -18 -4 -14 -6 -18 -5 -18 -4 -18 -5 -17 -6 -18 -6 -17 -5 -15 -7 -15 -9 -14 -6 -16 -8 -12 -7 -14 -6 -13 -8 -13 -6 -14 -9 -13 -7 -15 -8 -14 -12 -11 -8 -13 -8 -13 -8 -11 -8 -12 -6 -13 -8 -11 -7 -11 -7 -11 -6 -10 -6 -11 -5 -11 -5 -10 -5 -10 -4 -9 -5 -8 -3 -8 -4 -8 -2 -7 -3 -6 -2 -6 -2 -6 -2 -5 -1 -5 -1 -5 -1 -3 0 -3 0 0 0 0 -1 -1 -1 -1 -1 -1 -1 -1 -1 -1 0 0 0 0 -1 -1 -1 -1 32 20 31 18 35 22 33 24 33 22 26 21 31 25 26 20 35 25 29 28 30 30 29 29 32 31 29 31 24 25 29 27 29 25 27 29 24 22 23 25 20 24 26 23 20 26 23 25 24 31 23 23 31 16 22 23 24 22 23 18 22 17 22 20 25 17 23 17 24 16 26 15 23 12 24 13 23 15 25 12 24 11 25 6 22 8 26 9 21 8 23 6 22 6 24 4 23 4 24 7 23 6 21 5 21 5 24 -4 27 -8 27 -8 25 -14 -1 -1 ]
CSI_DATA,STA,08:3A:F2:51:5D:9D,-49,11,1,0,1,1,1,0,0,0,0,-93,0,6,1,26313773,0,110,0,0,26.482398,384,[110 96 6 0 0 0 0 0 0 0 0 0 -21 -10 -20 -9 -23 -10 -24 -14 -21 -13 -18 -13 -20 -14 -18 -13 -19 -13 -18 -15 -20 -17 -21 -17 -19 -16 -18 -17 -15 -16 -20 -17 -16 -16 -14 -16 -15 -15 -15 -14 -14 -15 -15 -16 -11 -15 -14 -16 -16 -17 -15 -14 0 0 -15 -14 -16 -12 -16 -13 -15 -11 -13 -13 -15 -12 -15 -13 -14 -11 -15 -11 -15 -7 -16 -8 -13 -9 -14 -9 -15 -7 -14 -7 -16 -6 -17 -8 -15 -5 -15 -5 -14 -3 -14 -6 -15 -5 -15 -5 -15 -4 -13 -6 -13 -4 0 0 0 0 0 0 0 0 0 0 -1 -1 -1 -1 15 18 16 19 19 15 17 11 7 17 6 15 8 16 6 18 7 15 5 12 8 14 8 10 10 13 9 13 8 14 9 13 11 14 9 12 8 11 10 11 11 9 9 11 10 8 8 9 8 10 10 8 8 9 10 8 10 11 10 8 14 4 10 8 9 9 9 7 9 7 8 8 9 7 8 6 8 6 7 7 7 6 6 8 6 8 6 7 5 7 5 5 4 5 4 5 3 4 3 4 2 4 2 4 2 3 1 2 0 3 0 3 0 2 0 0 0 0 -1 -1 -1 -1 -1 -1 -1 -1 -1 -1 0 0 0 0 -1 -1 -1 -1 -39 -4 -37 -3 -42 -4 -42 -7 -40 -6 -34 -7 -39 -8 -34 -6 -42 -7 -38 -13 -42 -14 -40 -13 -43 -14 -41 -15 -34 -13 -38 -14 -38 -11 -36 -15 -32 -10 -33 -13 -29 -13 -34 -11 -30 -14 -32 -14 -35 -18 -31 -11 -36 -1 -31 -12 -31 -11 -30 -8 -27 -7 -30 -10 -30 -6 -28 -7 -30 -4 -29 -4 -27 -3 -28 -3 -27 -5 -29 -3 -27 -2 -25 3 -24 0 -28 1 -24 1 -23 3 -23 2 -23 5 -23 5 -25 2 -24 2 -22 2 -23 2 -21 13 -24 17 -22 18 -19 22 -1 -1 ]
CSI_DATA,STA,08:3A:F2:51:5D:9D,-49,11,1,0,1,1,1,0,0,0,0,-93,0,6,1,26314220,0,110,0,0,26.493164,384,[110 96 6 0 0 0 0 0 0 0 0 0 0 -23 0 -22 -1 -26 3 -27 2 -25 4 -21 4 -24 4 -21 3 -23 6 -23 7 -25 7 -25 7 -24 8 -23 8 -19 7 -25 7 -21 8 -20 7 -20 7 -19 7 -19 7 -20 9 -17 9 -19 9 -21 6 -19 0 0 7 -19 4 -19 5 -20 3 -19 6 -17 4 -18 5 -19 3 -17 3 -19 0 -16 1 -17 3 -15 2 -16 0 -16 0 -16 -1 -17 0 -19 -2 -15 -2 -16 -3 -14 -1 -15 -2 -15 -2 -15 -3 -15 -1 -15 -2 -14 0 0 0 0 0 0 0 0 0 0 -1 -1 -1 -1 -9 22 -8 24 -4 24 -2 21 -12 13 -11 12 -11 14 -13 12 -10 13 -9 10 -9 13 -6 11 -7 14 -9 13 -9 13 -8 13 -8 15 -7 13 -7 11 -6 14 -4 14 -7 13 -3 11 -5 12 -6 11 -4 13 -6 12 -3 12 -6 13 -4 13 3 14 -4 13 -5 12 -3 11 -4 11 -5 10 -3 11 -4 10 -3 9 -4 10 -4 10 -5 9 -5 9 -4 8 -4 7 -3 8 -4 6 -4 6 -4 5 -4 5 -4 4 -3 4 -3 3 -3 2 -3 2 -3 1 -3 1 0 0 0 0 -1 -1 -1 -1 -1 -1 -1 -1 -1 -1 0 0 0 0 -1 -1 -1 -1 -16 -33 -16 -30 -17 -35 -15 -36 -15 -35 -12 -30 -12 -36 -12 -30 -16 -38 -10 -37 -10 -40 -10 -38 -10 -41 -8 -40 -7 -33 -7 -37 -10 -36 -6 -38 -7 -29 -5 -32 -4 -30 -8 -32 -3 -32 -5 -31 -3 -37 -7 -31 -21 -29 -5 -31 -7 -30 -8 -27 -8 -26 -7 -29 -10 -27 -8 -26 -11 -26 -12 -27 -11 -23 -12 -24 -9 -24 -12 -25 -12 -23 -15 -20 -12 -20 -15 -22 -12 -19 -14 -18 -12 -19 -15 -17 -15 -17 -14 -20 -14 -19 -13 -18 -12 -18 -23 -11 -27 -10 -27 -9 -29 -5 -1 -1 ]
CSI_DATA,STA,08:3A:F2:51:5D:9D,-49,11,1,0,1,1,1,0,0,0,0,-93,0,6,1,26326764,0,110,0,0,26.503921,384,[110 96 6 0 0 0 0 0 0 0 0 0 -14 -19 -13 -18 -16 -20 -14 -23 -13 -21 -10 -20 -11 -22 -9 -20 -11 -21 -9 -22 -10 -25 -11 -24 -9 -24 -8 -23 -6 -20 -10 -24 -8 -21 -6 -21 -7 -20 -6 -19 -6 -20 -7 -21 -3 -19 -6 -21 -7 -23 -7 -19 0 0 -7 -19 -9 -18 -9 -19 -9 -17 -6 -17 -9 -17 -8 -18 -8 -15 -10 -16 -10 -12 -11 -14 -8 -14 -10 -14 -11 -12 -10 -12 -12 -12 -13 -15 -12 -10 -11 -10 -11 -9 -11 -11 -12 -11 -12 -11 -12 -10 -10 -11 -11 -9 0 0 0 0 0 0 0 0 0 0 -1 -1 -1 -1 9 22 11 22 14 21 12 17 0 17 1 16 2 17 0 18 2 15 1 13 2 15 3 12 5 15 3 15 3 15 4 14 6 15 5 14 4 13 6 13 8 12 4 13 7 10 4 12 4 12 6 12 4 12 8 10 6 13 7 11 13 8 7 11 6 11 6 10 6 9 5 11 7 10 5 9 5 9 4 9 4 8 4 9 4 9 4 9 3 8 3 7 2 6 2 6 1 6 1 5 0 5 1 4 1 3 0 3 0 3 0 3 -1 2 0 0 0 0 -1 -1 -1 -1 -1 -1 -1 -1 -1 -1 0 0 0 0 -1 -1 -1 -1 -32 -15 -32 -14 -34 -17 -34 -19 -31 -18 -28 -17 -31 -21 -28 -17 -34 -21 -29 -23 -32 -24 -31 -23 -34 -24 -32 -24 -26 -21 -28 -23 -30 -21 -27 -25 -24 -19 -24 -22 -21 -22 -26 -20 -21 -22 -24 -20 -26 -26 -25 -18 -35 -6 -24 -21 -24 -19 -24 -16 -22 -15 -24 -18 -25 -15 -23 -16 -25 -14 -25 -13 -21 -10 -24 -10 -23 -12 -25 -10 -25 -10 -24 -5 -22 -7 -25 -7 -22 -7 -22 -5 -21 -6 -22 -4 -22 -4 -23 -6 -22 -5 -21 -5 -22 -5 -23 8 -26 13 -27 13 -23 16 -1 -1 ]
CSI_DATA,STA,08:3A:F2:51:5D:9D,-49,11,1,0,1,1,1,0,0,0,0,-93,0,6,1,26395806,0,110,0,0,26.562979,384,[110 96 6 0 0 0 0 0 0 0 0 0 2 -22 1 -21 1 -25 4 -26 4 -23 5 -21 5 -23 5 -21 5 -22 7 -22 8 -24 7 -24 8 -23 8 -22 9 -19 8 -24 8 -21 9 -19 8 -19 7 -18 8 -18 8 -19 9 -16 8 -19 9 -20 7 -19 0 0 7 -19 4 -19 5 -20 4 -18 6 -17 5 -18 5 -18 4 -16 3 -18 1 -16 0 -17 3 -15 2 -16 0 -16 0 -16 -1 -16 0 -18 -2 -15 -2 -15 -3 -14 -1 -15 -2 -15 -2 -15 -3 -15 -1 -14 -3 -13 0 0 0 0 0 0 0 0 0 0 -1 -1 -1 -1 -18 18 -17 18 -14 21 -11 18 -16 11 -15 12 -15 13 -17 12 -13 12 -12 10 -12 12 -10 12 -12 14 -12 12 -12 13 -11 13 -12 15 -11 13 -10 11 -8 14 -7 15 -9 13 -6 13 -8 12 -9 11 -7 13 -8 12 -6 13 -9 13 -6 14 -3 14 -7 13 -7 13 -6 12 -5 12 -8 12 -6 12 -6 11 -6 10 -5 10 -5 10 -6 10 -7 9 -6 8 -6 7 -5 8 -5 6 -5 7 -5 6 -5 5 -4 4 -4 5 -4 3 -4 2 -4 2 -3 2 -3 1 -1 -1 -1 -1 -1 -1 -1 -1 -1 -1 -1 -1 -1 -1 -1 -1 -1 -1 0 0 0 0 -7 -39 -8 -38 -7 -42 -5 -44 -4 -41 -3 -36 -2 -42 -2 -37 -3 -45 3 -42 2 -45 1 -43 2 -46 2 -45 4 -38 3 -41 0 -42 5 -40 1 -34 4 -36 5 -34 2 -36 6 -34 4 -36 7 -39 1 -35 -7 -34 3 -35 1 -33 -1 -32 -2 -29 2 -33 -2 -32 -1 -31 -3 -31 -4 -31 -4 -27 -7 -29 -4 -29 -7 -29 -7 -29 -11 -25 -8 -25 -10 -28 -9 -24 -10 -23 -9 -23 -12 -23 -12 -23 -9 -25 -10 -24 -11 -22 -11 -23 -17 -18 -21 -19 -21 -19 -23 -16 -1 -1 ]
CSI_DATA,STA,08:3A:F2:51:5D:9D,-49,11,1,0,1,1,1,0,0,0,0,-93,0,6,1,26396560,0,110,0,0,26.574307,384,[110 96 6 0 0 0 0 0 0 0 0 0 14 16 14 15 16 17 15 20 14 19 11 17 13 19 11 17 12 18 10 20 11 22 12 21 11 21 10 21 7 18 12 21 9 18 8 19 8 18 8 17 8 18 9 18 5 17 8 18 9 20 9 17 0 0 9 17 11 15 11 16 11 13 8 15 10 14 10 15 10 12 11 13 11 9 12 11 10 11 11 11 12 9 11 9 13 8 14 10 12 6 13 7 12 5 12 7 12 7 12 7 13 6 11 7 12 5 0 0 0 0 0 0 0 0 0 0 -1 -1 -1 -1 -13 -22 -13 -22 -17 -20 -15 -16 -5 -19 -6 -17 -7 -18 -5 -19 -6 -16 -5 -14 -7 -16 -7 -13 -9 -16 -8 -16 -8 -16 -8 -15 -10 -16 -9 -15 -8 -13 -10 -13 -12 -12 -10 -13 -11 -9 -10 -12 -8 -12 -11 -11 -9 -12 -12 -10 -10 -13 -11 -11 -15 -6 -11 -11 -10 -10 -10 -9 -10 -9 -9 -11 -11 -9 -9 -8 -9 -9 -8 -8 -8 -8 -8 -9 -7 -9 -7 -9 -7 -8 -6 -6 -5 -7 -7 -6 -4 -6 -4 -6 -3 -6 -4 -5 -3 -5 -3 -5 -3 -4 -1 -4 -2 -3 -1 -1 -1 -1 -1 -1 -1 -1 -1 -1 -1 -1 -1 -1 -1 -1 -1 -1 0 0 0 0 32 15 32 14 35 16 34 18 33 18 28 16 32 21 27 17 36 20 30 24 32 25 32 24 34 25 32 25 26 21 30 22 31 20 29 24 25 18 25 21 22 21 27 19 22 22 26 20 26 25 25 18 32 9 25 19 25 17 25 14 24 13 24 15 26 12 24 13 25 11 26 11 23 10 25 9 24 10 26 7 25 7 24 1 23 3 26 3 22 3 22 1 22 3 23 0 23 -1 24 3 23 1 21 1 22 1 21 -9 24 -14 24 -14 21 -18 -1 -1 ]
CSI_DATA,STA,08:3A:F2:51:5D:9D,-49,11,1,0,1,1,1,0,0,0,0,-93,0,6,1,26397147,0,110,0,0,26.584615,384,[110 96 6 0 0 0 0 0 0 0 0 0 -5 21 -4 20 -5 24 -8 24 -7 23 -8 19 -9 22 -8 19 -7 21 -10 20 -11 23 -10 23 -11 21 -12 21 -11 17 -10 23 -10 19 -11 18 -10 17 -10 17 -10 17 -10 18 -11 14 -11 17 -12 19 -9 17 0 0 -8 17 -7 18 -7 18 -5 17 -8 15 -6 17 -6 17 -5 15 -4 17 -1 15 -2 16 -4 15 -3 15 -1 15 -1 15 1 15 -1 18 1 14 1 14 2 13 0 14 1 14 1 14 2 14 0 13 2 12 0 0 0 0 0 0 0 0 0 0 -1 -1 -1 -1 12 -21 12 -22 8 -24 7 -21 13 -14 11 -14 12 -15 13 -14 10 -14 9 -12 10 -15 7 -14 8 -17 9 -15 9 -16 8 -16 8 -17 7 -16 6 -13 5 -16 3 -17 6 -16 2 -14 5 -14 5 -13 3 -15 5 -14 2 -15 5 -16 2 -16 -2 -16 3 -15 4 -15 2 -13 1 -14 3 -14 2 -14 2 -13 3 -12 2 -12 2 -12 3 -12 4 -11 4 -10 3 -10 2 -10 2 -8 2 -8 2 -7 2 -7 2 -6 2 -6 2 -6 2 -4 2 -4 2 -4 1 -3 -1 -1 -1 -1 -1 -1 -1 -1 -1 -1 -1 -1 -1 -1 -1 -1 -1 -1 0 0 0 0 5 36 6 35 6 39 3 39 4 38 2 33 0 39 2 33 4 42 -3 39 -2 41 -2 40 -2 43 -3 42 -3 35 -3 38 1 38 -4 38 -1 32 -4 33 -5 31 -1 35 -6 31 -3 33 -7 36 -1 32 11 34 -2 33 -1 31 2 29 2 27 -1 30 3 30 2 28 4 28 6 30 6 25 7 26 4 27 8 27 8 26 12 22 9 22 11 25 9 21 11 20 10 20 13 20 13 19 10 22 11 20 10 20 11 20 18 15 24 15 24 15 25 10 -1 -1 ]
CSI_DATA,STA,08:3A:F2:51:5D:9D,-49,11,1,0,1,1,1,0,0,0,0,-93,0,6,1,26397610,0,110,0,0,26.594672,384,[110 96 6 0 0 0 0 0 0 0 0 0 -21 -8 -21 -7 -24 -8 -24 -11 -23 -10 -19 -10 -21 -11 -19 -10 -20 -10 -20 -12 -22 -14 -22 -13 -21 -14 -20 -14 -17 -13 -22 -13 -18 -12 -17 -13 -17 -12 -16 -11 -16 -12 -18 -12 -14 -13 -17 -13 -18 -14 -17 -11 0 0 -17 -11 -18 -9 -19 -9 -17 -7 -15 -10 -17 -8 -17 -9 -16 -7 -17 -6 -16 -3 -17 -4 -15 -6 -15 -5 -16 -3 -16 -3 -16 -1 -19 -3 -15 -1 -15 -1 -14 1 -15 -1 -15 -1 -15 -1 -15 0 -14 -2 -13 0 0 0 0 0 0 0 0 0 0 0 -1 -1 -1 -1 18 15 19 15 22 12 18 10 11 15 10 13 13 13 11 15 11 12 10 10 12 11 11 9 14 10 12 11 13 11 13 10 15 10 14 9 11 8 14 7 14 5 13 8 12 4 12 6 12 7 13 5 12 6 13 4 14 7 14 5 15 0 13 5 13 5 12 3 12 4 12 5 12 4 11 3 11 4 10 4 9 4 10 5 10 5 9 4 8 4 8 3 6 3 7 3 5 3 5 3 4 3 4 2 4 2 3 2 2 2 2 2 1 2 -1 -1 -1 -1 -1 -1 -1 -1 -1 -1 -1 -1 -1 -1 -1 -1 -1 -1 0 0 0 0 -39 -2 -38 0 -42 -2 -42 -4 -40 -4 -35 -4 -41 -6 -35 -4 -44 -5 -40 -10 -43 -10 -42 -10 -45 -10 -43 -11 -36 -9 -39 -9 -40 -7 -39 -12 -34 -7 -34 -10 -32 -11 -36 -7 -32 -12 -34 -9 -37 -13 -34 -7 -35 3 -33 -8 -33 -6 -32 -3 -29 -3 -32 -6 -31 -1 -30 -3 -31 -1 -31 1 -26 1 -29 2 -29 0 -29 3 -28 3 -25 8 -25 5 -28 7 -24 6 -23 7 -23 6 -23 9 -23 9 -25 6 -23 8 -22 7 -22 7 -18 16 -19 21 -19 21 -14 23 -1 -1 ]
CSI_DATA,STA,08:3A:F2:51:5D:9D,-49,11,1,0,1,1,1,0,0,0,0,-93,0,6,1,26397913,0,110,0,0,26.605307,384,[110 96 6 0 0 0 0 0 0 0 0 0 -2 -22 -2 -21 -3 -25 0 -27 0 -24 2 -21 2 -24 2 -22 2 -22 4 -23 4 -25 4 -26 4 -25 5 -24 6 -20 4 -25 5 -22 7 -20 5 -20 4 -19 6 -20 5 -20 7 -17 6 -20 6 -21 4 -20 0 0 4 -20 2 -19 3 -20 1 -18 4 -18 2 -19 3 -19 1 -17 1 -18 -2 -15 -1 -17 0 -16 0 -16 -2 -16 -1 -16 -3 -16 -3 -18 -4 -14 -4 -15 -5 -13 -3 -15 -4 -15 -3 -15 -5 -15 -3 -15 -5 -13 0 0 0 0 0 0 0 0 0 0 -1 -1 -1 -1 -17 10 -11 23 -7 21 -12 22 -16 11 -15 11 -12 14 -15 12 -12 15 -10 11 -13 14 -9 12 -10 16 -11 14 -12 15 -10 15 -10 16 -9 14 -9 12 -7 15 -6 16 -9 14 -5 13 -7 13 -7 13 -6 14 -8 12 -5 14 -8 13 -6 14 -3 15 -6 14 -6 13 -4 12 -4 12 -7 11 -4 12 -4 11 -5 11 -5 11 -5 10 -6 10 -5 10 -5 9 -5 8 -5 8 -4 7 -4 7 -5 6 -4 5 -5 5 -4 4 -3 4 -4 3 -4 3 -3 2 -3 1 -1 -1 -1 -1 -1 -1 -1 -1 -1 -1 -1 -1 -1 -1 -1 -1 -1 -1 0 0 0 0 -10 -40 -11 -38 -11 -44 -9 -44 -8 -42 -6 -37 -6 -43 -6 -37 -7 -46 -1 -43 -1 -46 -1 -45 -1 -48 0 -46 1 -39 -1 -42 -2 -43 2 -41 -2 -36 1 -37 3 -35 -1 -38 4 -36 1 -37 5 -40 -1 -36 -6 -34 1 -36 -2 -34 -4 -33 -4 -31 -2 -34 -5 -33 -4 -31 -6 -32 -7 -31 -7 -26 -8 -29 -5 -29 -9 -30 -9 -30 -13 -24 -10 -24 -13 -27 -11 -22 -13 -24 -10 -22 -16 -23 -15 -23 -11 -24 -11 -22 -11 -24 -12 -23 -14 -14 -17 -17 -15 -24 -26 1 -1 -1 ]
CSI_DATA,STA,08:3A:F2:51:5D:9D,-49,11,1,0,1,1,1,0,0,0,0,-93,0,6,1,26398317,0,110,0,0,26.616042,384,[110 96 6 0 0 0 0 0 0 0 0 0 17 -13 16 -13 19 -15 22 -14 20 -13 18 -10 20 -12 19 -10 19 -11 20 -9 23 -10 23 -11 22 -10 22 -8 19 -6 23 -11 20 -8 20 -7 19 -7 17 -7 19 -7 19 -7 18 -4 19 -6 21 -7 18 -8 0 0 18 -8 16 -10 17 -10 15 -10 16 -7 15 -10 16 -10 14 -9 14 -10 11 -11 12 -12 12 -9 12 -10 10 -11 10 -11 10 -13 12 -13 8 -12 9 -12 6 -12 9 -12 8 -12 9 -12 8 -13 8 -11 7 -12 0 0 0 0 0 0 0 0 0 0 -1 -1 -1 -1 -22 11 -22 11 -20 14 -15 14 -18 2 -17 2 -18 3 -19 2 -16 3 -14 3 -16 4 -13 5 -16 6 -16 5 -16 5 -15 6 -16 7 -15 6 -14 5 -13 8 -12 9 -13 7 -10 7 -12 7 -12 6 -11 8 -13 7 -11 9 -13 7 -11 9 -7 14 -12 8 -11 8 -9 7 -10 8 -11 7 -10 8 -9 7 -9 7 -9 6 -9 6 -10 6 -10 5 -9 4 -8 4 -7 5 -7 3 -7 4 -6 3 -6 3 -6 2 -5 3 -5 2 -4 1 -4 0 -4 1 -4 0 -1 -1 -1 -1 -1 -1 -1 -1 -1 -1 -1 -1 -1 -1 -1 -1 -1 -1 0 0 0 0 16 -31 15 -31 17 -34 20 -33 18 -32 17 -28 21 -31 18 -28 21 -35 25 -29 26 -31 25 -31 26 -34 26 -31 23 -26 23 -29 21 -30 25 -28 18 -25 22 -25 21 -21 19 -27 22 -22 22 -25 26 -26 19 -25 9 -34 20 -24 18 -25 15 -24 13 -23 16 -24 13 -26 14 -24 13 -26 11 -26 10 -23 10 -25 12 -24 9 -26 8 -25 2 -24 5 -22 5 -26 4 -22 3 -23 4 -23 1 -23 1 -23 5 -24 3 -23 2 -22 3 -22 -9 -23 -13 -26 -13 -25 -18 -22 -1 -1 ]
CSI_DATA,STA,08:3A:F2:51:5D:9D,-49,11,1,0,1,1,1,0,0,0,0,-93,0,6,1,26398710,0,110,0,0,26.626600,384,[110 96 6 0 0 0 0 0 0 0 0 0 13 17 13 16 15 18 14 21 13 19 10 17 12 20 10 18 11 18 9 20 10 23 11 22 10 22 8 22 6 19 11 22 8 20 6 19 7 19 7 17 6 18 7 19 4 17 7 19 7 20 8 17 0 0 8 17 10 16 10 17 10 15 7 16 9 15 9 16 9 13 10 14 10 10 11 12 9 12 10 12 11 10 11 10 12 9 13 11 11 8 12 8 12 6 11 9 12 8 12 8 12 7 10 8 10 6 0 0 0 0 0 0 0 0 0 0 -1 -1 -1 -1 -11 -23 -11 -23 -14 -21 -13 -17 -3 -19 -3 -18 -5 -19 -3 -20 -5 -17 -4 -15 -6 -17 -6 -14 -8 -17 -6 -17 -6 -17 -7 -16 -8 -17 -8 -16 -6 -14 -9 -14 -10 -13 -8 -14 -10 -11 -8 -13 -7 -13 -9 -12 -8 -13 -10 -11 -9 -14 -10 -12 -13 -8 -10 -12 -9 -12 -9 -10 -9 -10 -8 -11 -9 -11 -8 -9 -9 -10 -7 -10 -7 -9 -6 -10 -6 -10 -6 -10 -6 -9 -6 -7 -4 -7 -6 -8 -4 -7 -4 -6 -3 -6 -3 -5 -3 -5 -2 -5 -2 -5 -1 -4 -1 -4 -1 -1 -1 -1 -1 -1 -1 -1 -1 -1 -1 -1 -1 -1 -1 -1 -1 -1 0 0 0 0 32 18 31 16 34 19 33 21 32 20 27 18 31 23 27 18 35 23 28 26 32 28 30 26 33 28 31 27 25 23 29 24 30 22 27 26 24 20 24 23 21 22 26 21 21 24 24 23 25 28 24 20 32 13 24 21 24 19 24 16 23 15 23 18 26 14 23 15 25 13 26 12 23 11 25 10 24 12 26 10 25 9 24 3 22 6 26 6 22 5 23 3 22 5 23 2 23 1 23 5 23 4 21 3 21 3 22 -7 27 -11 26 -11 23 -16 -1 -1 ]
CSI_DATA,STA,08:3A:F2:51:5D:9D,-49,11,1,0,1,1,1,0,0,0,0,-93,0,6,1,26399170,0,110,0,0,26.636863,384,[110 96 6 0 0 0 0 0 0 0 0 0 -6 23 -5 22 -5 26 -9 27 -8 25 -9 20 -9 23 -9 21 -8 22 -11 22 -13 24 -12 24 -12 23 -13 22 -12 18 -12 25 -11 20 -13 19 -11 19 -11 18 -12 18 -11 19 -13 15 -12 18 -13 20 -10 19 0 0 -10 18 -8 19 -8 20 -6 18 -9 16 -7 18 -8 18 -6 16 -5 18 -3 16 -3 17 -5 15 -4 16 -2 16 -2 16 0 17 -2 18 1 15 1 16 2 14 0 15 1 15 0 15 2 15 -1 14 1 13 0 0 0 0 0 0 0 0 0 0 -1 -1 -1 -1 8 -24 8 -25 5 -26 2 -23 12 -16 11 -15 11 -17 12 -15 9 -15 8 -13 8 -15 6 -14 7 -17 7 -16 9 -16 7 -16 7 -18 7 -16 6 -14 4 -16 2 -17 5 -16 1 -14 3 -15 4 -13 2 -15 5 -15 1 -16 4 -16 2 -16 -4 -17 2 -16 2 -15 1 -13 1 -14 3 -14 1 -14 1 -13 1 -12 2 -12 1 -12 3 -12 3 -11 3 -11 2 -10 1 -10 2 -8 1 -9 2 -7 2 -7 3 -6 2 -6 1 -5 2 -4 2 -4 2 -3 2 -3 -1 -1 -1 -1 -1 -1 -1 -1 -1 -1 -1 -1 -1 -1 -1 -1 -1 -1 0 0 0 0 8 37 8 35 9 40 6 39 7 39 4 33 3 40 4 34 8 43 -1 41 0 44 -1 42 0 45 -1 43 -2 35 1 40 3 38 -1 40 1 32 -2 34 -4 32 2 35 -5 33 -2 34 -6 39 0 33 15 34 -1 33 1 32 3 29 4 28 1 30 6 30 3 28 6 28 8 28 6 25 8 27 6 27 9 26 9 25 13 21 10 21 13 24 10 20 13 19 11 21 14 19 14 18 12 22 12 20 11 19 11 19 22 12 27 11 26 11 28 4 -1 -1 ]
CSI_DATA,STA,08:3A:F2:51:5D:9D,-49,11,1,0,1,1,1,0,0,0,0,-93,0,6,1,26399605,0,110,0,0,26.646870,384,[110 96 6 0 0 0 0 0 0 0 0 0 -22 -2 -21 -2 -25 -1 -26 -4 -25 -4 -21 -5 -24 -5 -21 -5 -22 -4 -22 -7 -25 -8 -25 -7 -24 -8 -23 -9 -19 -9 -25 -7 -21 -7 -20 -9 -20 -8 -19 -7 -19 -8 -20 -7 -17 -9 -19 -9 -21 -9 -19 -6 0 0 -19 -6 -19 -4 -20 -5 -19 -3 -17 -6 -18 -4 -19 -4 -17 -3 -18 -2 -16 0 -17 0 -16 -2 -16 -1 -15 0 -16 1 -16 2 -19 1 -15 3 -15 3 -13 4 -15 2 -15 3 -15 3 -15 4 -14 2 -13 3 0 0 0 0 0 0 0 0 0 0 -1 -1 -1 -1 23 6 24 6 24 1 21 -1 15 9 14 7 15 8 14 10 14 7 12 6 14 6 13 4 16 4 15 5 15 6 15 5 16 4 15 4 12 4 15 1 14 -1 15 2 12 0 13 1 12 3 14 0 13 2 14 -1 14 2 14 -1 13 -6 13 0 13 1 11 -1 12 -1 12 1 12 -1 10 -1 10 0 10 0 10 0 10 1 10 1 9 1 9 1 8 0 7 0 7 0 5 1 6 0 5 1 4 0 4 1 3 1 3 1 2 1 2 1 -1 -1 -1 -1 -1 -1 -1 -1 -1 -1 -1 -1 -1 -1 -1 -1 -1 -1 0 0 0 0 -34 12 -32 12 -37 14 -37 10 -37 12 -31 8 -38 9 -32 8 -40 13 -39 5 -42 5 -40 6 -43 6 -41 5 -34 3 -37 6 -35 8 -38 4 -30 5 -33 3 -31 1 -34 6 -32 1 -33 3 -38 0 -32 5 -30 18 -32 4 -31 5 -27 7 -27 8 -29 5 -28 9 -27 7 -27 9 -26 12 -23 9 -25 11 -25 9 -25 12 -23 11 -19 16 -19 12 -22 15 -19 12 -17 14 -18 13 -17 15 -16 15 -20 14 -19 14 -17 13 -17 13 -9 23 -8 27 -9 25 -2 28 -1 -1 ]
CSI_DATA,STA,08:3A:F2:51:5D:9D,-44,11,1,0,0,1,1,0,0,0,0,-93,0,6,1,26561345,0,110,0,0,26.727948,256,[110 96 6 0 0 0 0 0 0 0 0 0 8 8 8 8 9 10 9 9 8 9 6 9 7 9 6 10 7 9 6 10 7 10 6 10 6 10 6 9 5 9 7 10 5 8 5 9 5 8 5 9 4 8 5 9 4 8 5 8 6 8 5 7 0 0 5 7 6 7 6 6 6 6 5 6 6 6 6 6 6 6 5 5 5 5 6 5 5 4 5 4 6 5 6 4 6 4 7 4 6 3 6 4 5 4 6 3 6 4 6 3 6 2 6 3 6 3 0 0 0 0 0 0 0 0 0 0 -1 -1 -1 -1 -1 -1 -1 -1 24 4 21 5 18 10 19 9 19 11 20 10 18 12 17 13 18 11 16 13 19 13 15 13 17 13 17 14 16 13 17 13 15 13 17 13 14 12 13 13 14 12 14 13 14 13 13 12 13 11 13 11 13 11 12 10 -1 -1 13 9 12 8 12 8 14 7 12 6 15 7 13 6 13 6 12 6 13 6 14 6 12 5 13 5 14 5 13 4 12 4 13 3 11 3 14 2 12 4 13 2 13 3 12 3 12 2 13 2 14 1 9 0 12 1 -1 -1 -1 -1 -1 -1 ]
CSI_DATA,STA,08:3A:F2:51:5D:9D,-49,11,1,0,1,1,1,0,0,0,0,-93,0,6,1,26568128,0,110,0,0,26.735018,384,[110 96 6 0 0 0 0 0 0 0 0 0 16 -15 15 -15 18 -18 21 -16 19 -16 17 -12 19 -14 18 -12 18 -14 20 -11 23 -12 22 -13 22 -12 22 -10 19 -8 22 -13 19 -10 19 -9 18 -9 17 -9 18 -8 18 -10 18 -6 19 -8 20 -9 17 -10 0 0 17 -10 16 -11 16 -11 14 -12 15 -8 14 -11 15 -11 13 -11 13 -12 10 -12 11 -13 12 -10 12 -11 10 -12 10 -12 9 -14 11 -15 7 -13 8 -14 5 -13 8 -13 7 -13 8 -13 7 -14 8 -12 6 -12 0 0 0 0 0 0 0 0 0 0 -1 -1 -1 -1 -23 7 -26 6 -22 11 -19 11 -21 1 -18 1 -21 3 -20 1 -18 3 -15 2 -18 4 -15 4 -18 6 -18 4 -18 4 -17 5 -18 5 -17 5 -14 3 -15 8 -14 8 -16 7 -11 7 -14 7 -13 6 -13 8 -14 6 -12 8 -15 7 -14 8 -10 11 -13 8 -13 8 -11 7 -11 8 -12 6 -11 8 -10 6 -10 7 -10 6 -10 6 -10 5 -10 4 -10 4 -9 4 -8 5 -8 3 -8 4 -6 2 -7 3 -6 1 -6 2 -5 1 -5 0 -4 0 -4 0 -4 0 -1 -1 -1 -1 -1 -1 -1 -1 -1 -1 -1 -1 -1 -1 -1 -1 -1 -1 0 0 0 0 20 -34 18 -32 21 -38 23 -35 23 -36 20 -28 25 -34 21 -29 25 -38 29 -31 31 -33 30 -32 32 -34 31 -31 26 -25 28 -31 25 -30 30 -30 21 -25 26 -26 24 -22 23 -29 27 -24 26 -25 31 -26 23 -26 17 -32 23 -25 21 -26 18 -25 17 -25 20 -24 16 -27 17 -25 15 -27 14 -28 13 -24 13 -27 15 -24 13 -27 12 -26 6 -28 8 -24 8 -29 6 -23 4 -25 6 -24 3 -26 2 -25 7 -26 5 -25 5 -24 5 -23 -4 -25 -7 -28 -6 -27 -13 -26 -1 -1 ]
CSI_DATA,STA,08:3A:F2:51:5D:9D,-49,11,1,0,1,1,1,0,0,0,0,-93,0,6,1,26568522,0,110,0,0,26.745825,384,[110 96 6 0 0 0 0 0 0 0 0 0 20 -9 19 -9 22 -10 25 -8 23 -8 20 -5 23 -6 21 -5 21 -6 23 -3 25 -3 25 -4 24 -3 24 -2 20 -1 25 -4 21 -2 21 0 20 -1 19 -1 20 -1 21 -1 18 2 20 1 22 0 19 -2 0 0 19 -2 19 -4 20 -3 18 -4 17 -1 18 -3 18 -3 16 -4 17 -5 14 -6 16 -6 15 -3 15 -4 14 -6 14 -6 14 -8 16 -8 12 -8 13 -8 10 -8 13 -7 13 -8 13 -7 12 -9 12 -6 10 -7 0 0 0 0 0 0 0 0 0 0 -1 -1 -1 -1 -23 -11 -24 -10 -25 -7 -21 -5 -18 -11 -17 -10 -18 -10 -18 -12 -17 -9 -14 -8 -17 -7 -15 -5 -19 -6 -17 -7 -18 -8 -18 -6 -19 -6 -17 -6 -16 -6 -17 -3 -18 -1 -17 -5 -15 -1 -15 -4 -15 -5 -16 -2 -15 -4 -16 -1 -17 -3 -17 -1 -16 2 -16 -2 -16 -2 -14 -1 -14 -1 -14 -3 -14 -2 -13 -1 -13 -2 -12 -2 -12 -2 -12 -2 -12 -3 -11 -3 -10 -3 -10 -1 -8 -2 -9 -3 -8 -3 -7 -2 -6 -2 -6 -2 -5 -2 -4 -3 -4 -2 -3 -2 -3 -2 0 0 0 0 -1 -1 -1 -1 -1 -1 -1 -1 -1 -1 0 0 0 0 -1 -1 -1 -1 34 -22 32 -23 37 -24 38 -22 37 -21 33 -17 38 -19 33 -17 42 -21 41 -14 43 -16 42 -16 44 -16 43 -14 36 -12 40 -14 39 -16 40 -10 34 -12 35 -10 34 -8 36 -12 35 -7 35 -10 39 -8 33 -12 30 -17 33 -11 32 -12 30 -13 27 -13 31 -11 29 -14 28 -13 28 -15 27 -16 24 -14 25 -17 25 -14 25 -17 24 -17 20 -20 19 -17 22 -20 18 -17 18 -19 18 -17 17 -20 17 -20 20 -18 17 -19 17 -17 17 -18 12 -21 12 -27 11 -27 7 -27 -1 -1 ]
CSI_DATA,STA,08:3A:F2:51:5D:9D,-49,11,1,0,1,1,1,0,0,0,0,-93,0,6,1,26569544,0,110,0,0,26.756670,384,[110 96 6 0 0 0 0 0 0 0 0 0 -13 18 -12 17 -14 21 -17 20 -16 19 -14 15 -16 17 -15 15 -15 17 -18 16 -19 17 -19 18 -19 16 -19 15 -17 11 -19 17 -17 13 -18 12 -16 13 -16 12 -16 12 -17 13 -17 9 -17 12 -19 13 -15 13 0 0 -15 13 -14 14 -15 14 -12 14 -14 11 -13 13 -14 13 -11 12 -11 14 -8 13 -9 14 -10 12 -10 13 -7 13 -8 14 -7 14 -9 16 -5 13 -5 14 -3 13 -6 13 -5 13 -6 14 -4 14 -6 12 -4 12 0 0 0 0 0 0 0 0 0 0 -1 -1 -1 -1 15 -19 16 -20 12 -23 9 -20 15 -9 13 -9 14 -10 15 -9 13 -10 11 -8 12 -10 9 -10 11 -12 11 -11 12 -11 11 -11 12 -13 11 -12 9 -10 9 -12 7 -13 9 -12 5 -11 8 -11 8 -10 7 -12 8 -11 6 -13 9 -12 6 -13 1 -15 6 -13 7 -11 5 -10 5 -11 6 -11 5 -11 5 -10 5 -10 5 -10 4 -9 6 -8 6 -8 5 -8 5 -7 3 -8 3 -6 4 -7 3 -5 3 -5 3 -5 2 -5 2 -4 3 -3 2 -3 2 -2 2 -2 -1 -1 -1 -1 -1 -1 -1 -1 -1 -1 -1 -1 -1 -1 -1 -1 -1 -1 0 0 0 0 -4 34 -3 33 -4 37 -7 36 -6 36 -6 30 -9 36 -6 30 -6 40 -12 35 -13 38 -13 37 -13 39 -13 37 -12 30 -12 34 -8 34 -14 33 -9 28 -12 29 -13 27 -9 31 -13 27 -12 29 -17 32 -10 29 4 35 -11 29 -10 28 -6 26 -6 25 -8 26 -4 27 -6 26 -3 26 -2 27 -2 23 -1 25 -4 25 -1 26 0 25 5 23 1 22 3 24 2 21 4 20 3 21 6 21 6 20 3 23 4 21 4 20 4 20 16 18 20 19 21 18 24 14 -1 -1 ]
CSI_DATA,STA,08:3A:F2:51:5D:9D,-49,11,1,0,1,1,1,0,0,0,0,-93,0,6,1,26570050,0,110,0,0,26.767093,384,[110 96 6 0 0 0 0 0 0 0 0 0 -15 -18 -14 -16 -17 -19 -16 -22 -15 -21 -12 -18 -14 -20 -12 -19 -13 -19 -11 -21 -12 -24 -13 -23 -12 -23 -11 -23 -8 -19 -13 -23 -9 -20 -8 -21 -9 -19 -9 -18 -8 -19 -9 -20 -6 -19 -8 -20 -9 -21 -9 -18 0 0 -9 -18 -11 -17 -11 -18 -11 -16 -8 -16 -11 -16 -10 -17 -10 -14 -11 -15 -12 -11 -12 -13 -10 -13 -11 -13 -12 -11 -12 -11 -13 -10 -14 -13 -12 -9 -13 -9 -13 -7 -12 -9 -13 -9 -13 -9 -13 -8 -11 -9 -11 -7 0 0 0 0 0 0 0 0 0 0 -1 -1 -1 -1 14 19 14 21 18 17 15 14 3 16 3 15 4 17 3 17 4 15 3 12 5 14 6 11 7 13 6 14 5 14 6 13 8 14 7 13 6 11 8 12 9 10 7 12 8 8 7 10 6 11 8 9 7 10 9 8 8 11 9 9 13 5 8 9 8 9 7 7 8 8 7 8 8 8 7 7 7 7 6 7 6 7 5 7 5 8 5 7 5 6 5 5 3 5 4 5 2 5 2 4 2 4 2 3 2 3 1 3 1 3 0 2 0 2 -1 -1 -1 -1 -1 -1 -1 -1 -1 -1 -1 -1 -1 -1 -1 -1 -1 -1 0 0 0 0 -34 -13 -32 -12 -36 -14 -34 -16 -34 -16 -29 -15 -33 -18 -29 -14 -37 -17 -32 -21 -34 -23 -33 -22 -36 -22 -34 -23 -27 -19 -31 -21 -32 -17 -30 -22 -26 -16 -27 -19 -24 -19 -29 -17 -25 -20 -26 -19 -28 -24 -26 -17 -35 -5 -25 -18 -26 -17 -25 -13 -24 -12 -25 -15 -27 -11 -25 -13 -26 -10 -26 -9 -23 -9 -25 -8 -24 -10 -26 -8 -25 -7 -24 -2 -22 -4 -26 -4 -22 -4 -21 -2 -22 -3 -23 0 -22 0 -24 -3 -23 -3 -21 -2 -22 -2 -23 11 -24 16 -24 15 -20 20 -1 -1 ]
CSI_DATA,STA,08:3A:F2:51:5D:9D,-49,11,1,0,1,1,1,0,0,0,0,-93,0,6,1,26570468,0,110,0,0,26.777880,384,[110 96 6 0 0 0 0 0 0 0 0 0 11 -20 10 -19 12 -22 15 -22 14 -21 13 -17 14 -19 14 -17 14 -18 16 -17 18 -19 17 -19 17 -18 18 -16 16 -13 18 -19 16 -15 16 -14 15 -14 14 -13 15 -13 15 -15 15 -11 16 -13 17 -14 14 -14 0 0 14 -14 12 -15 13 -15 11 -15 12 -12 11 -15 12 -15 10 -14 10 -15 7 -14 8 -15 8 -13 8 -14 6 -15 7 -14 5 -15 7 -17 4 -14 4 -15 2 -14 5 -15 4 -15 4 -15 3 -15 5 -13 3 -13 0 0 0 0 0 0 0 0 0 0 -1 -1 -1 -1 -14 19 -16 20 -11 21 -8 20 -16 9 -14 8 -15 9 -16 8 -13 9 -11 7 -12 9 -9 9 -11 11 -12 10 -13 10 -12 10 -12 12 -11 10 -10 9 -9 11 -7 11 -10 11 -6 10 -8 10 -8 9 -6 11 -9 10 -7 11 -9 11 -7 11 -1 14 -7 11 -7 10 -5 9 -6 10 -7 8 -6 9 -5 8 -5 9 -5 8 -5 8 -6 8 -6 7 -6 6 -6 6 -4 6 -4 4 -4 6 -4 4 -4 4 -4 3 -3 3 -3 2 -3 2 -3 1 -3 1 -3 1 -1 -1 -1 -1 -1 -1 -1 -1 -1 -1 -1 -1 -1 -1 -1 -1 -1 -1 0 0 0 0 3 -37 2 -34 2 -40 5 -37 4 -38 5 -31 7 -37 4 -31 4 -41 11 -38 12 -41 12 -39 12 -41 12 -39 10 -31 10 -36 8 -35 12 -36 7 -29 9 -31 10 -27 6 -32 12 -30 11 -31 15 -34 8 -30 -5 -35 9 -30 7 -30 5 -27 4 -27 6 -28 2 -28 3 -27 1 -28 0 -28 1 -25 0 -27 2 -27 -1 -27 -1 -26 -7 -24 -3 -22 -6 -26 -3 -21 -6 -21 -5 -22 -8 -21 -8 -20 -5 -24 -5 -23 -5 -21 -5 -21 -18 -18 -23 -19 -21 -17 -26 -12 -1 -1 ]
CSI_DATA,STA,08:3A:F2:51:5D:9D,-49,11,1,0,1,1,1,0,0,0,0,-93,0,6,1,26570967,0,110,0,0,26.788465,384,[110 96 6 0 0 0 0 0 0 0 0 0 22 3 21 3 24 3 25 6 23 5 19 6 22 6 20 6 21 6 21 8 23 10 24 9 22 10 21 10 17 10 23 9 19 9 18 10 18 9 17 8 17 9 18 9 15 10 18 10 19 11 18 8 0 0 18 8 18 6 18 7 17 5 15 7 17 5 17 6 16 4 17 4 15 1 16 1 15 3 15 3 15 1 15 1 15 -1 18 1 14 -2 15 -2 13 -3 14 -1 14 -2 15 -1 14 -2 13 -1 12 -2 0 0 0 0 0 0 0 0 0 0 -1 -1 -1 -1 -23 -11 -24 -12 -24 -8 -21 -5 -14 -13 -13 -12 -15 -12 -14 -14 -14 -11 -12 -10 -14 -10 -13 -7 -17 -8 -15 -10 -15 -10 -15 -9 -17 -9 -15 -8 -13 -8 -15 -6 -15 -4 -15 -7 -13 -3 -13 -5 -13 -6 -15 -3 -14 -6 -15 -3 -15 -7 -14 -4 -15 1 -14 -4 -14 -4 -12 -3 -13 -3 -12 -4 -13 -3 -12 -3 -12 -3 -11 -3 -11 -3 -10 -4 -10 -5 -10 -4 -9 -5 -9 -2 -7 -3 -8 -2 -6 -3 -6 -2 -5 -3 -5 -2 -5 -3 -4 -3 -3 -3 -3 -2 -3 -2 -1 -1 -1 -1 -1 -1 -1 -1 -1 -1 -1 -1 -1 -1 -1 -1 -1 -1 0 0 0 0 37 -8 35 -8 40 -10 39 -6 39 -7 33 -4 39 -4 33 -5 42 -8 40 0 43 0 42 0 44 1 42 1 34 1 39 0 38 -3 39 1 32 -1 34 1 31 3 35 -2 32 4 34 2 38 6 32 -1 33 -11 32 0 31 -1 29 -3 28 -4 29 -2 30 -6 28 -4 28 -7 29 -8 26 -7 26 -8 27 -5 26 -9 25 -9 22 -14 21 -10 24 -13 20 -10 19 -13 20 -11 19 -14 19 -14 22 -12 21 -12 19 -12 19 -12 13 -21 14 -25 13 -24 7 -28 -1 -1 ]
CSI_DATA,STA,08:3A:F2:51:5D:9D,-49,11,1,0,1,1,1,0,0,0,0,-93,0,6,1,26571386,0,110,0,0,26.798829,384,[110 96 6 0 0 0 0 0 0 0 0 0 5 21 5 20 6 23 4 25 4 23 1 20 2 23 1 21 2 22 0 22 0 25 1 25 0 24 -1 24 -2 20 0 25 -1 21 -3 20 -2 20 -2 19 -2 20 -2 21 -4 18 -2 20 -2 22 -1 19 0 0 -1 19 1 19 1 20 2 17 -1 17 1 18 1 18 2 16 2 17 5 14 5 16 2 15 3 15 5 14 4 14 6 14 6 17 6 12 7 13 7 11 6 13 6 12 6 13 7 12 5 12 6 10 0 0 0 0 0 0 0 0 0 0 -1 -1 -1 -1 -2 -25 -1 -27 -6 -25 -6 -21 5 -18 4 -16 4 -18 5 -18 3 -17 3 -14 3 -16 0 -14 0 -17 1 -17 2 -17 1 -16 0 -18 0 -17 0 -14 -2 -16 -3 -16 -1 -16 -4 -13 -2 -14 -1 -14 -4 -14 -1 -14 -4 -14 -2 -16 -3 -14 -9 -13 -3 -14 -3 -14 -3 -12 -3 -12 -2 -13 -4 -12 -3 -11 -4 -11 -2 -11 -2 -10 -1 -11 -1 -11 -1 -10 -1 -10 -2 -8 -1 -8 -2 -8 0 -7 -1 -6 0 -6 -1 -5 -1 -5 0 -4 0 -4 0 -4 0 -3 -1 -1 -1 -1 -1 -1 -1 -1 -1 -1 -1 -1 -1 -1 -1 -1 -1 -1 0 0 0 0 21 29 21 27 24 31 20 32 22 31 17 28 19 33 17 27 23 34 16 36 17 39 16 37 18 39 16 38 13 31 15 35 17 32 14 35 13 27 12 30 10 28 15 29 9 30 11 30 10 35 13 29 24 25 12 29 13 28 13 24 14 23 12 25 17 24 14 22 16 22 18 22 16 19 17 20 15 22 18 20 17 19 20 14 16 15 20 16 16 14 18 12 17 13 19 11 19 10 19 15 18 13 17 12 17 13 24 3 29 1 28 0 27 -6 -1 -1 ]
CSI_DATA,STA,08:3A:F2:51:5D:9D,-49,11,1,0,1,1,1,0,0,0,0,-93,0,6,1,26571885,0,110,0,0,26.808903,384,[110 96 6 0 0 0 0 0 0 0 0 0 -19 12 -18 11 -21 14 -23 12 -22 11 -19 8 -22 10 -20 8 -21 9 -22 8 -25 8 -24 9 -24 8 -24 7 -20 4 -25 8 -21 6 -21 4 -20 5 -19 5 -20 4 -21 5 -19 2 -21 4 -22 5 -19 6 0 0 -20 6 -18 7 -19 7 -17 8 -17 5 -17 7 -18 7 -15 7 -16 8 -13 9 -14 9 -14 7 -14 8 -12 9 -13 9 -12 10 -15 11 -10 10 -11 10 -9 10 -11 9 -11 10 -11 10 -10 11 -11 9 -9 10 0 0 0 0 0 0 0 0 0 0 -1 -1 -1 -1 21 -10 23 -10 21 -13 17 -12 18 -1 16 -2 17 -3 17 0 16 -2 13 -2 15 -3 13 -4 16 -5 15 -4 16 -4 15 -5 16 -6 15 -5 12 -4 13 -7 12 -9 14 -6 10 -7 11 -6 12 -5 11 -7 12 -6 10 -8 13 -6 12 -8 8 -13 12 -7 11 -7 9 -6 9 -8 11 -6 10 -7 9 -6 8 -6 9 -6 8 -6 9 -5 9 -4 8 -4 7 -4 7 -5 6 -3 6 -4 5 -2 5 -3 5 -2 4 -2 3 -2 3 -1 2 0 2 -1 2 -1 -1 -1 -1 -1 -1 -1 -1 -1 -1 -1 -1 -1 -1 -1 -1 -1 -1 -1 0 0 0 0 -19 31 -17 29 -20 33 -22 30 -21 31 -20 25 -24 30 -19 26 -23 34 -27 28 -29 30 -28 29 -29 31 -29 29 -24 23 -27 27 -24 27 -28 26 -21 22 -24 22 -23 19 -23 25 -25 20 -24 21 -29 23 -22 22 -13 32 -23 21 -22 22 -18 21 -17 21 -20 21 -16 24 -17 21 -15 22 -14 25 -13 22 -13 23 -15 22 -13 24 -12 22 -7 23 -9 20 -9 24 -8 20 -6 21 -7 21 -4 22 -4 21 -8 22 -7 21 -6 20 -7 20 5 25 8 26 9 25 13 24 -1 -1 ]
CSI_DATA,STA,08:3A:F2:51:5D:9D,-49,11,1,0,1,1,1,0,0,0,0,-93,0,6,1,26572333,0,110,0,0,26.819344,384,[110 96 6 0 0 0 0 0 0 0 0 0 -20 -11 -20 -11 -22 -12 -22 -16 -20 -14 -17 -14 -19 -15 -17 -14 -18 -14 -17 -15 -19 -18 -20 -17 -19 -17 -17 -18 -14 -16 -19 -18 -15 -16 -14 -16 -14 -16 -13 -15 -13 -16 -15 -16 -11 -15 -14 -16 -15 -17 -15 -14 0 0 -14 -15 -15 -13 -16 -14 -15 -11 -13 -14 -14 -12 -15 -13 -14 -11 -15 -11 -14 -7 -15 -8 -13 -9 -14 -9 -15 -7 -14 -7 -16 -6 -17 -8 -14 -5 -14 -5 -14 -3 -14 -6 -14 -5 -15 -5 -15 -4 -13 -5 -13 -4 0 0 0 0 0 0 0 0 0 0 -1 -1 -1 -1 15 18 17 19 18 16 16 12 7 17 7 15 8 16 6 17 7 15 6 12 8 13 9 11 10 13 9 13 9 14 9 12 11 14 10 13 8 11 10 10 12 9 9 11 10 7 9 9 8 10 10 8 9 9 11 8 10 10 11 8 13 5 10 8 10 8 9 7 9 7 8 8 10 7 9 6 8 6 7 6 7 6 7 7 7 7 6 7 6 6 6 4 4 5 5 5 3 5 3 4 3 4 3 3 2 3 1 3 1 3 0 2 0 2 -1 -1 -1 -1 -1 -1 -1 -1 -1 -1 -1 -1 -1 -1 -1 -1 -1 -1 0 0 0 0 -38 -6 -36 -5 -41 -6 -40 -9 -39 -8 -34 -8 -38 -11 -33 -7 -42 -9 -38 -14 -41 -16 -39 -15 -42 -16 -40 -17 -33 -14 -37 -15 -37 -13 -36 -17 -31 -11 -32 -14 -28 -15 -33 -12 -30 -15 -32 -15 -34 -19 -31 -12 -35 -2 -31 -13 -31 -11 -29 -9 -27 -8 -29 -11 -30 -6 -28 -8 -29 -6 -30 -4 -25 -4 -28 -4 -28 -6 -29 -3 -27 -3 -26 3 -25 0 -28 1 -23 0 -23 3 -23 1 -23 4 -23 4 -26 1 -24 2 -23 2 -23 2 -21 12 -24 17 -23 17 -19 21 -1 -1 ]
CSI_DATA,STA,08:3A:F2:51:5D:9D,-49,11,1,0,1,1,1,0,0,0,0,-93,0,6,1,26746770,0,110,0,0,26.913311,384,[110 96 6 0 0 0 0 0 0 0 0 0 18 11 18 10 20 11 21 15 18 13 16 14 17 15 16 14 16 14 15 15 17 18 18 17 16 17 15 18 12 16 17 17 14 16 12 16 13 16 12 14 12 15 12 16 9 15 12 16 13 17 13 14 0 0 13 15 13 12 14 14 13 11 11 13 13 12 13 13 12 10 13 11 13 7 14 8 12 9 12 8 13 7 13 7 14 6 15 8 13 5 14 5 13 3 13 6 13 5 13 5 14 4 12 5 12 4 0 0 0 0 0 0 0 0 0 0 -1 -1 -1 -1 -12 -22 -13 -21 -17 -19 -15 -17 -6 -19 -6 -18 -7 -19 -6 -20 -7 -17 -6 -15 -7 -16 -8 -14 -9 -16 -9 -16 -9 -16 -10 -15 -11 -16 -9 -15 -8 -13 -10 -13 -12 -13 -9 -14 -10 -11 -9 -12 -9 -12 -10 -12 -9 -12 -11 -11 -10 -13 -11 -11 -15 -7 -11 -11 -10 -11 -10 -10 -9 -10 -9 -11 -9 -10 -9 -10 -8 -10 -8 -10 -9 -9 -8 -9 -7 -9 -6 -9 -6 -8 -7 -8 -6 -8 -5 -8 -5 -7 -4 -6 -4 -6 -4 -6 -3 -5 -2 -5 -2 -4 -2 -4 -2 -4 -1 -1 0 0 0 0 -1 -1 -1 -1 -1 -1 0 0 0 0 -1 -1 -1 -1 -1 -1 36 7 36 6 39 8 40 11 36 10 32 10 36 13 32 9 40 12 35 15 38 16 37 15 40 16 37 17 32 15 34 17 36 15 32 18 29 13 29 16 27 16 31 14 26 16 29 15 30 20 30 13 34 3 29 14 28 13 28 11 25 10 28 13 28 8 27 9 27 7 28 7 24 5 26 4 25 6 28 4 27 3 25 -1 24 1 27 1 23 0 23 -1 22 0 24 -3 23 -3 24 0 23 -1 22 -1 22 -1 21 -10 25 -15 24 -16 21 -17 -1 -1 ]
CSI_DATA,STA,08:3A:F2:51:5D:9D,-49,11,1,0,1,1,1,0,0,0,0,-93,0,6,1,26748024,0,110,0,0,26.924321,384,[110 96 6 0 0 0 0 0 0 0 0 0 -6 -22 -5 -22 -7 -24 -3 -27 -3 -24 -1 -21 -1 -24 -1 -22 -1 -23 0 -23 0 -26 -1 -26 0 -25 2 -24 3 -21 1 -26 2 -22 3 -21 2 -21 2 -20 3 -20 3 -21 4 -18 3 -21 3 -22 1 -21 0 0 2 -20 -1 -20 0 -21 -1 -19 2 -18 0 -19 0 -19 0 -17 -2 -19 -4 -15 -4 -17 -2 -16 -3 -16 -4 -16 -4 -16 -6 -16 -5 -18 -6 -14 -5 -15 -6 -13 -5 -15 -6 -15 -5 -15 -7 -14 -5 -14 -6 -13 0 0 0 0 0 0 0 0 0 0 -1 -1 -1 -1 -11 22 -9 22 -5 25 -5 21 -11 15 -11 16 -10 16 -13 16 -10 14 -8 13 -9 15 -6 14 -7 17 -8 15 -8 16 -6 16 -6 17 -6 16 -6 14 -4 15 -2 17 -6 15 -2 14 -4 13 -5 14 -4 14 -4 13 -1 14 -4 15 -2 15 3 15 -2 15 -4 13 -2 13 -2 12 -4 13 -2 13 -2 12 -3 11 -3 11 -2 11 -3 11 -3 10 -3 10 -3 9 -3 9 -3 7 -3 7 -3 7 -3 6 -3 5 -3 5 -2 4 -3 3 -3 3 -3 3 -3 2 -1 -1 0 0 0 0 -1 -1 -1 -1 -1 -1 0 0 0 0 -1 -1 -1 -1 -1 -1 -20 -34 -21 -33 -20 -36 -20 -40 -17 -36 -15 -34 -15 -38 -15 -33 -17 -41 -12 -38 -15 -42 -14 -40 -15 -43 -13 -42 -10 -36 -10 -39 -14 -40 -8 -39 -11 -34 -7 -35 -6 -33 -9 -35 -6 -33 -9 -34 -7 -38 -11 -33 -21 -29 -9 -34 -9 -31 -11 -31 -10 -27 -10 -32 -12 -29 -11 -28 -13 -29 -14 -28 -14 -23 -16 -25 -13 -25 -16 -25 -16 -25 -18 -21 -16 -22 -17 -24 -16 -20 -16 -19 -16 -19 -19 -18 -18 -19 -16 -20 -17 -18 -17 -18 -16 -18 -21 -11 -28 -11 -29 -11 -27 -7 -1 -1 ]
CSI_DATA,STA,08:3A:F2:51:5D:9D,-49,11,1,0,1,1,1,0,0,0,0,-93,0,6,1,26748425,0,110,0,0,26.935363,384,[110 96 6 0 0 0 0 0 0 0 0 0 18 -13 17 -13 19 -15 23 -13 20 -12 19 -9 21 -10 19 -9 20 -10 21 -8 24 -9 23 -10 23 -9 23 -7 20 -5 24 -9 20 -7 20 -5 20 -6 18 -5 19 -4 20 -5 18 -3 20 -5 21 -5 18 -6 0 0 18 -6 17 -8 18 -8 16 -8 17 -5 16 -7 17 -7 15 -7 16 -8 12 -9 14 -10 13 -7 14 -8 12 -10 12 -9 12 -11 14 -11 10 -10 11 -11 9 -11 11 -10 11 -10 11 -10 10 -12 10 -9 9 -10 0 0 0 0 0 0 0 0 0 0 -1 -1 -1 -1 -25 1 -25 3 -26 7 -21 6 -19 -4 -18 -3 -19 -3 -20 -4 -18 -2 -16 -2 -18 -1 -15 0 -18 1 -17 0 -18 0 -17 1 -19 2 -17 1 -15 1 -16 2 -16 5 -16 0 -14 4 -14 2 -15 1 -15 3 -14 2 -14 5 -16 2 -14 4 -12 9 -15 4 -15 2 -13 3 -13 3 -14 2 -13 3 -12 3 -12 3 -12 2 -11 2 -12 2 -12 2 -11 1 -10 1 -9 1 -9 1 -9 0 -8 0 -7 0 -7 0 -6 0 -6 0 -5 -1 -5 -1 -4 -1 -3 -1 -1 -1 0 0 0 0 -1 -1 -1 -1 -1 -1 0 0 0 0 -1 -1 -1 -1 -1 -1 21 -31 19 -32 23 -33 26 -33 24 -30 22 -27 26 -29 21 -27 28 -32 28 -27 30 -30 29 -28 31 -31 31 -28 26 -24 30 -25 28 -28 31 -22 24 -23 26 -21 26 -19 26 -23 26 -18 26 -21 31 -21 24 -22 16 -31 25 -21 24 -20 22 -22 19 -19 23 -21 20 -23 19 -21 19 -23 18 -24 14 -21 15 -23 16 -21 15 -24 15 -24 10 -24 11 -22 13 -25 10 -22 9 -22 10 -21 8 -24 8 -23 10 -22 9 -22 8 -21 9 -21 0 -24 -3 -30 -4 -30 -8 -28 -1 -1 ]
CSI_DATA,STA,08:3A:F2:51:5D:9D,-49,11,1,0,1,1,1,0,0,0,0,-93,0,6,1,26748903,0,110,0,0,26.945978,384,[110 96 6 0 0 0 0 0 0 0 0 0 -14 20 -13 19 -14 22 -18 22 -16 20 -16 16 -18 18 -17 16 -17 17 -18 16 -21 19 -20 19 -20 18 -20 17 -19 13 -20 18 -18 15 -19 13 -18 14 -17 12 -18 13 -19 13 -17 10 -18 13 -19 14 -16 14 0 0 -17 14 -14 15 -15 16 -13 14 -15 12 -14 14 -15 14 -12 13 -12 15 -8 14 -9 16 -10 13 -9 14 -8 15 -8 14 -7 15 -9 17 -5 14 -6 15 -4 14 -7 14 -5 14 -6 15 -4 15 -5 13 -4 13 0 0 0 0 0 0 0 0 0 0 -1 -1 -1 -1 20 -17 19 -17 18 -22 16 -18 18 -8 17 -9 17 -10 19 -9 16 -9 13 -8 16 -10 12 -9 15 -12 14 -11 15 -11 14 -12 14 -13 13 -13 12 -11 11 -13 10 -15 12 -12 8 -13 10 -12 11 -11 10 -13 10 -11 8 -14 10 -13 9 -14 4 -17 10 -14 9 -12 8 -12 8 -12 9 -12 8 -12 7 -11 7 -11 8 -10 7 -10 8 -9 7 -10 7 -9 7 -9 6 -8 6 -7 6 -7 6 -5 5 -5 5 -4 4 -4 4 -4 3 -3 3 -4 3 -3 3 -2 -1 -1 -1 -1 -1 -1 -1 -1 -1 -1 -1 -1 -1 -1 -1 -1 -1 -1 -1 -1 0 0 -7 38 -6 38 -8 41 -11 42 -10 39 -10 34 -14 39 -11 34 -12 43 -16 37 -16 41 -15 40 -16 43 -17 41 -16 34 -17 36 -14 39 -19 35 -13 32 -17 31 -17 29 -15 34 -17 28 -15 32 -19 34 -13 32 0 37 -15 32 -14 30 -11 30 -9 27 -12 30 -8 30 -10 29 -8 30 -6 31 -5 25 -3 29 -6 27 -2 29 -2 29 2 26 0 26 0 28 0 25 2 24 0 24 4 24 4 24 1 25 3 24 3 23 2 23 12 22 19 24 19 24 21 19 -1 -1 ]
CSI_DATA,STA,08:3A:F2:51:5D:9D,-49,11,1,0,1,1,1,0,0,0,0,-93,0,6,1,26749382,0,110,0,0,26.956598,384,[110 96 6 0 0 0 0 0 0 0 0 0 -22 5 -21 5 -24 6 -27 4 -24 3 -21 2 -24 2 -22 1 -23 2 -23 1 -26 0 -26 1 -25 0 -25 -1 -21 -2 -26 0 -22 -1 -21 -2 -21 -1 -20 -2 -20 -2 -22 -2 -19 -4 -21 -2 -22 -2 -20 0 0 0 -20 0 -20 2 -21 1 -18 2 -18 0 -19 2 -19 1 -17 2 -18 3 -15 5 -17 5 -15 3 -16 4 -15 5 -15 5 -15 7 -17 6 -13 7 -13 7 -12 8 -14 6 -13 6 -14 7 -13 8 -13 6 -11 7 0 0 0 0 0 0 0 0 0 0 -1 -1 -1 -1 24 -4 23 -5 24 -10 20 -8 16 3 16 2 16 2 17 3 15 2 13 1 15 1 13 -1 16 -1 14 -1 16 0 15 -2 16 -3 15 -2 13 -2 14 -3 14 -6 13 -2 12 -5 12 -3 13 -2 12 -4 12 -3 11 -6 13 -4 12 -6 10 -12 13 -5 12 -3 11 -5 10 -5 12 -4 11 -5 10 -4 10 -4 9 -3 9 -4 10 -3 10 -3 9 -3 9 -3 7 -3 7 -2 7 -2 7 -1 6 -2 5 -1 5 -1 4 -1 4 0 3 0 3 -1 2 -1 -1 -1 -1 -1 -1 -1 -1 -1 -1 -1 -1 -1 -1 -1 -1 -1 -1 -1 -1 -1 0 0 -23 23 -22 24 -26 24 -28 24 -26 21 -24 20 -29 20 -24 20 -30 24 -29 18 -32 21 -30 20 -32 23 -32 21 -28 18 -30 17 -29 22 -30 15 -25 16 -27 14 -26 12 -27 16 -25 12 -26 15 -31 15 -24 16 -15 32 -26 16 -24 15 -22 17 -20 14 -23 16 -21 18 -21 15 -20 18 -18 18 -16 15 -17 19 -17 17 -16 20 -16 20 -11 19 -13 18 -14 20 -12 18 -10 18 -12 17 -9 19 -9 18 -12 18 -10 18 -10 18 -10 18 0 23 5 28 5 29 8 25 -1 -1 ]
CSI_DATA,STA,08:3A:F2:51:5D:9D,-49,11,1,0,1,1,1,0,0,0,0,-93,0,6,1,26749810,0,110,0,0,26.967058,384,[110 96 6 0 0 0 0 0 0 0 0 0 -18 -14 -18 -13 -20 -15 -20 -18 -18 -16 -15 -16 -16 -17 -15 -16 -16 -17 -15 -18 -17 -20 -17 -20 -16 -20 -15 -20 -12 -18 -16 -20 -13 -18 -11 -18 -12 -18 -12 -16 -11 -17 -13 -18 -9 -17 -12 -17 -13 -19 -13 -16 0 0 -13 -16 -14 -14 -15 -15 -14 -13 -12 -15 -13 -13 -13 -14 -13 -12 -14 -12 -14 -9 -15 -9 -12 -10 -13 -10 -14 -8 -14 -9 -15 -7 -16 -9 -14 -6 -14 -6 -13 -4 -14 -7 -14 -6 -14 -6 -15 -5 -13 -6 -13 -5 0 0 0 0 0 0 0 0 0 0 -1 -1 -1 -1 14 19 16 18 20 17 15 14 5 16 6 16 7 16 6 18 6 15 6 13 7 14 8 11 9 13 8 13 8 14 9 12 11 13 10 12 9 11 9 11 13 9 9 12 10 8 8 10 9 10 10 9 9 9 11 8 10 10 11 8 14 4 11 9 9 9 10 7 9 7 9 9 10 7 9 7 8 7 8 7 7 6 7 7 7 6 7 6 6 6 5 5 5 5 6 5 4 5 4 4 3 4 2 4 2 3 2 3 1 3 1 2 0 2 -1 -1 -1 -1 -1 -1 -1 -1 -1 -1 -1 -1 -1 -1 -1 -1 -1 -1 -1 -1 0 0 -35 -7 -36 -6 -37 -10 -39 -11 -35 -11 -33 -10 -35 -13 -32 -9 -39 -13 -34 -15 -38 -15 -36 -14 -40 -14 -38 -16 -33 -14 -33 -17 -37 -14 -32 -18 -30 -13 -29 -16 -27 -16 -31 -14 -26 -15 -30 -14 -32 -18 -29 -11 -35 1 -30 -13 -28 -13 -29 -10 -25 -9 -29 -12 -28 -9 -27 -8 -29 -7 -28 -7 -24 -5 -27 -3 -26 -5 -27 -3 -27 -2 -25 1 -25 0 -27 -1 -24 0 -23 1 -23 0 -23 3 -23 2 -24 1 -23 2 -22 2 -23 2 -20 12 -23 18 -24 19 -19 19 -1 -1 ]
CSI_DATA,STA,08:3A:F2:51:5D:9D,-49,11,1,0,1,1,1,0,0,0,0,-93,0,6,1,26750247,0,110,0,0,26.977846,384,[110 96 6 0 0 0 0 0 0 0 0 0 6 -22 5 -21 6 -24 10 -25 9 -23 9 -20 9 -22 9 -20 9 -21 11 -20 13 -22 12 -23 12 -22 13 -21 12 -17 12 -22 12 -19 12 -17 11 -17 10 -17 11 -17 11 -18 12 -14 12 -17 13 -18 10 -17 0 0 10 -17 7 -18 8 -18 7 -17 9 -16 7 -17 8 -17 6 -16 6 -17 2 -16 3 -17 5 -15 4 -16 2 -16 3 -16 1 -16 3 -18 0 -15 0 -15 -1 -14 1 -15 0 -15 0 -15 -1 -16 1 -14 -1 -14 0 0 0 0 0 0 0 0 0 0 -1 -1 -1 -1 -12 21 -11 22 -8 24 -6 20 -14 12 -12 11 -13 13 -14 12 -11 11 -10 10 -11 12 -8 11 -9 14 -9 12 -10 13 -9 13 -9 15 -8 13 -8 11 -6 13 -5 14 -8 13 -3 11 -6 12 -7 11 -5 13 -6 11 -3 13 -6 13 -4 13 2 15 -5 13 -5 12 -4 11 -4 11 -5 11 -4 11 -4 10 -4 10 -5 10 -4 9 -4 9 -4 9 -4 8 -4 7 -3 7 -4 6 -3 7 -4 5 -3 5 -4 4 -3 4 -3 3 -3 3 -2 2 -2 2 -3 2 -1 -1 -1 -1 -1 -1 -1 -1 -1 -1 -1 -1 -1 -1 -1 -1 -1 -1 -1 -1 0 0 -7 -35 -7 -34 -7 -39 -4 -39 -5 -37 -3 -33 -1 -39 -3 -33 -4 -41 2 -38 1 -41 1 -40 1 -43 1 -41 2 -34 2 -37 -1 -37 4 -37 0 -31 3 -33 4 -30 0 -34 4 -31 2 -32 5 -36 0 -32 -13 -33 2 -32 0 -30 -2 -29 -2 -27 0 -30 -4 -29 -2 -28 -5 -28 -6 -28 -5 -25 -7 -26 -5 -26 -8 -26 -8 -25 -12 -22 -9 -22 -10 -24 -9 -21 -11 -20 -9 -21 -12 -20 -12 -20 -10 -22 -11 -21 -10 -20 -10 -20 -20 -14 -26 -13 -26 -14 -27 -7 -1 -1 ]
CSI_DATA,STA,08:3A:F2:51:5D:9D,-49,11,1,0,1,1,1,0,0,0,0,-93,0,6,1,26750575,0,110,0,0,26.988482,384,[110 96 6 0 0 0 0 0 0 0 0 0 13 -18 13 -18 14 -20 18 -20 16 -17 15 -15 17 -16 16 -15 16 -16 17 -15 19 -17 19 -17 19 -16 19 -15 17 -11 19 -16 18 -13 17 -11 17 -12 15 -11 17 -11 17 -12 15 -9 17 -12 18 -13 15 -13 0 0 16 -13 13 -13 15 -14 12 -13 14 -11 13 -13 13 -13 11 -12 12 -14 7 -13 8 -15 9 -12 9 -13 8 -14 8 -13 7 -15 9 -16 6 -14 6 -14 4 -14 6 -14 6 -14 6 -14 4 -15 5 -13 4 -13 0 0 0 0 0 0 0 0 0 0 -1 -1 -1 -1 -22 10 -22 12 -21 15 -18 13 -19 4 -18 4 -19 5 -21 4 -17 4 -15 4 -16 6 -13 7 -17 8 -16 6 -17 7 -15 8 -16 9 -15 8 -14 7 -14 9 -13 11 -14 8 -11 9 -12 8 -13 7 -12 9 -12 7 -11 10 -13 9 -11 11 -8 13 -12 10 -12 9 -11 9 -10 9 -11 7 -10 9 -9 8 -10 7 -10 7 -9 7 -9 7 -9 6 -9 5 -8 5 -7 6 -7 4 -7 4 -7 3 -6 3 -6 2 -6 2 -5 2 -5 1 -4 1 -4 1 -3 0 0 0 -1 -1 -1 -1 -1 -1 -1 -1 -1 -1 -1 -1 -1 -1 0 0 0 0 -1 -1 10 -36 9 -36 11 -39 14 -39 13 -36 13 -32 16 -36 13 -32 16 -40 18 -35 19 -38 18 -37 19 -40 20 -37 18 -31 20 -34 17 -36 21 -32 16 -30 18 -29 18 -27 17 -30 18 -27 16 -30 21 -31 14 -30 4 -35 17 -30 15 -28 12 -28 11 -26 14 -28 11 -28 11 -27 9 -29 9 -29 6 -26 5 -28 7 -26 5 -28 5 -28 0 -26 3 -26 2 -28 2 -24 0 -24 1 -24 -2 -25 -1 -25 1 -26 -1 -25 -1 -23 0 -24 -10 -23 -14 -26 -15 -26 -16 -23 -1 -1 ]
CSI_DATA,STA,08:3A:F2:51:5D:9D,-49,11,1,0,1,1,1,0,0,0,0,-93,0,6,1,26750967,0,110,0,0,26.999123,384,[110 96 6 0 0 0 0 0 0 0 0 0 20 9 19 8 22 8 23 12 21 11 17 11 19 12 17 11 19 11 18 13 20 15 20 14 19 15 18 15 15 14 20 14 16 13 14 14 15 13 14 12 14 13 15 13 12 13 14 14 16 15 15 12 0 0 15 12 16 10 16 11 15 8 13 11 15 9 15 10 14 8 16 8 14 4 15 5 13 7 14 6 15 4 14 4 15 3 17 4 14 2 15 2 13 0 14 3 14 2 14 2 14 1 13 2 13 1 0 0 0 0 0 0 0 0 0 0 -1 -1 -1 -1 -20 -14 -21 -14 -25 -11 -19 -9 -11 -15 -11 -14 -13 -15 -12 -16 -11 -13 -10 -11 -12 -12 -11 -10 -13 -11 -13 -11 -13 -12 -13 -10 -15 -11 -14 -10 -12 -9 -13 -8 -14 -7 -13 -9 -13 -6 -13 -8 -12 -9 -13 -6 -12 -8 -14 -5 -13 -8 -13 -6 -16 1 -13 -6 -12 -6 -12 -5 -12 -5 -12 -7 -13 -6 -11 -5 -11 -5 -10 -5 -10 -5 -10 -6 -9 -6 -9 -6 -9 -6 -8 -4 -7 -4 -8 -4 -6 -4 -6 -4 -5 -4 -5 -3 -5 -3 -4 -3 -3 -3 -3 -3 -2 -2 -1 -1 -1 -1 -1 -1 -1 -1 -1 -1 -1 -1 -1 -1 -1 -1 -1 -1 -1 -1 0 0 34 -3 34 -3 37 -3 38 0 36 0 32 1 37 3 31 1 40 1 36 6 39 5 37 4 40 4 39 5 33 5 35 6 37 3 35 8 30 4 31 7 29 8 32 5 28 8 30 5 33 9 30 3 33 -11 30 5 29 4 28 2 25 1 28 3 28 0 27 1 27 -1 28 -3 22 -2 24 -4 25 -2 26 -5 25 -5 21 -9 22 -6 24 -8 20 -7 21 -8 21 -7 20 -9 20 -10 22 -8 20 -9 19 -8 20 -8 15 -18 16 -25 16 -25 11 -25 -1 -1 ]
CSI_DATA,STA,08:3A:F2:51:5D:9D,-49,11,1,0,1,1,1,0,0,0,0,-94,0,6,1,26920994,0,110,0,0,27.87530,384,[110 96 6 0 0 0 0 0 0 0 0 0 22 7 21 6 24 7 25 11 23 9 19 10 22 10 20 10 20 10 20 13 22 15 22 14 21 14 20 15 16 14 22 14 18 13 15 14 17 14 16 12 16 13 16 13 12 14 15 13 16 16 16 12 0 0 15 12 16 10 17 11 16 9 14 11 16 9 15 10 14 8 15 8 14 5 16 6 14 7 14 7 15 5 14 5 15 3 17 5 14 2 14 2 13 1 13 2 13 2 14 3 14 2 13 4 13 1 0 0 0 0 0 0 0 0 0 0 -1 -1 -1 -1 -19 -19 -19 -18 -21 -16 -17 -13 -9 -18 -8 -15 -11 -17 -9 -19 -9 -15 -7 -12 -10 -14 -9 -12 -12 -14 -11 -15 -11 -15 -11 -14 -13 -14 -12 -13 -10 -12 -12 -11 -14 -10 -12 -13 -13 -9 -11 -11 -11 -11 -13 -10 -11 -11 -13 -9 -12 -12 -13 -10 -16 -4 -12 -10 -12 -10 -12 -8 -11 -8 -10 -10 -11 -8 -10 -8 -10 -9 -9 -8 -9 -8 -9 -9 -8 -8 -8 -8 -7 -8 -7 -6 -6 -6 -7 -7 -5 -6 -5 -5 -4 -5 -4 -5 -4 -5 -3 -4 -2 -5 -2 -3 -1 -3 -1 -1 0 0 0 0 -1 -1 -1 -1 -1 -1 0 0 0 0 -1 -1 -1 -1 -1 -1 38 -3 37 -5 41 -4 42 0 40 -1 35 1 41 2 36 1 44 1 40 7 43 6 41 7 45 7 42 8 36 8 38 8 39 5 37 10 34 6 34 9 31 9 35 7 32 12 33 8 37 13 33 6 34 -4 33 8 31 5 31 4 27 3 31 6 31 3 29 3 31 2 30 0 24 1 27 -1 28 0 29 -1 27 -2 23 -7 24 -4 27 -5 23 -4 23 -6 23 -4 22 -8 22 -8 26 -5 24 -5 22 -6 21 -5 17 -15 22 -19 22 -21 15 -23 -1 -1 ]
CSI_DATA,STA,08:3A:F2:51:5D:9D,-44,11,1,0,0,1,1,0,0,0,0,-94,0,6,1,26925409,0,110,0,0,27.98794,256,[110 96 6 0 0 0 0 0 0 0 0 0 -6 29 -7 27 -7 30 -8 30 -9 30 -10 26 -10 27 -11 26 -11 27 -13 27 -13 28 -14 28 -13 26 -13 25 -13 23 -13 28 -13 22 -14 23 -13 21 -12 22 -12 21 -12 22 -12 19 -11 21 -11 22 -10 21 0 0 -9 20 -9 22 -8 21 -8 21 -7 18 -6 20 -6 20 -6 19 -5 20 -6 19 -5 20 -5 18 -4 18 -4 19 -4 18 -3 18 -2 20 -2 18 -2 18 -1 18 -1 17 -1 17 -1 17 -1 17 -1 16 -1 15 0 0 0 0 0 0 0 0 0 0 -1 -1 -1 -1 0 0 0 0 35 46 26 44 8 48 9 48 10 49 8 50 7 50 4 48 5 50 0 47 3 53 -2 51 -1 52 -3 54 -1 49 -2 49 -3 46 2 51 -2 42 -5 44 -3 44 -4 44 -3 44 -3 43 -5 41 -4 40 -4 42 -3 40 -1 -1 1 37 1 37 1 36 4 39 2 32 5 36 5 35 4 32 6 33 6 36 8 35 6 33 7 31 7 32 8 31 8 30 9 30 9 28 11 29 10 28 12 29 12 28 11 27 12 28 11 26 12 25 20 18 22 19 -1 -1 -1 -1 -1 -1 ]
CSI_DATA,STA,08:3A:F2:51:5D:9D,-49,11,1,0,1,1,1,0,0,0,0,-94,0,6,1,26927739,0,110,0,0,27.105828,384,[110 96 6 0 0 0 0 0 0 0 0 0 -24 -1 -23 0 -26 -1 -29 -4 -26 -3 -22 -5 -24 -4 -23 -4 -24 -4 -24 -6 -26 -8 -26 -7 -25 -7 -24 -9 -21 -8 -25 -7 -22 -7 -21 -9 -21 -8 -20 -7 -20 -8 -21 -8 -17 -9 -20 -8 -22 -9 -20 -6 0 0 -20 -6 -20 -4 -21 -5 -19 -3 -18 -6 -19 -4 -19 -4 -18 -3 -19 -2 -17 0 -18 0 -16 -2 -17 -1 -16 1 -16 1 -17 2 -19 1 -15 3 -15 3 -13 4 -15 2 -15 2 -15 3 -15 4 -14 2 -13 3 0 0 0 0 0 0 0 0 0 0 -1 -1 -1 -1 19 15 21 14 21 10 19 8 14 14 14 11 15 12 14 14 14 11 12 9 15 10 13 7 17 9 15 9 16 9 15 8 17 8 15 8 13 7 16 5 16 4 15 6 14 3 14 5 13 5 15 3 14 5 15 2 15 5 15 2 15 -1 15 3 14 4 13 2 13 2 13 4 13 2 12 2 11 2 11 2 11 2 11 3 11 4 10 3 9 2 9 1 7 2 8 2 6 2 6 1 6 2 5 1 4 1 4 2 3 2 2 1 2 0 -1 -1 -1 -1 -1 -1 -1 -1 -1 -1 -1 -1 -1 -1 -1 -1 -1 -1 0 0 0 0 -42 8 -40 9 -45 9 -46 6 -45 6 -39 3 -45 4 -39 4 -48 4 -45 -1 -48 -1 -46 -1 -50 -1 -48 -2 -40 -3 -44 -1 -44 0 -43 -4 -37 -1 -38 -3 -36 -4 -40 -1 -36 -6 -38 -3 -41 -7 -37 -1 -36 7 -37 -2 -35 -1 -34 2 -32 3 -34 -1 -33 4 -32 3 -32 4 -33 6 -29 6 -30 8 -30 5 -30 8 -29 8 -26 12 -25 9 -28 12 -24 10 -23 12 -23 11 -23 14 -22 13 -25 11 -23 12 -23 11 -22 11 -18 18 -19 22 -18 22 -14 24 -1 -1 ]
CSI_DATA,STA,08:3A:F2:51:5D:9D,-48,11,1,0,1,1,1,0,0,0,0,-94,0,6,1,26930225,0,110,0,0,27.116106,384,[110 96 6 0 0 0 0 0 0 0 0 0 -18 -12 -18 -11 -21 -13 -20 -16 -19 -15 -15 -14 -17 -16 -16 -14 -16 -15 -16 -17 -17 -19 -17 -18 -16 -18 -15 -18 -12 -16 -17 -18 -13 -17 -12 -17 -13 -16 -12 -15 -12 -16 -13 -16 -9 -16 -12 -16 -13 -18 -13 -15 0 0 -13 -15 -14 -13 -14 -14 -14 -12 -11 -13 -13 -12 -13 -13 -13 -11 -14 -11 -13 -8 -14 -9 -12 -10 -13 -9 -13 -8 -13 -8 -14 -7 -16 -9 -13 -5 -14 -6 -13 -4 -13 -6 -13 -6 -14 -6 -14 -5 -13 -6 -12 -4 0 0 0 0 0 0 0 0 0 0 -1 -1 -1 -1 16 15 17 17 19 13 17 10 7 15 6 14 8 15 6 15 7 13 5 11 8 12 8 9 10 11 8 12 9 12 8 11 10 12 9 11 7 9 10 9 11 7 10 9 10 6 8 8 8 8 10 7 8 8 10 7 10 9 10 6 13 2 10 7 9 8 9 6 8 5 8 7 9 6 8 5 8 5 7 5 7 5 6 6 7 6 7 5 6 5 6 4 4 4 5 4 3 4 3 3 3 3 3 3 2 2 2 2 2 2 1 1 0 2 0 0 0 0 -1 -1 -1 -1 -1 -1 -1 -1 -1 -1 0 0 0 0 -1 -1 -1 -1 -35 -5 -33 -4 -38 -6 -36 -8 -36 -7 -30 -8 -35 -10 -31 -7 -38 -8 -35 -13 -38 -14 -35 -14 -39 -14 -37 -14 -30 -12 -33 -13 -33 -11 -33 -14 -28 -10 -29 -13 -26 -13 -30 -10 -27 -14 -29 -12 -31 -17 -28 -10 -34 1 -28 -12 -28 -10 -26 -7 -25 -7 -27 -9 -27 -6 -26 -7 -27 -5 -27 -4 -25 -3 -25 -2 -25 -4 -26 -2 -25 -2 -23 3 -22 0 -26 1 -22 0 -21 2 -21 2 -22 4 -21 4 -23 2 -22 2 -20 2 -21 2 -19 14 -20 18 -19 18 -16 21 -1 -1 ]
CSI_DATA,STA,08:3A:F2:51:5D:9D,-48,11,1,0,1,1,1,0,0,0,0,-94,0,6,1,26941750,0,110,0,0,27.126761,384,[110 96 6 0 0 0 0 0 0 0 0 0 15 16 14 15 17 17 16 20 15 19 11 17 13 19 11 18 12 18 11 19 12 22 13 21 12 21 10 21 7 19 12 21 9 19 7 19 8 18 8 17 7 18 8 19 5 17 8 18 8 20 9 17 0 0 8 17 10 16 10 17 10 14 7 16 9 15 9 16 9 13 10 14 11 10 11 11 9 12 10 12 11 10 11 10 12 9 13 12 11 8 12 8 11 6 11 9 11 8 11 8 12 7 10 8 10 6 0 0 0 0 0 0 0 0 0 0 -1 -1 -1 -1 -10 -23 -10 -23 -15 -22 -11 -19 -2 -19 -3 -18 -4 -19 -3 -20 -3 -17 -3 -15 -4 -16 -5 -14 -6 -17 -5 -16 -5 -17 -7 -16 -8 -17 -7 -16 -6 -14 -7 -15 -10 -14 -6 -15 -9 -12 -7 -13 -6 -14 -8 -13 -6 -13 -9 -12 -8 -14 -9 -12 -13 -9 -9 -12 -7 -12 -9 -11 -7 -11 -7 -12 -8 -11 -7 -10 -7 -10 -6 -10 -6 -9 -6 -10 -5 -10 -5 -9 -5 -9 -5 -7 -4 -8 -4 -8 -3 -6 -3 -6 -2 -6 -3 -5 -2 -5 -2 -4 -2 -4 -1 -3 -1 -3 0 0 0 0 -1 -1 -1 -1 -1 -1 -1 -1 -1 -1 0 0 0 0 -1 -1 -1 -1 33 12 33 11 35 14 36 17 33 16 29 15 32 18 29 14 36 18 31 21 34 22 33 21 35 22 33 23 28 20 29 22 32 20 27 23 26 17 25 20 23 20 27 19 22 20 25 19 26 24 26 16 33 7 25 19 24 18 25 15 22 13 25 17 25 13 23 14 25 12 25 11 22 9 25 8 23 10 25 9 25 8 24 3 23 5 25 6 22 4 22 3 21 4 23 2 22 2 23 4 22 3 21 3 21 3 22 -6 27 -11 27 -12 23 -13 -1 -1 ]
CSI_DATA,STA,08:3A:F2:51:5D:9D,-48,11,1,0,1,1,1,0,0,0,0,-94,0,6,1,26942557,0,110,0,0,27.136976,384,[110 96 6 0 0 0 0 0 0 0 0 0 -21 7 -21 7 -24 9 -26 6 -24 6 -21 3 -24 4 -22 3 -22 4 -23 2 -26 2 -26 3 -25 2 -25 0 -21 -1 -26 2 -22 0 -21 -2 -21 -1 -20 0 -21 -1 -21 -1 -19 -3 -21 -1 -23 -1 -20 1 0 0 -20 0 -19 3 -21 2 -18 3 -18 0 -19 2 -19 2 -17 2 -18 3 -14 5 -16 6 -15 3 -16 4 -15 5 -15 5 -15 7 -17 7 -13 7 -13 7 -11 7 -14 6 -13 6 -13 7 -13 8 -13 6 -11 7 0 0 0 0 0 0 0 0 0 0 -1 -1 -1 -1 23 0 25 -1 24 -5 21 -6 16 5 16 4 17 3 17 6 15 3 13 2 15 2 13 0 16 0 15 1 16 1 15 0 17 0 15 0 13 0 14 -1 15 -4 14 0 12 -3 12 -1 12 -1 13 -2 12 -2 13 -4 14 -1 13 -4 12 -9 13 -3 13 -2 11 -2 11 -3 12 -2 11 -3 10 -3 10 -3 10 -2 9 -3 10 -1 9 -1 9 -1 8 -1 7 -2 7 -1 6 -1 5 -1 5 -1 5 0 4 -1 4 -1 3 0 3 0 2 0 2 -1 0 0 0 0 -1 -1 -1 -1 -1 -1 -1 -1 -1 -1 0 0 0 0 -1 -1 -1 -1 -27 25 -26 25 -30 26 -32 24 -30 23 -27 20 -31 21 -26 20 -33 25 -33 19 -36 21 -35 20 -37 22 -36 19 -31 16 -34 17 -32 20 -34 15 -28 15 -30 14 -29 12 -30 16 -29 12 -30 14 -34 13 -28 16 -22 27 -28 15 -28 14 -25 15 -23 14 -26 15 -24 17 -23 15 -22 17 -22 19 -18 17 -19 18 -20 16 -19 19 -19 18 -14 20 -15 17 -17 20 -15 17 -13 18 -13 17 -12 20 -11 18 -14 19 -13 18 -12 17 -13 17 -4 24 -1 29 0 28 4 27 -1 -1 ]
CSI_DATA,STA,08:3A:F2:51:5D:9D,-48,11,1,0,1,1,1,0,0,0,0,-94,0,6,1,26943032,0,110,0,0,27.147282,384,[110 96 6 0 0 0 0 0 0 0 0 0 -17 -15 -17 -15 -19 -17 -18 -20 -17 -18 -13 -17 -15 -19 -13 -18 -14 -19 -13 -20 -15 -22 -15 -21 -14 -21 -13 -21 -10 -19 -14 -22 -11 -20 -9 -19 -10 -19 -9 -18 -9 -19 -10 -19 -7 -18 -10 -19 -10 -20 -11 -17 0 0 -10 -18 -12 -16 -12 -17 -12 -14 -9 -16 -11 -15 -11 -16 -10 -14 -11 -14 -12 -10 -13 -12 -11 -12 -11 -12 -12 -11 -12 -10 -13 -10 -14 -12 -13 -8 -13 -9 -12 -7 -12 -9 -12 -9 -13 -9 -14 -8 -12 -9 -12 -7 0 0 0 0 0 0 0 0 0 0 -1 -1 -1 -1 9 22 11 21 15 21 12 17 2 17 2 17 3 17 2 18 3 16 2 14 4 15 5 12 6 15 5 14 5 15 6 14 7 16 6 14 5 13 6 13 9 12 5 13 7 10 6 11 5 12 7 11 5 11 8 10 7 12 8 10 12 7 7 11 6 11 7 9 6 9 6 10 6 9 6 8 6 8 5 8 5 8 4 8 5 8 4 8 4 7 4 6 3 6 3 6 2 5 2 4 1 4 2 4 1 4 1 3 1 2 0 2 0 2 0 0 0 0 -1 -1 -1 -1 -1 -1 -1 -1 -1 -1 0 0 0 0 -1 -1 -1 -1 -35 -13 -36 -12 -38 -15 -39 -18 -35 -17 -31 -15 -34 -19 -31 -15 -38 -19 -33 -21 -36 -22 -35 -22 -37 -22 -35 -23 -30 -21 -31 -23 -34 -21 -29 -24 -28 -19 -27 -21 -25 -20 -29 -20 -24 -20 -28 -20 -29 -24 -28 -17 -34 -7 -27 -20 -26 -18 -27 -15 -23 -14 -27 -17 -26 -14 -25 -14 -27 -13 -27 -11 -23 -9 -26 -9 -25 -11 -27 -9 -27 -9 -25 -4 -24 -6 -27 -7 -23 -5 -23 -3 -22 -5 -24 -2 -23 -2 -24 -5 -24 -3 -22 -3 -23 -4 -23 7 -27 12 -27 13 -23 14 -1 -1 ]
CSI_DATA,STA,08:3A:F2:51:5D:9D,-48,11,1,0,1,1,1,0,0,0,0,-94,0,6,1,26943429,0,110,0,0,27.158151,384,[110 96 6 0 0 0 0 0 0 0 0 0 3 -24 3 -23 3 -27 7 -28 6 -26 7 -22 8 -25 8 -22 8 -23 9 -23 11 -26 10 -26 10 -25 11 -24 11 -20 11 -26 10 -21 11 -20 9 -20 10 -19 11 -18 11 -19 11 -16 11 -19 12 -21 9 -19 0 0 9 -19 7 -20 8 -21 7 -19 9 -17 7 -19 7 -18 6 -17 6 -19 1 -16 2 -19 4 -16 4 -17 1 -17 2 -18 0 -18 1 -20 0 -16 2 -16 -1 -14 1 -15 1 -15 -1 -16 -2 -16 0 -15 -1 -15 0 0 0 0 0 0 0 0 0 0 -1 -1 -1 -1 -13 21 -13 20 -7 23 -9 20 -14 12 -13 12 -14 13 -15 11 -12 12 -11 10 -11 12 -8 12 -10 14 -10 13 -11 14 -9 14 -9 15 -8 14 -8 12 -8 14 -5 15 -9 13 -4 12 -7 12 -7 12 -6 13 -7 12 -4 13 -6 13 -5 14 2 15 -6 14 -6 12 -4 12 -5 11 -6 12 -4 11 -4 10 -5 10 -5 10 -4 10 -5 10 -5 9 -5 9 -4 7 -4 7 -4 6 -4 7 -4 6 -4 5 -4 4 -4 4 -3 3 -3 2 -3 2 -3 2 -2 1 0 0 0 0 -1 -1 -1 -1 -1 -1 -1 -1 -1 -1 0 0 0 0 -1 -1 -1 -1 -12 -38 -13 -36 -11 -41 -10 -42 -8 -39 -7 -36 -5 -40 -7 -35 -8 -43 -3 -40 -5 -44 -5 -42 -5 -45 -3 -43 -3 -37 0 -41 -5 -41 2 -40 -3 -35 0 -34 2 -33 -2 -35 2 -32 -1 -34 2 -37 -3 -33 -19 -33 -1 -34 -1 -34 -2 -31 -2 -29 -2 -32 -5 -30 -5 -29 -7 -30 -7 -30 -8 -26 -10 -29 -6 -26 -8 -27 -10 -26 -11 -23 -10 -23 -12 -26 -10 -22 -11 -21 -10 -22 -13 -20 -12 -19 -12 -22 -13 -21 -12 -19 -12 -21 -23 -14 -25 -14 -28 -13 -29 -10 -1 -1 ]
CSI_DATA,STA,08:3A:F2:51:5D:9D,-48,11,1,0,1,1,1,0,0,0,0,-94,0,6,1,26943880,0,110,0,0,27.168887,384,[110 96 6 0 0 0 0 0 0 0 0 0 20 -10 19 -9 22 -11 25 -9 22 -8 20 -5 22 -6 21 -5 21 -6 22 -5 25 -5 25 -5 24 -4 24 -3 20 -1 24 -5 21 -3 20 -2 20 -1 19 -2 19 -1 21 -1 18 0 20 -1 22 -1 20 -4 0 0 19 -2 18 -5 19 -3 17 -5 18 -1 17 -4 18 -4 16 -4 17 -6 13 -7 14 -8 13 -5 14 -5 14 -7 14 -7 13 -8 15 -8 11 -9 12 -8 11 -9 12 -8 12 -8 11 -8 11 -9 10 -7 10 -9 0 0 0 0 0 0 0 0 0 0 -1 -1 -1 -1 -24 -1 -25 4 -27 7 -21 4 -18 -5 -18 -4 -17 -5 -20 -6 -16 -4 -13 -2 -16 -3 -14 -1 -17 -1 -16 -1 -17 -2 -16 -1 -18 0 -16 0 -15 0 -15 1 -16 3 -15 0 -13 2 -14 0 -14 0 -14 2 -13 1 -14 4 -15 1 -13 3 -12 9 -14 2 -14 1 -12 2 -12 2 -13 1 -12 2 -11 2 -12 1 -11 1 -10 2 -11 1 -10 0 -10 0 -9 1 -8 1 -8 1 -8 0 -8 0 -6 0 -6 -1 -5 0 -4 -1 -4 -1 -4 -2 -3 -1 -3 -1 0 0 0 0 -1 -1 -1 -1 -1 -1 -1 -1 -1 -1 0 0 0 0 -1 -1 -1 -1 23 -27 22 -28 26 -28 28 -28 26 -25 24 -23 29 -24 23 -23 30 -28 29 -22 32 -25 30 -24 32 -26 32 -24 28 -19 31 -21 29 -24 32 -18 26 -19 27 -17 25 -15 28 -18 26 -14 26 -18 30 -17 24 -19 19 -30 27 -18 25 -16 23 -17 20 -16 24 -17 21 -19 20 -17 21 -19 19 -20 17 -18 16 -21 17 -18 16 -21 15 -21 11 -22 13 -20 14 -21 12 -19 10 -20 12 -19 10 -20 10 -21 10 -20 10 -20 9 -19 10 -20 0 -25 -2 -30 -4 -28 -4 -28 -1 -1 ]
CSI_DATA,STA,08:3A:F2:51:5D:9D,-48,11,1,0,1,1,1,0,0,0,0,-94,0,6,1,26944331,0,110,0,0,27.179466,384,[110 96 6 0 0 0 0 0 0 0 0 0 14 17 13 16 15 18 14 22 13 19 10 18 11 20 9 19 10 19 9 20 10 23 11 22 10 22 8 22 5 19 10 23 7 20 4 19 6 20 6 18 5 19 6 19 3 18 5 19 5 20 6 18 0 0 6 18 8 17 9 18 8 16 5 16 8 16 7 17 7 15 8 15 10 11 10 13 7 13 9 13 9 11 9 12 11 11 11 13 11 9 11 10 11 7 9 11 11 9 10 9 12 9 9 9 10 8 0 0 0 0 0 0 0 0 0 0 -1 -1 -1 -1 -3 -25 -2 -26 -7 -26 -4 -21 4 -19 1 -20 1 -19 3 -20 1 -18 0 -17 0 -19 -1 -16 -2 -19 -1 -18 -1 -19 -3 -17 -4 -19 -3 -17 -2 -15 -4 -16 -6 -17 -3 -17 -6 -14 -4 -15 -3 -15 -4 -15 -3 -14 -6 -14 -4 -16 -6 -14 -8 -13 -5 -15 -5 -14 -5 -13 -5 -13 -3 -14 -5 -13 -5 -12 -4 -12 -3 -12 -4 -11 -3 -11 -3 -11 -3 -10 -2 -10 -2 -9 -2 -8 -2 -9 -1 -7 -1 -6 -1 -6 -1 -6 -1 -5 -1 -4 -1 -4 0 -3 0 -3 0 0 0 0 -1 -1 -1 -1 -1 -1 -1 -1 -1 -1 0 0 0 0 -1 -1 -1 -1 32 19 32 18 34 22 33 24 31 23 26 22 31 25 28 22 32 27 28 28 30 30 29 26 32 30 28 31 25 28 27 28 28 30 22 30 23 24 20 26 19 26 21 28 19 28 22 26 22 30 23 24 30 13 21 26 22 24 22 21 20 20 18 22 23 20 21 20 24 19 24 17 23 15 22 15 21 15 24 16 24 14 21 8 22 12 26 12 23 10 21 9 21 9 22 8 23 7 22 9 22 8 20 8 20 9 22 2 29 -2 28 -5 25 -4 -1 -1 ]
CSI_DATA,STA,08:3A:F2:51:5D:9D,-48,11,1,0,1,1,1,0,0,0,0,-94,0,6,1,26963020,0,110,0,0,27.189644,384,[110 96 6 0 0 0 0 0 0 0 0 0 5 20 5 20 6 22 4 25 4 22 2 20 3 22 2 20 2 21 1 21 0 24 2 24 1 23 0 23 -2 19 1 24 -1 20 -2 19 -1 19 -1 18 -1 19 -2 20 -2 17 -1 19 -1 21 0 19 0 0 0 18 2 18 2 20 2 17 0 17 1 17 2 17 2 15 3 16 4 13 5 15 3 14 4 14 6 12 4 14 7 13 6 15 6 12 7 12 8 10 6 12 7 11 7 11 8 11 6 12 6 10 0 0 0 0 0 0 0 0 0 0 -1 -1 -1 -1 1 -22 0 -21 -5 -24 -7 -22 5 -19 4 -17 3 -19 6 -18 2 -16 3 -15 2 -17 0 -15 0 -17 1 -17 2 -17 1 -17 1 -18 0 -17 0 -15 -2 -16 -4 -15 -2 -16 -4 -13 -3 -14 -1 -13 -4 -14 -1 -14 -4 -14 -2 -16 -4 -14 -8 -13 -4 -14 -3 -14 -4 -12 -4 -13 -3 -12 -4 -12 -4 -11 -4 -11 -3 -11 -3 -11 -2 -11 -2 -11 -2 -10 -2 -9 -2 -9 -1 -7 -2 -8 -1 -7 -1 -7 -1 -5 -1 -5 -1 -5 -1 -4 -1 -4 0 -4 0 -4 0 0 -1 -1 -1 -1 -1 -1 -1 -1 -1 -1 -1 -1 -1 -1 0 0 0 0 -1 -1 21 29 21 27 23 30 21 32 21 31 16 27 19 32 17 26 22 33 16 35 16 38 16 37 17 39 15 37 12 32 15 33 17 32 13 33 13 27 12 30 11 28 15 29 10 29 11 31 10 35 12 29 21 24 11 28 13 27 14 25 13 22 13 26 17 22 15 22 17 21 17 21 15 19 16 21 15 21 18 20 18 18 20 15 18 15 20 16 15 14 19 12 17 13 19 10 19 10 20 14 18 13 17 14 17 13 22 6 27 2 26 -1 25 -3 -1 -1 ]
CSI_DATA,STA,08:3A:F2:51:5D:9D,-49,11,1,0,1,1,1,0,0,0,0,-94,0,6,1,27125030,0,110,0,0,27.291916,384,[110 96 6 0 0 0 0 0 0 0 0 0 -19 -15 -19 -14 -22 -16 -21 -19 -20 -18 -16 -17 -19 -18 -17 -17 -17 -17 -17 -19 -18 -22 -18 -21 -17 -21 -16 -21 -13 -19 -18 -21 -14 -19 -13 -19 -14 -18 -14 -17 -13 -18 -14 -18 -10 -18 -13 -19 -14 -20 -14 -16 0 0 -14 -17 -16 -15 -16 -15 -15 -13 -13 -15 -15 -13 -15 -14 -14 -12 -16 -12 -15 -8 -16 -10 -13 -10 -14 -10 -15 -8 -15 -8 -16 -7 -18 -9 -15 -5 -15 -6 -15 -3 -15 -6 -15 -5 -16 -6 -16 -4 -14 -6 -14 -4 0 0 0 0 0 0 0 0 0 0 -1 -1 -1 -1 18 17 19 19 20 14 20 11 8 17 8 15 10 16 8 17 10 14 7 12 10 13 9 10 12 13 11 13 11 14 11 12 13 14 12 12 10 10 13 9 14 8 12 10 11 6 11 8 11 9 13 7 11 9 13 7 13 9 13 7 16 2 12 7 13 7 11 6 11 6 11 7 12 5 10 5 10 5 10 6 9 6 9 6 9 6 9 6 8 5 7 4 6 4 7 4 5 4 5 3 4 4 4 3 4 2 3 3 2 3 1 2 1 2 0 0 -1 -1 -1 -1 -1 -1 -1 -1 -1 -1 -1 -1 -1 -1 0 0 0 0 -1 -1 -39 -10 -37 -8 -42 -10 -40 -12 -41 -11 -34 -12 -40 -14 -34 -11 -43 -13 -39 -19 -41 -20 -40 -19 -43 -20 -40 -20 -33 -17 -38 -17 -37 -14 -37 -18 -31 -13 -33 -17 -29 -17 -35 -13 -31 -18 -32 -17 -35 -22 -32 -14 -37 -3 -31 -15 -32 -13 -30 -9 -29 -9 -30 -12 -32 -7 -29 -9 -30 -6 -31 -5 -29 -5 -30 -4 -29 -6 -29 -3 -28 -3 -27 3 -25 0 -29 1 -24 0 -25 3 -24 2 -25 5 -24 5 -27 2 -25 3 -24 2 -23 2 -22 16 -22 19 -22 19 -18 24 -1 -1 ]
CSI_DATA,STA,08:3A:F2:51:5D:9D,-48,11,1,0,1,1,1,0,0,0,0,-94,0,6,1,27125670,0,110,0,0,27.303412,384,[110 96 6 0 0 0 0 0 0 0 0 0 9 -20 9 -19 10 -23 13 -22 12 -21 11 -17 12 -20 12 -18 12 -19 14 -18 16 -20 15 -21 15 -19 16 -18 14 -15 15 -20 14 -17 14 -16 13 -16 12 -15 13 -15 13 -16 14 -12 14 -15 15 -16 12 -16 0 0 12 -16 10 -17 10 -17 9 -16 11 -14 9 -16 10 -16 7 -15 8 -17 4 -15 5 -16 7 -14 6 -15 4 -15 4 -15 3 -16 4 -18 1 -15 2 -15 0 -14 2 -15 2 -15 2 -15 1 -15 2 -14 1 -14 0 0 0 0 0 0 0 0 0 0 -1 -1 -1 -1 -12 21 -12 22 -9 22 -5 21 -14 11 -13 10 -14 12 -14 11 -12 11 -10 9 -11 11 -8 10 -9 13 -11 13 -11 13 -10 12 -10 14 -9 12 -8 10 -6 13 -5 13 -7 13 -4 11 -6 12 -7 11 -4 12 -7 12 -4 13 -7 13 -5 13 1 14 -5 12 -5 12 -3 10 -4 11 -5 10 -3 11 -3 10 -4 9 -3 9 -3 10 -4 9 -5 9 -4 8 -4 7 -3 7 -3 6 -3 7 -4 6 -3 5 -3 4 -2 4 -3 3 -3 3 -3 2 -2 2 -2 2 0 0 -1 -1 -1 -1 -1 -1 -1 -1 -1 -1 -1 -1 -1 -1 0 0 0 0 -1 -1 -1 -36 -2 -33 -2 -38 1 -37 0 -37 1 -31 2 -37 1 -32 0 -40 6 -38 7 -41 7 -39 7 -42 8 -39 6 -32 6 -36 2 -35 7 -37 3 -30 6 -32 7 -28 3 -33 8 -30 6 -32 10 -35 5 -31 -10 -34 4 -30 3 -31 1 -27 0 -27 2 -29 -2 -28 0 -27 -3 -27 -5 -28 -4 -25 -5 -26 -2 -26 -5 -27 -5 -25 -10 -22 -6 -21 -9 -25 -7 -21 -9 -21 -8 -21 -11 -20 -11 -20 -8 -23 -9 -22 -8 -21 -8 -20 -21 -15 -24 -15 -23 -15 -27 -9 -1 -1 ]
CSI_DATA,STA,08:3A:F2:51:5D:9D,-48,11,1,0,1,1,1,0,0,0,0,-94,0,6,1,27125973,0,110,0,0,27.314003,384,[110 96 6 0 0 0 0 0 0 0 0 0 18 -12 17 -12 20 -14 23 -12 21 -12 19 -8 21 -10 19 -9 20 -10 21 -8 24 -8 23 -9 23 -8 23 -6 20 -4 23 -8 20 -6 20 -4 19 -5 18 -5 19 -5 20 -5 18 -2 20 -5 21 -5 18 -6 0 0 18 -6 18 -7 19 -7 16 -8 17 -5 16 -7 17 -7 15 -7 16 -8 12 -10 14 -10 13 -7 13 -8 12 -9 12 -9 12 -11 14 -11 10 -10 11 -11 8 -10 11 -10 10 -10 11 -10 10 -11 10 -9 8 -10 0 0 0 0 0 0 0 0 0 0 -1 -1 -1 -1 -25 0 -25 1 -25 5 -21 5 -20 -5 -18 -4 -20 -3 -20 -5 -18 -3 -15 -3 -18 -2 -15 0 -18 0 -18 -1 -18 -1 -18 0 -19 0 -18 1 -16 0 -16 3 -16 4 -17 1 -14 4 -15 1 -15 1 -15 3 -15 1 -15 5 -17 2 -15 4 -13 8 -15 4 -15 3 -13 4 -13 4 -14 2 -13 4 -12 3 -12 2 -11 2 -12 2 -12 2 -12 1 -11 1 -11 1 -9 2 -9 1 -9 1 -8 -1 -7 0 -7 -1 -6 0 -6 0 -5 -1 -5 -1 -4 -1 -3 -1 -1 -1 0 0 0 0 -1 -1 -1 -1 -1 -1 0 0 0 0 -1 -1 -1 -1 -1 -1 23 -30 21 -30 25 -32 27 -30 26 -30 24 -24 29 -28 24 -26 30 -31 31 -26 33 -28 32 -27 35 -28 34 -26 29 -22 31 -24 29 -26 32 -22 25 -21 28 -20 27 -17 27 -22 28 -17 28 -20 33 -20 25 -21 20 -29 27 -20 25 -20 23 -21 20 -20 24 -20 21 -22 21 -20 20 -22 20 -24 17 -22 17 -23 18 -21 17 -24 16 -23 11 -24 12 -22 14 -25 11 -21 10 -22 11 -21 9 -24 8 -23 12 -23 10 -23 9 -22 10 -21 2 -24 -1 -29 -1 -29 -6 -27 -1 -1 ]
CSI_DATA,STA,08:3A:F2:51:5D:9D,-48,11,1,0,1,1,1,0,0,0,0,-94,0,6,1,27126433,0,110,0,0,27.324646,384,[110 96 6 0 0 0 0 0 0 0 0 0 18 11 18 10 21 12 20 15 19 14 15 13 17 15 15 14 16 14 16 16 17 18 18 17 16 17 15 18 12 16 17 18 13 16 12 16 12 15 12 15 12 15 12 16 9 15 12 16 13 17 12 14 0 0 12 15 13 13 14 14 13 11 11 13 13 12 13 13 12 11 13 11 12 7 14 8 12 9 12 9 13 7 13 8 14 6 15 9 13 5 14 5 13 3 13 6 13 5 13 6 14 4 12 6 12 4 0 0 0 0 0 0 0 0 0 0 -1 -1 -1 -1 -13 -22 -14 -23 -16 -20 -14 -17 -5 -20 -5 -18 -7 -19 -5 -20 -7 -17 -5 -15 -8 -16 -7 -14 -9 -16 -8 -16 -8 -17 -9 -16 -10 -17 -9 -15 -8 -14 -11 -14 -11 -12 -9 -14 -10 -10 -10 -12 -8 -12 -11 -11 -9 -13 -11 -11 -10 -14 -11 -11 -14 -8 -10 -11 -10 -11 -10 -9 -10 -10 -8 -11 -10 -10 -10 -9 -9 -9 -8 -10 -9 -9 -7 -10 -7 -9 -7 -9 -6 -8 -7 -7 -5 -7 -7 -6 -4 -7 -5 -6 -3 -6 -4 -6 -3 -5 -2 -4 -2 -5 -2 -4 -1 -4 0 0 -1 -1 -1 -1 -1 -1 -1 -1 -1 -1 -1 -1 -1 -1 0 0 0 0 -1 -1 37 10 35 8 40 10 39 13 38 12 31 12 37 15 32 11 41 14 36 19 39 21 37 19 39 21 37 21 30 18 36 19 36 16 34 21 29 14 29 17 27 17 31 16 27 20 29 18 31 23 29 16 34 8 28 16 29 15 27 12 26 10 27 14 29 10 26 10 28 9 29 6 24 6 27 6 26 8 28 6 27 5 26 0 24 2 28 2 23 2 23 -1 23 0 24 -2 24 -3 25 1 24 0 22 0 23 0 23 -9 25 -13 24 -13 21 -18 -1 -1 ]
CSI_DATA,STA,08:3A:F2:51:5D:9D,-48,11,1,0,1,1,1,0,0,0,0,-94,0,6,1,27126924,0,110,0,0,27.334993,384,[110 96 6 0 0 0 0 0 0 0 0 0 -25 1 -23 1 -27 2 -28 -1 -27 0 -22 -2 -26 -2 -24 -2 -24 -1 -25 -4 -28 -5 -28 -4 -27 -5 -26 -6 -21 -6 -28 -4 -23 -5 -23 -6 -22 -5 -21 -5 -21 -6 -23 -5 -20 -7 -22 -6 -24 -7 -21 -4 0 0 -21 -4 -22 -2 -22 -2 -20 0 -19 -4 -20 -1 -21 -2 -19 -1 -20 0 -17 3 -19 3 -17 0 -17 1 -16 3 -17 3 -16 5 -20 4 -15 5 -15 6 -14 6 -15 5 -15 5 -16 5 -15 6 -15 4 -13 5 0 0 0 0 0 0 0 0 0 0 -1 -1 -1 -1 25 5 25 5 26 1 23 -2 18 9 17 7 18 7 18 9 17 6 14 5 17 5 15 2 18 3 17 4 18 5 17 3 19 3 17 3 15 3 17 0 17 -2 16 1 14 -2 15 0 14 1 15 -2 15 0 15 -2 17 0 15 -2 14 -8 15 -2 15 -1 13 -2 13 -3 14 -1 13 -3 12 -2 12 -2 12 -2 11 -2 12 0 11 0 11 0 10 -1 9 -2 8 -1 8 -1 7 0 6 -1 6 0 6 -1 5 0 4 0 3 1 3 0 3 0 0 0 -1 -1 -1 -1 -1 -1 -1 -1 -1 -1 -1 -1 -1 -1 0 0 0 0 -1 -1 -38 17 -35 17 -41 18 -41 15 -40 16 -35 13 -42 14 -35 13 -43 17 -43 10 -46 10 -44 9 -47 11 -46 8 -38 7 -42 10 -40 12 -42 7 -34 9 -37 6 -34 5 -37 10 -36 4 -37 6 -42 4 -35 8 -33 19 -35 7 -34 8 -31 10 -29 11 -32 9 -30 13 -29 11 -29 13 -29 15 -25 13 -27 15 -27 12 -27 15 -25 15 -20 19 -20 15 -24 18 -20 16 -18 18 -19 16 -17 19 -16 19 -21 17 -19 17 -18 16 -18 16 -10 24 -9 29 -8 29 -2 30 -1 -1 ]
CSI_DATA,STA,08:3A:F2:51:5D:9D,-48,11,1,0,1,1,1,0,0,0,0,-94,0,6,1,27130200,0,110,0,0,27.345317,384,[110 96 6 0 0 0 0 0 0 0 0 0 10 -20 10 -19 11 -23 15 -22 13 -21 13 -17 14 -19 13 -17 13 -18 15 -18 17 -19 16 -20 16 -19 17 -17 15 -14 17 -19 15 -16 16 -14 15 -14 14 -14 15 -14 15 -15 15 -11 15 -14 16 -15 13 -15 0 0 13 -15 12 -16 12 -16 11 -16 12 -13 11 -15 12 -16 9 -14 10 -16 6 -15 7 -16 8 -14 8 -14 5 -15 6 -15 4 -16 7 -18 3 -15 4 -15 2 -14 4 -15 4 -15 3 -15 2 -16 4 -14 2 -14 0 0 0 0 0 0 0 0 0 0 -1 -1 -1 -1 -20 16 -19 16 -16 19 -13 18 -18 8 -16 7 -17 9 -18 8 -15 9 -13 7 -15 9 -12 9 -14 11 -14 10 -15 10 -14 10 -15 12 -13 10 -12 9 -11 11 -10 12 -12 11 -8 11 -10 10 -10 9 -9 12 -11 10 -9 12 -11 11 -9 12 -5 15 -9 12 -9 11 -7 10 -7 11 -9 10 -7 10 -7 10 -7 9 -8 9 -7 9 -8 8 -7 7 -7 7 -7 6 -6 7 -6 5 -6 6 -6 5 -5 5 -5 4 -4 4 -3 3 -4 2 -4 1 -4 1 -4 1 0 0 -1 -1 -1 -1 -1 -1 -1 -1 -1 -1 -1 -1 -1 -1 0 0 0 0 -1 -1 5 -38 4 -37 6 -41 8 -40 8 -40 8 -34 10 -39 7 -33 8 -43 14 -38 16 -41 15 -40 16 -43 16 -40 13 -33 14 -38 11 -38 16 -37 10 -31 13 -32 13 -29 10 -34 15 -30 14 -32 18 -35 11 -32 2 -36 12 -31 10 -31 7 -30 7 -28 9 -30 5 -30 6 -29 4 -30 3 -31 2 -27 2 -29 4 -28 2 -29 0 -28 -5 -26 -2 -25 -3 -29 -3 -24 -5 -24 -3 -24 -7 -24 -7 -24 -3 -26 -4 -24 -4 -24 -4 -23 -14 -21 -18 -23 -18 -22 -23 -18 -1 -1 ]
CSI_DATA,STA,08:3A:F2:51:5D:9D,-48,11,1,0,1,1,1,0,0,0,0,-94,0,6,1,27132393,0,110,0,0,27.355958,384,[110 96 6 0 0 0 0 0 0 0 0 0 -7 -19 -7 -18 -8 -21 -6 -23 -6 -21 -4 -19 -5 -21 -4 -19 -4 -20 -3 -21 -3 -23 -3 -23 -3 -23 -2 -22 0 -19 -3 -24 -1 -20 0 -19 -1 -19 -1 -18 -1 -18 -2 -19 1 -17 -1 -19 -1 -20 -2 -19 0 0 -3 -18 -5 -17 -4 -19 -5 -16 -2 -16 -5 -16 -4 -18 -5 -15 -6 -16 -8 -13 -8 -14 -6 -14 -6 -14 -7 -13 -7 -13 -9 -13 -9 -15 -8 -11 -9 -11 -9 -9 -8 -11 -9 -11 -9 -11 -11 -10 -8 -10 -9 -9 0 0 0 0 0 0 0 0 0 0 -1 -1 -1 -1 6 20 8 19 11 19 10 16 -2 16 0 15 0 15 -2 15 1 14 0 13 2 12 2 11 3 13 2 13 2 14 3 13 4 14 4 13 3 11 5 12 6 11 4 11 5 9 4 10 4 10 6 10 4 10 6 9 5 11 6 10 11 6 6 10 5 10 5 8 5 8 5 9 6 8 5 7 5 8 4 8 4 7 4 8 4 7 3 7 3 6 3 6 2 5 3 5 1 5 2 4 1 4 2 3 1 3 1 3 0 3 0 2 0 2 0 0 -1 -1 -1 -1 -1 -1 -1 -1 -1 -1 -1 -1 -1 -1 0 0 0 0 -1 -1 -23 -23 -23 -21 -25 -25 -23 -26 -24 -25 -19 -22 -21 -26 -19 -22 -25 -27 -20 -28 -21 -30 -21 -28 -22 -31 -21 -30 -16 -25 -18 -28 -20 -26 -18 -28 -17 -21 -15 -24 -14 -23 -19 -24 -14 -24 -16 -24 -16 -28 -16 -23 -27 -14 -17 -23 -18 -22 -17 -19 -16 -18 -16 -20 -19 -17 -17 -18 -20 -16 -20 -15 -19 -14 -21 -14 -19 -15 -19 -14 -19 -12 -20 -10 -18 -10 -21 -11 -18 -10 -19 -7 -17 -9 -20 -6 -19 -5 -21 -8 -20 -8 -17 -8 -17 -8 -22 3 -26 6 -21 8 -25 12 -1 -1 ]
CSI_DATA,STA,08:3A:F2:51:5D:9D,-48,11,1,0,1,1,1,0,0,0,0,-94,0,6,1,27133058,0,110,0,0,27.366577,384,[110 96 6 0 0 0 0 0 0 0 0 0 19 -11 18 -11 21 -13 24 -11 22 -10 19 -7 22 -8 20 -7 21 -8 22 -7 24 -7 24 -8 24 -7 23 -5 20 -4 24 -8 21 -5 20 -3 20 -4 19 -4 20 -3 21 -4 17 -1 20 -3 22 -4 19 -5 0 0 20 -5 18 -7 19 -6 16 -7 18 -4 17 -6 18 -5 16 -6 16 -7 12 -8 15 -10 14 -7 14 -8 13 -9 13 -8 12 -11 14 -11 10 -9 11 -11 9 -10 11 -10 11 -10 10 -10 10 -11 11 -9 9 -10 0 0 0 0 0 0 0 0 0 0 -1 -1 -1 -1 -25 3 -26 3 -25 7 -20 8 -19 -4 -18 -2 -20 -2 -20 -4 -18 -3 -15 -2 -17 -1 -15 2 -18 1 -17 0 -19 -1 -18 1 -19 1 -17 1 -15 1 -16 3 -16 5 -16 2 -13 4 -14 3 -14 1 -15 4 -15 2 -14 5 -16 3 -14 5 -12 9 -14 5 -15 4 -12 4 -12 4 -13 3 -12 4 -11 4 -12 3 -11 3 -11 3 -12 2 -11 1 -11 1 -10 1 -9 2 -8 1 -9 1 -7 1 -7 1 -6 0 -6 0 -5 0 -5 -1 -4 -1 -4 -1 -4 0 0 0 -1 -1 -1 -1 -1 -1 -1 -1 -1 -1 -1 -1 -1 -1 0 0 0 0 -1 -1 24 -29 22 -29 26 -31 27 -30 26 -29 24 -24 28 -27 22 -24 29 -31 30 -24 33 -27 32 -26 34 -28 34 -26 28 -22 31 -24 29 -26 32 -21 24 -21 27 -20 26 -17 26 -22 27 -17 27 -19 33 -19 26 -21 20 -30 26 -20 25 -20 22 -21 19 -19 24 -20 20 -22 20 -20 19 -22 18 -24 15 -20 17 -23 19 -21 17 -23 16 -23 10 -24 12 -22 12 -25 10 -21 9 -22 10 -21 7 -23 7 -23 11 -22 10 -22 9 -21 9 -21 -1 -25 -2 -29 -4 -30 -9 -27 -1 -1 ]
CSI_DATA,STA,08:3A:F2:51:5D:9D,-48,11,1,0,1,1,1,0,0,0,0,-94,0,6,1,27133877,0,110,0,0,27.377185,384,[110 96 6 0 0 0 0 0 0 0 0 0 -9 22 -9 21 -10 25 -13 25 -12 23 -12 19 -13 22 -13 19 -12 20 -15 20 -17 22 -16 23 -16 21 -16 20 -16 16 -17 22 -15 18 -16 16 -15 17 -14 15 -15 15 -15 16 -15 13 -15 16 -17 17 -14 16 0 0 -14 17 -12 17 -13 17 -11 17 -13 14 -11 16 -11 17 -9 15 -11 17 -6 16 -7 16 -8 15 -7 15 -5 15 -6 15 -4 16 -6 18 -4 14 -4 16 -2 15 -4 15 -3 15 -3 15 -2 16 -3 13 -1 14 0 0 0 0 0 0 0 0 0 0 -1 -1 -1 -1 16 -21 18 -22 13 -22 12 -21 15 -11 16 -10 15 -13 16 -12 14 -12 13 -9 14 -13 11 -12 13 -14 13 -12 14 -13 13 -13 13 -15 12 -13 10 -11 10 -14 8 -16 11 -14 6 -13 8 -12 9 -12 8 -14 9 -13 7 -14 10 -14 7 -15 2 -17 7 -14 8 -13 6 -12 6 -13 8 -12 6 -13 5 -11 5 -12 6 -11 6 -11 7 -11 6 -9 7 -10 6 -8 5 -9 5 -7 5 -8 5 -6 4 -6 4 -5 3 -5 3 -5 3 -4 2 -3 2 -3 2 -3 0 0 -1 -1 -1 -1 -1 -1 -1 -1 -1 -1 -1 -1 -1 -1 0 0 0 0 -1 -1 0 40 1 38 0 42 -3 43 -3 41 -3 36 -5 41 -2 35 -3 45 -10 41 -10 44 -9 43 -9 46 -11 44 -9 36 -10 40 -8 41 -13 40 -6 33 -11 34 -11 30 -8 36 -12 33 -10 33 -15 38 -7 34 6 35 -9 34 -8 32 -5 31 -6 29 -7 31 -3 31 -4 29 -1 31 -1 30 0 27 1 29 -1 29 1 30 1 29 6 26 3 25 4 28 3 23 5 23 5 23 8 23 8 23 5 26 5 24 6 22 6 24 16 20 21 23 24 18 25 17 -1 -1 ]
CSI_DATA,STA,08:3A:F2:51:5D:9D,-48,11,1,0,1,1,1,0,0,0,0,-94,0,6,1,27225974,0,110,0,0,27.392949,384,[110 96 6 0 0 0 0 0 0 0 0 0 15 17 15 16 17 19 16 23 15 20 12 19 13 20 12 19 12 20 11 21 12 24 13 23 11 23 10 23 8 20 12 23 9 21 7 20 8 22 7 19 7 19 8 20 5 20 7 20 8 22 9 18 0 0 8 18 10 17 11 18 11 17 7 16 9 16 10 17 11 16 11 16 11 10 12 12 11 14 10 12 11 11 11 11 13 10 13 13 12 8 12 9 11 6 12 9 12 8 12 9 12 8 11 8 11 7 0 0 0 0 0 0 0 0 0 0 -1 -1 -1 -1 3 -26 3 -25 -1 -27 -2 -23 3 -22 2 -21 3 -23 2 -22 1 -23 0 -19 -1 -20 -2 -17 -3 -22 -2 -20 -2 -21 -3 -20 -3 -22 -3 -20 -3 -18 -5 -19 -7 -19 -3 -19 -7 -16 -5 -17 -4 -17 -6 -16 -4 -17 -7 -17 -5 -18 -7 -17 -7 -15 -7 -16 -6 -16 -7 -15 -7 -14 -4 -15 -7 -15 -6 -14 -6 -14 -5 -13 -5 -12 -5 -12 -4 -13 -3 -12 -3 -11 -4 -10 -3 -9 -3 -10 -2 -8 -3 -7 -2 -7 -2 -7 -2 -6 -1 -6 -1 -5 -1 -4 -1 -4 0 0 0 0 -1 -1 -1 -1 -1 -1 -1 -1 -1 -1 0 0 0 0 -1 -1 -1 -1 34 27 34 25 36 29 35 33 33 30 28 28 32 32 28 28 35 35 28 35 31 38 30 37 31 40 29 39 24 34 27 36 29 35 23 36 23 31 22 34 21 32 23 32 20 36 23 32 21 36 24 29 26 26 22 30 20 28 23 26 22 22 20 28 25 22 22 24 24 25 26 24 23 17 25 19 22 21 26 19 24 18 26 14 23 13 28 16 23 13 26 12 24 11 26 9 26 9 25 13 24 11 23 10 23 10 23 6 29 4 30 4 29 -1 -1 -1 ]
CSI_DATA,STA,08:3A:F2:51:5D:9D,-49,11,1,0,1,1,1,0,0,0,0,-94,0,6,1,27226310,0,110,0,0,27.403732,384,[110 96 6 0 0 0 0 0 0 0 0 0 17 16 16 15 19 17 17 20 17 19 13 17 15 19 13 18 14 18 13 20 13 23 14 22 13 22 12 22 8 19 14 22 10 19 9 20 10 19 9 18 9 18 10 19 6 18 9 19 9 21 10 18 0 0 10 17 12 16 11 17 11 14 8 15 11 15 11 16 10 13 12 14 12 10 13 11 10 12 11 12 12 10 12 10 13 9 14 11 12 7 13 7 12 5 12 8 13 7 13 8 13 7 11 8 11 6 0 0 0 0 0 0 0 0 0 0 -1 -1 -1 -1 -18 -18 -20 -20 -20 -16 -20 -12 -7 -18 -6 -16 -8 -17 -6 -17 -8 -16 -5 -13 -8 -14 -8 -11 -10 -14 -10 -15 -9 -16 -9 -14 -11 -15 -10 -14 -8 -12 -11 -11 -12 -10 -11 -12 -11 -8 -10 -10 -9 -10 -12 -9 -10 -11 -12 -9 -11 -12 -11 -10 -17 -4 -11 -10 -11 -9 -10 -7 -10 -8 -9 -9 -11 -7 -10 -7 -10 -7 -9 -7 -9 -7 -8 -8 -8 -7 -7 -7 -6 -7 -7 -6 -5 -5 -7 -5 -5 -5 -5 -5 -4 -5 -5 -4 -4 -4 -3 -4 -3 -4 -2 -3 -2 -3 0 0 0 0 -1 -1 -1 -1 -1 -1 -1 -1 -1 -1 0 0 0 0 -1 -1 -1 -1 35 11 33 9 39 10 35 13 38 12 29 12 35 15 30 11 40 12 36 19 37 21 35 21 38 21 35 21 28 17 34 18 32 15 34 19 26 13 28 16 24 16 30 13 27 19 28 18 30 23 27 15 37 3 26 15 28 14 25 10 26 10 25 13 27 8 25 9 26 7 27 5 24 6 26 6 25 8 26 5 24 4 24 -2 21 2 26 0 21 2 21 -2 21 0 22 -3 21 -4 24 -1 22 -1 21 -1 21 0 21 -15 23 -18 21 -17 17 -25 -1 -1 ]
CSI_DATA,STA,08:3A:F2:51:5D:9D,-48,11,1,0,1,1,1,0,0,0,0,-94,0,6,1,27226800,0,110,0,0,27.414050,384,[110 96 6 0 0 0 0 0 0 0 0 0 -9 20 -8 19 -9 22 -12 23 -11 21 -11 17 -12 20 -11 18 -11 19 -14 18 -15 20 -15 20 -15 19 -15 18 -14 14 -15 20 -14 16 -14 15 -14 15 -12 15 -13 14 -14 16 -14 12 -14 15 -15 16 -12 15 0 0 -12 15 -10 16 -11 16 -9 16 -11 13 -9 15 -10 16 -9 14 -8 15 -5 14 -6 15 -8 13 -7 14 -4 14 -5 14 -4 15 -5 17 -2 13 -3 14 -1 13 -3 14 -3 14 -3 14 -2 14 -3 13 -1 12 0 0 0 0 0 0 0 0 0 0 -1 -1 -1 -1 11 -21 12 -23 8 -23 5 -21 13 -12 12 -11 12 -13 13 -11 11 -11 9 -10 10 -12 7 -12 9 -14 10 -13 10 -13 9 -13 9 -14 8 -13 7 -11 6 -14 5 -14 7 -14 3 -12 5 -12 6 -11 4 -13 6 -12 4 -13 7 -14 4 -14 -2 -16 4 -14 5 -12 3 -11 3 -12 5 -11 3 -12 3 -11 3 -11 3 -10 3 -10 4 -10 4 -9 4 -9 3 -8 2 -8 2 -7 2 -7 2 -6 2 -6 2 -5 1 -5 2 -4 1 -4 1 -3 1 -3 1 -2 0 0 0 0 -1 -1 -1 -1 -1 -1 -1 -1 -1 -1 0 0 0 0 -1 -1 -1 -1 3 34 3 32 3 37 0 36 2 36 -1 30 -2 36 0 30 1 39 -5 36 -6 39 -6 38 -6 41 -6 38 -6 31 -5 35 -3 34 -6 35 -4 28 -6 31 -7 28 -3 32 -8 29 -7 30 -10 34 -4 29 10 33 -5 29 -4 29 -1 26 -1 26 -3 27 1 27 0 26 1 26 3 26 2 24 3 25 0 25 4 25 4 24 9 21 5 20 7 24 5 20 8 19 7 20 9 19 9 18 7 21 7 20 7 19 7 19 19 14 23 15 22 14 26 9 -1 -1 ]
CSI_DATA,STA,08:3A:F2:51:5D:9D,-48,11,1,0,1,1,1,0,0,0,0,-94,0,6,1,27235140,0,110,0,0,27.424181,384,[110 96 6 0 0 0 0 0 0 0 0 0 23 5 22 5 25 5 26 9 24 8 20 8 23 10 21 9 22 9 21 11 24 12 24 11 23 12 22 13 18 12 24 12 20 12 18 13 18 12 17 11 17 12 18 12 15 12 18 12 19 13 18 10 0 0 18 10 18 8 19 9 18 6 16 9 17 7 18 8 16 6 18 6 16 2 17 3 15 5 16 4 16 2 15 2 16 1 18 2 15 0 16 0 14 -2 15 1 15 0 15 0 15 -1 14 0 13 -2 0 0 0 0 0 0 0 0 0 0 -1 -1 -1 -1 -23 -13 -24 -13 -25 -9 -22 -7 -14 -14 -14 -13 -15 -14 -14 -15 -14 -12 -12 -10 -14 -11 -13 -8 -16 -10 -15 -10 -15 -11 -16 -9 -17 -10 -15 -9 -14 -8 -16 -7 -17 -6 -15 -8 -14 -5 -14 -7 -14 -7 -15 -5 -14 -6 -15 -4 -15 -7 -16 -4 -17 1 -16 -5 -14 -6 -13 -4 -13 -4 -13 -6 -13 -5 -13 -4 -12 -4 -12 -4 -12 -4 -11 -5 -11 -5 -10 -5 -9 -5 -9 -3 -8 -4 -8 -4 -8 -3 -6 -3 -6 -3 -6 -3 -5 -3 -4 -3 -4 -3 -3 -3 -3 -2 0 0 0 0 -1 -1 -1 -1 -1 -1 -1 -1 -1 -1 0 0 0 0 -1 -1 -1 -1 37 -9 36 -10 40 -9 41 -7 39 -7 34 -5 40 -4 34 -5 43 -7 40 -1 42 -1 41 -2 44 -2 43 0 36 1 40 1 39 -2 39 2 32 0 34 2 32 3 35 0 32 3 34 1 38 4 33 -1 34 -16 33 1 32 0 30 -2 28 -2 31 0 30 -4 28 -3 29 -6 29 -7 24 -7 27 -8 26 -5 27 -9 26 -9 22 -13 22 -9 25 -12 21 -10 20 -12 21 -10 20 -13 20 -13 22 -11 21 -12 20 -11 20 -11 14 -21 14 -27 14 -27 10 -28 -1 -1 ]
CSI_DATA,STA,08:3A:F2:51:5D:9D,-48,11,1,0,1,1,1,0,0,0,0,-94,0,6,1,27316757,0,110,0,0,27.483178,384,[110 96 6 0 0 0 0 0 0 0 0 0 -20 -11 -19 -10 -23 -12 -22 -15 -21 -14 -17 -13 -20 -14 -17 -14 -19 -13 -18 -16 -20 -18 -20 -17 -18 -17 -17 -18 -14 -16 -19 -17 -16 -15 -14 -16 -15 -15 -14 -14 -14 -15 -15 -16 -11 -16 -14 -16 -15 -17 -15 -14 0 0 -14 -14 -16 -12 -16 -13 -15 -11 -13 -13 -15 -11 -15 -12 -14 -10 -15 -10 -14 -6 -15 -7 -13 -9 -14 -9 -15 -6 -14 -7 -15 -5 -17 -7 -14 -4 -14 -4 -13 -2 -14 -5 -15 -4 -15 -5 -15 -3 -13 -5 -13 -3 0 0 0 0 0 0 0 0 0 0 -1 -1 -1 -1 14 17 15 18 18 15 16 11 7 16 7 14 9 15 7 16 8 14 7 12 8 13 8 10 10 12 9 12 9 13 10 12 11 13 10 11 8 10 11 9 12 7 10 10 10 6 9 8 9 9 11 8 9 9 11 7 10 9 11 7 13 3 11 7 10 7 10 6 9 5 9 7 10 6 8 5 8 6 8 5 7 5 7 6 7 6 7 6 6 5 5 4 4 3 5 4 3 3 3 3 3 3 3 2 2 2 1 2 1 2 0 1 0 1 -1 -1 -1 -1 -1 -1 -1 -1 -1 -1 -1 -1 -1 -1 -1 -1 -1 -1 0 0 0 0 -38 -6 -37 -5 -41 -6 -40 -9 -40 -8 -34 -8 -40 -11 -33 -9 -43 -9 -38 -16 -41 -16 -40 -16 -43 -16 -41 -16 -33 -14 -38 -14 -38 -12 -36 -17 -32 -11 -32 -14 -29 -15 -34 -12 -30 -17 -32 -15 -34 -19 -31 -13 -35 -3 -31 -13 -31 -11 -29 -8 -28 -7 -29 -11 -30 -6 -29 -8 -29 -6 -30 -4 -25 -4 -28 -3 -28 -6 -28 -2 -28 -2 -25 3 -24 0 -28 2 -24 1 -23 4 -23 1 -24 4 -23 5 -25 1 -24 2 -22 2 -23 3 -20 12 -22 17 -22 16 -18 20 -1 -1 ]
CSI_DATA,STA,08:3A:F2:51:5D:9D,-48,11,1,0,1,1,1,0,0,0,0,-94,0,6,1,27342908,0,110,0,0,27.509328,384,[110 96 6 0 0 0 0 0 0 0 0 0 9 19 9 18 11 21 9 24 8 22 5 19 7 22 5 20 6 20 4 21 5 24 5 24 4 23 3 23 1 19 5 24 3 20 1 20 2 20 2 18 1 19 2 20 -1 17 2 20 2 21 3 19 0 0 3 18 5 18 4 18 5 16 2 17 4 17 4 17 4 15 5 16 7 13 7 14 5 13 6 13 7 12 7 13 8 12 8 14 8 11 9 11 9 9 7 11 8 10 8 11 9 10 7 10 8 9 0 0 0 0 0 0 0 0 0 0 -1 -1 -1 -1 -7 -23 -7 -21 -11 -22 -9 -18 1 -17 0 -17 0 -17 1 -17 0 -15 0 -14 -1 -16 -2 -13 -3 -16 -2 -15 -2 -16 -3 -15 -4 -16 -3 -14 -3 -13 -5 -13 -6 -13 -3 -14 -5 -11 -4 -13 -3 -12 -5 -12 -4 -13 -7 -11 -4 -13 -6 -12 -12 -9 -6 -12 -5 -12 -5 -10 -5 -11 -4 -11 -5 -10 -4 -10 -4 -9 -4 -9 -4 -9 -3 -9 -3 -9 -3 -8 -2 -8 -3 -8 -2 -7 -3 -7 -2 -6 -2 -5 -1 -5 -1 -5 -1 -3 -1 -3 -1 -3 0 -3 0 -2 -1 -1 0 0 0 0 -1 -1 -1 -1 -1 -1 0 0 0 0 -1 -1 -1 -1 -1 -1 27 20 27 19 28 22 28 24 26 23 22 21 25 26 22 21 28 26 22 27 25 29 24 28 26 30 24 29 19 25 21 27 24 25 20 28 19 22 18 25 15 24 20 24 15 24 18 24 18 29 19 22 30 13 18 23 18 22 18 18 17 17 18 21 19 18 18 18 20 17 20 16 18 15 20 14 19 15 21 13 20 12 20 8 19 9 21 10 19 9 18 7 18 8 20 6 19 6 19 9 19 7 18 7 18 7 22 -3 26 -8 26 -7 24 -11 -1 -1 ]
CSI_DATA,STA,08:3A:F2:51:5D:9D,-49,11,1,0,1,1,1,0,0,0,0,-94,0,6,1,27349909,0,110,0,0,27.520067,384,[110 96 6 0 0 0 0 0 0 0 0 0 -24 -3 -23 -2 -27 -2 -28 -6 -26 -5 -22 -6 -25 -7 -23 -7 -24 -6 -24 -9 -26 -10 -26 -9 -25 -10 -24 -10 -20 -11 -26 -9 -21 -10 -20 -10 -20 -9 -20 -9 -19 -10 -21 -9 -17 -11 -20 -11 -21 -11 -20 -7 0 0 -20 -8 -20 -6 -21 -7 -19 -4 -17 -8 -18 -5 -19 -6 -18 -5 -19 -3 -16 -1 -19 -1 -16 -3 -17 -3 -17 -1 -16 -1 -17 1 -20 -1 -15 2 -16 2 -14 2 -16 1 -15 2 -16 1 -16 2 -15 1 -13 2 0 0 0 0 0 0 0 0 0 0 -1 -1 -1 -1 19 6 25 5 24 4 22 -1 14 12 14 10 14 9 14 10 13 8 11 8 13 7 12 4 15 4 15 6 15 6 14 5 16 5 14 5 12 5 14 2 14 0 14 3 12 0 13 3 12 3 13 1 12 3 13 1 14 4 13 1 14 -6 13 0 13 1 11 0 11 0 11 2 12 0 10 0 10 0 10 0 9 1 9 2 9 2 9 2 8 1 7 0 6 1 6 1 5 1 4 0 4 2 3 1 3 1 2 1 2 1 1 1 1 0 0 0 0 0 -1 -1 -1 -1 -1 -1 -1 -1 -1 -1 0 0 0 0 -1 -1 -1 -1 -37 13 -35 13 -40 14 -39 10 -39 12 -34 8 -40 8 -34 8 -42 12 -42 4 -44 4 -43 4 -46 5 -44 4 -36 2 -40 5 -37 7 -40 2 -33 3 -35 2 -32 -1 -35 6 -34 -1 -35 0 -40 -1 -33 3 -33 20 -34 1 -33 5 -30 7 -28 7 -29 3 -29 8 -28 6 -28 7 -28 11 -25 9 -26 9 -27 9 -27 11 -26 10 -21 14 -20 11 -23 12 -20 12 -19 13 -20 12 -19 15 -18 13 -21 13 -20 12 -19 13 -18 12 -8 25 -9 27 -10 24 -2 27 -1 -1 ]
CSI_DATA,STA,08:3A:F2:51:5D:9D,-48,11,1,0,1,1,1,0,0,0,0,-94,0,6,1,27354100,0,110,0,0,27.530971,384,[110 96 6 0 0 0 0 0 0 0 0 0 -15 -16 -15 -15 -17 -18 -16 -21 -15 -19 -11 -17 -13 -19 -12 -18 -12 -19 -11 -20 -12 -22 -12 -22 -11 -20 -9 -21 -7 -19 -9 -23 -8 -20 -7 -19 -8 -20 -7 -18 -8 -19 -6 -19 -5 -17 -8 -19 -9 -20 -9 -17 0 0 -8 -17 -9 -16 -9 -16 -10 -15 -8 -15 -9 -15 -10 -16 -10 -14 -11 -14 -10 -11 -10 -12 -9 -13 -9 -12 -10 -10 -10 -11 -12 -10 -12 -13 -11 -9 -11 -9 -11 -7 -11 -10 -11 -9 -11 -9 -11 -9 -10 -9 -10 -7 0 0 0 0 0 0 0 0 0 0 -1 -1 -1 -1 6 19 9 20 9 16 12 16 -2 17 0 14 0 16 0 16 1 15 0 13 2 14 3 11 5 14 3 15 2 15 3 14 4 15 4 14 3 11 6 12 7 11 5 12 6 9 5 10 4 10 7 10 4 11 6 10 5 12 6 10 10 8 5 10 5 10 5 8 5 9 4 9 6 8 5 7 4 7 4 7 3 7 3 8 3 8 3 7 2 6 3 5 1 5 2 5 0 5 1 4 0 3 0 3 1 2 0 2 0 1 -1 2 -1 1 0 0 0 0 -1 -1 -1 -1 -1 -1 -1 -1 -1 -1 0 0 0 0 -1 -1 -1 -1 -33 -21 -31 -18 -36 -22 -33 -24 -35 -23 -27 -21 -32 -26 -28 -20 -35 -25 -29 -29 -31 -31 -29 -28 -32 -30 -30 -32 -25 -23 -27 -28 -29 -24 -29 -28 -22 -24 -23 -25 -20 -24 -24 -21 -21 -27 -23 -25 -24 -28 -25 -22 -28 -18 -23 -22 -23 -20 -23 -18 -22 -17 -24 -19 -25 -17 -23 -17 -25 -17 -25 -14 -23 -16 -23 -13 -22 -16 -23 -14 -22 -11 -25 -8 -21 -8 -25 -9 -21 -8 -21 -7 -21 -7 -22 -5 -22 -3 -25 -8 -21 -7 -21 -7 -21 -8 -22 4 -28 6 -24 5 -22 12 -1 -1 ]
CSI_DATA,STA,08:3A:F2:51:5D:9D,-48,11,1,0,1,1,1,0,0,0,0,-94,0,6,1,27359948,0,110,0,0,27.541959,384,[110 96 6 0 0 0 0 0 0 0 0 0 -13 -18 -13 -16 -15 -20 -14 -22 -13 -21 -10 -18 -11 -21 -10 -19 -11 -19 -9 -21 -10 -23 -11 -23 -9 -22 -8 -22 -6 -19 -10 -23 -7 -20 -6 -20 -7 -19 -6 -18 -6 -19 -7 -19 -4 -18 -6 -19 -7 -21 -7 -18 0 0 -7 -18 -9 -17 -8 -17 -9 -16 -6 -16 -8 -16 -8 -17 -8 -15 -9 -15 -10 -12 -10 -13 -8 -13 -9 -13 -10 -12 -10 -12 -11 -11 -12 -13 -11 -9 -11 -10 -11 -8 -10 -10 -10 -10 -11 -10 -11 -9 -9 -10 -10 -8 0 0 0 0 0 0 0 0 0 0 -1 -1 -1 -1 3 21 4 23 8 21 8 18 -2 17 -1 15 0 17 -2 18 0 16 0 13 1 15 2 13 3 15 2 15 1 15 2 14 3 16 3 14 2 12 4 13 6 12 3 13 5 11 3 12 3 12 5 11 3 12 6 11 4 13 5 11 9 9 5 11 4 11 5 10 5 10 4 11 5 10 4 8 4 9 3 9 3 8 2 9 2 9 2 8 2 7 1 6 0 5 1 6 0 5 1 4 0 4 1 3 0 3 0 3 -1 2 -1 1 -1 1 0 0 0 0 -1 -1 -1 -1 -1 -1 -1 -1 -1 -1 0 0 0 0 -1 -1 -1 -1 -32 -21 -31 -20 -34 -24 -32 -25 -32 -24 -26 -22 -30 -26 -27 -21 -33 -27 -28 -29 -29 -31 -28 -30 -30 -32 -28 -31 -23 -26 -26 -29 -27 -27 -24 -30 -22 -23 -22 -26 -20 -25 -24 -25 -20 -27 -21 -26 -22 -31 -22 -24 -29 -18 -21 -25 -22 -23 -22 -20 -21 -19 -21 -22 -23 -19 -22 -18 -24 -18 -23 -17 -21 -15 -23 -15 -21 -17 -23 -15 -23 -14 -24 -10 -21 -11 -25 -12 -21 -10 -21 -8 -21 -8 -23 -6 -22 -7 -23 -10 -22 -9 -21 -8 -20 -8 -23 1 -27 3 -26 4 -25 8 -1 -1 ]
CSI_DATA,STA,08:3A:F2:51:5D:9D,-48,11,1,0,1,1,1,0,0,0,0,-94,0,6,1,27363960,0,110,0,0,27.552811,384,[110 96 6 0 0 0 0 0 0 0 0 0 14 16 13 16 15 18 13 22 13 20 10 18 11 20 10 18 10 19 9 20 10 23 11 22 9 22 8 22 5 19 10 22 7 19 5 19 6 19 6 18 5 18 6 19 3 17 5 19 6 21 6 17 0 0 6 18 8 17 8 18 8 15 5 16 7 15 7 16 7 14 8 15 9 11 10 13 7 12 8 12 9 11 9 11 10 10 11 13 10 9 10 10 10 8 9 10 10 9 10 10 11 9 9 9 9 7 0 0 0 0 0 0 0 0 0 0 -1 -1 -1 -1 -4 -23 -5 -24 -9 -23 -7 -19 2 -19 1 -17 0 -19 1 -19 0 -17 0 -14 -1 -17 -2 -14 -3 -17 -2 -16 -2 -17 -3 -16 -3 -17 -3 -16 -3 -14 -4 -15 -6 -15 -3 -15 -6 -12 -4 -14 -3 -13 -5 -13 -4 -13 -7 -13 -4 -15 -6 -13 -9 -11 -5 -13 -5 -13 -5 -12 -5 -11 -4 -12 -5 -11 -5 -10 -4 -10 -3 -10 -4 -10 -3 -10 -3 -10 -2 -9 -2 -8 -2 -8 -1 -7 -2 -8 -1 -6 -1 -5 0 -5 -1 -5 -1 -4 -1 -4 -1 -3 0 -2 0 -2 0 0 0 0 -1 -1 -1 -1 -1 -1 -1 -1 -1 -1 0 0 0 0 -1 -1 -1 -1 32 19 31 18 34 21 33 24 32 22 26 21 30 25 27 20 33 25 28 27 30 29 29 28 31 30 28 30 23 25 26 28 27 26 24 29 22 22 21 25 19 24 23 24 19 25 22 24 22 29 22 22 29 16 21 23 21 23 21 20 20 18 20 21 23 18 21 18 22 17 24 16 20 13 23 14 21 15 24 14 22 13 23 8 21 10 24 11 20 9 21 7 20 8 22 6 21 6 22 9 21 7 20 7 19 8 23 -1 28 -4 27 -4 26 -9 -1 -1 ]
CSI_DATA,STA,08:3A:F2:51:5D:9D,-49,11,1,0,1,1,1,0,0,0,0,-94,0,6,1,27364910,0,110,0,0,27.562959,384,[110 96 6 0 0 0 0 0 0 0 0 0 -23 7 -23 7 -26 8 -29 5 -26 4 -23 2 -25 3 -24 3 -24 3 -24 2 -28 1 -28 2 -27 1 -26 0 -23 -2 -27 1 -24 -1 -22 -3 -23 -1 -21 -1 -22 -2 -23 -1 -19 -3 -22 -1 -24 -1 -21 1 0 0 -22 0 -21 2 -22 2 -19 3 -19 0 -19 2 -20 2 -18 2 -19 3 -15 6 -17 6 -16 4 -16 4 -15 6 -15 5 -15 7 -18 6 -14 7 -13 7 -11 8 -14 7 -13 7 -13 7 -13 8 -13 6 -11 7 0 0 0 0 0 0 0 0 0 0 -1 -1 -1 -1 23 3 24 2 26 -3 21 -2 17 6 17 5 18 4 18 6 16 4 14 4 16 3 14 0 17 1 16 1 17 2 16 0 18 0 16 0 15 0 15 -1 16 -3 15 0 13 -3 14 -1 14 -1 14 -2 13 -2 13 -4 15 -2 14 -4 12 -7 14 -3 13 -2 13 -3 12 -3 13 -2 12 -3 11 -3 11 -3 10 -2 9 -3 10 -2 10 -1 10 -1 9 -1 7 -1 7 -1 7 -1 5 0 5 -1 5 0 4 0 3 0 3 0 2 0 1 0 1 0 0 0 0 0 -1 -1 -1 -1 -1 -1 -1 -1 -1 -1 0 0 0 0 -1 -1 -1 -1 -33 24 -31 25 -36 25 -39 25 -35 22 -33 19 -37 20 -32 19 -39 23 -38 18 -42 20 -40 19 -43 21 -42 18 -36 15 -39 15 -39 19 -39 12 -33 14 -34 12 -33 11 -35 15 -33 10 -34 13 -38 11 -31 14 -26 25 -33 13 -31 13 -29 15 -26 13 -31 14 -27 16 -26 15 -27 17 -25 17 -21 16 -23 18 -24 16 -23 19 -22 19 -17 20 -18 18 -20 20 -17 18 -15 18 -16 18 -14 20 -14 19 -17 18 -15 19 -14 18 -15 18 -6 22 -5 29 -4 29 -1 27 -1 -1 ]
CSI_DATA,STA,08:3A:F2:51:5D:9D,-48,11,1,0,1,1,1,0,0,0,0,-94,0,6,1,27365978,0,110,0,0,27.573326,384,[110 96 6 0 0 0 0 0 0 0 0 0 22 -9 21 -9 24 -11 27 -8 24 -8 22 -5 24 -6 22 -5 23 -6 23 -4 27 -4 26 -5 26 -4 25 -3 22 -1 26 -4 23 -2 22 -1 22 -1 20 -1 21 -1 22 -1 18 1 21 -1 23 -1 20 -3 0 0 20 -3 19 -5 21 -4 18 -5 18 -2 18 -4 19 -4 16 -5 18 -6 14 -7 16 -8 15 -5 15 -6 14 -8 14 -7 14 -9 16 -9 12 -9 12 -9 10 -10 12 -8 12 -9 12 -9 11 -10 11 -8 10 -9 0 0 0 0 0 0 0 0 0 0 -1 -1 -1 -1 -25 2 -26 2 -25 7 -20 6 -19 -5 -18 -4 -19 -3 -20 -5 -18 -2 -15 -2 -17 -1 -14 0 -17 0 -17 0 -17 -1 -16 1 -18 1 -17 1 -15 1 -15 3 -15 5 -15 1 -13 4 -14 2 -14 2 -14 3 -14 2 -14 5 -15 3 -14 4 -11 10 -14 4 -14 3 -12 4 -12 3 -13 2 -12 3 -11 3 -11 3 -11 2 -10 3 -10 2 -10 2 -10 1 -9 0 -8 1 -7 1 -8 0 -7 0 -5 0 -6 -1 -5 0 -4 -1 -4 -1 -3 -1 -2 -1 -2 -1 0 0 0 0 -1 -1 -1 -1 -1 -1 -1 -1 -1 -1 0 0 0 0 -1 -1 -1 -1 27 -29 26 -29 29 -31 32 -29 30 -28 27 -24 32 -25 27 -24 33 -29 34 -23 36 -25 35 -25 37 -26 36 -24 32 -20 34 -21 33 -24 35 -20 28 -19 30 -17 29 -16 30 -20 29 -16 29 -18 34 -18 27 -19 20 -31 28 -18 27 -18 24 -19 22 -18 26 -18 22 -21 22 -19 21 -21 21 -22 16 -20 18 -22 19 -20 18 -22 17 -22 11 -23 13 -21 14 -23 12 -20 11 -21 12 -20 9 -23 9 -22 12 -22 10 -22 9 -21 10 -20 0 -25 -3 -30 -4 -29 -7 -28 -1 -1 ]
CSI_DATA,STA,08:3A:F2:51:5D:9D,-48,11,1,0,1,1,1,0,0,0,0,-94,0,6,1,27366488,0,110,0,0,27.583860,384,[110 96 6 0 0 0 0 0 0 0 0 0 3 21 3 20 4 24 1 25 2 24 0 20 0 23 -1 21 0 22 -2 22 -2 25 -1 25 -2 24 -3 23 -4 19 -2 25 -3 21 -5 20 -3 19 -4 18 -4 19 -4 20 -6 17 -4 19 -4 21 -2 19 0 0 -3 19 0 19 -1 19 0 17 -2 17 -1 17 -1 18 0 16 1 17 3 14 3 16 1 15 2 15 4 14 3 14 5 14 4 17 5 12 5 13 6 11 4 13 5 13 5 13 6 12 4 12 5 11 0 0 0 0 0 0 0 0 0 0 -1 -1 -1 -1 -3 -24 -3 -24 -7 -24 -6 -20 4 -16 3 -16 3 -16 4 -16 3 -15 2 -13 2 -14 0 -12 0 -15 0 -15 1 -16 0 -15 -1 -16 -1 -15 -1 -13 -1 -14 -3 -14 -1 -14 -3 -11 -2 -12 -1 -12 -3 -12 -2 -13 -4 -12 -2 -13 -4 -13 -10 -11 -3 -12 -3 -12 -3 -11 -3 -11 -2 -11 -3 -11 -3 -9 -3 -10 -2 -10 -2 -9 -2 -9 -2 -9 -1 -9 -1 -8 -2 -7 -1 -6 -1 -7 0 -6 -1 -5 0 -5 -1 -4 0 -4 0 -3 0 -3 0 -2 0 -2 0 0 0 0 -1 -1 -1 -1 -1 -1 -1 -1 -1 -1 0 0 0 0 -1 -1 -1 -1 21 26 21 24 22 28 21 30 20 28 16 25 17 29 17 24 22 31 17 30 18 33 17 32 19 34 17 33 13 28 14 31 17 29 12 32 13 24 11 27 10 25 14 27 10 26 12 26 11 31 13 25 28 19 12 26 12 25 14 22 12 20 13 23 15 20 13 20 15 20 16 19 14 16 16 18 15 18 17 17 17 16 18 12 15 13 18 15 15 12 16 11 16 12 17 10 17 9 16 12 17 11 16 10 16 11 22 1 27 -2 27 -3 25 -6 -1 -1 ]
CSI_DATA,STA,08:3A:F2:51:5D:9D,-49,11,1,0,1,1,1,0,0,0,0,-94,0,6,1,27366884,0,110,0,0,27.593961,384,[110 96 6 0 0 0 0 0 0 0 0 0 -21 12 -20 12 -22 14 -26 12 -23 11 -22 8 -23 10 -22 9 -23 9 -23 8 -26 8 -26 9 -25 8 -25 7 -23 4 -26 8 -23 5 -22 3 -22 4 -20 4 -21 4 -22 4 -20 2 -22 4 -23 5 -21 6 0 0 -21 5 -19 7 -20 7 -18 7 -18 4 -18 6 -19 6 -17 6 -17 8 -13 9 -15 10 -14 7 -15 8 -13 9 -13 8 -13 11 -15 10 -11 10 -11 10 -9 11 -12 9 -11 10 -11 10 -10 11 -11 9 -9 10 0 0 0 0 0 0 0 0 0 0 -1 -1 -1 -1 23 -6 24 -7 22 -12 19 -11 18 0 17 -1 17 -1 18 0 16 -1 14 -1 16 -2 14 -4 16 -5 15 -4 16 -4 15 -5 16 -6 15 -5 13 -4 14 -6 13 -8 14 -5 11 -7 12 -5 12 -5 12 -7 12 -5 11 -8 14 -6 12 -8 9 -12 12 -7 11 -6 10 -6 10 -7 11 -5 10 -6 9 -6 9 -5 9 -5 8 -6 9 -5 8 -4 8 -4 8 -3 7 -4 6 -3 6 -3 5 -2 4 -2 4 -1 4 -2 3 -1 3 -1 2 0 2 -1 1 0 0 0 0 0 -1 -1 -1 -1 -1 -1 -1 -1 -1 -1 0 0 0 0 -1 -1 -1 -1 -23 32 -21 32 -25 34 -28 33 -26 31 -24 27 -28 30 -23 27 -29 33 -30 28 -33 30 -31 29 -33 32 -34 29 -28 24 -31 26 -29 28 -32 24 -25 22 -28 21 -27 19 -27 24 -27 19 -27 21 -32 22 -25 23 -17 32 -26 22 -25 21 -22 22 -20 20 -23 21 -19 23 -20 21 -19 23 -17 24 -15 21 -15 24 -17 22 -15 24 -14 23 -9 23 -11 22 -12 24 -10 21 -8 21 -9 20 -6 22 -6 21 -9 22 -9 22 -8 20 -8 20 3 24 6 28 7 27 10 26 -1 -1 ]
CSI_DATA,STA,08:3A:F2:51:5D:9D,-49,11,1,0,1,1,1,0,0,0,0,-94,0,6,1,27367239,0,110,0,0,27.604336,384,[110 96 6 0 0 0 0 0 0 0 0 0 -24 -6 -23 -5 -26 -6 -28 -9 -25 -8 -22 -9 -24 -9 -22 -9 -23 -9 -22 -11 -25 -13 -25 -12 -24 -12 -23 -13 -19 -13 -24 -12 -21 -12 -19 -13 -19 -12 -18 -11 -18 -12 -19 -12 -15 -12 -19 -12 -20 -13 -19 -10 0 0 -19 -11 -19 -8 -20 -9 -18 -7 -17 -10 -18 -8 -18 -8 -17 -7 -18 -7 -16 -3 -18 -3 -16 -5 -16 -5 -17 -3 -16 -3 -17 -1 -19 -3 -16 0 -16 0 -14 1 -15 -1 -15 -1 -16 -1 -16 1 -14 -1 -14 0 0 0 0 0 0 0 0 0 0 0 -1 -1 -1 -1 23 4 24 5 24 1 21 -2 12 9 11 8 13 8 12 10 12 7 10 6 12 6 11 4 13 4 12 5 13 6 12 5 14 5 13 5 11 4 12 2 12 1 12 3 10 1 11 2 11 3 12 1 11 2 12 0 12 3 11 1 12 -6 11 1 11 1 10 1 10 0 10 1 10 0 8 0 9 1 8 1 8 0 8 2 8 2 7 2 7 1 6 0 4 1 5 1 4 1 4 0 3 1 3 1 2 1 2 1 1 1 1 1 0 0 -1 -1 -1 -1 -1 -1 -1 -1 -1 -1 -1 -1 -1 -1 -1 -1 -1 -1 0 0 0 0 -35 10 -33 10 -38 11 -38 8 -37 9 -32 6 -37 5 -31 7 -39 10 -38 3 -41 3 -40 3 -42 4 -40 2 -33 1 -37 2 -36 4 -37 1 -29 2 -32 1 -29 -1 -32 4 -31 -1 -32 1 -36 -3 -31 2 -31 19 -31 1 -30 2 -27 4 -26 5 -28 3 -27 7 -25 5 -26 7 -25 8 -23 7 -25 8 -25 6 -24 9 -23 8 -18 13 -20 9 -22 12 -19 9 -17 11 -18 10 -16 12 -15 12 -19 11 -18 11 -17 10 -17 10 -9 22 -7 28 -7 26 -2 28 -1 -1 ]
CSI_DATA,STA,08:3A:F2:51:5D:9D,-44,11,1,0,0,1,1,0,0,0,0,-94,0,6,1,27380746,0,110,0,0,27.614632,256,[110 96 6 0 0 0 0 0 0 0 0 0 -11 5 -11 5 -12 5 -12 5 -12 4 -11 3 -12 4 -11 3 -11 3 -12 3 -13 3 -13 3 -12 2 -12 2 -11 2 -12 3 -11 2 -11 2 -11 2 -10 2 -10 2 -11 2 -10 1 -10 2 -10 3 -10 3 0 0 -9 3 -9 3 -9 4 -9 3 -8 3 -8 3 -8 4 -8 3 -8 4 -8 4 -8 4 -7 4 -7 4 -7 4 -6 4 -6 4 -7 5 -6 5 -6 4 -5 4 -6 4 -5 4 -5 5 -5 5 -5 4 -5 4 0 0 0 0 0 0 0 0 0 0 -1 -1 -1 -1 0 0 0 0 -12 19 -12 16 -17 13 -17 14 -16 13 -17 13 -17 13 -17 11 -18 13 -19 10 -19 13 -19 11 -20 12 -20 11 -19 10 -18 11 -19 9 -18 12 -16 8 -18 8 -17 9 -18 8 -17 9 -17 9 -16 7 -16 7 -16 8 -16 9 -1 -1 -14 10 -14 9 -13 9 -12 10 -12 8 -11 11 -12 10 -11 9 -11 10 -12 12 -10 12 -10 11 -9 10 -9 10 -9 11 -9 11 -9 11 -8 11 -7 10 -8 11 -7 11 -7 10 -7 11 -7 11 -5 10 -6 11 -5 10 -3 12 -1 -1 -1 -1 -1 -1 ]
CSI_DATA,STA,08:3A:F2:51:5D:9D,-48,11,1,0,1,1,1,0,0,0,0,-94,0,6,1,27465438,0,110,0,0,27.631882,384,[110 96 6 0 0 0 0 0 0 0 0 0 1 -23 0 -22 0 -25 3 -27 3 -24 4 -21 4 -23 4 -21 4 -22 6 -22 7 -25 6 -25 6 -24 7 -23 7 -20 6 -25 7 -21 8 -19 6 -20 6 -19 6 -19 6 -20 7 -17 7 -19 7 -21 5 -19 0 0 5 -20 3 -19 3 -20 2 -18 5 -17 3 -18 3 -18 2 -17 2 -18 -2 -16 -1 -17 1 -15 0 -16 -2 -16 -2 -15 -3 -16 -2 -18 -4 -14 -4 -15 -5 -13 -3 -15 -4 -14 -4 -15 -5 -15 -3 -14 -4 -13 0 0 0 0 0 0 0 0 0 0 -1 -1 -1 -1 -9 22 -7 22 -4 25 -3 20 -11 14 -10 13 -10 15 -12 14 -9 13 -8 11 -8 13 -5 12 -6 15 -6 13 -8 14 -6 14 -6 16 -5 14 -5 13 -4 14 -2 15 -5 13 -1 12 -4 12 -4 12 -2 13 -4 12 -1 13 -3 13 -2 13 3 13 -2 13 -2 12 -1 11 -2 11 -3 11 -2 11 -1 10 -2 10 -3 10 -2 9 -3 9 -2 9 -3 8 -3 8 -2 7 -3 6 -2 6 -3 5 -3 4 -3 4 -3 3 -2 3 -2 2 -2 1 -3 1 -2 0 -1 -1 -1 -1 -1 -1 -1 -1 -1 -1 -1 -1 -1 -1 -1 -1 -1 -1 -1 -1 0 0 -14 -34 -15 -33 -14 -37 -13 -39 -12 -36 -10 -33 -9 -37 -10 -31 -12 -39 -6 -37 -8 -41 -8 -39 -9 -42 -7 -40 -5 -35 -5 -37 -8 -38 -3 -37 -6 -32 -4 -33 -3 -31 -6 -34 -2 -31 -5 -32 -2 -36 -7 -31 -19 -29 -5 -33 -5 -30 -8 -29 -7 -26 -7 -30 -10 -28 -8 -26 -11 -27 -11 -27 -11 -23 -13 -25 -10 -25 -13 -24 -13 -24 -16 -20 -13 -21 -15 -22 -14 -19 -14 -18 -13 -18 -16 -17 -16 -17 -14 -20 -15 -18 -14 -17 -14 -18 -21 -10 -27 -10 -28 -9 -27 -5 -1 -1 ]
CSI_DATA,STA,08:3A:F2:51:5D:9D,-48,11,1,0,1,1,1,0,0,0,0,-94,0,6,1,27477799,0,110,0,0,27.644239,384,[110 96 6 0 0 0 0 0 0 0 0 0 21 3 20 3 24 2 25 6 23 5 19 6 22 7 19 7 21 6 21 9 23 10 23 9 22 10 21 10 17 10 23 9 19 9 18 10 18 9 17 8 17 9 18 9 14 10 17 10 19 10 17 8 0 0 17 8 18 6 18 6 17 4 15 7 17 5 17 6 15 4 17 4 15 2 16 2 14 3 15 2 15 0 15 1 15 -1 17 1 13 -1 14 -2 13 -3 14 -1 14 -1 14 -1 14 -3 13 0 12 -2 0 0 0 0 0 0 0 0 0 0 -1 -1 -1 -1 -26 -2 -25 -1 -24 2 -21 4 -14 -9 -13 -8 -15 -8 -14 -9 -13 -7 -11 -6 -13 -6 -11 -4 -14 -4 -14 -6 -14 -6 -13 -5 -15 -4 -13 -4 -12 -4 -12 -2 -12 -1 -13 -3 -11 0 -11 -3 -11 -3 -12 -1 -12 -3 -12 -1 -13 -3 -12 -1 -13 7 -12 -1 -12 -1 -11 -1 -10 -1 -10 -2 -11 0 -10 -1 -10 -1 -9 -1 -9 -1 -9 -2 -9 -2 -9 -3 -8 -2 -7 -1 -6 -2 -7 -2 -5 -3 -5 -2 -4 -2 -4 -2 -4 -2 -3 -3 -3 -3 -2 -2 -1 -3 -1 -1 0 0 0 0 -1 -1 -1 -1 -1 -1 0 0 0 0 -1 -1 -1 -1 -1 -1 27 -15 25 -14 29 -15 29 -13 29 -14 25 -10 31 -11 25 -10 32 -15 32 -8 34 -9 32 -8 35 -10 34 -9 28 -6 30 -8 28 -11 31 -8 24 -8 27 -6 25 -4 26 -9 26 -4 27 -6 31 -4 25 -7 23 -25 25 -6 25 -7 22 -8 21 -8 23 -8 22 -11 21 -9 21 -12 20 -13 18 -8 19 -12 20 -10 19 -12 18 -12 13 -16 14 -12 16 -15 14 -12 13 -14 15 -12 12 -14 11 -14 15 -14 14 -14 13 -12 13 -13 3 -25 1 -28 2 -27 -4 -28 -1 -1 ]
CSI_DATA,STA,08:3A:F2:51:5D:9D,-48,11,1,0,1,1,1,0,0,0,0,-94,0,6,1,27488042,0,110,0,0,27.655370,384,[110 96 6 0 0 0 0 0 0 0 0 0 -22 3 -21 3 -25 4 -27 1 -24 1 -22 -1 -24 0 -22 0 -22 0 -23 -2 -26 -3 -26 -2 -25 -3 -24 -4 -20 -5 -25 -3 -22 -4 -21 -5 -21 -4 -20 -3 -20 -4 -21 -4 -18 -6 -21 -5 -22 -5 -20 -3 0 0 -20 -3 -19 -1 -20 -1 -19 0 -18 -3 -19 0 -19 -1 -17 0 -18 1 -15 3 -17 3 -16 0 -16 1 -15 3 -15 3 -15 5 -18 4 -14 5 -14 5 -12 6 -14 4 -14 5 -14 5 -14 6 -13 3 -12 5 0 0 0 0 0 0 0 0 0 0 -1 -1 -1 -1 22 6 24 6 23 2 21 0 16 9 14 8 16 8 15 9 15 7 12 5 15 6 13 3 16 4 15 5 15 6 15 4 16 4 15 4 13 4 15 1 15 0 14 3 12 0 13 2 13 3 13 1 13 2 13 0 14 2 14 0 13 -4 13 0 13 1 11 0 11 -1 11 2 12 0 11 0 10 0 10 1 9 0 10 2 9 2 9 2 8 2 7 0 6 1 6 1 5 2 5 1 4 2 4 1 3 2 2 2 2 2 1 1 0 1 0 0 0 0 -1 -1 -1 -1 -1 -1 -1 -1 -1 -1 0 0 0 0 -1 -1 -1 -1 -34 17 -32 17 -37 19 -37 16 -37 17 -32 12 -38 14 -32 13 -40 17 -40 10 -43 11 -41 11 -43 11 -42 10 -35 7 -39 10 -37 11 -39 8 -31 8 -34 7 -32 5 -34 10 -34 4 -34 6 -39 4 -32 8 -29 18 -32 7 -32 9 -28 10 -27 10 -30 8 -28 12 -27 10 -27 12 -27 14 -23 13 -24 13 -25 11 -25 14 -24 13 -19 17 -19 13 -22 17 -18 14 -17 16 -18 15 -16 17 -16 17 -20 16 -18 15 -17 14 -17 14 -10 22 -10 27 -8 25 -3 28 -1 -1 ]
CSI_DATA,STA,08:3A:F2:51:5D:9D,-48,11,1,0,1,1,1,0,0,0,0,-94,0,6,1,27495257,0,110,0,0,27.666524,384,[110 96 6 0 0 0 0 0 0 0 0 0 -20 -11 -20 -10 -22 -12 -23 -15 -20 -14 -17 -13 -19 -15 -17 -14 -18 -14 -17 -15 -19 -18 -20 -17 -19 -17 -17 -18 -14 -16 -19 -17 -16 -16 -14 -16 -15 -15 -14 -14 -14 -15 -15 -15 -11 -15 -14 -16 -15 -17 -15 -14 0 0 -15 -14 -16 -12 -16 -13 -15 -11 -13 -13 -15 -11 -15 -12 -14 -10 -15 -10 -14 -6 -16 -7 -13 -9 -14 -9 -15 -7 -14 -7 -16 -5 -17 -7 -14 -4 -15 -4 -14 -2 -14 -5 -14 -4 -14 -4 -15 -3 -13 -5 -13 -3 0 0 0 0 0 0 0 0 0 0 -1 -1 -1 -1 17 16 18 16 21 12 17 10 8 15 8 14 9 14 8 16 8 13 7 11 9 12 9 9 11 11 10 11 10 12 10 11 12 11 10 10 9 9 11 9 12 7 10 10 11 6 10 8 9 8 10 7 9 8 11 6 11 8 11 6 14 2 11 7 10 7 10 6 9 6 9 7 10 6 8 5 8 5 8 5 7 5 7 6 7 7 6 6 6 6 6 4 4 5 4 5 3 4 3 4 2 4 2 4 2 3 1 3 0 3 0 1 -1 2 0 0 0 0 -1 -1 -1 -1 -1 -1 -1 -1 -1 -1 0 0 0 0 -1 -1 -1 -1 -36 -1 -35 0 -39 -2 -40 -4 -37 -3 -33 -4 -37 -6 -32 -3 -41 -4 -37 -8 -40 -9 -38 -8 -41 -9 -39 -10 -33 -9 -36 -10 -37 -7 -35 -12 -30 -7 -32 -10 -29 -10 -33 -7 -29 -11 -31 -10 -34 -13 -30 -7 -34 6 -31 -9 -30 -8 -29 -5 -27 -5 -30 -7 -29 -3 -27 -3 -29 -2 -28 0 -24 -1 -27 1 -26 -2 -27 1 -26 1 -24 5 -23 3 -26 4 -22 3 -22 5 -21 4 -22 7 -22 6 -23 4 -23 5 -21 4 -21 4 -18 15 -20 21 -19 21 -16 23 -1 -1 ]
CSI_DATA,STA,08:3A:F2:51:5D:9D,-48,11,1,0,1,1,1,0,0,0,0,-94,0,6,1,27513169,0,110,0,0,27.680053,384,[110 96 6 0 0 0 0 0 0 0 0 0 -22 -1 -21 0 -25 0 -26 -3 -24 -2 -20 -4 -23 -4 -21 -4 -22 -4 -22 -6 -24 -7 -24 -6 -23 -7 -22 -8 -19 -8 -24 -7 -20 -7 -19 -8 -19 -7 -18 -6 -19 -7 -20 -7 -16 -8 -19 -8 -21 -9 -19 -6 0 0 -19 -6 -19 -4 -19 -4 -18 -3 -17 -5 -18 -3 -18 -4 -16 -3 -18 -2 -15 1 -17 0 -15 -2 -16 -1 -15 1 -15 0 -15 2 -18 1 -14 3 -14 3 -13 4 -15 2 -14 2 -15 2 -15 3 -14 1 -12 3 0 0 0 0 0 0 0 0 0 0 -1 -1 -1 -1 20 10 21 11 22 7 19 4 13 12 13 11 14 11 13 13 13 9 11 8 14 8 12 6 15 6 14 8 14 9 14 7 15 8 14 7 12 6 14 4 15 3 14 5 13 2 13 4 12 4 14 3 12 5 13 3 14 5 13 3 13 0 13 3 12 3 11 2 12 2 11 4 12 2 10 2 10 2 10 3 9 3 9 4 9 4 8 4 7 3 7 2 6 3 7 3 4 3 4 2 4 3 3 3 3 2 2 2 2 3 0 3 0 2 0 0 0 0 -1 -1 -1 -1 -1 -1 -1 -1 -1 -1 0 0 0 0 -1 -1 -1 -1 -37 10 -35 11 -39 12 -40 9 -38 9 -34 7 -40 7 -34 7 -42 10 -40 2 -43 2 -42 2 -45 3 -43 2 -36 1 -39 3 -39 4 -39 1 -33 3 -34 1 -32 -1 -35 4 -33 -2 -35 0 -38 -3 -33 2 -32 10 -33 1 -32 3 -30 5 -28 5 -31 3 -30 7 -28 5 -29 7 -28 10 -25 9 -27 9 -27 7 -27 10 -25 10 -22 13 -21 11 -25 13 -21 11 -20 13 -20 11 -20 14 -19 14 -22 11 -21 12 -20 11 -19 11 -14 18 -15 24 -14 23 -9 26 -1 -1 ]
CSI_DATA,STA,08:3A:F2:51:5D:9D,-49,11,1,0,1,1,1,0,0,0,0,-94,0,6,1,27630058,0,110,0,0,27.796627,384,[110 96 6 0 0 0 0 0 0 0 0 0 18 -16 17 -15 19 -18 23 -16 21 -15 19 -12 21 -13 19 -12 20 -13 21 -11 24 -12 24 -13 23 -11 23 -10 20 -7 24 -12 21 -9 21 -7 20 -8 19 -7 20 -7 20 -8 18 -4 20 -7 22 -7 19 -9 0 0 19 -8 17 -10 19 -10 16 -10 17 -7 16 -9 17 -9 14 -9 16 -10 12 -11 13 -12 13 -9 13 -10 12 -11 12 -11 11 -13 13 -13 10 -12 10 -12 8 -12 10 -12 10 -12 10 -12 9 -13 10 -11 8 -12 0 0 0 0 0 0 0 0 0 0 -1 -1 -1 -1 -25 5 -25 6 -24 11 -21 9 -20 -1 -20 -1 -21 0 -21 -2 -19 0 -16 0 -18 1 -15 3 -19 3 -18 2 -19 3 -18 3 -19 4 -17 4 -16 3 -16 5 -16 7 -17 3 -14 6 -15 3 -15 3 -15 5 -15 4 -14 6 -16 4 -15 6 -12 11 -16 6 -15 4 -14 5 -13 5 -15 3 -14 5 -13 4 -13 3 -13 3 -12 3 -13 2 -12 2 -12 1 -11 0 -11 2 -10 0 -11 0 -10 -1 -9 -1 -9 -2 -9 -1 -7 -2 -7 -3 -6 -3 -6 -3 -5 -4 0 0 0 0 -1 -1 -1 -1 -1 -1 -1 -1 -1 -1 0 0 0 0 -1 -1 -1 -1 18 -35 16 -35 20 -38 23 -38 22 -35 20 -31 24 -34 19 -31 25 -37 26 -32 28 -34 26 -34 29 -36 29 -33 25 -28 28 -30 26 -33 29 -28 22 -26 25 -25 24 -23 24 -27 24 -23 24 -26 29 -26 21 -27 12 -35 23 -26 22 -24 19 -25 17 -23 21 -25 17 -26 17 -24 16 -27 15 -27 12 -23 12 -27 14 -24 12 -27 12 -26 7 -26 8 -25 10 -27 8 -24 6 -24 7 -23 5 -25 5 -25 7 -25 6 -24 5 -23 6 -23 -4 -25 -8 -30 -8 -30 -12 -27 -1 -1 ]
CSI_DATA,STA,08:3A:F2:51:5D:9D,-48,11,1,0,1,1,1,0,0,0,0,-94,0,6,1,27634382,0,110,0,0,27.808583,384,[110 96 6 0 0 0 0 0 0 0 0 0 -16 -16 -15 -15 -18 -17 -17 -21 -16 -19 -12 -17 -14 -20 -12 -18 -13 -19 -12 -20 -13 -22 -14 -22 -12 -21 -11 -22 -8 -19 -13 -22 -10 -20 -8 -20 -9 -19 -8 -18 -8 -19 -8 -20 -6 -18 -8 -19 -9 -21 -9 -18 0 0 -8 -18 -11 -17 -11 -17 -11 -16 -8 -17 -10 -16 -10 -16 -8 -14 -10 -16 -10 -11 -11 -12 -10 -13 -11 -12 -11 -11 -11 -12 -13 -11 -14 -14 -11 -10 -12 -10 -12 -9 -13 -11 -11 -9 -13 -10 -13 -10 -9 -10 -11 -9 0 0 0 0 0 0 0 0 0 0 -1 -1 -1 -1 8 22 8 23 14 21 10 17 -1 16 0 17 1 17 -1 18 1 15 0 14 1 15 3 13 3 16 2 15 2 16 3 15 4 16 3 14 3 13 4 14 6 13 2 14 5 11 3 12 2 12 5 13 3 12 6 11 4 14 5 13 10 10 5 13 3 12 4 11 4 11 3 11 4 11 3 10 3 10 2 11 2 10 1 11 1 10 1 10 1 9 1 9 0 8 0 8 -2 8 -1 7 -2 6 -2 6 -2 6 -3 5 -3 4 -4 4 -4 3 0 0 0 0 -1 -1 -1 -1 -1 -1 -1 -1 -1 -1 0 0 0 0 -1 -1 -1 -1 -34 -13 -33 -11 -36 -15 -36 -17 -34 -16 -30 -15 -33 -19 -29 -15 -37 -19 -31 -21 -34 -22 -33 -21 -36 -22 -34 -23 -28 -20 -29 -23 -32 -21 -29 -24 -26 -18 -25 -21 -23 -21 -27 -20 -22 -21 -26 -20 -27 -25 -26 -18 -34 -8 -26 -20 -24 -18 -25 -16 -22 -15 -24 -17 -25 -14 -24 -14 -27 -13 -26 -13 -22 -10 -28 -10 -23 -12 -26 -10 -26 -11 -25 -4 -23 -7 -25 -7 -23 -6 -23 -6 -21 -7 -22 -4 -23 -4 -24 -7 -21 -5 -22 -5 -22 -6 -25 8 -30 10 -27 12 -26 15 -1 -1 ]
CSI_DATA,STA,08:3A:F2:51:5D:9D,-48,11,1,0,1,1,1,0,0,0,0,-94,0,6,1,27647092,0,110,0,0,27.820381,384,[110 96 6 0 0 0 0 0 0 0 0 0 18 11 17 10 21 12 20 15 19 14 15 13 18 14 16 14 17 13 16 16 17 18 17 18 16 17 15 18 11 15 17 17 14 15 12 16 13 15 12 14 12 15 13 16 9 15 12 16 13 17 13 14 0 0 12 14 14 12 14 13 14 11 11 12 13 11 13 12 12 10 14 10 13 7 14 8 12 9 13 9 13 7 13 7 14 5 16 8 13 4 14 5 13 3 13 5 13 4 14 5 14 4 12 5 12 3 0 0 0 0 0 0 0 0 0 0 -1 -1 -1 -1 -15 -19 -16 -21 -19 -17 -17 -13 -7 -19 -6 -16 -8 -18 -6 -18 -8 -16 -6 -14 -9 -15 -8 -12 -11 -15 -9 -15 -9 -16 -9 -14 -10 -16 -9 -15 -8 -13 -11 -12 -12 -11 -11 -13 -11 -9 -10 -12 -9 -12 -11 -10 -9 -12 -11 -11 -11 -14 -11 -11 -15 -7 -11 -11 -11 -11 -10 -9 -10 -10 -9 -11 -10 -10 -9 -10 -9 -10 -8 -10 -8 -10 -7 -11 -7 -11 -6 -11 -6 -10 -7 -9 -4 -8 -6 -9 -4 -8 -4 -8 -2 -7 -3 -7 -2 -7 -1 -7 0 -7 0 -5 1 -5 0 0 0 0 -1 -1 -1 -1 -1 -1 -1 -1 -1 -1 0 0 0 0 -1 -1 -1 -1 36 5 34 4 39 5 37 8 38 7 31 8 37 10 31 7 40 8 37 14 39 15 37 14 39 15 38 16 30 13 36 13 35 11 35 15 29 10 30 13 27 14 32 10 28 15 29 14 32 19 29 11 34 1 28 12 29 10 27 7 27 6 27 9 29 5 26 6 27 5 28 3 24 4 27 3 26 5 27 2 25 2 25 -4 22 -1 27 -2 21 -1 23 -3 22 -2 22 -5 22 -5 25 -2 23 -3 21 -2 21 -2 21 -13 22 -17 22 -16 18 -22 -1 -1 ]
CSI_DATA,STA,08:3A:F2:51:5D:9D,-48,11,1,0,1,1,1,0,0,0,0,-94,0,6,1,27652911,0,110,0,0,27.830898,384,[110 96 6 0 0 0 0 0 0 0 0 0 -20 -10 -19 -9 -23 -10 -23 -13 -21 -12 -18 -12 -20 -13 -18 -12 -19 -12 -18 -14 -20 -17 -20 -16 -19 -16 -18 -17 -14 -15 -20 -16 -16 -15 -15 -16 -15 -15 -14 -14 -14 -15 -15 -15 -12 -15 -14 -16 -15 -17 -15 -14 0 0 -15 -14 -16 -12 -16 -13 -15 -11 -13 -13 -15 -11 -15 -12 -14 -10 -15 -10 -14 -6 -15 -8 -13 -9 -14 -9 -14 -7 -14 -7 -15 -6 -17 -8 -14 -5 -15 -5 -14 -3 -14 -5 -14 -5 -15 -5 -15 -5 -13 -6 -13 -4 0 0 0 0 0 0 0 0 0 0 -1 -1 -1 -1 15 19 16 19 18 16 17 11 6 17 5 14 7 16 5 17 6 14 5 12 7 14 7 11 9 12 8 14 7 14 8 13 9 14 8 13 6 11 10 11 10 9 8 12 9 8 8 10 7 11 9 9 8 10 9 9 9 12 9 10 13 6 9 9 8 10 8 8 8 8 7 10 8 9 7 8 7 8 6 8 6 8 5 9 5 10 4 9 3 8 4 7 2 6 3 8 1 7 2 6 1 6 1 6 1 5 -1 5 -2 5 -2 4 -2 3 0 0 0 0 -1 -1 -1 -1 -1 -1 -1 -1 -1 -1 0 0 0 0 -1 -1 -1 -1 -38 -3 -35 -2 -40 -2 -39 -5 -39 -4 -33 -5 -39 -7 -33 -5 -42 -5 -39 -11 -41 -13 -39 -12 -42 -13 -40 -13 -33 -11 -37 -11 -37 -9 -37 -13 -31 -9 -32 -12 -29 -12 -33 -9 -30 -14 -31 -13 -34 -17 -31 -10 -35 0 -30 -11 -31 -10 -28 -7 -28 -6 -29 -9 -29 -5 -27 -6 -29 -4 -29 -3 -26 -2 -27 -2 -27 -5 -28 -2 -26 -2 -25 4 -23 0 -28 2 -23 1 -23 3 -23 2 -23 5 -22 5 -25 1 -23 2 -22 2 -22 2 -21 14 -23 18 -21 17 -18 23 -1 -1 ]
CSI_DATA,STA,08:3A:F2:51:5D:9D,-49,11,1,0,1,1,1,0,0,0,0,-94,0,6,1,27653396,0,110,0,0,27.841541,384,[110 96 6 0 0 0 0 0 0 0 0 0 19 -14 17 -13 21 -17 23 -14 22 -14 19 -10 22 -12 20 -10 21 -12 23 -9 25 -10 25 -11 24 -9 24 -8 20 -6 25 -11 21 -8 22 -6 20 -7 19 -7 20 -6 21 -7 19 -3 21 -5 23 -6 19 -7 0 0 19 -7 18 -10 18 -9 17 -9 17 -6 17 -9 18 -9 15 -8 16 -10 12 -11 14 -11 14 -8 14 -9 12 -11 12 -11 11 -12 14 -13 10 -11 10 -12 8 -12 11 -11 10 -12 11 -12 9 -13 10 -10 8 -11 0 0 0 0 0 0 0 0 0 0 -1 -1 -1 -1 -25 7 -25 7 -23 11 -20 11 -21 -1 -19 -1 -21 0 -20 -1 -19 1 -16 0 -18 2 -15 3 -18 4 -18 3 -19 2 -18 2 -19 4 -18 3 -15 2 -16 5 -15 7 -17 4 -13 6 -15 5 -14 3 -14 6 -16 4 -14 7 -17 4 -15 6 -13 11 -15 6 -15 5 -13 5 -13 5 -14 4 -13 5 -12 5 -12 4 -13 4 -12 3 -13 2 -12 2 -12 1 -11 1 -11 2 -10 0 -10 1 -9 -1 -9 0 -8 -1 -8 -1 -7 -2 -7 -2 -6 -3 -5 -4 -5 -4 0 0 0 0 -1 -1 -1 -1 -1 -1 -1 -1 -1 -1 0 0 0 0 -1 -1 -1 -1 20 -34 18 -33 22 -38 23 -35 23 -35 20 -29 25 -33 20 -28 25 -37 29 -31 31 -33 30 -32 31 -34 31 -32 26 -25 29 -30 26 -31 30 -28 22 -25 25 -25 24 -21 24 -27 26 -22 26 -24 31 -25 23 -25 15 -34 24 -24 22 -25 19 -24 18 -24 21 -23 17 -26 17 -24 16 -26 15 -27 13 -24 14 -25 15 -24 13 -26 12 -25 7 -26 9 -23 9 -28 8 -22 6 -24 7 -23 4 -25 4 -25 8 -25 7 -24 6 -23 7 -23 -5 -26 -8 -29 -8 -28 -15 -26 -1 -1 ]
CSI_DATA,STA,08:3A:F2:51:5D:9D,-48,11,1,0,1,1,1,0,0,0,0,-94,0,6,1,27653796,0,110,0,0,27.852208,384,[110 96 6 0 0 0 0 0 0 0 0 0 21 -4 20 -4 23 -5 25 -2 23 -2 20 0 23 -1 20 0 21 -1 22 1 25 2 24 1 24 2 23 3 19 4 24 1 21 2 19 4 19 3 19 3 19 3 20 3 17 5 19 4 21 4 19 2 0 0 19 2 18 0 19 0 17 -1 16 2 17 -1 18 0 16 -1 17 -2 14 -4 16 -4 15 -1 15 -2 14 -4 14 -4 15 -6 17 -5 13 -6 13 -6 11 -7 13 -5 13 -6 13 -6 13 -7 12 -4 11 -6 0 0 0 0 0 0 0 0 0 0 -1 -1 -1 -1 -25 -5 -26 -6 -25 -1 -21 2 -17 -9 -15 -8 -17 -8 -16 -10 -16 -7 -13 -6 -16 -6 -14 -4 -17 -4 -17 -6 -17 -6 -16 -5 -18 -5 -16 -5 -14 -5 -16 -2 -15 0 -16 -3 -13 0 -14 -3 -14 -3 -15 0 -15 -3 -15 0 -16 -3 -15 -1 -14 5 -14 -1 -15 -1 -12 -1 -13 0 -13 -3 -14 -1 -13 -1 -12 -2 -12 -1 -12 -1 -12 -3 -11 -3 -11 -4 -10 -4 -10 -2 -8 -3 -10 -3 -8 -3 -8 -3 -6 -4 -6 -4 -6 -4 -5 -5 -4 -5 -3 -4 -3 -4 0 0 0 0 -1 -1 -1 -1 -1 -1 -1 -1 -1 -1 0 0 0 0 -1 -1 -1 -1 32 -18 30 -18 34 -21 35 -17 35 -18 29 -13 36 -16 29 -15 37 -20 38 -13 40 -12 39 -12 41 -13 40 -11 32 -9 36 -12 34 -13 37 -11 28 -10 32 -9 29 -7 32 -12 31 -7 32 -8 37 -6 30 -10 28 -19 30 -9 29 -11 26 -11 24 -12 27 -10 25 -15 25 -13 24 -15 23 -16 21 -13 23 -16 24 -13 23 -16 21 -16 16 -19 17 -15 19 -19 16 -15 14 -18 15 -16 14 -19 13 -19 18 -18 16 -17 15 -16 15 -16 6 -24 7 -28 6 -26 -1 -29 -1 -1 ]
CSI_DATA,STA,08:3A:F2:51:5D:9D,-48,11,1,0,1,1,1,0,0,0,0,-94,0,6,1,27655388,0,110,0,0,27.862811,384,[110 96 6 0 0 0 0 0 0 0 0 0 -13 -18 -13 -18 -15 -20 -13 -23 -12 -21 -9 -19 -11 -21 -10 -20 -10 -20 -9 -21 -10 -24 -10 -24 -9 -23 -8 -23 -6 -20 -9 -24 -7 -21 -5 -21 -6 -20 -6 -19 -6 -20 -6 -20 -3 -18 -6 -20 -6 -22 -7 -19 0 0 -7 -19 -9 -18 -8 -19 -9 -16 -6 -17 -8 -17 -8 -18 -8 -15 -9 -16 -10 -12 -10 -14 -8 -14 -9 -14 -10 -12 -10 -13 -11 -12 -12 -15 -11 -10 -11 -11 -11 -9 -10 -11 -11 -11 -11 -11 -12 -10 -10 -11 -10 -9 0 0 0 0 0 0 0 0 0 0 -1 -1 -1 -1 3 24 4 25 7 23 7 19 -3 18 -3 16 -2 18 -4 18 -1 17 -1 14 -1 16 1 14 1 16 1 16 0 16 1 16 2 18 1 16 1 14 3 15 5 14 2 15 5 12 2 13 2 13 4 13 2 14 5 13 2 15 4 13 9 12 3 13 3 14 3 12 3 12 2 12 4 12 3 11 2 11 2 11 2 11 0 12 1 11 0 10 0 9 0 9 -1 8 0 9 -2 7 -1 7 -3 6 -2 6 -2 6 -3 5 -3 4 -4 3 -4 3 0 0 0 0 -1 -1 -1 -1 -1 -1 -1 -1 -1 -1 0 0 0 0 -1 -1 -1 -1 -31 -23 -30 -20 -34 -25 -32 -26 -32 -25 -25 -23 -29 -27 -26 -22 -33 -28 -28 -30 -30 -33 -29 -31 -30 -33 -28 -33 -22 -27 -26 -30 -27 -28 -25 -31 -22 -24 -22 -27 -19 -26 -24 -26 -20 -28 -22 -27 -22 -32 -22 -25 -30 -18 -21 -26 -22 -25 -22 -21 -21 -20 -21 -23 -23 -20 -22 -20 -23 -19 -25 -18 -22 -14 -24 -15 -22 -17 -24 -16 -23 -15 -25 -10 -22 -12 -26 -12 -22 -10 -22 -9 -22 -10 -24 -8 -23 -8 -24 -11 -23 -9 -21 -10 -21 -10 -25 1 -29 3 -28 3 -28 8 -1 -1 ]
CSI_DATA,STA,08:3A:F2:51:5D:9D,-49,11,1,0,1,1,1,0,0,0,0,-94,0,6,1,27655827,0,110,0,0,27.873781,384,[110 96 6 0 0 0 0 0 0 0 0 0 17 -16 16 -16 19 -18 22 -17 20 -16 18 -13 21 -15 19 -13 19 -14 21 -12 24 -13 23 -14 23 -12 23 -11 20 -8 23 -13 20 -10 21 -8 20 -9 19 -9 19 -8 20 -9 18 -5 20 -8 22 -8 19 -9 0 0 19 -9 17 -11 18 -11 16 -11 16 -8 16 -10 17 -10 14 -10 15 -11 11 -12 13 -12 13 -9 13 -11 11 -12 11 -12 10 -13 13 -14 9 -13 9 -13 7 -13 10 -12 9 -13 9 -13 9 -13 9 -11 8 -12 0 0 0 0 0 0 0 0 0 0 -1 -1 -1 -1 -16 21 -16 21 -12 23 -8 21 -15 5 -14 5 -15 5 -15 4 -13 5 -11 4 -12 5 -9 6 -11 8 -12 7 -13 7 -12 7 -12 8 -12 7 -10 6 -10 8 -8 9 -11 8 -7 7 -9 7 -9 6 -8 8 -10 7 -8 8 -11 8 -9 9 -3 16 -9 8 -10 7 -8 7 -8 7 -9 6 -8 8 -7 6 -7 6 -8 6 -8 6 -9 5 -9 5 -8 4 -8 3 -7 5 -7 2 -7 3 -7 2 -6 2 -6 1 -6 1 -5 1 -6 0 -5 -1 -5 -1 -5 -2 0 0 0 0 -1 -1 -1 -1 -1 -1 -1 -1 -1 -1 0 0 0 0 -1 -1 -1 -1 2 -31 2 -30 4 -33 5 -31 5 -31 5 -26 8 -30 4 -26 4 -34 10 -31 11 -34 10 -32 10 -35 11 -33 9 -27 11 -29 7 -30 11 -30 7 -24 10 -26 10 -22 7 -27 10 -24 10 -25 14 -28 8 -25 -10 -36 9 -25 9 -25 5 -22 5 -21 7 -24 3 -24 5 -22 2 -23 1 -23 2 -21 1 -23 4 -22 1 -23 1 -22 -5 -20 -1 -19 -3 -22 -1 -19 -3 -18 -2 -19 -5 -18 -5 -17 -2 -21 -2 -20 -3 -18 -2 -18 -20 -17 -23 -18 -24 -18 -27 -13 -1 -1 ]
CSI_DATA,STA,08:3A:F2:51:5D:9D,-49,11,1,0,1,1,1,0,0,0,0,-94,0,6,1,27657449,0,110,0,0,27.884201,384,[110 96 6 0 0 0 0 0 0 0 0 0 -21 11 -21 10 -24 12 -27 10 -24 10 -22 6 -24 8 -22 6 -23 7 -24 5 -27 6 -27 6 -26 5 -26 4 -22 2 -27 6 -23 3 -23 2 -23 3 -21 3 -21 2 -23 3 -20 0 -23 1 -24 2 -21 3 0 0 -21 3 -20 5 -21 5 -19 5 -19 2 -19 5 -20 4 -17 5 -19 6 -15 7 -16 8 -16 5 -16 6 -15 8 -15 7 -14 9 -17 9 -13 9 -13 9 -11 9 -13 8 -13 9 -14 8 -13 10 -13 7 -11 8 0 0 0 0 0 0 0 0 0 0 -1 -1 -1 -1 25 -3 27 -3 25 -7 21 -7 18 4 17 3 19 2 18 5 17 2 14 2 17 1 14 -1 17 -1 17 0 17 0 16 -1 18 -1 17 0 14 -1 16 -3 15 -5 16 -2 13 -4 14 -3 14 -1 14 -4 14 -2 14 -5 16 -2 15 -4 13 -10 14 -4 14 -3 12 -4 13 -4 14 -2 13 -4 12 -3 12 -3 12 -2 11 -2 12 0 12 0 11 0 11 0 9 -1 8 1 9 0 7 1 7 1 6 2 7 1 6 1 5 2 4 3 3 3 2 3 0 0 0 0 -1 -1 -1 -1 -1 -1 -1 -1 -1 -1 0 0 0 0 -1 -1 -1 -1 -27 29 -25 29 -29 32 -31 29 -30 30 -27 24 -33 27 -26 24 -33 31 -35 24 -37 26 -36 25 -38 27 -38 24 -32 20 -35 23 -32 24 -36 21 -28 20 -31 18 -29 16 -31 22 -31 16 -31 18 -36 17 -29 19 -22 29 -29 18 -28 19 -25 19 -23 18 -27 18 -23 21 -23 19 -22 21 -21 23 -18 19 -20 22 -21 20 -19 22 -18 21 -12 23 -15 20 -16 24 -13 20 -11 21 -13 20 -10 22 -10 22 -14 22 -12 21 -12 19 -12 19 -1 25 2 30 2 29 8 29 -1 -1 ]
CSI_DATA,STA,08:3A:F2:51:5D:9D,-48,11,1,0,1,1,1,0,0,0,0,-94,0,6,1,27657892,0,110,0,0,27.894498,384,[110 96 6 0 0 0 0 0 0 0 0 0 -14 -18 -13 -17 -16 -20 -14 -23 -13 -20 -10 -19 -11 -21 -10 -19 -11 -20 -10 -21 -10 -24 -11 -23 -10 -23 -9 -23 -6 -20 -10 -23 -7 -21 -6 -21 -7 -20 -7 -18 -6 -19 -7 -20 -4 -19 -6 -20 -7 -21 -7 -19 0 0 -7 -19 -9 -18 -9 -18 -9 -17 -6 -17 -8 -17 -8 -17 -8 -15 -9 -16 -10 -12 -11 -14 -8 -13 -9 -14 -11 -12 -10 -13 -11 -12 -12 -14 -11 -10 -11 -11 -11 -8 -11 -11 -11 -11 -11 -11 -12 -10 -10 -11 -10 -9 0 0 0 0 0 0 0 0 0 0 -1 -1 -1 -1 7 22 8 22 11 21 11 18 -1 17 -1 16 0 17 -2 17 0 15 0 13 1 15 3 13 3 15 2 15 1 16 2 15 3 16 3 15 2 12 4 13 6 13 3 14 5 11 3 12 3 12 5 12 3 12 5 12 4 14 5 13 10 11 5 13 4 12 4 11 4 11 3 12 4 11 4 10 3 10 2 11 2 10 1 11 1 10 1 10 1 9 1 8 0 8 0 8 -2 7 -1 7 -1 6 -1 6 -1 5 -2 5 -3 4 -3 3 -4 3 0 0 0 0 -1 -1 -1 -1 -1 -1 -1 -1 -1 -1 0 0 0 0 -1 -1 -1 -1 -32 -16 -31 -15 -35 -18 -34 -20 -33 -19 -27 -18 -31 -21 -27 -17 -35 -20 -30 -24 -32 -26 -31 -26 -33 -27 -31 -27 -25 -22 -28 -25 -29 -22 -27 -26 -24 -20 -24 -22 -21 -22 -26 -21 -22 -23 -23 -23 -24 -27 -24 -21 -34 -12 -23 -22 -24 -20 -23 -17 -22 -16 -23 -19 -24 -15 -22 -16 -24 -15 -25 -13 -22 -12 -24 -13 -22 -14 -25 -12 -24 -11 -24 -6 -22 -9 -25 -9 -22 -8 -22 -6 -21 -7 -23 -4 -22 -4 -23 -8 -22 -7 -21 -6 -21 -7 -24 6 -27 8 -27 9 -24 14 -1 -1 ]
CSI_DATA,STA,08:3A:F2:51:5D:9D,-49,11,1,0,1,1,1,0,0,0,0,-94,0,6,1,27658356,0,110,0,0,27.905448,384,[110 96 6 0 0 0 0 0 0 0 0 0 23 -3 22 -3 26 -3 28 0 25 0 22 1 25 1 22 2 23 1 23 3 26 4 26 3 25 4 25 5 21 6 26 4 22 5 20 7 21 6 19 5 20 6 21 6 17 7 20 6 22 6 20 4 0 0 20 4 20 3 21 3 18 1 18 5 19 2 19 3 17 2 18 1 16 -2 17 -2 16 1 16 0 16 -2 16 -2 16 -4 18 -2 14 -4 15 -4 13 -5 15 -3 15 -4 15 -4 15 -5 14 -3 13 -4 0 0 0 0 0 0 0 0 0 0 -1 -1 -1 -1 -25 -8 -26 -8 -27 -4 -23 -2 -16 -12 -15 -11 -17 -11 -16 -13 -15 -10 -13 -9 -15 -9 -14 -6 -17 -8 -16 -8 -17 -9 -17 -7 -18 -7 -16 -7 -14 -7 -16 -5 -17 -3 -16 -6 -14 -3 -15 -5 -14 -6 -15 -4 -15 -5 -16 -3 -16 -6 -16 -3 -17 3 -16 -4 -15 -5 -14 -4 -14 -4 -13 -5 -14 -4 -13 -4 -13 -5 -12 -5 -12 -4 -12 -5 -11 -6 -11 -6 -10 -6 -10 -5 -8 -5 -9 -6 -7 -6 -7 -5 -6 -6 -6 -5 -5 -5 -4 -6 -3 -6 -3 -5 -2 -6 0 0 0 0 -1 -1 -1 -1 -1 -1 -1 -1 -1 -1 0 0 0 0 -1 -1 -1 -1 33 -20 31 -20 36 -21 37 -19 36 -18 32 -14 37 -15 31 -15 39 -18 38 -13 41 -14 39 -13 43 -14 41 -12 34 -9 39 -11 37 -13 38 -8 31 -10 33 -8 31 -6 33 -10 32 -6 33 -8 38 -6 31 -10 28 -23 31 -8 31 -8 28 -10 26 -10 30 -9 28 -12 26 -10 27 -13 26 -14 22 -13 24 -15 24 -12 24 -15 23 -15 19 -18 20 -15 22 -17 18 -15 17 -16 18 -15 17 -18 16 -17 19 -16 18 -16 16 -16 17 -15 10 -24 9 -29 8 -30 4 -30 -1 -1 ]
CSI_DATA,STA,08:3A:F2:51:5D:9D,-44,11,0,0,0,0,0,0,0,0,0,-94,0,6,1,27673026,0,110,0,0,27.915987,128,[110 96 6 0 0 0 0 0 0 0 0 0 21 11 20 12 21 13 23 14 20 13 18 14 19 14 17 15 18 15 17 15 20 16 19 16 18 15 18 15 15 15 18 16 15 15 14 15 14 15 14 14 14 14 15 15 12 13 15 13 16 13 15 12 0 0 14 11 15 11 15 11 14 10 13 9 14 9 15 9 13 8 15 8 13 8 15 7 13 7 14 6 15 7 13 6 14 6 15 5 14 5 14 5 14 5 13 4 14 4 13 4 14 3 13 3 13 3 0 0 0 0 0 0 0 0 0 0 ]
CSI_DATA,STA,08:3A:F2:51:5D:9D,-44,11,0,0,0,0,0,0,0,0,0,-94,0,6,1,27675651,0,110,0,0,27.919582,128,[110 96 6 0 0 0 0 0 0 0 0 0 -13 20 -13 20 -15 21 -15 22 -15 20 -15 17 -15 18 -16 17 -16 18 -17 17 -17 19 -17 19 -16 18 -16 17 -16 15 -17 18 -16 15 -16 14 -15 14 -15 14 -15 14 -15 15 -14 12 -13 14 -14 16 -13 15 0 0 -12 15 -12 15 -11 16 -11 15 -9 13 -9 14 -9 15 -9 14 -8 15 -9 14 -8 15 -7 13 -6 14 -7 14 -7 14 -6 14 -5 15 -6 14 -5 14 -4 14 -5 13 -4 14 -4 14 -3 14 -3 13 -3 13 0 0 0 0 0 0 0 0 0 0 ]
CSI_DATA,STA,08:3A:F2:51:5D:9D,-49,11,1,0,1,1,1,0,0,0,0,-94,0,6,1,27739642,0,110,0,0,27.923741,384,[110 96 6 0 0 0 0 0 0 0 0 0 -21 -3 -20 -3 -24 -3 -25 -6 -22 -5 -19 -6 -22 -7 -20 -7 -20 -7 -20 -8 -23 -9 -23 -9 -22 -9 -21 -10 -17 -10 -22 -9 -19 -10 -17 -10 -18 -9 -17 -8 -17 -9 -18 -9 -15 -10 -18 -9 -19 -10 -17 -8 0 0 -17 -8 -18 -6 -18 -7 -17 -5 -16 -8 -17 -6 -17 -6 -16 -5 -17 -5 -15 -2 -16 -2 -14 -4 -15 -3 -15 -2 -15 -2 -16 -1 -17 -2 -14 0 -14 0 -13 2 -14 -1 -14 0 -14 0 -14 1 -14 0 -13 1 0 0 0 0 0 0 0 0 0 0 -1 -1 -1 -1 8 21 10 21 14 19 11 16 7 17 7 15 9 15 7 18 8 14 7 13 9 14 9 11 11 14 9 13 10 14 11 12 11 13 10 12 9 11 11 10 13 10 10 11 11 8 9 9 9 10 10 9 8 10 12 8 10 10 11 8 11 7 11 9 10 9 10 8 10 7 9 9 10 8 9 7 8 8 7 8 7 7 7 8 6 8 6 8 6 8 5 7 4 6 4 7 2 6 2 6 1 6 1 5 1 5 0 5 0 4 -1 4 -2 3 -1 -1 0 0 0 0 -1 -1 -1 -1 -1 -1 0 0 0 0 -1 -1 -1 -1 -1 -1 -40 -2 -39 -1 -43 -3 -44 -6 -41 -5 -37 -6 -42 -8 -37 -7 -45 -9 -40 -12 -43 -12 -42 -11 -45 -13 -43 -13 -36 -12 -39 -12 -42 -11 -38 -15 -35 -10 -34 -13 -32 -13 -36 -12 -31 -14 -35 -12 -36 -16 -34 -9 -33 -7 -34 -11 -32 -9 -32 -6 -30 -5 -32 -10 -32 -6 -30 -6 -32 -5 -31 -4 -27 -3 -30 -1 -29 -3 -30 0 -29 0 -27 3 -26 2 -30 2 -25 3 -25 3 -24 3 -26 6 -25 5 -26 3 -24 5 -24 4 -24 4 -21 7 -25 12 -25 11 -22 14 -1 -1 ]
CSI_DATA,STA,08:3A:F2:51:5D:9D,-44,11,1,0,0,1,1,0,0,0,0,-94,0,6,1,27753552,0,110,0,0,27.934276,256,[110 96 6 0 0 0 0 0 0 0 0 0 3 25 2 24 3 27 2 27 1 27 0 25 0 25 -1 24 -1 25 -2 25 -2 26 -2 27 -2 25 -2 25 -3 23 -2 26 -4 22 -4 22 -3 21 -3 21 -3 20 -2 21 -3 19 -2 20 -1 21 -1 20 0 0 0 19 0 20 1 19 1 19 1 17 2 18 2 18 2 17 3 17 2 17 3 17 3 16 3 16 3 16 4 15 4 15 5 16 4 15 5 15 5 14 5 14 5 14 5 13 6 14 5 13 5 13 0 0 0 0 0 0 0 0 0 0 -1 -1 0 0 0 0 -1 -1 45 27 38 26 23 35 23 33 24 36 23 38 21 38 17 37 21 36 17 37 20 39 18 40 17 40 16 42 15 38 15 39 14 37 18 39 11 33 12 36 13 34 13 35 12 34 13 33 12 34 11 32 13 34 12 31 -1 -1 14 27 15 28 14 26 18 29 13 23 17 25 17 23 15 23 17 22 20 25 20 24 17 22 17 21 16 21 19 20 17 19 20 20 18 18 20 17 18 17 21 16 19 17 20 15 20 17 18 15 18 14 24 5 24 5 -1 -1 -1 -1 -1 -1 ]
CSI_DATA,STA,08:3A:F2:51:5D:9D,-49,11,1,0,1,1,1,0,0,0,0,-94,0,6,1,27758236,0,110,0,0,27.941029,384,[110 96 6 0 0 0 0 0 0 0 0 0 13 17 13 17 15 19 14 23 12 20 9 19 11 21 9 19 10 19 8 21 10 23 10 23 9 22 8 23 5 20 9 23 7 21 5 20 6 19 5 18 5 19 6 20 3 18 5 19 5 21 7 18 0 0 6 18 8 17 8 18 8 16 5 17 7 16 7 17 7 15 8 15 9 12 10 13 8 13 8 13 9 12 9 12 11 12 11 14 10 10 10 10 10 8 9 10 10 10 10 10 11 9 9 10 9 8 0 0 0 0 0 0 0 0 0 0 -1 -1 -1 -1 -7 -23 -8 -23 -12 -23 -11 -19 0 -18 -1 -18 -1 -18 0 -19 -1 -16 -1 -15 -2 -16 -4 -14 -4 -17 -4 -16 -3 -17 -4 -16 -5 -17 -4 -16 -4 -14 -5 -14 -7 -15 -4 -15 -6 -12 -4 -13 -4 -13 -6 -13 -5 -13 -7 -12 -5 -14 -7 -13 -12 -11 -6 -13 -5 -13 -5 -11 -6 -12 -4 -13 -5 -11 -5 -11 -4 -10 -4 -11 -4 -10 -3 -11 -3 -10 -2 -10 -1 -9 -3 -9 -1 -8 -2 -8 -1 -8 -1 -7 0 -6 0 -7 1 -6 1 -5 1 -5 1 -4 2 -4 -1 -1 0 0 0 0 -1 -1 -1 -1 -1 -1 0 0 0 0 -1 -1 -1 -1 -1 -1 32 16 32 14 33 18 34 20 31 20 27 18 30 21 27 17 33 21 28 23 31 25 30 24 33 26 30 26 25 22 26 25 29 23 25 26 23 20 22 22 20 21 24 21 20 22 23 21 23 26 23 19 33 10 23 21 21 20 22 17 20 16 22 19 23 15 21 15 23 14 24 14 21 11 23 11 22 12 23 11 22 10 23 5 21 8 23 9 21 7 20 5 20 6 21 4 21 4 21 6 21 5 20 5 20 5 23 -5 27 -9 27 -10 24 -12 -1 -1 ]
CSI_DATA,STA,08:3A:F2:51:5D:9D,-49,11,1,0,1,1,1,0,0,0,0,-94,0,6,1,27758663,0,110,0,0,27.951144,384,[110 96 6 0 0 0 0 0 0 0 0 0 -23 -4 -22 -4 -26 -4 -27 -7 -24 -7 -21 -7 -23 -8 -21 -8 -22 -8 -22 -9 -24 -11 -25 -10 -23 -11 -22 -12 -19 -11 -24 -11 -20 -11 -18 -12 -19 -11 -18 -10 -18 -11 -19 -11 -15 -11 -18 -11 -20 -12 -18 -9 0 0 -18 -10 -19 -7 -19 -8 -18 -7 -16 -9 -18 -7 -18 -8 -17 -7 -18 -6 -16 -2 -17 -3 -15 -5 -16 -5 -16 -3 -16 -3 -17 -1 -19 -3 -15 0 -15 -1 -14 1 -15 -2 -15 -1 -15 -1 -15 0 -14 -2 -14 0 0 0 0 0 0 0 0 0 0 0 -1 -1 -1 -1 20 12 21 12 23 9 19 6 11 13 11 12 12 12 11 14 11 11 9 9 11 10 11 8 13 9 12 9 12 10 12 9 14 10 13 8 11 8 12 7 14 5 12 8 12 4 11 6 11 7 12 6 11 7 12 4 12 7 12 5 14 0 12 5 11 6 10 5 10 4 10 6 11 5 9 5 10 5 9 5 8 4 8 6 8 6 7 6 7 5 6 4 5 5 5 5 3 5 4 4 3 5 2 4 3 4 1 4 0 4 0 3 -1 3 -1 -1 0 0 0 0 -1 -1 -1 -1 -1 -1 0 0 0 0 -1 -1 -1 -1 -1 -1 -37 9 -36 10 -40 9 -41 7 -39 7 -34 4 -39 4 -34 5 -42 6 -40 1 -42 1 -41 1 -44 1 -42 0 -36 -1 -39 -1 -39 1 -38 -3 -32 0 -34 -2 -32 -3 -35 1 -32 -4 -34 -2 -37 -5 -32 0 -33 13 -33 -2 -32 -1 -30 2 -27 1 -31 0 -29 4 -29 2 -29 4 -29 6 -25 6 -27 6 -27 4 -27 6 -26 7 -22 10 -23 8 -26 9 -22 8 -20 9 -21 8 -20 11 -20 10 -23 9 -22 9 -20 9 -20 8 -15 19 -16 24 -15 24 -11 26 -1 -1 ]
CSI_DATA,STA,08:3A:F2:51:5D:9D,-49,11,1,0,1,1,1,0,0,0,0,-94,0,6,1,27758989,0,110,0,0,27.961412,384,[110 96 6 0 0 0 0 0 0 0 0 0 -10 -21 -9 -21 -11 -23 -8 -26 -8 -24 -5 -22 -6 -24 -5 -22 -6 -23 -4 -23 -4 -26 -5 -26 -4 -25 -3 -25 -1 -22 -4 -26 -2 -23 0 -21 -2 -22 -1 -20 0 -21 -1 -22 1 -19 -1 -21 -1 -23 -2 -20 0 0 -2 -21 -4 -19 -4 -21 -4 -18 -2 -18 -4 -18 -3 -19 -4 -17 -5 -18 -7 -14 -7 -16 -4 -15 -5 -16 -7 -15 -6 -15 -8 -15 -8 -17 -8 -13 -8 -13 -8 -11 -7 -14 -8 -13 -8 -13 -9 -13 -7 -13 -8 -11 0 0 0 0 0 0 0 0 0 0 -1 -1 -1 -1 -3 23 -2 24 2 24 1 21 -8 16 -7 16 -6 17 -8 17 -5 15 -5 13 -5 15 -3 14 -3 16 -4 15 -4 16 -3 16 -3 17 -3 16 -3 14 -1 15 1 15 -3 14 0 13 -1 13 -2 13 0 14 -2 13 1 13 -1 15 0 14 5 13 -1 14 -1 13 0 12 -1 12 -2 12 0 12 0 11 -1 11 -2 11 -1 10 -2 10 -2 10 -3 10 -3 9 -3 8 -3 7 -3 8 -4 6 -3 6 -4 5 -3 5 -4 4 -4 3 -4 3 -4 2 -5 1 -1 -1 0 0 0 0 -1 -1 -1 -1 -1 -1 0 0 0 0 -1 -1 -1 -1 -1 -1 -27 -28 -27 -27 -29 -31 -28 -34 -26 -32 -22 -29 -23 -33 -22 -28 -27 -36 -21 -35 -23 -38 -23 -36 -24 -39 -21 -38 -18 -33 -19 -36 -22 -36 -16 -36 -17 -30 -15 -31 -14 -30 -18 -31 -13 -31 -16 -31 -15 -36 -17 -29 -26 -23 -16 -31 -16 -29 -17 -27 -15 -24 -16 -28 -18 -25 -17 -24 -19 -24 -20 -23 -18 -19 -20 -21 -18 -22 -20 -21 -20 -20 -21 -16 -19 -18 -22 -19 -19 -16 -19 -15 -18 -15 -21 -14 -21 -13 -20 -16 -20 -15 -19 -14 -19 -15 -24 -6 -28 -4 -29 -3 -28 1 -1 -1 ]
CSI_DATA,STA,08:3A:F2:51:5D:9D,-49,11,1,0,1,1,1,0,0,0,0,-94,0,6,1,27759453,0,110,0,0,27.972460,384,[110 96 6 0 0 0 0 0 0 0 0 0 16 -16 15 -16 17 -18 21 -17 19 -16 17 -12 19 -14 18 -13 19 -14 20 -12 22 -13 22 -14 22 -13 22 -11 19 -9 22 -13 20 -10 19 -8 19 -9 17 -8 19 -8 19 -8 17 -5 19 -8 20 -9 18 -9 0 0 18 -9 16 -10 17 -10 15 -10 16 -8 15 -10 16 -10 14 -9 14 -10 11 -11 12 -12 12 -10 12 -10 11 -12 11 -11 11 -13 13 -13 9 -12 9 -12 7 -12 10 -12 9 -12 9 -12 8 -13 9 -11 7 -11 0 0 0 0 0 0 0 0 0 0 -1 -1 -1 -1 -23 9 -22 9 -22 13 -18 12 -18 0 -18 1 -18 1 -19 0 -16 1 -15 1 -16 2 -13 4 -17 4 -16 3 -17 3 -16 4 -17 5 -16 4 -14 3 -14 5 -14 7 -15 4 -12 6 -13 4 -13 4 -13 6 -13 4 -12 6 -14 4 -13 6 -10 11 -13 6 -13 4 -12 5 -11 5 -13 4 -11 5 -11 4 -10 3 -11 3 -10 4 -11 3 -11 2 -10 2 -10 1 -9 2 -8 1 -8 1 -8 0 -7 0 -7 -1 -7 0 -5 -1 -5 -2 -4 -2 -4 -3 -4 -3 -1 -1 0 0 0 0 -1 -1 -1 -1 -1 -1 0 0 0 0 -1 -1 -1 -1 -1 -1 13 -35 11 -35 15 -37 17 -38 16 -34 15 -31 17 -34 14 -30 18 -38 20 -32 22 -35 21 -34 23 -37 24 -34 20 -29 22 -31 20 -34 23 -29 18 -27 19 -26 19 -24 19 -28 20 -24 20 -26 24 -28 18 -27 7 -35 19 -27 18 -25 15 -26 14 -23 16 -26 13 -26 12 -24 11 -26 11 -26 9 -23 10 -26 11 -24 9 -26 8 -26 3 -24 6 -24 6 -26 5 -23 4 -23 4 -22 2 -23 2 -23 5 -24 4 -23 3 -22 4 -22 -7 -23 -10 -27 -13 -27 -14 -24 -1 -1 ]
CSI_DATA,STA,08:3A:F2:51:5D:9D,-49,11,1,0,1,1,1,0,0,0,0,-94,0,6,1,27884038,0,110,0,0,28.50607,384,[110 96 6 0 0 0 0 0 0 0 0 0 20 11 19 11 22 12 22 16 20 14 16 13 19 15 17 14 18 14 17 16 19 18 20 17 18 17 17 18 13 16 19 18 15 16 13 17 14 15 13 14 13 15 14 16 10 15 13 15 15 17 14 14 0 0 14 14 15 12 15 13 15 11 12 12 14 11 15 12 13 10 15 10 14 7 15 8 13 9 14 8 14 6 14 6 15 5 17 7 13 4 14 4 13 2 13 5 14 4 14 4 14 3 12 4 12 2 0 0 0 0 0 0 0 0 0 0 -1 -1 -1 -1 -21 -13 -22 -13 -23 -9 -20 -6 -11 -14 -9 -13 -12 -13 -10 -14 -11 -12 -8 -10 -11 -11 -10 -9 -12 -10 -12 -10 -12 -11 -12 -10 -13 -10 -12 -9 -10 -8 -12 -7 -13 -6 -12 -8 -11 -4 -11 -6 -10 -7 -11 -5 -11 -6 -12 -4 -12 -7 -11 -5 -14 1 -11 -5 -11 -4 -9 -3 -10 -3 -9 -4 -10 -3 -9 -2 -9 -3 -8 -3 -8 -2 -7 -3 -7 -3 -7 -3 -7 -3 -6 -1 -5 -2 -6 -1 -4 -1 -4 -1 -4 -1 -4 0 -3 0 -3 0 -3 0 -3 0 -2 0 -1 -1 -1 -1 -1 -1 -1 -1 -1 -1 -1 -1 -1 -1 -1 -1 -1 -1 -1 -1 0 0 37 1 34 0 40 1 38 4 38 3 31 4 37 6 31 4 41 3 38 9 40 10 39 9 42 9 39 10 31 9 36 9 35 6 36 10 28 6 31 8 28 9 32 6 29 9 30 8 34 13 30 7 36 -8 30 7 30 6 26 4 26 2 27 5 28 0 26 2 27 0 27 -2 24 -1 26 -1 26 1 26 -2 25 -3 22 -8 21 -4 24 -7 20 -4 20 -7 21 -5 19 -8 19 -9 22 -6 21 -7 19 -6 19 -6 16 -18 16 -23 15 -23 10 -26 -1 -1 ]
CSI_DATA,STA,08:3A:F2:51:5D:9D,-44,11,1,0,0,1,1,0,0,0,0,-94,0,6,1,27893567,0,110,0,0,28.61972,256,[110 96 6 0 0 0 0 0 0 0 0 0 0 11 0 11 0 12 0 12 -1 11 -2 11 -2 12 -2 11 -2 12 -2 11 -1 12 -2 12 -2 11 -2 11 -3 10 -2 11 -3 10 -3 9 -3 10 -3 9 -3 9 -3 9 -3 8 -2 9 -2 10 -2 9 0 0 -1 8 -1 9 -1 9 -1 9 -1 8 0 8 0 8 0 7 0 8 0 8 1 8 0 8 0 7 1 7 0 7 1 7 0 8 1 8 1 6 2 7 1 7 1 6 1 7 2 7 2 6 1 6 0 0 0 0 0 0 0 0 0 0 -1 -1 -1 -1 -1 -1 -1 -1 16 14 10 14 6 18 7 19 7 18 6 20 6 18 5 19 5 20 2 19 4 21 3 20 5 21 5 21 4 18 4 18 1 18 4 20 2 18 0 18 2 18 0 18 2 17 1 17 1 16 1 15 2 18 2 16 -1 -1 3 14 3 15 3 15 4 15 2 13 4 14 5 14 3 13 4 12 6 14 7 14 7 12 6 11 5 12 6 11 6 11 5 13 6 12 5 10 7 10 7 12 5 10 7 10 8 9 7 8 6 9 10 6 10 5 -1 -1 -1 -1 -1 -1 ]
CSI_DATA,STA,08:3A:F2:51:5D:9D,-48,11,1,0,1,1,1,0,0,0,0,-94,0,6,1,27896972,0,110,0,0,28.69213,384,[110 96 6 0 0 0 0 0 0 0 0 0 12 -18 11 -17 13 -21 16 -20 14 -19 14 -15 15 -17 14 -15 14 -17 16 -15 18 -17 18 -18 18 -16 18 -15 16 -12 18 -17 16 -14 16 -12 16 -13 14 -12 16 -12 16 -13 15 -9 16 -12 17 -13 14 -13 0 0 15 -13 13 -15 13 -14 12 -14 13 -11 12 -14 13 -13 11 -12 11 -14 8 -13 9 -15 9 -12 9 -13 7 -14 7 -14 6 -15 8 -16 5 -14 5 -14 3 -13 6 -14 5 -14 5 -14 4 -14 5 -13 4 -13 0 0 0 0 0 0 0 0 0 0 -1 -1 -1 -1 -17 16 -16 17 -14 21 -12 16 -15 6 -15 7 -15 7 -16 7 -13 7 -12 6 -13 7 -10 8 -12 9 -12 8 -13 9 -11 9 -12 10 -11 10 -10 8 -9 10 -8 11 -11 9 -7 9 -9 9 -9 8 -7 10 -9 8 -6 10 -8 10 -7 10 0 14 -7 10 -7 9 -5 9 -5 9 -6 9 -5 9 -5 8 -5 8 -5 8 -4 8 -4 8 -4 7 -4 7 -4 7 -2 7 -3 6 -3 6 -3 6 -2 5 -2 5 -1 5 -1 4 -1 4 -1 4 -1 4 -1 4 -1 -1 -1 -1 -1 -1 -1 -1 -1 -1 -1 -1 -1 -1 -1 -1 -1 -1 -1 -1 0 0 4 -34 2 -34 4 -36 6 -37 6 -35 5 -31 9 -35 5 -30 7 -38 11 -34 10 -37 10 -35 10 -39 11 -37 10 -31 12 -33 9 -35 13 -32 8 -29 11 -29 12 -26 9 -31 11 -26 10 -29 14 -31 7 -29 -7 -34 9 -29 9 -27 6 -27 6 -25 7 -28 5 -27 5 -26 3 -27 2 -28 2 -22 0 -25 2 -25 0 -26 0 -26 -5 -23 -2 -23 -3 -25 -3 -22 -4 -22 -2 -22 -5 -22 -5 -21 -3 -22 -4 -22 -4 -20 -4 -22 -15 -17 -20 -19 -21 -20 -22 -15 -1 -1 ]
CSI_DATA,STA,08:3A:F2:51:5D:9D,-48,11,1,0,1,1,1,0,0,0,0,-94,0,6,1,27897664,0,110,0,0,28.79996,384,[110 96 6 0 0 0 0 0 0 0 0 0 14 15 14 15 17 16 16 20 14 18 11 17 12 18 11 17 12 17 11 18 12 21 13 21 12 20 10 20 8 18 12 21 9 19 7 18 8 18 8 16 7 18 8 18 5 16 8 18 8 19 9 17 0 0 9 17 10 15 11 16 10 14 8 15 10 14 9 15 9 13 10 14 11 10 12 11 9 11 10 11 11 10 10 10 12 9 13 11 11 8 12 8 11 6 11 9 11 8 11 8 12 7 10 8 10 6 0 0 0 0 0 0 0 0 0 0 -1 -1 -1 -1 -3 -24 -4 -24 -8 -24 -5 -20 0 -19 -1 -19 -2 -20 0 -21 -1 -18 -2 -16 -2 -18 -4 -15 -4 -18 -3 -17 -3 -18 -5 -17 -6 -18 -5 -17 -4 -15 -6 -15 -8 -16 -5 -16 -8 -13 -6 -14 -5 -14 -7 -13 -6 -13 -9 -12 -7 -14 -9 -13 -11 -10 -9 -13 -8 -12 -8 -11 -8 -11 -7 -12 -9 -11 -8 -10 -8 -10 -7 -10 -7 -8 -7 -9 -7 -9 -7 -9 -7 -8 -7 -6 -7 -6 -7 -6 -6 -6 -6 -5 -5 -6 -6 -4 -6 -5 -5 -4 -5 -4 -5 -3 -5 -3 -1 -1 -1 -1 -1 -1 -1 -1 -1 -1 -1 -1 -1 -1 -1 -1 -1 -1 -1 -1 0 0 32 20 32 19 34 22 35 25 31 23 27 22 30 26 27 22 33 28 27 28 31 30 30 29 32 30 30 30 25 26 27 29 30 28 24 30 24 23 22 26 21 26 24 26 20 25 23 25 23 30 24 23 29 17 24 25 22 22 24 21 22 18 23 22 24 19 22 19 25 18 25 18 22 14 25 14 23 15 26 13 25 13 25 8 23 10 26 10 22 9 23 8 22 9 24 6 24 6 23 9 23 6 22 7 22 7 22 1 28 -3 29 -3 25 -7 -1 -1 ]
CSI_DATA,STA,08:3A:F2:51:5D:9D,-48,11,1,0,1,1,1,0,0,0,0,-94,0,6,1,27897996,0,110,0,0,28.90250,384,[110 96 6 0 0 0 0 0 0 0 0 0 -18 11 -18 11 -20 13 -23 12 -21 11 -19 8 -21 9 -20 8 -20 9 -21 7 -24 8 -24 9 -23 8 -23 7 -20 4 -23 8 -21 6 -20 4 -20 5 -19 4 -19 4 -20 5 -18 2 -20 5 -21 5 -19 6 0 0 -19 5 -17 7 -19 7 -16 7 -17 5 -17 6 -18 6 -15 6 -16 8 -13 9 -14 9 -14 7 -14 8 -12 9 -12 9 -12 10 -15 10 -11 10 -11 10 -9 10 -12 9 -11 9 -11 9 -10 10 -11 8 -9 9 0 0 0 0 0 0 0 0 0 0 -1 -1 -1 -1 23 -4 22 -7 22 -11 19 -9 17 1 16 0 17 -1 18 1 16 -1 13 -1 15 -2 13 -3 16 -4 15 -3 15 -3 15 -4 16 -5 14 -5 13 -4 14 -5 13 -8 14 -5 10 -7 11 -5 12 -4 11 -6 12 -6 10 -8 13 -6 11 -8 8 -11 11 -8 10 -6 9 -7 9 -7 10 -6 9 -8 8 -7 8 -7 8 -6 7 -6 8 -7 7 -6 7 -6 6 -6 6 -6 5 -5 5 -6 5 -5 4 -6 4 -5 3 -6 3 -5 3 -5 3 -5 2 -5 3 -5 0 0 -1 -1 -1 -1 -1 -1 -1 -1 -1 -1 -1 -1 -1 -1 0 0 0 0 -1 -1 -21 29 -20 29 -23 30 -26 31 -24 28 -22 25 -26 27 -21 25 -27 31 -28 25 -30 28 -29 28 -30 30 -30 27 -26 22 -28 24 -26 27 -30 22 -23 21 -26 20 -25 18 -25 23 -25 18 -25 21 -30 22 -23 22 -15 31 -25 21 -23 20 -21 21 -19 19 -23 20 -19 22 -19 20 -18 22 -18 23 -14 21 -15 23 -16 21 -14 23 -14 23 -9 23 -11 21 -12 24 -10 21 -8 21 -9 20 -7 22 -7 21 -10 21 -8 21 -8 20 -9 20 2 23 5 28 6 27 8 24 -1 -1 ]
CSI_DATA,STA,08:3A:F2:51:5D:9D,-48,11,1,0,1,1,1,0,0,0,0,-94,0,6,1,27906862,0,110,0,0,28.100605,384,[110 96 6 0 0 0 0 0 0 0 0 0 20 5 19 4 23 4 23 7 22 6 18 7 21 7 18 7 20 6 20 10 22 11 22 11 20 11 19 12 16 10 22 10 18 10 17 11 17 10 16 9 16 10 17 10 14 11 16 11 18 12 16 9 0 0 16 9 17 7 17 7 17 5 14 8 17 6 17 7 15 5 17 5 15 2 16 3 14 5 15 4 15 2 15 2 15 0 17 2 13 0 15 0 13 -2 14 0 14 0 14 0 14 -1 13 1 12 -1 0 0 0 0 0 0 0 0 0 0 -1 -1 -1 -1 -21 -14 -21 -14 -23 -10 -20 -7 -13 -15 -12 -13 -14 -14 -12 -15 -12 -13 -10 -10 -13 -11 -12 -9 -15 -10 -13 -11 -13 -11 -14 -10 -15 -11 -14 -10 -12 -9 -14 -7 -15 -6 -14 -8 -13 -4 -13 -7 -13 -8 -14 -5 -13 -7 -14 -4 -15 -8 -15 -5 -15 0 -14 -5 -14 -5 -13 -4 -13 -3 -13 -5 -14 -4 -13 -3 -13 -3 -12 -4 -11 -3 -11 -4 -12 -5 -12 -4 -11 -4 -10 -2 -9 -3 -10 -2 -9 -3 -9 -2 -8 -3 -8 -2 -8 -2 -7 -3 -7 -3 -6 -2 -7 -2 -1 -1 -1 -1 -1 -1 -1 -1 -1 -1 -1 -1 -1 -1 -1 -1 -1 -1 -1 -1 0 0 34 -6 32 -7 38 -8 37 -6 36 -6 31 -4 37 -3 31 -4 40 -6 37 2 40 1 39 1 41 0 40 1 32 1 37 1 35 -2 36 3 30 0 32 2 30 4 32 -1 30 4 31 3 35 6 31 0 32 -10 31 1 30 -1 28 -2 26 -3 28 -1 29 -5 27 -2 27 -5 28 -6 24 -6 25 -6 26 -3 26 -7 25 -7 22 -12 21 -9 24 -10 20 -8 20 -11 20 -9 20 -12 20 -12 22 -9 21 -10 19 -10 19 -10 15 -18 15 -24 15 -24 10 -26 -1 -1 ]
CSI_DATA,STA,08:3A:F2:51:5D:9D,-48,11,1,0,1,1,1,0,0,0,0,-94,0,6,1,27911184,0,110,0,0,28.111010,384,[110 96 6 0 0 0 0 0 0 0 0 0 5 -21 5 -20 5 -23 9 -24 8 -22 8 -19 8 -21 8 -19 8 -20 10 -20 11 -22 11 -22 11 -21 12 -20 11 -16 12 -22 11 -18 12 -16 11 -17 9 -16 10 -16 11 -17 11 -14 12 -16 13 -18 10 -17 0 0 10 -17 8 -17 9 -18 7 -16 9 -15 7 -16 8 -17 7 -15 7 -17 3 -15 4 -16 6 -14 6 -15 3 -15 4 -15 2 -16 4 -18 1 -15 2 -15 0 -14 2 -15 2 -15 2 -15 1 -15 3 -14 1 -14 0 0 0 0 0 0 0 0 0 0 -1 -1 -1 -1 -20 13 -20 14 -18 17 -14 16 -19 7 -17 7 -18 8 -19 7 -16 8 -14 7 -15 9 -12 9 -14 11 -15 9 -16 10 -14 10 -15 11 -14 10 -12 8 -12 12 -10 13 -12 11 -9 11 -11 10 -11 9 -10 12 -11 10 -9 12 -12 11 -10 13 -5 15 -10 12 -10 11 -8 11 -8 11 -10 10 -8 11 -8 10 -8 10 -7 10 -8 10 -9 10 -9 9 -8 9 -7 8 -6 9 -7 8 -7 8 -7 7 -5 7 -6 6 -5 7 -5 6 -6 5 -6 4 -6 4 -6 4 -1 -1 0 0 0 0 -1 -1 -1 -1 -1 -1 0 0 0 0 -1 -1 -1 -1 -1 -1 0 -38 -2 -37 -1 -42 2 -41 2 -40 3 -34 4 -40 2 -34 3 -44 8 -40 9 -43 9 -41 10 -44 10 -41 9 -34 9 -39 7 -39 11 -38 6 -33 9 -34 10 -30 7 -35 12 -32 10 -33 14 -36 7 -33 0 -35 8 -33 7 -32 5 -31 3 -29 7 -31 3 -31 4 -30 2 -31 0 -32 0 -28 0 -29 2 -28 0 -29 -1 -28 -6 -27 -3 -25 -5 -29 -4 -24 -6 -25 -4 -24 -7 -25 -7 -24 -4 -26 -4 -25 -5 -23 -4 -24 -13 -21 -17 -23 -17 -23 -22 -19 -1 -1 ]
CSI_DATA,STA,08:3A:F2:51:5D:9D,-48,11,1,0,1,1,1,0,0,0,0,-94,0,6,1,27912118,0,110,0,0,28.121530,384,[110 96 6 0 0 0 0 0 0 0 0 0 -14 16 -13 15 -14 18 -18 17 -16 16 -15 13 -17 15 -15 13 -16 15 -17 13 -20 14 -19 15 -19 14 -19 13 -17 10 -19 15 -17 11 -18 10 -16 11 -16 10 -16 10 -17 11 -16 7 -17 10 -19 11 -16 11 0 0 -16 11 -14 13 -15 12 -13 12 -14 10 -13 12 -14 12 -12 11 -12 13 -9 12 -10 13 -11 11 -11 11 -8 12 -9 12 -8 13 -10 15 -6 12 -7 13 -5 12 -7 12 -7 12 -7 12 -6 13 -7 11 -5 11 0 0 0 0 0 0 0 0 0 0 -1 -1 -1 -1 16 -18 18 -18 14 -20 12 -18 16 -7 14 -7 15 -9 15 -7 13 -8 12 -6 13 -8 10 -8 13 -11 13 -9 13 -9 12 -9 13 -11 11 -10 10 -9 10 -11 8 -12 10 -11 6 -10 8 -10 9 -9 7 -11 9 -10 7 -12 10 -11 8 -12 2 -16 8 -12 8 -11 6 -10 6 -11 7 -10 6 -12 5 -10 5 -10 6 -10 6 -10 7 -9 7 -10 6 -9 6 -9 5 -9 5 -8 4 -9 5 -7 4 -7 5 -7 4 -7 3 -7 4 -5 4 -5 4 -5 4 -4 -1 -1 -1 -1 -1 -1 -1 -1 -1 -1 -1 -1 -1 -1 -1 -1 -1 -1 -1 -1 0 0 -6 31 -6 30 -6 35 -8 32 -8 33 -8 28 -11 33 -8 28 -9 37 -14 32 -15 35 -15 33 -14 36 -15 34 -13 27 -13 32 -10 31 -15 31 -10 26 -13 27 -14 24 -11 29 -15 26 -13 26 -17 29 -11 27 1 33 -12 26 -11 26 -8 24 -6 24 -10 25 -6 26 -8 24 -5 25 -4 26 -5 22 -4 25 -6 24 -3 25 -3 24 3 22 -1 21 1 24 -1 20 2 20 0 21 3 21 4 20 0 23 1 22 1 20 1 20 13 19 18 20 18 20 22 16 -1 -1 ]
CSI_DATA,STA,08:3A:F2:51:5D:9D,-49,11,1,0,1,1,1,0,0,0,0,-94,0,6,1,27912539,0,110,0,0,28.132024,384,[110 96 6 0 0 0 0 0 0 0 0 0 -22 5 -21 5 -25 7 -27 4 -25 4 -21 2 -24 2 -22 1 -23 2 -24 0 -27 -1 -27 0 -26 -1 -25 -2 -21 -3 -26 0 -22 -2 -22 -3 -21 -2 -21 -2 -21 -3 -22 -3 -19 -5 -22 -4 -23 -4 -21 -2 0 0 -21 -2 -21 0 -21 -1 -20 1 -18 -3 -20 0 -20 -1 -18 0 -19 1 -17 3 -18 3 -17 0 -17 1 -16 3 -16 3 -16 4 -20 4 -14 5 -15 5 -13 6 -15 4 -15 4 -16 4 -15 5 -14 3 -13 4 0 0 0 0 0 0 0 0 0 0 -1 -1 -1 -1 24 -8 25 -8 22 -12 19 -14 14 3 13 3 15 3 14 4 13 2 10 2 12 1 11 -1 13 -1 14 1 14 1 13 0 15 -1 13 0 11 0 12 -2 11 -4 13 -2 9 -3 11 -2 10 -1 11 -4 12 -2 11 -4 13 -1 11 -4 10 -14 11 -3 12 -3 9 -3 10 -3 10 -2 10 -4 9 -4 9 -3 9 -3 9 -3 10 -2 10 -2 10 -2 9 -2 8 -4 6 -2 8 -3 7 -1 6 -3 6 -1 6 -2 5 -2 6 -1 5 0 5 0 5 0 -1 -1 0 0 0 0 -1 -1 -1 -1 -1 -1 0 0 0 0 -1 -1 -1 -1 -1 -1 -19 24 -18 23 -21 26 -22 23 -21 24 -19 19 -23 22 -18 19 -23 26 -26 21 -29 22 -27 21 -29 24 -29 21 -23 17 -25 19 -22 20 -26 19 -19 15 -23 16 -22 12 -21 19 -24 14 -24 15 -29 16 -22 16 -13 33 -23 14 -22 16 -17 15 -18 15 -20 15 -18 18 -17 15 -17 17 -15 18 -16 16 -16 17 -18 16 -15 17 -15 16 -8 18 -11 15 -12 19 -12 15 -9 16 -11 16 -8 16 -7 16 -11 17 -11 16 -9 15 -10 15 5 25 7 28 7 26 14 26 -1 -1 ]
CSI_DATA,STA,08:3A:F2:51:5D:9D,-49,11,1,0,1,1,1,0,0,0,0,-94,0,6,1,27912958,0,110,0,0,28.142404,384,[110 96 6 0 0 0 0 0 0 0 0 0 -11 -21 -11 -19 -13 -22 -10 -25 -10 -23 -7 -21 -9 -23 -7 -21 -8 -22 -6 -23 -6 -26 -7 -26 -6 -25 -5 -25 -3 -21 -7 -26 -4 -22 -3 -22 -4 -21 -4 -20 -4 -21 -4 -22 -1 -20 -3 -22 -3 -23 -5 -20 0 0 -5 -20 -7 -20 -6 -20 -7 -19 -4 -18 -6 -18 -6 -19 -7 -17 -7 -18 -9 -14 -9 -16 -6 -15 -7 -16 -9 -14 -8 -15 -10 -14 -11 -17 -10 -12 -10 -13 -10 -10 -10 -13 -10 -13 -10 -13 -11 -12 -8 -12 -9 -11 0 0 0 0 0 0 0 0 0 0 -1 -1 -1 -1 -2 24 -2 26 2 24 4 21 -6 19 -5 17 -4 19 -7 19 -3 18 -4 15 -3 17 -2 15 0 18 -2 18 -3 18 -1 17 -1 19 -1 17 -1 15 2 17 3 16 1 17 4 13 1 15 1 14 4 15 1 16 4 15 2 17 3 16 8 14 3 15 3 15 4 13 4 14 2 14 5 14 4 12 4 13 3 13 3 13 2 13 2 13 2 12 2 11 3 11 2 9 3 11 1 9 2 9 1 9 1 8 2 8 0 8 0 7 -1 7 -1 6 0 0 0 0 -1 -1 -1 -1 -1 -1 -1 -1 -1 -1 0 0 0 0 -1 -1 -1 -1 -29 -29 -28 -26 -33 -31 -28 -32 -30 -31 -23 -28 -27 -33 -23 -28 -31 -34 -24 -37 -25 -39 -24 -37 -25 -40 -23 -38 -19 -32 -24 -36 -23 -33 -22 -36 -20 -28 -19 -32 -16 -30 -22 -31 -16 -33 -18 -32 -17 -38 -19 -30 -27 -25 -18 -30 -20 -29 -20 -25 -20 -25 -18 -28 -22 -25 -20 -24 -22 -24 -23 -23 -21 -21 -22 -21 -20 -23 -22 -21 -22 -20 -25 -15 -21 -15 -26 -18 -21 -15 -22 -13 -21 -14 -24 -12 -23 -12 -23 -16 -22 -14 -21 -14 -20 -13 -27 -5 -30 -2 -28 -3 -30 4 -1 -1 ]
CSI_DATA,STA,08:3A:F2:51:5D:9D,-48,11,1,0,1,1,1,0,0,0,0,-94,0,6,1,27913313,0,110,0,0,28.153433,384,[110 96 6 0 0 0 0 0 0 0 0 0 17 -13 15 -12 18 -15 21 -13 19 -12 17 -9 19 -11 17 -9 18 -10 19 -9 22 -9 22 -10 21 -9 21 -8 18 -6 22 -10 19 -7 19 -6 18 -6 17 -6 18 -6 18 -7 17 -4 18 -6 20 -6 17 -7 0 0 17 -7 16 -9 17 -8 15 -9 15 -6 15 -8 16 -8 14 -8 15 -9 11 -10 13 -10 12 -8 12 -9 11 -10 11 -10 10 -11 13 -12 9 -11 10 -11 7 -11 10 -11 9 -11 10 -11 9 -12 9 -10 8 -10 0 0 0 0 0 0 0 0 0 0 -1 -1 -1 -1 -22 7 -25 8 -21 11 -18 11 -19 -1 -17 -1 -19 1 -18 -1 -17 0 -14 0 -16 1 -14 3 -16 4 -16 2 -17 2 -16 3 -18 4 -16 4 -13 3 -15 5 -13 7 -15 5 -11 6 -13 5 -13 3 -12 6 -14 5 -12 7 -15 5 -13 7 -10 12 -13 6 -12 6 -10 5 -11 7 -12 5 -11 6 -10 6 -10 6 -10 6 -10 6 -11 5 -10 4 -10 4 -10 4 -9 6 -8 3 -8 5 -8 3 -7 4 -8 3 -7 3 -7 3 -7 2 -7 1 -7 1 -7 1 -1 -1 -1 -1 -1 -1 -1 -1 -1 -1 -1 -1 -1 -1 -1 -1 -1 -1 -1 -1 0 0 18 -30 16 -28 20 -34 20 -30 20 -32 18 -25 22 -29 18 -26 22 -33 25 -28 27 -29 26 -28 28 -31 27 -29 22 -23 25 -28 22 -27 26 -26 19 -22 22 -22 21 -20 20 -25 23 -21 23 -22 27 -23 21 -23 13 -32 21 -22 20 -23 16 -21 15 -22 18 -21 15 -25 15 -22 14 -24 13 -26 11 -23 12 -23 14 -22 12 -25 11 -23 5 -25 8 -21 8 -26 7 -20 5 -22 6 -21 3 -23 3 -22 7 -23 6 -22 6 -21 6 -21 -5 -25 -7 -28 -8 -25 -14 -24 -1 -1 ]
CSI_DATA,STA,08:3A:F2:51:5D:9D,-49,11,1,0,1,1,1,0,0,0,0,-94,0,6,1,27914322,0,110,0,0,28.164020,384,[110 96 6 0 0 0 0 0 0 0 0 0 4 22 3 20 4 24 1 26 2 24 0 20 0 23 0 21 0 22 -2 23 -2 25 -2 25 -2 24 -4 23 -4 20 -2 25 -3 21 -5 21 -3 20 -3 19 -4 19 -4 21 -6 18 -5 20 -5 22 -3 20 0 0 -3 19 -1 19 -1 20 0 18 -3 17 -1 18 -1 19 0 16 0 18 3 15 2 17 0 15 1 16 3 15 3 15 4 15 3 18 4 13 5 14 6 12 4 14 4 14 4 14 5 14 3 13 5 12 0 0 0 0 0 0 0 0 0 0 -1 -1 -1 -1 -2 -25 -1 -27 -5 -25 -8 -22 6 -17 5 -16 5 -17 6 -16 4 -16 4 -13 3 -16 2 -14 1 -16 2 -16 3 -17 2 -16 1 -17 2 -16 2 -13 -1 -15 -2 -15 0 -16 -3 -12 -1 -14 0 -13 -3 -14 0 -15 -3 -14 0 -16 -3 -15 -10 -14 -2 -15 -2 -14 -3 -12 -3 -13 -2 -13 -3 -13 -3 -12 -3 -12 -3 -12 -3 -12 -2 -13 -1 -12 -1 -12 -1 -11 -3 -11 -1 -9 -2 -10 -1 -9 -2 -9 -1 -9 -1 -8 -1 -8 0 -8 0 -8 0 -7 1 -7 0 0 0 0 -1 -1 -1 -1 -1 -1 -1 -1 -1 -1 0 0 0 0 -1 -1 -1 -1 21 28 20 25 23 30 19 30 21 29 15 25 19 31 17 25 23 31 16 34 17 36 16 35 17 37 15 35 12 28 16 33 16 29 15 33 13 25 12 29 9 26 15 27 10 29 11 29 10 34 12 27 26 23 11 27 13 27 13 22 13 22 12 25 16 22 13 22 15 21 17 20 14 19 16 20 14 21 16 19 15 18 19 13 15 14 18 16 15 14 17 12 16 13 18 11 17 10 17 15 17 14 15 13 15 13 25 2 29 0 26 0 28 -7 -1 -1 ]
CSI_DATA,STA,08:3A:F2:51:5D:9D,-44,11,0,0,0,0,0,0,0,0,0,-94,0,6,1,27969510,0,110,0,0,28.174328,128,[110 96 6 0 0 0 0 0 0 0 0 0 18 16 17 16 19 17 19 18 18 18 15 17 16 18 14 18 16 18 14 19 16 19 16 20 15 19 14 18 12 17 16 19 12 18 12 17 12 17 12 16 12 16 13 17 10 15 12 15 14 16 13 15 0 0 13 13 14 14 14 13 14 12 12 11 14 11 14 11 13 10 15 10 13 10 15 10 13 9 14 8 14 9 14 8 14 8 16 7 14 7 14 7 14 6 14 6 14 6 14 6 15 5 13 5 13 5 0 0 0 0 0 0 0 0 0 0 ]
CSI_DATA,STA,08:3A:F2:51:5D:9D,-48,11,1,0,1,1,1,0,0,0,0,-94,0,6,1,28154332,0,110,0,0,28.320907,384,[110 96 6 0 0 0 0 0 0 0 0 0 18 14 17 14 20 15 19 19 17 17 14 16 15 18 14 17 15 17 14 18 16 20 16 20 15 20 14 20 11 18 15 20 12 18 10 18 11 18 10 16 10 17 11 18 7 16 11 17 12 19 12 16 0 0 11 16 13 14 13 15 12 13 10 14 12 13 12 14 11 12 12 12 12 8 14 9 11 10 12 10 13 8 12 8 14 7 15 10 13 6 13 7 12 4 12 7 13 6 12 6 14 5 11 6 12 5 0 0 0 0 0 0 0 0 0 0 -1 -1 -1 -1 -16 -20 -15 -20 -20 -18 -16 -15 -6 -17 -6 -16 -7 -17 -6 -18 -6 -15 -5 -13 -6 -14 -7 -12 -8 -14 -7 -14 -7 -14 -8 -13 -9 -14 -8 -13 -7 -12 -8 -11 -10 -11 -7 -12 -9 -9 -8 -10 -7 -10 -9 -9 -7 -10 -10 -8 -8 -10 -9 -8 -11 -4 -9 -9 -8 -8 -8 -7 -8 -7 -7 -8 -8 -7 -7 -6 -7 -6 -6 -6 -6 -5 -6 -6 -6 -6 -5 -6 -5 -5 -4 -4 -4 -4 -4 -4 -3 -3 -3 -2 -3 -3 -3 -2 -3 -2 -3 -1 -2 -1 -2 0 -2 0 -1 -1 -1 -1 -1 -1 -1 -1 -1 -1 -1 -1 -1 -1 -1 -1 -1 -1 0 0 0 0 36 8 36 7 38 9 38 12 36 11 31 11 35 14 30 10 38 12 34 16 38 17 36 16 39 17 37 17 30 15 32 17 35 14 31 18 28 13 28 15 25 15 30 13 25 15 28 14 31 19 28 12 35 0 28 14 27 13 27 10 24 9 27 12 27 8 25 8 27 6 27 5 22 4 26 4 25 6 27 3 26 3 23 -2 23 1 25 1 22 0 22 -2 22 0 22 -3 21 -3 23 -1 22 -2 21 -2 21 -1 20 -12 24 -18 23 -19 18 -20 -1 -1 ]
CSI_DATA,STA,08:3A:F2:51:5D:9D,-44,11,1,0,0,1,1,0,0,0,0,-94,0,6,1,28163283,0,110,0,0,28.332149,256,[110 96 6 0 0 0 0 0 0 0 0 0 15 20 14 20 15 22 15 22 13 22 11 21 11 22 9 22 10 22 9 22 11 23 11 23 10 22 10 22 8 21 10 23 8 21 7 20 7 20 7 19 6 19 7 20 6 17 8 17 9 18 9 18 0 0 8 17 9 17 10 16 10 15 8 14 9 15 10 15 9 14 10 14 9 13 11 13 10 12 11 12 10 12 10 12 11 11 12 11 10 11 10 11 10 10 10 10 10 10 11 9 11 9 11 8 10 8 0 0 0 0 0 0 0 0 0 0 -1 -1 -1 -1 -1 -1 -1 -1 47 6 42 10 36 24 38 25 34 24 38 27 34 25 32 28 34 28 28 31 34 31 30 30 33 30 33 30 31 28 31 28 28 30 32 28 26 27 23 28 27 28 24 29 24 28 24 27 22 25 23 24 25 25 25 23 -1 -1 25 20 24 19 25 19 26 19 23 17 25 17 25 17 23 16 25 15 26 15 28 12 25 11 25 10 25 12 24 11 25 10 24 11 24 10 24 10 24 9 26 9 24 9 23 7 25 6 22 5 23 6 21 -3 24 -4 -1 -1 -1 -1 -1 -1 ]
CSI_DATA,STA,08:3A:F2:51:5D:9D,-44,11,1,0,0,1,1,0,0,0,0,-94,0,6,1,28163751,0,110,0,0,28.339012,256,[110 96 6 0 0 0 0 0 0 0 0 0 -18 18 -19 16 -20 18 -21 19 -21 17 -20 15 -21 14 -20 13 -21 14 -21 12 -22 15 -23 15 -21 14 -21 13 -20 11 -21 14 -20 11 -19 9 -20 10 -18 10 -18 10 -19 11 -16 8 -16 11 -18 12 -17 11 0 0 -16 11 -16 12 -15 12 -15 12 -13 11 -14 12 -14 12 -13 11 -12 12 -12 11 -12 13 -11 11 -11 12 -12 12 -11 11 -11 12 -10 13 -10 12 -9 12 -9 12 -9 12 -9 12 -8 12 -8 13 -8 12 -7 11 0 0 0 0 0 0 0 0 0 0 -1 -1 -1 -1 -1 -1 -1 -1 -22 44 -23 39 -28 36 -29 38 -30 36 -33 39 -32 33 -34 33 -33 34 -35 30 -36 34 -34 30 -35 33 -36 33 -34 31 -34 30 -35 28 -34 32 -33 26 -31 22 -33 26 -33 24 -32 25 -31 23 -29 23 -28 24 -30 26 -27 25 -1 -1 -25 25 -24 24 -24 24 -23 26 -20 24 -21 26 -20 26 -20 24 -19 25 -19 27 -17 29 -16 26 -15 26 -17 26 -15 24 -15 26 -14 25 -14 25 -13 26 -12 25 -12 27 -12 25 -10 24 -10 26 -9 24 -9 24 -6 21 -3 24 -1 -1 -1 -1 -1 -1 ]
CSI_DATA,STA,08:3A:F2:51:5D:9D,-44,11,1,0,0,1,1,0,0,0,0,-94,0,6,1,28164336,0,110,0,0,28.346661,256,[110 96 6 0 0 0 0 0 0 0 0 0 -14 -22 -13 -23 -14 -23 -15 -24 -13 -24 -11 -23 -11 -23 -10 -22 -11 -23 -9 -23 -11 -25 -11 -25 -10 -24 -10 -23 -8 -21 -11 -24 -8 -22 -7 -21 -8 -21 -8 -20 -7 -19 -8 -21 -6 -18 -9 -19 -10 -19 -9 -18 0 0 -10 -18 -10 -17 -11 -17 -11 -16 -10 -15 -11 -15 -11 -15 -10 -14 -12 -14 -11 -13 -12 -14 -11 -13 -12 -12 -12 -13 -11 -12 -12 -12 -13 -12 -12 -11 -12 -10 -12 -10 -12 -10 -12 -10 -12 -9 -13 -9 -12 -9 -12 -8 0 0 0 0 0 0 0 0 0 0 -1 -1 -1 -1 -1 -1 -1 -1 -43 -23 -38 -24 -33 -32 -35 -34 -32 -33 -36 -38 -31 -35 -30 -37 -31 -37 -27 -37 -30 -40 -27 -37 -30 -38 -30 -38 -29 -35 -28 -36 -26 -37 -29 -36 -23 -35 -20 -34 -24 -35 -22 -34 -23 -34 -22 -33 -22 -31 -22 -29 -24 -30 -24 -28 -1 -1 -25 -26 -23 -25 -24 -25 -26 -25 -24 -23 -25 -23 -26 -22 -24 -21 -25 -21 -27 -20 -29 -18 -26 -16 -26 -15 -26 -18 -26 -16 -27 -15 -26 -15 -26 -14 -25 -13 -26 -12 -27 -13 -25 -13 -24 -11 -27 -9 -24 -9 -25 -10 -22 -4 -25 -3 -1 -1 -1 -1 -1 -1 ]
CSI_DATA,STA,08:3A:F2:51:5D:9D,-44,11,1,0,0,1,1,0,0,0,0,-94,0,6,1,28164786,0,110,0,0,28.354992,256,[110 96 6 0 0 0 0 0 0 0 0 0 12 -23 12 -22 14 -24 15 -26 13 -23 14 -20 14 -21 14 -19 15 -20 16 -19 16 -21 17 -21 15 -20 15 -19 15 -17 16 -20 15 -17 14 -16 14 -16 13 -17 13 -16 13 -17 13 -14 11 -16 12 -17 11 -16 0 0 10 -17 10 -17 9 -17 8 -17 8 -15 7 -17 7 -17 7 -15 6 -16 6 -16 6 -16 6 -15 5 -16 5 -16 4 -16 4 -16 4 -17 4 -15 3 -16 3 -15 3 -15 2 -15 2 -15 2 -15 2 -14 1 -14 0 0 0 0 0 0 0 0 0 0 -1 -1 -1 -1 -1 -1 -1 -1 5 -48 7 -43 15 -44 15 -46 16 -44 18 -52 16 -44 20 -43 20 -44 22 -39 23 -44 22 -40 21 -44 22 -44 19 -41 20 -41 23 -38 21 -42 20 -36 22 -33 21 -37 22 -34 20 -36 20 -34 19 -32 16 -32 16 -35 16 -33 -1 -1 12 -34 13 -32 11 -33 11 -34 10 -30 9 -32 8 -32 9 -30 7 -31 6 -33 3 -33 4 -30 2 -31 5 -31 3 -30 2 -31 3 -30 2 -29 1 -29 0 -29 0 -30 0 -29 -1 -28 -2 -29 -2 -26 -3 -27 -6 -21 -8 -24 -1 -1 -1 -1 -1 -1 ]
CSI_DATA,STA,08:3A:F2:51:5D:9D,-48,11,1,0,1,1,1,0,0,0,0,-94,0,6,1,28165852,0,110,0,0,28.362395,384,[110 96 6 0 0 0 0 0 0 0 0 0 -11 22 -11 21 -12 25 -15 24 -14 23 -13 19 -15 21 -14 19 -14 20 -17 19 -19 21 -17 22 -17 20 -18 19 -16 14 -17 22 -15 17 -17 16 -16 15 -14 16 -15 15 -15 17 -17 13 -16 15 -17 18 -14 17 0 0 -14 16 -12 17 -13 17 -9 16 -12 14 -10 17 -12 17 -9 15 -10 16 -6 15 -7 17 -8 14 -8 15 -5 15 -6 16 -4 16 -5 18 -3 15 -3 16 -2 14 -3 15 -3 15 -4 15 -2 15 -4 14 -1 14 0 0 0 0 0 0 0 0 0 0 -1 -1 -1 -1 12 -22 13 -24 7 -25 4 -22 13 -12 12 -11 13 -13 14 -11 11 -12 11 -11 11 -12 8 -11 9 -14 9 -13 10 -13 9 -13 9 -15 8 -13 7 -11 6 -13 5 -14 7 -13 3 -12 5 -12 6 -11 4 -12 5 -12 2 -12 5 -12 3 -13 -2 -14 4 -12 4 -11 2 -10 2 -11 3 -10 2 -10 2 -9 1 -9 2 -9 2 -8 3 -8 2 -7 2 -7 1 -7 1 -6 1 -5 0 -5 1 -4 0 -4 0 -4 0 -3 -1 -3 0 -2 -1 -2 -1 -2 -1 -2 -1 -1 -1 -1 -1 -1 -1 -1 -1 -1 -1 -1 -1 -1 -1 -1 -1 -1 -1 -1 0 0 1 39 2 37 1 42 -2 41 -1 41 -2 35 -5 40 -2 34 -1 44 -8 40 -8 43 -7 40 -6 44 -7 42 -7 34 -7 38 -3 39 -9 38 -5 32 -8 33 -9 29 -4 34 -9 32 -7 32 -10 37 -5 32 12 36 -5 32 -5 31 -2 30 -1 29 -3 29 1 30 -1 28 2 29 3 29 3 26 4 27 2 27 5 27 5 26 9 23 6 22 9 25 6 22 10 22 6 21 10 21 10 20 8 23 9 22 8 20 8 21 21 16 26 15 26 14 28 10 -1 -1 ]
CSI_DATA,STA,08:3A:F2:51:5D:9D,-48,11,1,0,1,1,1,0,0,0,0,-94,0,6,1,28166177,0,110,0,0,28.372670,384,[110 96 6 0 0 0 0 0 0 0 0 0 -23 1 -22 1 -26 2 -27 -2 -25 -1 -21 -3 -25 -2 -22 -3 -23 -1 -23 -4 -26 -6 -26 -5 -24 -5 -24 -6 -20 -6 -25 -4 -21 -4 -21 -6 -20 -5 -20 -4 -19 -6 -21 -4 -18 -7 -20 -5 -22 -6 -20 -4 0 0 -20 -4 -20 -1 -20 -2 -18 0 -18 -3 -18 -1 -19 -1 -17 0 -18 0 -16 2 -17 3 -16 -1 -16 1 -15 3 -16 3 -15 4 -18 4 -13 5 -14 5 -12 6 -14 5 -14 5 -14 4 -14 5 -13 4 -12 4 0 0 0 0 0 0 0 0 0 0 -1 -1 -1 -1 24 -2 24 -2 23 -5 19 -6 15 6 13 5 15 4 14 6 15 3 11 3 14 3 13 1 15 1 13 1 14 2 13 2 15 1 13 1 11 1 12 -1 11 -3 12 -1 9 -2 10 -1 10 0 10 -2 11 -1 10 -3 11 -1 10 -3 9 -8 10 -2 9 -2 8 -2 8 -3 9 -2 8 -3 7 -3 7 -2 7 -3 6 -2 6 -1 6 -1 5 -1 5 -1 4 -2 3 -1 3 -2 2 -2 2 -2 2 -1 1 -2 1 -2 0 -1 0 -2 0 -2 0 -2 -1 -1 -1 -1 -1 -1 -1 -1 -1 -1 -1 -1 -1 -1 -1 -1 -1 -1 -1 -1 0 0 -31 18 -29 17 -33 20 -33 16 -33 18 -29 13 -35 15 -29 14 -35 20 -37 12 -39 13 -37 12 -39 15 -38 13 -31 9 -35 13 -32 14 -35 11 -28 11 -31 9 -28 7 -30 13 -30 7 -30 10 -34 8 -29 11 -24 25 -29 10 -28 11 -24 12 -23 13 -25 12 -24 15 -24 12 -22 15 -22 17 -19 14 -20 15 -22 13 -20 16 -19 17 -14 18 -16 15 -17 19 -14 15 -13 17 -14 16 -12 17 -12 16 -15 17 -15 16 -13 16 -13 16 -3 25 -1 27 -1 27 4 26 -1 -1 ]
CSI_DATA,STA,08:3A:F2:51:5D:9D,-48,11,1,0,1,1,1,0,0,0,0,-94,0,6,1,28167239,0,110,0,0,28.383117,384,[110 96 6 0 0 0 0 0 0 0 0 0 20 -11 19 -11 22 -12 25 -10 23 -10 20 -7 22 -8 21 -7 21 -8 22 -6 25 -6 24 -7 24 -6 24 -5 20 -3 24 -7 21 -5 21 -3 20 -4 18 -4 19 -3 20 -5 18 -2 20 -4 21 -4 19 -5 0 0 18 -5 18 -7 18 -7 16 -8 16 -4 16 -7 18 -7 15 -7 16 -8 12 -9 14 -10 13 -7 14 -8 13 -10 12 -9 11 -11 14 -12 10 -10 11 -11 8 -11 10 -10 10 -11 11 -10 9 -11 10 -9 8 -10 0 0 0 0 0 0 0 0 0 0 -1 -1 -1 -1 -24 3 -25 1 -22 6 -20 5 -20 -4 -17 -3 -19 -2 -19 -4 -17 -2 -14 -1 -17 -1 -14 1 -17 1 -16 0 -16 -1 -16 1 -17 1 -15 1 -13 0 -15 3 -14 4 -14 2 -11 4 -13 2 -12 1 -12 4 -13 2 -12 4 -13 2 -12 4 -10 7 -12 3 -11 3 -9 3 -10 4 -10 2 -10 3 -9 3 -8 3 -8 3 -8 3 -8 2 -7 1 -7 1 -6 1 -6 2 -5 1 -5 2 -4 1 -3 1 -3 1 -2 1 -2 0 -1 0 -1 0 -1 0 -1 1 -1 -1 -1 -1 -1 -1 -1 -1 -1 -1 -1 -1 -1 -1 -1 -1 -1 -1 -1 -1 0 0 25 -29 23 -29 27 -32 28 -30 27 -30 24 -24 30 -27 25 -23 30 -31 32 -24 34 -26 33 -25 35 -27 34 -25 28 -20 30 -24 29 -25 31 -22 24 -21 28 -19 25 -17 27 -23 27 -17 29 -20 32 -20 25 -21 19 -30 26 -21 24 -21 21 -20 19 -20 22 -20 19 -23 20 -20 19 -21 17 -24 16 -20 16 -23 18 -22 16 -24 16 -23 9 -24 11 -21 13 -25 10 -21 9 -22 10 -21 8 -23 7 -23 11 -22 10 -22 9 -21 8 -21 0 -25 -3 -27 -3 -26 -7 -26 -1 -1 ]
CSI_DATA,STA,08:3A:F2:51:5D:9D,-48,11,1,0,1,1,1,0,0,0,0,-94,0,6,1,28173877,0,110,0,0,28.393660,384,[110 96 6 0 0 0 0 0 0 0 0 0 -16 -20 -15 -19 -19 -22 -17 -25 -16 -23 -12 -20 -14 -23 -12 -21 -14 -21 -12 -23 -12 -26 -13 -26 -12 -25 -11 -25 -8 -21 -13 -25 -10 -22 -9 -22 -9 -21 -9 -20 -9 -20 -10 -21 -6 -20 -9 -21 -9 -23 -10 -19 0 0 -10 -19 -12 -18 -12 -19 -13 -16 -9 -17 -12 -17 -11 -18 -11 -15 -12 -15 -13 -12 -14 -13 -11 -14 -12 -13 -13 -11 -13 -12 -14 -10 -16 -13 -13 -9 -14 -9 -13 -7 -13 -9 -14 -9 -14 -9 -14 -8 -12 -9 -12 -7 0 0 0 0 0 0 0 0 0 0 -1 -1 -1 -1 9 22 10 25 13 20 12 17 2 19 2 16 4 18 1 18 4 17 2 14 4 16 5 13 6 15 5 15 4 16 5 14 6 16 5 14 5 12 8 12 8 11 7 12 7 8 7 10 5 11 8 9 6 11 8 9 7 11 7 10 10 6 6 9 7 9 7 7 7 7 6 8 7 7 6 6 6 6 5 6 5 6 4 6 4 6 4 5 3 4 3 3 2 3 3 3 1 2 2 1 1 1 1 1 1 1 1 0 1 0 0 -1 0 -1 -1 -1 -1 -1 -1 -1 -1 -1 -1 -1 -1 -1 -1 -1 -1 -1 -1 -1 -1 -1 0 0 -37 -23 -34 -21 -41 -24 -36 -26 -39 -25 -30 -23 -37 -28 -31 -22 -41 -27 -34 -32 -35 -33 -34 -32 -37 -34 -34 -33 -27 -27 -34 -29 -32 -26 -32 -30 -27 -23 -27 -27 -24 -26 -31 -24 -25 -28 -27 -27 -28 -32 -27 -24 -34 -16 -27 -24 -29 -22 -27 -19 -27 -17 -26 -21 -29 -17 -26 -18 -29 -16 -30 -14 -26 -13 -28 -14 -27 -16 -29 -13 -27 -12 -28 -5 -25 -8 -30 -7 -24 -7 -25 -4 -25 -6 -26 -3 -26 -2 -27 -7 -26 -6 -24 -5 -23 -5 -26 6 -28 9 -27 8 -25 16 -1 -1 ]
CSI_DATA,STA,08:3A:F2:51:5D:9D,-48,11,1,0,1,1,1,0,0,0,0,-94,0,6,1,28174381,0,110,0,0,28.404534,384,[110 96 6 0 0 0 0 0 0 0 0 0 24 2 23 2 27 1 29 5 26 4 22 5 25 5 22 5 24 5 24 7 26 9 26 7 25 8 24 9 20 9 26 7 21 7 21 9 20 7 19 7 19 7 20 7 17 9 20 8 21 9 20 6 0 0 20 6 20 3 20 4 19 2 18 5 19 3 19 4 17 2 19 1 16 -1 18 -1 16 1 16 0 16 -2 16 -2 16 -3 19 -3 14 -4 15 -4 13 -5 15 -3 15 -4 15 -3 14 -5 14 -3 12 -4 0 0 0 0 0 0 0 0 0 0 -1 -1 -1 -1 -21 -13 -23 -14 -23 -10 -21 -7 -16 -15 -15 -13 -17 -13 -16 -15 -15 -11 -13 -10 -15 -10 -14 -7 -17 -9 -16 -10 -16 -10 -15 -9 -17 -9 -15 -8 -13 -7 -16 -5 -16 -4 -16 -6 -13 -3 -14 -4 -13 -5 -13 -3 -14 -6 -14 -3 -14 -5 -15 -3 -13 0 -13 -3 -13 -3 -11 -2 -12 -1 -11 -3 -12 -2 -10 -2 -10 -2 -10 -2 -9 -1 -8 -2 -8 -3 -7 -3 -7 -2 -7 -1 -6 -2 -5 -1 -5 -1 -4 -1 -3 -1 -3 -1 -3 -1 -2 0 -1 0 -1 0 -1 0 -1 -1 -1 -1 -1 -1 -1 -1 -1 -1 -1 -1 -1 -1 -1 -1 -1 -1 -1 -1 0 0 43 -8 40 -9 47 -10 46 -6 46 -7 38 -4 45 -4 38 -5 49 -7 46 1 49 1 47 1 50 1 47 2 39 2 45 0 43 -2 45 2 36 -1 38 1 35 2 39 -2 37 4 38 2 42 5 37 -1 36 -9 36 0 36 -2 32 -4 32 -6 33 -2 33 -8 31 -6 31 -8 32 -10 28 -8 30 -9 30 -7 30 -10 28 -11 25 -16 24 -12 28 -15 22 -12 22 -15 22 -13 21 -16 20 -17 24 -13 22 -14 21 -13 21 -13 16 -20 17 -24 16 -23 10 -27 -1 -1 ]
CSI_DATA,STA,08:3A:F2:51:5D:9D,-48,11,1,0,1,1,1,0,0,0,0,-94,0,6,1,28174791,0,110,0,0,28.414865,384,[110 96 6 0 0 0 0 0 0 0 0 0 20 9 19 9 23 10 22 13 21 12 17 11 20 13 17 12 19 12 18 14 19 16 20 15 19 15 18 16 14 14 20 15 16 13 15 14 15 13 14 12 14 13 15 13 12 13 14 13 16 14 15 12 0 0 15 11 16 9 16 10 16 8 13 10 15 9 16 9 14 7 16 7 14 4 15 5 13 7 14 6 14 4 14 4 15 2 17 4 13 1 15 1 13 0 14 2 14 1 14 2 14 1 13 2 12 0 0 0 0 0 0 0 0 0 0 0 -1 -1 -1 -1 -21 -10 -23 -11 -24 -7 -20 -4 -12 -13 -11 -11 -12 -13 -11 -13 -11 -11 -9 -9 -11 -10 -10 -7 -13 -8 -12 -9 -12 -10 -12 -9 -13 -9 -12 -8 -10 -7 -12 -6 -12 -4 -12 -6 -11 -4 -11 -5 -10 -6 -11 -3 -10 -5 -11 -4 -11 -6 -11 -3 -12 2 -10 -4 -10 -4 -9 -3 -9 -2 -9 -3 -9 -3 -8 -2 -8 -2 -7 -2 -7 -2 -7 -3 -6 -3 -6 -3 -6 -3 -5 -1 -4 -2 -4 -1 -4 -1 -3 -1 -3 -1 -2 0 -2 -1 -2 -1 -1 0 -1 0 -1 0 -1 -1 -1 -1 -1 -1 -1 -1 -1 -1 -1 -1 -1 -1 -1 -1 -1 -1 -1 -1 0 0 35 -3 33 -3 38 -3 36 -1 36 -2 31 0 36 1 30 -1 39 -2 37 5 39 5 37 5 41 4 38 5 31 4 35 4 34 1 35 5 28 2 30 4 27 5 30 0 29 6 30 4 34 8 29 2 33 -12 29 3 29 1 26 -1 25 -2 27 0 27 -4 25 -2 26 -5 26 -6 23 -5 24 -5 25 -3 25 -6 23 -6 20 -11 19 -7 23 -10 19 -7 18 -10 19 -8 18 -12 17 -12 21 -9 19 -9 17 -9 18 -9 13 -20 14 -25 12 -25 5 -27 -1 -1 ]
CSI_DATA,STA,08:3A:F2:51:5D:9D,-44,11,0,0,0,0,0,0,0,0,0,-94,0,6,1,28197055,0,110,0,0,28.425175,128,[110 96 6 0 0 0 0 0 0 0 0 0 -15 -21 -14 -21 -15 -22 -15 -23 -13 -23 -11 -21 -12 -22 -10 -22 -11 -23 -10 -23 -12 -24 -11 -24 -10 -23 -10 -22 -8 -21 -11 -23 -8 -21 -7 -20 -8 -20 -8 -19 -7 -19 -8 -20 -7 -18 -9 -18 -10 -19 -9 -18 0 0 -10 -17 -10 -17 -10 -16 -10 -16 -9 -14 -11 -15 -11 -15 -10 -14 -11 -14 -10 -13 -12 -13 -10 -12 -11 -12 -11 -13 -11 -12 -11 -12 -12 -12 -11 -11 -11 -11 -11 -10 -11 -10 -11 -10 -11 -10 -12 -9 -11 -9 -11 -9 0 0 0 0 0 0 0 0 0 0 ]
CSI_DATA,STA,08:3A:F2:51:5D:9D,-49,11,1,0,1,1,1,0,0,0,0,-94,0,6,1,28264630,0,110,0,0,28.433593,384,[110 96 6 0 0 0 0 0 0 0 0 0 -23 4 -22 4 -25 5 -28 3 -25 3 -22 0 -25 1 -23 0 -24 1 -24 -1 -27 -2 -26 -1 -26 -1 -25 -3 -21 -3 -26 -1 -22 -2 -21 -3 -21 -2 -20 -2 -21 -3 -21 -2 -18 -5 -21 -3 -23 -3 -20 -1 0 0 -20 -1 -19 1 -20 1 -18 2 -18 -1 -18 1 -19 0 -17 1 -18 2 -15 4 -16 4 -15 2 -16 3 -15 4 -14 4 -14 6 -17 5 -13 6 -13 6 -11 7 -13 5 -13 6 -13 6 -13 7 -12 5 -11 6 0 0 0 0 0 0 0 0 0 0 -1 -1 -1 -1 22 1 22 0 22 -3 18 -3 15 5 14 4 15 4 14 6 14 4 11 3 13 3 12 1 14 1 13 2 13 2 13 1 15 1 13 1 11 1 12 -1 11 -2 12 0 10 -2 10 -1 10 0 10 -2 10 0 10 -3 11 -1 10 -2 9 -6 9 -2 9 -2 7 -2 8 -2 8 -1 8 -1 6 -1 6 -1 6 -1 4 0 5 0 5 0 4 0 4 0 2 -1 2 0 2 0 0 0 0 0 0 0 -1 0 -1 0 -2 -1 -2 0 -3 -1 -3 -1 0 0 -1 -1 -1 -1 -1 -1 -1 -1 -1 -1 -1 -1 -1 -1 0 0 0 0 -1 -1 -32 21 -31 21 -34 23 -36 20 -35 20 -30 16 -36 17 -30 16 -38 22 -38 14 -40 15 -38 16 -41 17 -39 15 -34 12 -36 14 -34 16 -36 12 -29 13 -32 11 -30 8 -31 14 -31 8 -31 11 -36 10 -29 12 -24 25 -30 11 -28 12 -25 14 -24 13 -27 13 -24 15 -24 13 -24 15 -23 17 -21 14 -21 17 -22 15 -20 17 -20 16 -14 19 -16 16 -18 19 -15 16 -13 17 -15 16 -13 18 -12 18 -16 17 -14 17 -13 16 -14 16 -4 22 -2 26 -2 26 2 26 -1 -1 ]
CSI_DATA,STA,08:3A:F2:51:5D:9D,-84,11,1,0,0,1,1,0,0,0,0,-94,0,6,1,28270766,0,110,0,0,28.445572,256,[110 96 6 0 0 0 0 0 0 0 0 0 -67 34 -66 33 -86 32 -86 34 -82 32 -74 26 -86 21 -71 19 -86 19 -81 18 -90 21 -92 14 -87 15 -77 19 -66 16 -83 23 -70 11 -59 15 -57 15 -66 18 -63 16 -71 19 -56 16 -60 26 -68 28 -73 25 0 0 -62 30 -61 36 -59 32 -50 37 -44 32 -48 37 -55 37 -45 32 -42 41 -54 32 -48 40 -42 37 -36 37 -44 36 -42 32 -42 37 -43 43 -38 34 -36 38 -36 39 -39 38 -37 41 -35 42 -36 38 -32 35 -32 34 0 0 0 0 0 0 0 0 0 0 0 0 0 0 -1 -1 -1 -1 -28 77 -17 57 -43 50 -41 52 -54 55 -55 56 -48 56 -48 48 -58 54 -49 43 -62 54 -57 45 -61 47 -59 46 -54 43 -53 48 -51 42 -54 51 -47 36 -45 41 -43 39 -52 37 -47 42 -49 42 -42 42 -42 46 -40 41 -42 44 -1 -1 -35 45 -34 44 -30 41 -29 50 -26 40 -26 44 -28 48 -27 40 -19 42 -27 52 -27 49 -25 46 -20 43 -26 42 -18 44 -22 44 -17 47 -14 39 -13 44 -13 41 -12 45 -14 46 -14 47 -13 44 -13 38 -11 39 13 34 8 39 -1 -1 -1 -1 -1 -1 ]
CSI_DATA,STA,08:3A:F2:51:5D:9D,-44,11,1,0,0,1,1,0,0,0,0,-94,0,6,1,28271376,0,110,0,0,28.453416,256,[110 96 6 0 0 0 0 0 0 0 0 0 -3 26 -4 26 -5 28 -5 28 -6 27 -7 24 -6 25 -7 24 -7 25 -8 25 -8 26 -9 26 -9 24 -8 24 -9 22 -8 25 -9 21 -9 21 -8 20 -7 20 -7 19 -7 21 -8 18 -6 19 -6 21 -5 19 0 0 -4 19 -4 19 -3 19 -3 19 -3 16 -1 18 -1 18 -1 17 0 17 -1 17 0 17 0 15 0 16 0 16 1 16 1 16 2 17 2 15 2 15 3 14 3 14 3 14 3 14 3 14 3 13 3 13 0 0 0 0 0 0 0 0 0 0 -1 -1 -1 -1 -1 -1 -1 -1 20 49 12 44 4 47 6 46 7 47 5 48 4 49 0 45 3 48 -2 45 2 50 -3 48 -3 49 -4 50 -4 46 -3 46 -4 43 1 48 -3 38 -5 41 -2 40 -3 40 -2 39 -1 39 -4 38 -3 37 -2 39 -2 36 -1 -1 3 34 3 34 3 32 6 35 3 28 7 32 6 31 5 28 9 30 9 32 9 31 8 29 9 27 8 27 10 28 10 26 11 27 10 25 13 24 12 24 14 24 13 24 12 24 13 24 12 22 12 21 17 17 16 16 -1 -1 -1 -1 -1 -1 ]
CSI_DATA,STA,08:3A:F2:51:5D:9D,-45,11,1,0,0,1,1,0,0,0,0,-94,0,6,1,28271900,0,110,0,0,28.460135,256,[110 96 6 0 0 0 0 0 0 0 0 0 66 -29 64 -24 74 -27 72 -30 68 -23 64 -19 70 -21 65 -14 70 -17 70 -12 71 -15 76 -16 70 -14 66 -15 59 -11 70 -15 60 -9 54 -10 54 -11 58 -13 54 -8 58 -11 50 -11 53 -15 58 -15 57 -18 0 0 50 -21 50 -18 47 -23 44 -24 41 -20 44 -23 47 -22 41 -20 43 -30 43 -21 41 -25 36 -19 35 -23 39 -22 39 -25 37 -20 40 -26 32 -23 35 -27 31 -27 32 -26 31 -24 34 -25 32 -27 31 -27 29 -25 0 0 0 0 0 0 0 0 0 0 0 0 0 0 -1 -1 -1 -1 22 -68 25 -56 46 -43 41 -43 47 -47 48 -47 44 -45 45 -38 49 -43 47 -33 54 -42 52 -36 53 -36 54 -35 50 -33 50 -34 46 -30 50 -41 43 -29 44 -28 43 -29 47 -29 43 -27 43 -28 41 -29 39 -24 41 -28 40 -26 -1 -1 33 -30 33 -31 32 -30 30 -38 26 -26 30 -34 28 -29 25 -28 26 -35 31 -39 28 -35 25 -34 22 -33 25 -30 22 -35 21 -30 21 -32 18 -30 17 -34 18 -33 17 -36 17 -33 16 -30 17 -34 15 -30 14 -31 0 -30 1 -31 -1 -1 -1 -1 -1 -1 ]
CSI_DATA,STA,08:3A:F2:51:5D:9D,-44,11,0,0,0,0,0,0,0,0,0,-94,0,6,1,28276600,0,110,0,0,28.467766,128,[110 96 6 0 0 0 0 0 0 0 0 0 -25 9 -25 8 -27 10 -27 9 -27 8 -25 6 -26 7 -25 5 -26 6 -26 4 -27 5 -28 5 -26 5 -25 5 -23 3 -27 6 -23 3 -23 3 -22 3 -22 4 -21 4 -22 4 -20 2 -20 4 -21 5 -20 5 0 0 -19 6 -20 7 -18 7 -18 7 -16 6 -17 8 -17 9 -15 7 -16 9 -15 8 -16 9 -14 8 -14 9 -14 9 -14 9 -13 9 -14 11 -12 9 -12 10 -11 10 -11 10 -11 10 -11 10 -11 10 -10 9 -10 9 0 0 0 0 0 0 0 0 0 0 ]
CSI_DATA,STA,08:3A:F2:51:5D:9D,-49,11,1,0,1,1,1,0,0,0,0,-94,0,6,1,28277136,0,110,0,0,28.471573,384,[110 96 6 0 0 0 0 0 0 0 0 0 -5 -24 -5 -22 -6 -26 -3 -28 -3 -26 -1 -22 -2 -25 -2 -23 -2 -23 0 -24 0 -27 -1 -27 0 -26 1 -25 2 -21 0 -26 1 -22 2 -22 1 -21 1 -20 1 -21 1 -21 3 -19 1 -21 1 -23 -1 -20 0 0 -1 -20 -3 -20 -3 -20 -3 -18 -1 -18 -3 -18 -3 -19 -3 -17 -4 -18 -6 -14 -6 -16 -4 -15 -5 -15 -7 -14 -6 -14 -8 -14 -8 -16 -8 -12 -8 -13 -8 -11 -7 -13 -8 -13 -8 -13 -9 -12 -7 -12 -8 -10 0 0 0 0 0 0 0 0 0 0 -1 -1 -1 -1 0 21 1 23 4 22 4 18 -5 15 -4 14 -3 16 -5 16 -3 14 -3 12 -2 13 0 12 0 14 -1 14 -2 14 0 13 0 15 0 13 0 11 1 12 3 11 0 12 3 9 1 10 1 10 3 10 1 10 3 9 1 11 2 9 6 8 2 9 2 9 2 7 2 8 1 8 2 7 2 6 1 6 0 6 0 5 0 5 0 5 0 4 0 3 -1 3 -1 2 0 2 -1 1 -1 0 -1 0 -1 -1 -1 -1 -1 -2 0 -2 -1 -3 -1 -4 -1 -1 -1 -1 -1 -1 -1 -1 -1 -1 -1 -1 -1 -1 -1 -1 -1 -1 0 0 0 0 -22 -34 -22 -32 -24 -37 -22 -38 -21 -36 -17 -32 -19 -37 -18 -31 -22 -39 -17 -38 -18 -41 -17 -39 -18 -42 -17 -40 -14 -33 -15 -38 -18 -36 -13 -38 -14 -30 -12 -32 -11 -30 -16 -32 -11 -32 -13 -31 -12 -37 -14 -30 -25 -25 -14 -30 -14 -29 -16 -25 -15 -25 -15 -27 -17 -24 -16 -24 -18 -23 -19 -22 -17 -20 -19 -21 -17 -21 -20 -20 -19 -19 -20 -15 -18 -15 -22 -17 -18 -14 -19 -13 -18 -13 -21 -12 -20 -11 -20 -15 -20 -13 -18 -12 -18 -12 -23 -3 -27 -1 -27 0 -26 4 -1 -1 ]
CSI_DATA,STA,08:3A:F2:51:5D:9D,-49,11,1,0,1,1,1,0,0,0,0,-94,0,6,1,28277501,0,110,0,0,28.482302,384,[110 96 6 0 0 0 0 0 0 0 0 0 12 -20 11 -19 13 -23 16 -22 15 -21 14 -16 16 -19 14 -17 15 -18 17 -17 19 -18 18 -19 18 -17 18 -16 16 -13 18 -18 16 -14 17 -13 15 -13 15 -13 15 -13 16 -14 15 -10 16 -13 17 -14 14 -13 0 0 14 -13 12 -14 13 -15 11 -14 12 -12 11 -14 12 -14 10 -13 10 -14 7 -14 8 -15 9 -12 8 -13 6 -14 7 -14 6 -15 8 -16 4 -13 4 -14 3 -13 5 -13 4 -13 5 -13 4 -14 5 -12 3 -12 0 0 0 0 0 0 0 0 0 0 -1 -1 -1 -1 -14 17 -14 16 -11 19 -8 17 -14 7 -13 6 -13 7 -14 6 -12 6 -10 5 -11 7 -9 7 -10 9 -11 8 -11 7 -10 8 -10 9 -10 7 -9 6 -8 8 -7 9 -9 8 -5 7 -8 7 -7 6 -6 8 -8 7 -6 7 -8 7 -6 8 -2 11 -6 7 -6 6 -5 5 -5 6 -6 5 -4 5 -4 4 -4 4 -4 4 -5 3 -4 3 -4 2 -3 2 -3 1 -3 2 -2 1 -2 0 -2 0 -2 0 -1 0 -1 -1 0 -1 0 -1 1 -1 1 -2 1 -2 0 0 0 0 -1 -1 -1 -1 -1 -1 -1 -1 -1 -1 0 0 0 0 -1 -1 -1 -1 1 -37 0 -35 2 -39 4 -38 3 -37 4 -31 7 -37 4 -32 4 -41 10 -37 10 -39 10 -38 9 -40 10 -39 9 -31 9 -35 6 -34 10 -35 6 -28 9 -29 10 -27 6 -31 11 -28 9 -29 13 -33 7 -29 -8 -34 8 -29 7 -28 3 -26 3 -25 5 -27 2 -27 3 -25 1 -26 -1 -26 1 -24 -1 -25 2 -25 -1 -25 -1 -24 -6 -22 -3 -21 -5 -24 -3 -20 -5 -20 -4 -21 -6 -20 -7 -19 -4 -22 -5 -20 -5 -19 -5 -20 -17 -16 -20 -17 -20 -17 -23 -12 -1 -1 ]
CSI_DATA,STA,08:3A:F2:51:5D:9D,-49,11,1,0,1,1,1,0,0,0,0,-94,0,6,1,28279269,0,110,0,0,28.492690,384,[110 96 6 0 0 0 0 0 0 0 0 0 -22 -10 -21 -9 -25 -11 -24 -14 -23 -13 -18 -13 -22 -13 -19 -13 -20 -13 -19 -15 -21 -17 -22 -16 -20 -16 -19 -17 -16 -15 -21 -16 -17 -14 -16 -15 -16 -14 -16 -13 -15 -14 -17 -14 -13 -14 -16 -14 -17 -15 -16 -12 0 0 -16 -12 -17 -10 -17 -11 -17 -9 -14 -11 -16 -9 -16 -10 -15 -8 -16 -8 -15 -4 -16 -5 -14 -7 -15 -6 -15 -4 -15 -4 -16 -3 -18 -5 -14 -2 -15 -2 -14 0 -14 -2 -14 -2 -15 -2 -15 -1 -13 -3 -13 -1 0 0 0 0 0 0 0 0 0 0 -1 -1 -1 -1 20 8 21 9 21 5 18 3 10 11 9 10 11 10 10 11 10 9 8 7 10 7 9 5 11 6 11 7 10 7 10 6 12 6 11 6 9 5 10 4 11 2 10 5 9 2 9 3 9 4 9 2 8 3 9 1 9 4 8 2 9 -2 8 2 8 2 7 2 7 1 7 2 7 1 6 1 6 1 5 1 4 1 4 2 4 2 3 1 2 1 2 1 1 0 1 1 1 0 0 0 0 0 -1 -1 -1 0 -2 -1 -2 -1 -2 -2 -2 -2 -1 -1 -1 -1 -1 -1 -1 -1 -1 -1 -1 -1 -1 -1 -1 -1 -1 -1 0 0 0 0 -38 2 -36 2 -41 2 -40 -1 -39 0 -33 -2 -38 -2 -33 0 -42 1 -39 -5 -41 -7 -40 -6 -43 -5 -41 -7 -33 -5 -37 -6 -36 -3 -37 -7 -30 -3 -32 -5 -29 -7 -33 -2 -30 -6 -31 -6 -35 -9 -31 -3 -33 11 -30 -4 -31 -3 -27 0 -26 0 -28 -2 -28 3 -26 1 -27 3 -27 5 -23 3 -25 4 -26 2 -25 5 -24 5 -21 9 -21 6 -24 8 -20 6 -18 9 -19 7 -18 10 -18 10 -21 8 -20 8 -18 8 -18 8 -13 18 -14 23 -12 22 -8 25 -1 -1 ]
CSI_DATA,STA,08:3A:F2:51:5D:9D,-49,11,1,0,1,1,1,0,0,0,0,-94,0,6,1,28279786,0,110,0,0,28.503083,384,[110 96 6 0 0 0 0 0 0 0 0 0 7 -22 7 -22 8 -25 11 -26 10 -23 10 -20 11 -22 10 -20 10 -21 12 -20 14 -23 12 -23 13 -22 14 -21 13 -17 13 -22 12 -19 13 -17 12 -17 11 -16 12 -16 12 -17 12 -14 12 -17 13 -18 10 -17 0 0 10 -17 7 -17 8 -18 6 -17 9 -15 7 -17 8 -17 6 -15 6 -17 2 -16 3 -17 4 -14 4 -15 2 -15 2 -15 1 -16 2 -18 0 -15 0 -15 -2 -13 1 -15 0 -14 0 -14 -1 -14 0 -14 -1 -13 0 0 0 0 0 0 0 0 0 0 -1 -1 -1 -1 -6 21 -6 22 -2 22 -1 19 -10 11 -9 10 -9 11 -11 11 -8 10 -7 8 -7 10 -5 10 -6 11 -6 11 -7 11 -6 11 -6 12 -5 11 -5 9 -4 10 -2 11 -4 10 -2 8 -3 9 -4 8 -2 9 -3 9 -2 9 -3 10 -2 9 3 10 -2 9 -3 8 -2 7 -2 7 -2 6 -2 6 -1 5 -2 5 -2 5 -2 5 -2 5 -2 4 -2 3 -2 3 -2 2 -1 1 -2 1 -1 0 -1 1 -1 0 0 0 -1 -2 0 -2 0 -2 0 -2 0 -2 -1 -1 -1 -1 -1 -1 -1 -1 -1 -1 -1 -1 -1 -1 -1 -1 -1 -1 0 0 0 0 -8 -35 -9 -34 -8 -38 -6 -38 -6 -37 -4 -32 -3 -36 -5 -31 -7 -39 -1 -37 -1 -40 -1 -39 -2 -42 0 -39 0 -33 0 -36 -3 -35 1 -35 -2 -29 0 -31 1 -28 -3 -31 1 -30 0 -31 3 -35 -2 -30 -17 -31 -1 -29 -2 -29 -4 -26 -4 -25 -3 -27 -6 -26 -5 -25 -7 -26 -8 -24 -7 -22 -8 -23 -7 -24 -10 -24 -9 -23 -13 -18 -10 -19 -12 -21 -10 -18 -11 -17 -11 -18 -13 -16 -12 -16 -11 -19 -11 -18 -11 -16 -11 -17 -21 -10 -26 -9 -25 -8 -26 -3 -1 -1 ]
CSI_DATA,STA,08:3A:F2:51:5D:9D,-49,11,1,0,1,1,1,0,0,0,0,-94,0,6,1,28280237,0,110,0,0,28.513659,384,[110 96 6 0 0 0 0 0 0 0 0 0 14 -17 13 -16 15 -19 18 -18 16 -17 15 -14 16 -15 15 -14 15 -15 17 -13 19 -15 19 -15 19 -14 19 -13 16 -10 18 -15 16 -12 16 -10 16 -11 14 -11 15 -11 15 -11 14 -8 16 -10 17 -12 14 -11 0 0 14 -12 12 -13 13 -13 11 -12 12 -11 11 -13 12 -12 10 -12 11 -13 7 -12 8 -13 9 -11 8 -12 7 -13 7 -12 6 -13 8 -15 4 -12 5 -13 3 -12 5 -12 4 -13 5 -13 4 -13 5 -12 3 -11 0 0 0 0 0 0 0 0 0 0 -1 -1 -1 -1 -16 14 -16 14 -14 16 -10 15 -14 5 -13 5 -14 6 -15 5 -13 6 -11 4 -11 6 -9 6 -11 8 -11 7 -11 7 -10 7 -11 8 -10 7 -9 6 -8 7 -8 8 -9 7 -7 7 -7 7 -8 6 -7 7 -7 6 -6 7 -8 7 -6 7 -3 9 -6 7 -6 6 -5 6 -5 6 -6 4 -5 5 -4 5 -5 4 -4 4 -4 4 -4 3 -4 2 -4 2 -4 1 -2 2 -2 1 -2 1 -2 0 -2 0 -1 0 0 -1 -1 -1 0 -2 0 -1 1 -2 2 -2 -1 -1 -1 -1 -1 -1 -1 -1 -1 -1 -1 -1 -1 -1 -1 -1 -1 -1 0 0 0 0 9 -35 7 -33 9 -37 11 -36 11 -36 10 -30 13 -34 9 -29 11 -37 16 -33 17 -36 16 -34 17 -37 17 -34 14 -29 15 -32 13 -33 16 -31 11 -27 13 -28 14 -25 11 -29 14 -26 14 -27 18 -29 11 -27 1 -33 12 -27 10 -27 8 -26 6 -24 9 -26 5 -26 6 -24 4 -26 3 -26 2 -23 2 -25 4 -24 2 -25 2 -24 -3 -22 0 -21 -2 -25 -1 -20 -4 -21 -2 -20 -5 -20 -5 -20 -2 -22 -2 -21 -2 -20 -3 -19 -13 -17 -16 -20 -16 -19 -20 -16 -1 -1 ]
CSI_DATA,STA,08:3A:F2:51:5D:9D,-48,11,1,0,1,1,1,0,0,0,0,-94,0,6,1,28492126,0,110,0,0,28.658696,384,[110 96 6 0 0 0 0 0 0 0 0 0 19 -9 18 -9 21 -11 23 -8 22 -8 19 -5 21 -6 19 -5 20 -6 21 -4 24 -4 23 -5 23 -4 22 -3 19 -1 24 -5 20 -3 20 -1 19 -2 18 -2 18 -1 19 -2 17 1 19 -1 21 -1 18 -3 0 0 18 -3 18 -5 18 -4 16 -5 16 -2 16 -4 17 -4 15 -5 16 -6 13 -7 14 -7 14 -5 14 -6 13 -7 13 -7 12 -9 15 -9 11 -9 12 -9 10 -9 12 -8 12 -9 12 -9 11 -9 11 -7 10 -8 0 0 0 0 0 0 0 0 0 0 -1 -1 -1 -1 -25 -1 -25 0 -25 4 -21 4 -19 -6 -18 -5 -19 -5 -19 -7 -17 -5 -15 -4 -17 -4 -15 -2 -18 -2 -17 -3 -18 -3 -17 -2 -19 -2 -17 -2 -15 -2 -16 0 -16 2 -17 -1 -14 2 -15 -1 -15 -2 -15 1 -15 -1 -15 2 -16 -1 -15 2 -14 8 -15 1 -15 1 -13 2 -13 2 -14 0 -13 1 -12 1 -12 0 -12 1 -12 1 -12 0 -11 0 -11 0 -10 0 -10 1 -9 0 -9 0 -8 -1 -8 0 -7 -1 -7 0 -6 0 -6 -1 -5 -1 -5 -1 -5 -1 -1 -1 0 0 0 0 -1 -1 -1 -1 -1 -1 0 0 0 0 -1 -1 -1 -1 -1 -1 23 -26 22 -26 26 -28 27 -26 26 -25 24 -21 29 -23 24 -21 30 -27 31 -21 32 -23 30 -22 33 -24 32 -22 27 -18 30 -20 28 -22 31 -18 24 -18 27 -16 27 -13 26 -18 27 -14 26 -16 31 -16 24 -18 18 -28 25 -16 24 -17 21 -18 20 -17 23 -17 21 -19 21 -17 20 -19 19 -21 16 -18 16 -20 18 -19 17 -21 16 -20 11 -22 13 -19 14 -23 12 -19 11 -20 12 -19 10 -21 10 -21 13 -21 11 -20 10 -19 11 -20 1 -24 -2 -28 -1 -28 -6 -28 -1 -1 ]
CSI_DATA,STA,08:3A:F2:51:5D:9D,-49,11,1,0,1,1,1,0,0,0,0,-94,0,6,1,28500370,0,110,0,0,28.670340,384,[110 96 6 0 0 0 0 0 0 0 0 0 -17 -15 -16 -13 -19 -16 -18 -18 -17 -17 -13 -15 -15 -17 -14 -16 -15 -16 -13 -18 -14 -21 -14 -20 -13 -20 -12 -20 -9 -17 -14 -20 -11 -17 -10 -18 -10 -17 -10 -16 -10 -17 -11 -17 -7 -16 -9 -18 -10 -19 -10 -16 0 0 -11 -16 -13 -14 -12 -15 -12 -13 -9 -14 -12 -13 -12 -14 -11 -12 -13 -13 -13 -9 -13 -10 -11 -11 -11 -11 -12 -9 -12 -9 -13 -8 -15 -11 -12 -7 -13 -7 -12 -5 -13 -7 -13 -7 -13 -8 -13 -7 -12 -8 -12 -6 0 0 0 0 0 0 0 0 0 0 -1 -1 -1 -1 13 20 14 20 17 18 16 13 4 17 4 16 5 17 3 17 5 16 4 12 7 15 6 12 8 14 7 15 6 16 7 14 8 16 7 14 6 12 9 12 10 10 8 13 9 9 8 11 7 11 9 10 7 11 9 10 8 13 9 10 14 6 9 10 8 10 8 8 8 8 7 9 9 8 8 7 8 7 7 7 7 7 6 8 6 8 6 7 6 6 6 5 5 5 5 5 4 4 5 4 4 4 4 4 4 3 3 4 3 4 3 3 2 2 0 0 0 0 -1 -1 -1 -1 -1 -1 -1 -1 -1 -1 0 0 0 0 -1 -1 -1 -1 -35 -10 -33 -9 -37 -12 -35 -13 -35 -12 -29 -12 -34 -15 -30 -12 -38 -14 -33 -19 -35 -20 -33 -20 -36 -21 -34 -20 -28 -17 -32 -18 -32 -15 -31 -19 -26 -13 -27 -17 -24 -17 -29 -15 -25 -18 -27 -17 -29 -22 -27 -15 -33 -5 -26 -16 -27 -14 -25 -11 -24 -10 -25 -13 -27 -10 -25 -10 -26 -9 -27 -7 -25 -7 -25 -6 -25 -9 -25 -6 -24 -6 -24 0 -22 -3 -26 -2 -21 -3 -22 0 -22 -1 -23 1 -22 1 -24 -2 -23 -1 -21 -1 -22 -1 -22 11 -24 15 -23 15 -20 19 -1 -1 ]
CSI_DATA,STA,08:3A:F2:51:5D:9D,-44,11,1,0,0,1,1,0,0,0,0,-94,0,6,1,28506086,0,110,0,0,28.683205,256,[110 96 6 0 0 0 0 0 0 0 0 0 -4 -11 -4 -12 -4 -12 -4 -13 -3 -12 -2 -11 -3 -12 -2 -11 -2 -11 -1 -11 -2 -12 -2 -13 -2 -12 -2 -12 -1 -11 -2 -12 0 -11 0 -10 0 -10 -1 -10 -1 -10 -1 -10 0 -9 -1 -10 -2 -10 -2 -10 0 0 -2 -9 -2 -9 -2 -9 -2 -9 -2 -8 -2 -9 -2 -8 -3 -8 -3 -8 -3 -8 -3 -8 -3 -7 -3 -8 -3 -8 -3 -8 -3 -7 -4 -8 -3 -7 -4 -7 -4 -7 -4 -7 -4 -7 -4 -7 -4 -7 -4 -7 -4 -6 0 0 0 0 0 0 0 0 0 0 -1 -1 -1 -1 0 0 0 0 -21 -10 -17 -12 -12 -17 -13 -16 -13 -16 -13 -17 -12 -17 -11 -17 -12 -17 -10 -17 -12 -18 -10 -18 -10 -19 -10 -19 -9 -17 -9 -18 -8 -17 -10 -19 -7 -16 -7 -17 -8 -16 -7 -17 -8 -16 -7 -16 -7 -16 -7 -15 -7 -16 -7 -15 -1 -1 -9 -13 -8 -13 -8 -13 -9 -13 -7 -12 -9 -13 -9 -12 -8 -11 -10 -11 -10 -11 -10 -11 -9 -11 -9 -11 -9 -10 -9 -11 -9 -9 -10 -10 -9 -9 -10 -9 -10 -9 -11 -9 -10 -9 -9 -9 -10 -9 -10 -8 -10 -7 -10 -4 -12 -5 -1 -1 -1 -1 -1 -1 ]
CSI_DATA,STA,08:3A:F2:51:5D:9D,-45,11,1,0,0,1,1,0,0,0,0,-94,0,6,1,28506546,0,110,0,0,28.691142,256,[110 96 6 0 0 0 0 0 0 0 0 0 11 -2 10 -1 12 -2 11 -2 11 -1 10 0 11 0 10 0 11 0 11 1 11 0 12 1 11 0 10 0 9 1 12 0 9 1 9 2 9 1 9 1 8 1 9 2 8 1 9 1 9 1 9 0 0 0 8 0 9 0 8 -1 8 -1 7 -1 8 -1 7 -1 7 -1 8 -1 7 -1 7 -1 7 -1 7 -2 7 -2 7 -1 6 -1 7 -2 6 -2 6 -2 6 -3 6 -3 7 -3 6 -3 6 -2 6 -2 6 -3 0 0 0 0 0 0 0 0 0 0 -1 -1 -1 -1 0 0 0 0 11 -20 11 -17 16 -10 14 -11 16 -11 16 -11 16 -10 16 -8 16 -10 16 -7 17 -10 17 -7 17 -8 18 -8 17 -7 17 -6 16 -6 17 -9 14 -5 15 -4 14 -6 16 -6 14 -5 15 -5 14 -5 14 -5 15 -6 13 -6 -1 -1 12 -6 12 -6 11 -6 12 -8 10 -7 11 -8 10 -8 10 -6 10 -7 11 -8 10 -9 10 -7 9 -8 9 -7 9 -8 9 -8 9 -9 8 -8 7 -8 8 -8 8 -9 8 -9 8 -9 8 -8 6 -8 7 -9 3 -11 3 -11 -1 -1 -1 -1 -1 -1 ]
CSI_DATA,STA,08:3A:F2:51:5D:9D,-45,11,1,0,0,1,1,0,0,0,0,-94,0,6,1,28507106,0,110,0,0,28.697659,256,[110 96 6 0 0 0 0 0 0 0 0 0 5 9 5 9 5 10 5 10 4 10 4 9 4 10 3 9 3 10 3 10 3 10 4 11 3 10 2 10 2 9 3 10 2 9 2 9 2 9 2 9 2 8 2 9 1 7 2 8 3 9 2 8 0 0 2 7 3 8 3 7 3 7 3 6 3 6 3 7 3 6 3 6 3 6 3 7 3 6 4 6 4 5 3 6 3 6 4 6 3 5 3 5 4 5 3 5 4 5 4 5 4 5 3 4 4 4 0 0 0 0 0 0 0 0 0 0 -1 -1 -1 -1 0 0 0 0 22 4 19 5 14 11 13 11 14 11 14 12 14 12 13 12 13 12 11 12 13 12 12 13 12 14 12 14 12 13 12 13 10 13 13 13 9 12 9 13 9 12 9 12 10 11 9 12 9 11 9 11 9 11 8 11 -1 -1 9 9 9 9 8 9 11 9 8 8 10 8 9 8 9 7 10 7 11 8 11 7 9 7 10 6 9 6 10 6 9 6 10 5 9 5 10 4 9 5 10 4 10 4 10 4 10 4 9 4 9 3 9 -1 11 0 -1 -1 -1 -1 -1 -1 ]
CSI_DATA,STA,08:3A:F2:51:5D:9D,-49,11,1,0,1,1,1,0,0,0,0,-94,0,6,1,28511357,0,110,0,0,28.703649,384,[110 96 6 0 0 0 0 0 0 0 0 0 18 11 18 11 20 12 21 16 19 13 16 13 17 15 15 14 16 14 15 15 17 18 18 17 17 17 15 17 12 16 16 17 14 16 11 15 12 15 11 14 11 15 12 16 8 14 11 15 13 17 12 14 0 0 12 14 13 12 14 13 12 10 10 12 12 11 12 13 11 10 12 11 12 7 13 8 11 9 12 8 13 7 12 7 13 6 14 8 12 5 12 5 12 3 12 6 12 5 12 5 13 4 11 5 11 3 0 0 0 0 0 0 0 0 0 0 -1 -1 -1 -1 -15 -18 -15 -18 -18 -15 -16 -12 -7 -16 -7 -15 -8 -16 -7 -17 -7 -14 -6 -12 -8 -13 -8 -11 -9 -13 -9 -13 -9 -14 -9 -13 -10 -14 -9 -12 -8 -11 -10 -11 -11 -10 -9 -12 -10 -8 -9 -10 -8 -10 -10 -9 -8 -10 -11 -9 -10 -10 -10 -9 -13 -5 -10 -9 -9 -9 -9 -8 -8 -7 -8 -9 -9 -7 -8 -7 -8 -7 -7 -7 -7 -6 -7 -7 -6 -7 -6 -6 -5 -6 -5 -4 -5 -5 -5 -5 -4 -4 -4 -3 -4 -3 -3 -3 -3 -2 -3 -2 -3 -2 -2 -1 -2 -1 0 0 0 0 -1 -1 -1 -1 -1 -1 -1 -1 -1 -1 0 0 0 0 -1 -1 -1 -1 36 4 35 3 38 4 39 7 37 6 31 7 36 9 31 6 39 8 35 11 38 13 37 12 39 13 37 14 31 13 33 13 34 11 32 15 28 10 28 13 26 13 30 11 26 13 28 12 31 17 28 10 33 -1 27 12 26 10 26 8 24 7 26 9 26 5 24 6 26 5 26 4 23 3 25 3 24 5 25 3 24 2 22 -3 22 0 24 -1 20 -1 20 -3 20 -1 20 -4 20 -4 21 -2 21 -3 20 -2 20 -2 18 -12 21 -16 20 -17 17 -20 -1 -1 ]
CSI_DATA,STA,08:3A:F2:51:5D:9D,-49,11,1,0,1,1,1,0,0,0,0,-94,0,6,1,28512081,0,110,0,0,28.713827,384,[110 96 6 0 0 0 0 0 0 0 0 0 -15 16 -15 15 -17 18 -20 17 -18 16 -17 12 -19 14 -18 12 -18 13 -19 12 -22 13 -21 14 -21 12 -21 11 -19 8 -21 12 -19 9 -19 8 -18 9 -17 8 -18 8 -19 8 -17 5 -18 8 -20 8 -17 9 0 0 -17 8 -15 10 -16 10 -14 10 -15 7 -15 9 -15 9 -13 9 -14 10 -10 11 -11 11 -11 8 -12 9 -10 10 -10 10 -9 11 -12 12 -8 11 -8 11 -7 11 -9 10 -8 10 -8 10 -7 11 -8 9 -6 10 0 0 0 0 0 0 0 0 0 0 -1 -1 -1 -1 15 -15 15 -16 12 -20 10 -17 13 -5 12 -5 13 -6 13 -5 12 -5 10 -5 11 -6 9 -7 11 -8 10 -7 11 -8 10 -8 11 -9 10 -8 8 -7 9 -8 8 -10 9 -8 6 -8 8 -7 8 -7 7 -8 7 -7 6 -9 9 -8 7 -9 2 -14 7 -8 7 -7 6 -7 5 -8 7 -7 6 -7 5 -6 5 -6 5 -6 4 -6 5 -6 5 -5 5 -5 4 -5 3 -5 3 -4 3 -4 2 -3 2 -3 2 -3 1 -3 1 -3 1 -2 0 -2 0 -2 0 -2 0 0 0 0 -1 -1 -1 -1 -1 -1 -1 -1 -1 -1 0 0 0 0 -1 -1 -1 -1 -5 31 -4 31 -7 34 -9 34 -8 31 -7 27 -11 31 -7 27 -9 34 -12 30 -13 33 -12 32 -12 34 -14 32 -12 27 -14 29 -11 30 -15 28 -10 24 -13 24 -14 22 -11 26 -13 22 -12 24 -16 27 -10 24 4 32 -12 24 -11 23 -8 22 -8 20 -10 22 -7 22 -8 21 -6 23 -5 23 -4 20 -3 21 -5 20 -3 21 -3 21 1 19 -1 19 -1 21 -1 18 1 18 -1 18 2 18 2 17 0 19 0 18 1 16 0 17 13 17 18 18 18 18 20 15 -1 -1 ]
CSI_DATA,STA,08:3A:F2:51:5D:9D,-49,11,1,0,1,1,1,0,0,0,0,-94,0,6,1,28512553,0,110,0,0,28.723990,384,[110 96 6 0 0 0 0 0 0 0 0 0 -20 -12 -19 -11 -22 -12 -22 -16 -20 -14 -16 -13 -19 -15 -17 -14 -18 -14 -17 -16 -18 -18 -19 -17 -18 -17 -16 -18 -13 -16 -19 -17 -15 -16 -13 -16 -14 -15 -14 -14 -13 -15 -14 -15 -11 -15 -13 -16 -14 -16 -14 -14 0 0 -14 -13 -15 -12 -15 -12 -15 -10 -12 -12 -14 -11 -14 -12 -13 -10 -14 -9 -14 -6 -15 -7 -12 -9 -13 -8 -13 -6 -14 -6 -14 -5 -16 -7 -13 -4 -14 -4 -13 -2 -13 -4 -13 -4 -13 -4 -14 -3 -12 -4 -12 -3 0 0 0 0 0 0 0 0 0 0 -1 -1 -1 -1 18 11 19 11 21 7 17 5 8 12 8 11 9 11 9 12 9 10 7 8 9 9 9 6 11 8 10 9 10 9 10 7 12 8 10 8 9 6 11 6 11 4 10 7 9 4 9 5 9 6 10 4 9 5 11 3 10 5 10 3 12 -2 10 3 9 4 9 3 8 2 8 4 8 3 7 2 7 2 7 2 6 2 7 3 7 3 6 3 6 2 5 1 4 1 4 1 3 1 3 0 2 1 2 0 2 0 2 0 1 0 1 -1 0 -1 0 0 0 0 -1 -1 -1 -1 -1 -1 -1 -1 -1 -1 0 0 0 0 -1 -1 -1 -1 -36 -1 -34 0 -38 -2 -38 -3 -36 -3 -31 -4 -36 -6 -31 -2 -39 -3 -36 -8 -38 -9 -36 -8 -40 -9 -38 -9 -31 -8 -34 -9 -34 -6 -33 -10 -28 -6 -30 -8 -27 -9 -31 -6 -27 -9 -29 -8 -32 -11 -28 -6 -32 7 -28 -7 -28 -6 -26 -3 -24 -4 -27 -5 -26 -1 -25 -2 -26 0 -26 1 -22 1 -24 2 -24 -1 -24 2 -24 2 -21 6 -21 4 -23 5 -20 4 -19 5 -19 4 -19 7 -18 7 -20 5 -20 5 -18 5 -19 5 -14 16 -15 21 -14 21 -10 22 -1 -1 ]
CSI_DATA,STA,08:3A:F2:51:5D:9D,-49,11,1,0,1,1,1,0,0,0,0,-94,0,6,1,28512887,0,110,0,0,28.734408,384,[110 96 6 0 0 0 0 0 0 0 0 0 -5 -22 -5 -21 -6 -24 -3 -26 -3 -24 -1 -21 -1 -23 0 -21 -1 -22 0 -22 1 -25 0 -25 1 -24 2 -23 2 -20 1 -24 2 -21 3 -20 2 -20 2 -18 3 -19 2 -20 4 -17 2 -20 2 -21 1 -19 0 0 1 -19 -1 -18 -1 -19 -2 -17 1 -17 -1 -17 -1 -18 -2 -16 -2 -17 -4 -14 -5 -15 -2 -14 -3 -15 -5 -14 -4 -14 -6 -14 -6 -16 -6 -12 -6 -13 -7 -11 -5 -13 -5 -13 -6 -13 -7 -12 -5 -12 -6 -11 0 0 0 0 0 0 0 0 0 0 -1 -1 -1 -1 4 20 4 21 8 20 8 16 -4 14 -3 13 -3 14 -4 14 -2 12 -2 10 -1 12 0 10 1 12 0 13 -1 13 0 12 1 14 1 12 0 10 2 11 4 11 1 11 3 9 2 10 1 10 3 10 1 10 3 10 2 11 3 10 9 8 3 10 2 9 3 8 2 8 2 8 3 7 2 7 2 7 2 6 2 6 1 7 1 6 1 6 1 5 1 4 1 4 1 4 0 3 1 3 0 2 1 2 1 1 0 1 1 1 0 0 0 0 0 0 0 0 -1 -1 -1 -1 -1 -1 -1 -1 -1 -1 0 0 0 0 -1 -1 -1 -1 -23 -25 -22 -24 -24 -28 -22 -29 -22 -28 -18 -24 -19 -29 -18 -23 -23 -29 -18 -30 -19 -33 -18 -32 -20 -34 -18 -33 -14 -27 -16 -30 -18 -28 -15 -30 -14 -24 -14 -26 -11 -24 -16 -25 -12 -25 -13 -26 -13 -31 -14 -24 -28 -19 -13 -25 -14 -23 -14 -20 -14 -19 -14 -22 -16 -19 -15 -19 -16 -18 -17 -17 -15 -16 -17 -17 -15 -18 -17 -17 -17 -16 -18 -11 -16 -12 -19 -13 -16 -12 -16 -10 -16 -11 -17 -9 -17 -8 -18 -12 -17 -11 -15 -10 -16 -10 -22 1 -25 3 -24 3 -24 9 -1 -1 ]
CSI_DATA,STA,08:3A:F2:51:5D:9D,-49,11,1,0,1,1,1,0,0,0,0,-94,0,6,1,28513212,0,110,0,0,28.744934,384,[110 96 6 0 0 0 0 0 0 0 0 0 15 -16 14 -15 17 -18 20 -16 18 -15 16 -12 18 -14 17 -12 17 -13 18 -12 21 -13 20 -14 20 -12 20 -11 17 -8 21 -13 18 -10 18 -8 17 -9 16 -8 17 -8 17 -9 16 -6 17 -8 18 -9 16 -10 0 0 16 -9 14 -11 15 -11 13 -11 14 -8 13 -10 14 -10 12 -10 12 -11 9 -11 10 -12 10 -10 10 -10 8 -11 9 -11 8 -12 10 -13 6 -11 7 -12 5 -12 7 -11 7 -12 7 -11 6 -12 7 -11 5 -11 0 0 0 0 0 0 0 0 0 0 -1 -1 -1 -1 -17 13 -17 13 -14 16 -11 14 -15 4 -14 4 -15 5 -15 4 -13 4 -11 4 -12 6 -10 6 -12 7 -12 6 -13 6 -12 7 -12 8 -11 7 -10 6 -10 7 -9 9 -11 7 -7 7 -9 7 -9 6 -9 8 -9 6 -7 8 -9 7 -8 8 -3 11 -8 8 -8 7 -6 7 -7 6 -7 6 -6 6 -6 6 -6 5 -6 6 -6 6 -6 5 -6 4 -5 4 -5 3 -4 4 -4 2 -4 3 -4 2 -3 2 -3 2 -3 2 -2 1 -2 1 -1 0 -1 0 -1 1 0 0 0 0 -1 -1 -1 -1 -1 -1 -1 -1 -1 -1 0 0 0 0 -1 -1 -1 -1 9 -33 8 -32 11 -35 12 -35 12 -33 11 -29 15 -32 11 -29 13 -36 17 -31 17 -34 16 -33 18 -35 17 -33 15 -27 17 -30 14 -31 18 -29 13 -25 15 -25 15 -23 14 -27 16 -23 15 -25 19 -27 12 -26 1 -32 14 -25 13 -24 10 -24 9 -22 11 -24 8 -25 9 -23 7 -25 6 -25 5 -22 4 -24 6 -22 4 -24 4 -23 -1 -22 1 -21 1 -23 1 -20 0 -20 1 -20 -2 -20 -2 -20 0 -21 -1 -20 -1 -19 0 -20 -12 -18 -15 -20 -16 -20 -18 -16 -1 -1 ]
CSI_DATA,STA,08:3A:F2:51:5D:9D,-45,11,0,0,0,0,0,0,0,0,0,-94,0,6,1,28515403,0,110,0,0,28.755353,128,[110 96 6 0 0 0 0 0 0 0 0 0 -22 -17 -21 -18 -22 -19 -23 -20 -21 -20 -19 -20 -19 -20 -17 -20 -18 -21 -17 -21 -19 -21 -19 -22 -17 -21 -17 -20 -14 -20 -18 -21 -14 -20 -13 -19 -14 -19 -13 -19 -13 -18 -14 -19 -11 -17 -14 -17 -15 -17 -15 -17 0 0 -14 -15 -15 -15 -15 -15 -15 -14 -13 -13 -15 -13 -15 -13 -14 -12 -15 -11 -13 -11 -15 -11 -14 -10 -15 -10 -15 -10 -14 -10 -14 -10 -15 -9 -14 -9 -14 -9 -14 -8 -14 -8 -14 -8 -14 -7 -15 -7 -13 -6 -13 -6 0 0 0 0 0 0 0 0 0 0 ]
CSI_DATA,STA,08:3A:F2:51:5D:9D,-48,11,1,0,1,1,1,0,0,0,0,-94,0,6,1,28568701,0,110,0,0,28.759929,384,[110 96 6 0 0 0 0 0 0 0 0 0 19 11 18 10 21 12 21 15 20 13 16 13 19 14 16 13 18 13 16 15 18 18 18 17 17 17 16 17 12 15 18 17 15 15 13 16 14 15 13 14 13 15 14 15 10 15 13 15 14 17 14 14 0 0 14 13 15 12 15 13 15 10 12 12 14 11 15 12 13 10 15 10 14 7 15 8 12 9 13 8 14 6 14 7 15 5 17 7 14 4 15 4 14 3 14 5 14 4 14 5 15 4 13 5 13 4 0 0 0 0 0 0 0 0 0 0 -1 -1 -1 -1 -22 -15 -22 -16 -24 -12 -22 -9 -9 -16 -9 -15 -11 -16 -9 -16 -10 -14 -7 -12 -9 -13 -9 -11 -12 -13 -11 -13 -10 -14 -10 -13 -12 -13 -11 -12 -9 -11 -11 -10 -12 -9 -11 -11 -10 -7 -10 -9 -8 -10 -10 -8 -10 -10 -11 -7 -10 -10 -11 -8 -15 -2 -10 -9 -10 -8 -8 -6 -9 -7 -8 -8 -9 -7 -8 -6 -8 -6 -8 -6 -7 -6 -6 -7 -6 -7 -6 -6 -5 -6 -6 -4 -4 -5 -5 -4 -3 -4 -4 -4 -3 -4 -2 -3 -2 -3 -2 -2 -1 -2 -1 -2 -1 -1 0 0 -1 -1 -1 -1 -1 -1 -1 -1 -1 -1 -1 -1 -1 -1 0 0 0 0 -1 -1 34 1 32 0 37 0 35 3 36 2 29 3 35 5 30 2 39 2 36 8 38 9 36 8 39 9 37 9 29 7 35 8 33 5 34 8 27 5 29 8 26 9 31 5 28 9 29 8 32 12 29 6 34 -9 28 7 29 5 25 3 26 2 26 5 28 0 26 2 26 0 27 -2 24 -1 26 -2 26 0 26 -3 24 -3 22 -8 21 -4 24 -6 21 -4 20 -7 21 -5 20 -8 19 -9 23 -6 21 -6 20 -6 20 -5 17 -20 18 -25 17 -24 12 -27 -1 -1 ]
CSI_DATA,STA,08:3A:F2:51:5D:9D,-49,11,1,0,1,1,1,0,0,0,0,-94,0,6,1,28594617,0,110,0,0,28.770307,384,[110 96 6 0 0 0 0 0 0 0 0 0 14 15 14 13 16 16 15 18 15 17 11 15 13 17 11 16 13 16 11 18 12 20 13 20 11 19 10 19 8 16 12 20 9 17 8 17 8 16 9 15 8 16 9 17 6 16 8 16 9 18 9 15 0 0 9 15 11 14 11 14 11 12 8 13 10 12 11 14 10 11 11 12 11 8 12 10 10 10 11 10 12 8 11 9 12 7 14 10 12 6 12 6 12 4 12 7 12 6 13 7 13 6 11 7 11 5 0 0 0 0 0 0 0 0 0 0 -1 -1 -1 -1 -14 -21 -15 -22 -18 -19 -16 -15 -6 -19 -6 -17 -7 -19 -5 -19 -6 -17 -5 -14 -7 -16 -7 -13 -9 -16 -7 -16 -7 -16 -7 -16 -9 -16 -8 -15 -7 -13 -9 -13 -11 -12 -8 -13 -9 -9 -9 -11 -8 -12 -10 -11 -8 -12 -10 -10 -9 -13 -10 -11 -13 -7 -9 -11 -9 -10 -8 -8 -9 -9 -8 -10 -9 -9 -8 -8 -8 -8 -7 -8 -7 -7 -6 -8 -6 -8 -6 -7 -6 -6 -6 -6 -4 -5 -6 -5 -5 -4 -5 -4 -4 -4 -4 -3 -4 -3 -3 -3 -4 -3 -3 -2 -3 -2 -1 -1 -1 -1 -1 -1 -1 -1 -1 -1 -1 -1 -1 -1 -1 -1 -1 -1 0 0 0 0 31 12 30 10 34 12 32 14 33 13 27 13 32 16 27 13 35 15 30 19 32 21 31 20 33 21 31 20 25 17 29 18 30 15 28 19 24 14 25 17 22 17 27 15 23 18 25 17 26 21 25 14 32 4 25 15 25 13 23 10 23 9 23 12 26 9 24 10 25 8 26 6 22 6 24 6 24 8 25 5 24 4 23 -1 21 2 25 1 20 1 21 -1 21 1 22 -2 22 -3 23 1 22 0 21 0 21 0 21 -11 23 -16 23 -15 19 -20 -1 -1 ]
CSI_DATA,STA,08:3A:F2:51:5D:9D,-49,11,1,0,1,1,1,0,0,0,0,-94,0,6,1,28595080,0,110,0,0,28.780512,384,[110 96 6 0 0 0 0 0 0 0 0 0 -19 13 -18 13 -20 15 -23 14 -21 13 -19 9 -21 11 -20 10 -20 11 -22 9 -24 10 -24 11 -23 9 -23 8 -20 6 -24 10 -21 7 -21 6 -20 7 -19 6 -20 6 -20 7 -19 4 -20 6 -22 6 -19 8 0 0 -19 7 -18 9 -18 9 -16 10 -17 6 -16 9 -17 9 -15 9 -16 10 -12 11 -14 11 -14 8 -13 10 -11 11 -12 11 -11 12 -14 13 -10 11 -10 12 -8 12 -10 11 -10 11 -10 12 -9 12 -10 10 -8 11 0 0 0 0 0 0 0 0 0 0 -1 -1 -1 -1 23 -11 25 -11 21 -16 18 -15 20 -2 18 -3 19 -4 19 -2 17 -4 15 -3 17 -5 14 -6 17 -7 17 -5 18 -5 16 -6 18 -7 16 -6 14 -5 15 -8 13 -9 15 -7 11 -8 13 -7 13 -5 12 -8 13 -6 11 -9 14 -7 12 -9 9 -13 12 -8 12 -8 9 -7 10 -8 10 -6 10 -8 9 -7 8 -7 8 -6 8 -6 8 -6 8 -5 7 -5 7 -5 6 -6 5 -4 5 -6 5 -4 4 -5 4 -4 3 -4 3 -4 2 -3 2 -3 2 -3 1 -3 -1 -1 -1 -1 -1 -1 -1 -1 -1 -1 -1 -1 -1 -1 -1 -1 -1 -1 0 0 0 0 -19 32 -18 31 -21 35 -22 32 -21 33 -20 26 -24 31 -20 27 -24 35 -28 29 -29 31 -29 30 -30 32 -29 30 -24 24 -26 28 -23 29 -27 27 -21 23 -24 23 -23 20 -22 26 -25 21 -24 23 -29 24 -22 24 -12 33 -22 23 -21 24 -17 23 -16 23 -19 23 -15 25 -16 23 -15 25 -13 26 -13 22 -13 25 -15 24 -12 26 -11 24 -5 25 -7 22 -7 26 -7 22 -4 23 -6 23 -4 23 -3 23 -7 24 -6 23 -5 22 -5 22 6 25 11 27 10 27 16 24 -1 -1 ]
CSI_DATA,STA,08:3A:F2:51:5D:9D,-48,11,1,0,1,1,1,0,0,0,0,-94,0,6,1,28595515,0,110,0,0,28.791029,384,[110 96 6 0 0 0 0 0 0 0 0 0 -20 -8 -19 -8 -22 -8 -23 -12 -21 -10 -18 -10 -20 -11 -18 -11 -19 -10 -18 -13 -20 -15 -21 -13 -20 -14 -18 -14 -15 -13 -20 -13 -17 -13 -15 -13 -16 -12 -15 -11 -15 -12 -16 -12 -13 -13 -15 -13 -17 -14 -16 -11 0 0 -16 -11 -17 -9 -17 -10 -16 -7 -14 -10 -16 -8 -16 -9 -15 -7 -16 -7 -15 -4 -16 -5 -14 -6 -15 -6 -15 -4 -15 -4 -16 -2 -18 -4 -15 -2 -15 -1 -14 0 -15 -2 -15 -2 -15 -2 -15 -1 -14 -2 -13 -1 0 0 0 0 0 0 0 0 0 0 -1 -1 -1 -1 16 18 17 18 20 15 17 12 9 17 9 15 10 16 9 17 9 15 8 13 10 14 10 11 12 13 10 13 11 14 11 13 12 14 11 12 9 11 12 10 13 8 11 11 11 7 10 9 10 10 12 8 10 9 12 7 11 10 12 8 13 4 11 7 11 8 10 6 10 6 9 7 10 5 9 5 9 5 8 5 8 5 7 5 8 6 7 5 6 4 6 2 5 2 6 3 5 2 5 1 4 2 4 1 4 1 3 1 2 1 3 0 3 0 -1 -1 -1 -1 -1 -1 -1 -1 -1 -1 -1 -1 -1 -1 -1 -1 -1 -1 0 0 0 0 -38 -4 -36 -3 -41 -4 -40 -7 -39 -6 -34 -7 -39 -8 -34 -6 -42 -7 -38 -12 -41 -13 -39 -12 -42 -14 -40 -13 -34 -12 -37 -11 -37 -9 -36 -13 -31 -9 -32 -11 -29 -12 -34 -9 -30 -13 -32 -12 -34 -15 -32 -9 -33 -1 -32 -10 -31 -8 -30 -5 -29 -4 -30 -8 -31 -3 -29 -4 -30 -3 -30 -2 -27 -2 -29 -1 -29 -2 -29 1 -28 1 -26 6 -24 3 -29 4 -24 3 -24 6 -23 4 -24 7 -24 7 -26 4 -24 5 -23 5 -23 5 -21 13 -23 18 -22 18 -18 21 -1 -1 ]
CSI_DATA,STA,08:3A:F2:51:5D:9D,-48,11,1,0,1,1,1,0,0,0,0,-94,0,6,1,28595828,0,110,0,0,28.801714,384,[110 96 6 0 0 0 0 0 0 0 0 0 -5 -21 -5 -20 -7 -23 -4 -25 -5 -23 -2 -20 -3 -23 -2 -21 -3 -22 -1 -22 0 -25 -1 -24 0 -23 1 -23 1 -19 -1 -24 0 -20 1 -20 1 -20 0 -19 1 -19 0 -20 3 -17 1 -20 1 -21 0 -19 0 0 -1 -19 -3 -19 -3 -19 -4 -17 -1 -17 -3 -17 -2 -18 -3 -16 -4 -17 -6 -15 -6 -16 -4 -15 -4 -15 -6 -14 -6 -14 -7 -14 -8 -17 -8 -12 -8 -13 -8 -11 -7 -13 -8 -13 -8 -13 -9 -13 -6 -13 -7 -11 0 0 0 0 0 0 0 0 0 0 -1 -1 -1 -1 -2 25 -2 25 2 24 4 20 -8 17 -6 16 -6 18 -8 17 -5 16 -5 14 -4 16 -2 14 -3 17 -4 16 -5 16 -4 16 -3 17 -3 16 -3 14 0 15 1 15 -1 15 1 12 -1 14 -2 13 1 13 -2 13 1 13 -1 14 1 13 6 12 1 13 0 13 1 11 1 11 0 11 2 11 1 10 1 10 1 10 1 9 0 9 1 9 0 8 0 7 1 6 0 6 2 7 0 5 1 5 0 4 2 4 1 4 1 3 1 3 0 2 0 3 -1 -1 -1 -1 -1 -1 -1 -1 -1 -1 -1 -1 -1 -1 -1 -1 -1 -1 0 0 0 0 -20 -29 -20 -28 -23 -32 -20 -32 -21 -31 -16 -28 -19 -34 -17 -28 -22 -34 -15 -35 -15 -38 -15 -37 -17 -38 -16 -37 -12 -31 -15 -34 -17 -32 -14 -34 -13 -28 -12 -30 -10 -28 -15 -30 -9 -30 -12 -30 -11 -35 -13 -29 -23 -24 -13 -29 -14 -27 -15 -24 -15 -23 -14 -26 -17 -24 -15 -24 -17 -23 -19 -23 -16 -21 -18 -21 -16 -22 -19 -21 -19 -19 -21 -15 -18 -16 -21 -18 -18 -15 -19 -13 -18 -15 -21 -13 -21 -12 -19 -16 -19 -15 -18 -14 -18 -14 -24 -5 -28 -3 -27 -3 -28 4 -1 -1 ]
CSI_DATA,STA,08:3A:F2:51:5D:9D,-49,11,1,0,1,1,1,0,0,0,0,-94,0,6,1,28596220,0,110,0,0,28.812547,384,[110 96 6 0 0 0 0 0 0 0 0 0 14 -18 13 -17 15 -21 18 -20 16 -19 15 -15 17 -17 15 -15 16 -17 18 -15 20 -16 20 -17 19 -16 19 -14 17 -11 20 -17 17 -13 18 -12 16 -12 15 -12 16 -12 17 -13 16 -9 17 -12 19 -13 15 -13 0 0 15 -13 13 -14 14 -14 12 -14 13 -11 12 -14 13 -14 11 -13 12 -15 8 -14 9 -15 10 -12 10 -13 7 -14 8 -14 7 -15 9 -17 5 -14 6 -15 4 -14 6 -15 5 -15 6 -15 5 -15 6 -14 4 -14 0 0 0 0 0 0 0 0 0 0 -1 -1 -1 -1 -22 13 -23 14 -20 18 -17 16 -20 5 -19 5 -20 6 -21 5 -18 6 -16 5 -17 7 -14 7 -18 9 -17 7 -18 7 -17 8 -18 9 -17 8 -14 7 -14 10 -13 11 -15 9 -11 9 -13 9 -13 7 -12 10 -13 8 -12 10 -14 9 -12 10 -8 14 -12 10 -12 9 -9 9 -9 9 -10 8 -9 9 -9 8 -9 7 -9 8 -8 7 -9 6 -8 6 -8 6 -7 5 -6 6 -6 4 -6 5 -5 5 -4 5 -5 4 -4 4 -3 3 -3 3 -3 3 -3 3 -3 3 -1 -1 -1 -1 -1 -1 -1 -1 -1 -1 -1 -1 -1 -1 -1 -1 -1 -1 0 0 0 0 11 -38 10 -36 12 -41 14 -39 13 -39 13 -33 16 -38 12 -32 15 -42 20 -36 21 -39 20 -37 21 -40 21 -38 18 -31 19 -35 16 -36 21 -34 14 -30 18 -30 17 -27 15 -32 19 -28 17 -30 22 -31 15 -30 6 -36 16 -30 14 -29 10 -28 10 -27 13 -28 10 -30 10 -28 8 -29 7 -31 6 -27 5 -29 8 -28 5 -29 4 -28 -1 -28 2 -26 1 -29 1 -25 -1 -25 0 -25 -3 -26 -3 -25 1 -27 -1 -26 -1 -24 -1 -24 -11 -24 -16 -26 -15 -26 -20 -22 -1 -1 ]
CSI_DATA,STA,08:3A:F2:51:5D:9D,-49,11,1,0,1,1,1,0,0,0,0,-94,0,6,1,28608024,0,110,0,0,28.823239,384,[110 96 6 0 0 0 0 0 0 0 0 0 15 -18 15 -17 17 -20 20 -19 19 -18 17 -14 19 -16 18 -14 18 -15 19 -14 22 -15 22 -16 21 -14 21 -13 19 -10 22 -15 20 -11 20 -10 19 -11 17 -10 18 -10 19 -11 18 -7 19 -10 20 -11 17 -11 0 0 18 -11 16 -13 17 -12 15 -12 16 -10 15 -12 16 -12 13 -11 14 -13 10 -13 11 -14 12 -11 12 -12 10 -13 10 -13 9 -15 12 -15 8 -14 8 -14 6 -13 9 -14 8 -14 8 -14 7 -15 8 -13 6 -13 0 0 0 0 0 0 0 0 0 0 -1 -1 -1 -1 -20 17 -20 18 -18 22 -14 18 -18 5 -17 5 -18 6 -19 5 -16 5 -15 5 -16 6 -13 6 -16 8 -15 7 -16 7 -15 8 -16 9 -15 8 -13 7 -13 8 -12 10 -14 8 -10 9 -12 8 -12 7 -11 9 -12 7 -10 10 -13 8 -11 9 -6 16 -11 9 -11 8 -9 8 -9 8 -10 8 -9 8 -8 7 -8 8 -9 7 -7 7 -8 6 -8 6 -7 6 -7 6 -6 6 -6 5 -5 5 -6 4 -5 4 -5 3 -4 3 -3 3 -4 3 -3 3 -3 2 -3 2 -1 -1 -1 -1 -1 -1 -1 -1 -1 -1 -1 -1 -1 -1 -1 -1 -1 -1 0 0 0 0 6 -35 5 -35 8 -38 10 -38 10 -36 9 -32 12 -35 8 -31 11 -39 14 -34 15 -38 15 -36 15 -39 16 -36 13 -31 16 -32 13 -35 17 -32 12 -28 14 -28 14 -26 12 -30 15 -27 13 -28 18 -31 11 -28 -3 -37 13 -29 12 -27 9 -27 9 -25 11 -28 7 -27 8 -25 6 -28 5 -28 4 -24 4 -27 6 -26 3 -27 3 -26 -2 -25 1 -24 0 -26 0 -23 -2 -22 0 -23 -3 -23 -3 -22 -1 -24 -1 -24 -2 -22 -1 -23 -15 -22 -21 -24 -22 -24 -23 -19 -1 -1 ]
CSI_DATA,STA,08:3A:F2:51:5D:9D,-48,11,1,0,1,1,1,0,0,0,0,-94,0,6,1,28608466,0,110,0,0,28.833861,384,[110 96 6 0 0 0 0 0 0 0 0 0 20 -9 19 -9 21 -10 24 -8 22 -7 20 -5 22 -6 20 -5 21 -6 21 -4 24 -4 24 -5 23 -4 23 -3 20 -1 24 -4 21 -3 20 -1 20 -2 19 -2 19 -2 20 -2 17 0 20 -1 21 -2 19 -3 0 0 19 -3 18 -5 19 -4 17 -5 17 -3 17 -5 18 -4 16 -5 16 -6 13 -7 15 -7 14 -5 15 -6 14 -8 13 -7 14 -9 15 -8 11 -9 12 -9 10 -9 12 -8 12 -9 12 -9 12 -10 12 -8 10 -9 0 0 0 0 0 0 0 0 0 0 -1 -1 -1 -1 -26 -1 -27 -1 -26 4 -22 4 -19 -6 -18 -5 -20 -5 -20 -8 -18 -5 -15 -5 -17 -4 -15 -2 -19 -2 -18 -3 -18 -3 -18 -2 -19 -2 -18 -2 -16 -2 -17 0 -17 2 -16 -1 -14 2 -15 0 -15 -1 -15 1 -15 0 -15 3 -17 0 -15 2 -13 8 -15 2 -14 1 -13 2 -13 2 -13 1 -13 2 -12 2 -12 2 -12 1 -10 2 -11 1 -11 0 -11 0 -10 1 -8 2 -8 1 -9 1 -7 1 -7 2 -6 0 -6 1 -6 1 -5 0 -5 0 -5 1 -4 1 -1 -1 -1 -1 -1 -1 -1 -1 -1 -1 -1 -1 -1 -1 -1 -1 -1 -1 0 0 0 0 26 -26 24 -26 28 -29 30 -27 28 -26 26 -22 30 -24 25 -22 31 -27 32 -21 34 -23 33 -23 35 -23 34 -22 29 -18 32 -20 31 -22 32 -18 26 -17 28 -17 27 -14 28 -19 28 -14 28 -17 33 -16 26 -18 20 -27 27 -17 26 -17 23 -18 21 -17 25 -17 22 -20 22 -18 21 -21 20 -21 17 -18 18 -21 19 -19 18 -21 17 -21 13 -23 14 -20 15 -23 13 -20 11 -21 12 -20 10 -22 10 -22 14 -22 12 -22 11 -20 12 -20 2 -24 1 -30 0 -30 -4 -28 -1 -1 ]
CSI_DATA,STA,08:3A:F2:51:5D:9D,-48,11,1,0,1,1,1,0,0,0,0,-94,0,6,1,28608875,0,110,0,0,28.844456,384,[110 96 6 0 0 0 0 0 0 0 0 0 13 17 12 16 15 19 13 22 12 20 9 18 10 20 9 19 10 19 8 20 9 23 10 22 9 22 7 22 5 19 9 22 6 20 5 19 6 19 5 18 5 19 5 19 3 17 5 19 6 20 7 17 0 0 6 18 8 16 8 18 8 15 6 16 8 16 7 17 8 14 8 15 9 12 10 13 8 13 8 13 10 11 9 12 11 11 11 13 10 10 11 10 11 8 10 10 10 10 11 10 12 9 9 10 10 8 0 0 0 0 0 0 0 0 0 0 -1 -1 -1 -1 -6 -24 -7 -27 -11 -25 -9 -21 1 -20 0 -19 0 -22 1 -21 0 -19 0 -16 -1 -18 -3 -15 -3 -19 -3 -18 -2 -19 -3 -18 -4 -19 -4 -18 -3 -15 -4 -17 -6 -16 -4 -17 -6 -14 -5 -15 -4 -14 -6 -14 -4 -15 -7 -14 -5 -16 -6 -14 -11 -12 -6 -14 -5 -14 -6 -12 -5 -12 -5 -13 -6 -12 -6 -11 -6 -11 -4 -11 -5 -10 -4 -11 -4 -11 -4 -10 -4 -9 -4 -8 -3 -8 -5 -8 -3 -7 -3 -6 -3 -6 -3 -5 -4 -6 -3 -5 -3 -5 -2 -4 -3 -4 -1 -1 -1 -1 -1 -1 -1 -1 -1 -1 -1 -1 -1 -1 -1 -1 -1 -1 0 0 0 0 31 19 30 17 33 21 32 24 31 22 26 20 29 24 26 19 32 25 27 26 30 29 29 27 31 29 28 29 24 24 26 28 28 25 23 28 22 22 21 24 20 23 23 23 19 24 22 24 23 28 23 22 30 15 22 23 21 22 22 19 21 17 22 20 24 17 21 17 24 16 24 15 21 13 24 14 22 15 24 13 24 12 24 8 22 10 26 10 21 8 22 7 21 7 23 5 22 5 23 8 23 7 21 7 21 7 25 -3 29 -5 29 -8 26 -10 -1 -1 ]
CSI_DATA,STA,08:3A:F2:51:5D:9D,-47,11,1,0,1,1,1,0,0,0,0,-94,0,6,1,28699947,0,110,0,0,28.866498,384,[110 96 6 0 0 0 0 0 0 0 0 0 16 -14 15 -14 18 -17 21 -15 19 -14 17 -11 19 -12 17 -11 18 -12 20 -10 22 -11 22 -12 21 -11 21 -9 18 -7 22 -11 19 -8 19 -7 18 -8 17 -7 17 -7 18 -8 17 -5 19 -7 20 -7 17 -8 0 0 17 -8 16 -10 17 -10 14 -10 15 -7 14 -10 16 -9 13 -9 14 -11 10 -11 12 -12 12 -9 12 -10 10 -11 10 -11 10 -12 12 -13 8 -12 9 -12 6 -12 9 -12 9 -12 9 -12 8 -12 8 -11 7 -11 0 0 0 0 0 0 0 0 0 0 -1 -1 -1 -1 -20 12 -21 13 -18 15 -14 15 -17 2 -16 2 -17 3 -17 1 -15 3 -13 3 -15 4 -12 5 -14 6 -15 5 -16 4 -14 5 -16 6 -14 5 -12 4 -12 7 -11 8 -13 7 -9 7 -11 6 -11 5 -10 8 -12 6 -11 7 -12 6 -11 8 -6 12 -10 8 -11 7 -8 6 -9 7 -10 6 -8 7 -8 6 -8 5 -8 6 -8 6 -8 5 -8 4 -7 4 -7 4 -6 5 -5 3 -6 4 -5 3 -4 3 -5 3 -4 3 -4 2 -4 2 -3 2 -3 1 -3 1 0 0 -1 -1 -1 -1 -1 -1 -1 -1 -1 -1 -1 -1 -1 -1 0 0 0 0 -1 -1 13 -32 11 -31 14 -35 15 -33 14 -33 14 -27 17 -31 13 -27 16 -36 21 -31 23 -33 21 -31 23 -34 23 -31 18 -25 20 -30 17 -30 21 -29 15 -24 18 -25 17 -22 16 -27 20 -23 19 -24 24 -26 17 -25 6 -34 17 -24 15 -25 12 -23 11 -23 14 -23 10 -26 11 -23 9 -25 8 -26 7 -23 8 -24 10 -23 8 -25 7 -23 1 -24 4 -21 3 -25 3 -21 2 -22 3 -21 0 -22 0 -21 4 -23 3 -22 2 -21 2 -21 -11 -22 -13 -24 -14 -23 -19 -21 -1 -1 ]
CSI_DATA,STA,08:3A:F2:51:5D:9D,-47,11,1,0,1,1,1,0,0,0,0,-94,0,6,1,28700423,0,110,0,0,28.877652,384,[110 96 6 0 0 0 0 0 0 0 0 0 16 17 15 16 19 18 17 21 17 20 13 18 15 21 12 18 14 19 12 22 13 24 14 23 13 23 11 23 8 20 14 23 10 20 9 21 10 19 9 19 8 19 10 20 6 19 8 20 9 22 10 18 0 0 10 18 12 17 11 18 12 16 8 16 11 16 11 17 11 14 12 15 12 11 13 13 10 13 11 13 12 11 12 11 13 9 15 12 13 8 14 9 13 6 12 9 13 8 13 9 14 8 11 9 11 6 0 0 0 0 0 0 0 0 0 0 -1 -1 -1 -1 -19 -20 -19 -22 -20 -17 -21 -12 -7 -19 -6 -16 -8 -18 -6 -18 -7 -16 -5 -13 -8 -15 -7 -12 -10 -14 -9 -15 -8 -16 -9 -14 -11 -15 -10 -15 -8 -12 -10 -11 -11 -10 -11 -13 -10 -8 -10 -10 -8 -11 -11 -9 -10 -11 -11 -10 -10 -13 -11 -10 -16 -5 -10 -9 -11 -9 -9 -7 -10 -8 -9 -9 -10 -7 -9 -7 -9 -7 -8 -7 -9 -7 -7 -8 -8 -8 -8 -7 -6 -7 -7 -5 -5 -5 -7 -5 -5 -5 -5 -4 -4 -4 -5 -4 -4 -3 -5 -3 -3 -4 -3 -3 -3 -3 0 0 -1 -1 -1 -1 -1 -1 -1 -1 -1 -1 -1 -1 -1 -1 0 0 0 0 -1 -1 36 11 34 10 39 11 35 13 38 12 30 12 36 15 30 11 40 12 36 20 37 22 36 21 39 21 36 21 29 18 35 18 33 14 35 19 27 13 29 17 24 16 31 13 27 19 28 18 31 23 28 15 37 3 27 15 28 14 25 10 26 9 26 12 28 7 26 9 27 7 28 5 24 6 26 7 26 9 28 5 25 5 24 -3 22 2 27 -1 21 2 22 -2 22 0 22 -3 22 -4 25 0 23 0 21 0 21 -1 22 -15 24 -19 22 -19 17 -26 -1 -1 ]
CSI_DATA,STA,08:3A:F2:51:5D:9D,-47,11,1,0,1,1,1,0,0,0,0,-94,0,6,1,28708885,0,110,0,0,28.887979,384,[110 96 6 0 0 0 0 0 0 0 0 0 -25 4 -23 4 -27 5 -29 2 -27 2 -23 0 -26 1 -24 0 -25 0 -26 -1 -29 -2 -28 -1 -27 -2 -27 -3 -23 -4 -28 -2 -24 -3 -23 -4 -23 -3 -22 -3 -22 -4 -23 -3 -20 -6 -23 -4 -24 -4 -22 -2 0 0 -22 -2 -22 1 -23 0 -20 1 -20 -2 -20 0 -21 0 -19 1 -20 2 -17 5 -19 5 -17 2 -18 2 -17 4 -17 4 -17 6 -20 5 -15 6 -16 7 -14 7 -16 5 -15 6 -15 6 -15 7 -14 5 -13 6 0 0 0 0 0 0 0 0 0 0 -1 -1 -1 -1 26 0 27 0 28 -7 23 -5 18 6 17 5 18 5 18 6 16 5 14 3 16 3 15 1 18 1 17 2 17 2 16 0 18 0 17 0 15 0 15 -1 16 -4 15 0 13 -3 14 -1 14 0 14 -2 13 -1 14 -4 15 -1 14 -4 12 -9 14 -3 14 -2 12 -3 12 -3 13 -2 12 -3 10 -3 11 -3 10 -3 10 -3 10 -2 10 -2 10 -2 9 -2 7 -3 7 -2 7 -2 6 -2 6 -2 5 -1 5 -2 5 -2 4 -1 4 -1 3 -2 3 -2 0 0 -1 -1 -1 -1 -1 -1 -1 -1 -1 -1 -1 -1 -1 -1 0 0 0 0 -1 -1 -30 24 -28 24 -33 25 -35 24 -33 22 -30 19 -35 20 -29 19 -36 24 -36 18 -39 20 -37 19 -39 21 -38 19 -33 15 -36 16 -36 20 -37 14 -30 15 -32 13 -31 11 -32 16 -31 11 -32 14 -37 13 -29 15 -23 30 -31 14 -30 14 -28 16 -25 14 -29 15 -26 17 -25 15 -25 18 -25 19 -20 18 -22 20 -22 17 -21 19 -21 19 -15 21 -18 19 -19 21 -16 18 -15 19 -16 18 -13 21 -13 20 -17 19 -15 19 -14 18 -14 18 -4 26 -1 31 0 32 3 30 -1 -1 ]
CSI_DATA,STA,08:3A:F2:51:5D:9D,-47,11,1,0,1,1,1,0,0,0,0,-94,0,6,1,28709361,0,110,0,0,28.898428,384,[110 96 6 0 0 0 0 0 0 0 0 0 -11 -19 -11 -19 -13 -21 -11 -24 -10 -22 -7 -20 -8 -22 -7 -20 -8 -21 -7 -22 -7 -24 -8 -24 -7 -24 -5 -24 -4 -20 -7 -24 -5 -22 -3 -20 -4 -20 -4 -19 -4 -20 -4 -20 -2 -18 -4 -20 -4 -22 -5 -19 0 0 -5 -19 -7 -18 -7 -19 -7 -17 -5 -17 -7 -17 -7 -18 -7 -16 -8 -16 -9 -13 -9 -14 -7 -14 -8 -14 -9 -13 -9 -13 -10 -13 -11 -15 -10 -11 -10 -11 -10 -9 -10 -12 -10 -11 -10 -11 -11 -11 -9 -11 -9 -9 0 0 0 0 0 0 0 0 0 0 -1 -1 -1 -1 -4 23 -2 24 2 24 1 20 -6 18 -5 17 -4 18 -6 19 -4 17 -3 14 -2 16 -1 14 -1 17 -1 16 -2 17 0 16 0 18 0 16 -1 14 2 15 3 15 0 15 3 12 1 13 1 13 2 14 1 13 4 13 2 14 4 13 6 11 3 13 2 13 3 12 3 11 2 12 4 11 3 10 3 10 2 9 3 9 2 10 2 9 2 9 2 8 2 7 1 6 2 7 1 6 1 5 1 5 2 4 2 4 1 3 1 3 1 3 0 3 0 0 -1 -1 -1 -1 -1 -1 -1 -1 -1 -1 -1 -1 -1 -1 0 0 0 0 -1 -1 -27 -29 -27 -27 -29 -31 -28 -35 -26 -32 -22 -29 -25 -33 -22 -28 -27 -35 -22 -35 -24 -38 -24 -36 -25 -39 -22 -38 -19 -32 -20 -35 -22 -36 -17 -36 -19 -29 -16 -31 -16 -30 -19 -31 -15 -31 -17 -31 -16 -36 -19 -29 -24 -25 -18 -30 -17 -28 -19 -26 -18 -23 -18 -28 -20 -24 -19 -24 -21 -23 -22 -23 -20 -18 -22 -20 -20 -21 -22 -20 -22 -19 -23 -15 -21 -16 -24 -18 -21 -14 -22 -13 -20 -13 -23 -11 -23 -12 -22 -14 -22 -13 -20 -12 -20 -13 -23 -6 -27 -4 -29 -3 -27 0 -1 -1 ]
CSI_DATA,STA,08:3A:F2:51:5D:9D,-49,11,1,0,1,1,1,0,0,0,0,-94,0,6,1,28867789,0,110,0,0,29.34352,384,[110 96 6 0 0 0 0 0 0 0 0 0 21 6 20 5 24 6 24 9 22 8 19 9 22 9 19 9 20 8 19 11 22 13 22 12 21 12 20 13 16 12 22 12 18 11 16 12 17 11 16 10 16 11 17 11 13 12 16 12 18 13 16 10 0 0 16 10 17 8 18 9 16 7 14 9 16 7 17 8 15 6 16 6 14 3 16 4 14 5 15 5 15 3 15 3 15 2 17 3 14 0 15 1 13 -1 14 2 14 1 14 1 14 0 13 2 12 0 0 0 0 0 0 0 0 0 0 0 -1 -1 -1 -1 -26 -5 -29 -10 -28 -6 -24 2 -13 -11 -11 -10 -16 -8 -12 -13 -10 -10 -10 -8 -11 -8 -11 -6 -13 -8 -12 -8 -12 -8 -12 -8 -14 -7 -12 -7 -11 -6 -12 -5 -12 -3 -12 -5 -10 -3 -10 -4 -10 -5 -11 -3 -11 -4 -12 -3 -12 -5 -11 -3 -13 4 -11 -3 -11 -3 -9 -2 -10 -3 -10 -4 -10 -2 -8 -2 -9 -2 -8 -3 -8 -2 -7 -3 -8 -4 -7 -4 -6 -4 -6 -2 -5 -3 -6 -2 -4 -2 -4 -2 -4 -3 -3 -2 -3 -2 -3 -2 -2 -2 -2 -2 -1 -2 0 0 -1 -1 -1 -1 -1 -1 -1 -1 -1 -1 -1 -1 -1 -1 0 0 0 0 -1 -1 32 -10 30 -10 34 -10 33 -8 33 -9 28 -5 33 -5 28 -7 36 -10 35 -3 37 -3 36 -3 39 -4 37 -2 29 -2 34 -3 32 -5 33 -2 26 -4 28 -2 26 0 29 -5 27 0 29 -1 34 2 28 -3 29 -18 27 -2 27 -4 24 -5 23 -4 25 -3 25 -8 23 -5 24 -8 23 -11 21 -9 22 -8 24 -8 22 -10 21 -9 17 -13 18 -10 21 -12 17 -10 16 -10 15 -12 13 -14 15 -14 19 -11 14 -10 15 -12 16 -10 8 -22 8 -34 8 -28 1 -29 -1 -1 ]
CSI_DATA,STA,08:3A:F2:51:5D:9D,-49,11,1,0,1,1,1,0,0,0,0,-94,0,6,1,28873603,0,110,0,0,29.45658,384,[110 96 6 0 0 0 0 0 0 0 0 0 -3 -22 -3 -21 -4 -25 -1 -26 -1 -24 0 -21 1 -24 1 -21 0 -22 2 -23 3 -25 2 -25 2 -24 4 -23 4 -20 2 -25 3 -21 4 -20 3 -20 3 -19 4 -19 3 -20 5 -17 4 -20 4 -21 2 -19 0 0 2 -19 0 -19 0 -20 -1 -18 2 -17 0 -18 0 -19 -1 -17 -1 -18 -4 -15 -4 -16 -2 -15 -2 -16 -4 -15 -4 -15 -5 -15 -5 -17 -6 -13 -5 -14 -6 -12 -5 -14 -5 -13 -6 -14 -7 -13 -5 -13 -6 -12 0 0 0 0 0 0 0 0 0 0 -1 -1 -1 -1 0 22 0 23 4 23 4 19 -6 15 -5 14 -6 15 -7 15 -4 14 -4 12 -4 13 -2 12 -2 14 -3 14 -3 14 -2 13 -1 15 -2 14 -2 12 0 12 2 13 -1 13 1 10 0 11 -1 11 1 11 0 11 3 11 0 12 1 11 7 10 1 11 1 10 2 9 1 9 1 10 2 9 1 8 1 8 1 8 1 7 0 8 1 7 1 7 1 6 0 5 0 4 1 5 0 4 0 3 0 3 0 2 1 2 0 2 0 2 0 1 0 1 0 0 -1 -1 -1 -1 -1 -1 -1 -1 -1 -1 -1 -1 -1 -1 0 0 0 0 -1 -1 -20 -29 -20 -27 -21 -32 -19 -33 -19 -32 -16 -28 -17 -33 -16 -27 -20 -34 -15 -34 -16 -37 -16 -35 -17 -37 -15 -36 -12 -30 -13 -33 -16 -32 -12 -34 -12 -27 -11 -29 -9 -28 -14 -29 -9 -28 -11 -29 -10 -33 -13 -27 -26 -22 -12 -28 -12 -27 -14 -24 -13 -22 -13 -26 -15 -23 -13 -22 -16 -22 -17 -22 -15 -19 -17 -20 -15 -20 -17 -19 -17 -19 -19 -14 -16 -16 -19 -17 -16 -15 -17 -13 -17 -13 -18 -12 -18 -12 -18 -15 -18 -13 -17 -12 -17 -13 -23 -3 -28 -1 -27 0 -27 5 -1 -1 ]
CSI_DATA,STA,08:3A:F2:51:5D:9D,-49,11,1,0,1,1,1,0,0,0,0,-94,0,6,1,28874185,0,110,0,0,29.56437,384,[110 96 6 0 0 0 0 0 0 0 0 0 12 -18 11 -18 13 -21 17 -21 15 -18 14 -15 15 -17 15 -16 15 -16 16 -16 18 -17 18 -18 18 -17 18 -15 16 -12 18 -17 17 -14 16 -12 16 -13 14 -12 15 -12 16 -12 15 -9 15 -12 17 -13 14 -13 0 0 14 -13 12 -14 13 -15 11 -14 13 -12 12 -13 12 -14 10 -13 10 -14 7 -13 8 -15 8 -12 8 -13 7 -14 7 -13 6 -15 8 -16 4 -14 5 -14 3 -13 5 -14 5 -14 4 -14 3 -14 4 -13 3 -13 0 0 0 0 0 0 0 0 0 0 -1 -1 -1 -1 -20 12 -20 13 -18 17 -15 13 -18 5 -17 5 -17 6 -19 6 -15 5 -14 5 -15 6 -12 7 -15 8 -14 7 -15 8 -14 8 -14 9 -13 8 -12 7 -12 9 -11 11 -12 8 -9 9 -10 7 -11 7 -10 9 -10 8 -9 9 -10 8 -9 10 -6 12 -10 9 -9 8 -8 8 -7 8 -9 7 -7 8 -7 7 -7 7 -7 6 -6 7 -7 7 -6 5 -6 5 -6 5 -5 5 -5 4 -5 4 -4 3 -4 3 -3 3 -3 3 -2 2 -2 2 -2 1 -2 1 -1 1 0 0 -1 -1 -1 -1 -1 -1 -1 -1 -1 -1 -1 -1 -1 -1 0 0 0 0 -1 -1 7 -36 6 -37 9 -39 11 -41 11 -36 10 -33 13 -37 10 -33 13 -40 15 -35 16 -39 14 -37 16 -39 17 -38 15 -32 17 -34 15 -37 19 -32 13 -30 15 -29 15 -28 14 -31 15 -27 14 -30 18 -31 11 -30 1 -34 14 -30 13 -28 10 -29 9 -25 11 -29 8 -28 8 -27 6 -29 6 -29 3 -24 3 -28 5 -26 3 -28 3 -28 -1 -25 0 -25 0 -27 -1 -24 -2 -24 -1 -23 -4 -24 -3 -23 -1 -24 -2 -24 -3 -23 -2 -23 -11 -21 -15 -24 -16 -24 -18 -20 -1 -1 ]
CSI_DATA,STA,08:3A:F2:51:5D:9D,-49,11,1,0,1,1,1,0,0,0,0,-94,0,6,1,28874659,0,110,0,0,29.67001,384,[110 96 6 0 0 0 0 0 0 0 0 0 22 0 21 0 24 0 26 3 23 3 20 4 22 4 21 4 21 4 21 5 24 6 24 5 23 6 22 7 19 7 23 6 20 6 18 7 18 6 17 6 18 7 19 7 15 7 18 7 20 7 18 5 0 0 18 5 18 3 19 4 17 2 16 4 17 3 18 3 16 2 17 1 14 -2 16 -1 15 1 15 0 15 -2 14 -2 15 -3 17 -2 13 -4 14 -4 12 -5 14 -3 14 -3 14 -4 13 -5 13 -3 12 -4 0 0 0 0 0 0 0 0 0 0 -1 -1 -1 -1 -23 -8 -24 -7 -26 -3 -21 -3 -15 -11 -15 -10 -16 -10 -16 -11 -14 -9 -12 -8 -14 -8 -13 -5 -16 -7 -15 -6 -15 -7 -15 -5 -17 -5 -15 -5 -13 -5 -14 -4 -15 -2 -14 -5 -13 -2 -13 -4 -13 -4 -13 -2 -12 -3 -13 -1 -13 -3 -13 -1 -12 4 -13 -1 -13 -2 -12 -1 -11 -1 -11 -2 -11 -1 -10 -1 -11 -1 -10 -1 -9 0 -9 -1 -9 -2 -8 -1 -8 -2 -7 0 -6 -1 -7 -1 -5 -1 -5 0 -4 -1 -4 0 -3 -1 -3 -1 -3 0 -3 0 -2 0 0 0 -1 -1 -1 -1 -1 -1 -1 -1 -1 -1 -1 -1 -1 -1 0 0 0 0 -1 -1 34 -14 32 -15 36 -14 38 -12 36 -11 32 -9 37 -9 31 -9 39 -11 37 -7 40 -9 38 -8 41 -9 39 -7 33 -5 37 -5 37 -8 36 -3 30 -6 32 -4 30 -2 33 -5 30 -2 31 -5 35 -2 30 -7 28 -19 31 -5 29 -5 28 -8 24 -7 28 -7 27 -10 26 -8 26 -10 25 -11 21 -10 23 -13 24 -10 23 -13 23 -13 19 -16 19 -13 21 -15 17 -13 17 -15 17 -14 16 -16 16 -16 18 -15 17 -16 16 -14 16 -14 9 -21 9 -27 8 -28 4 -27 -1 -1 ]
CSI_DATA,STA,08:3A:F2:51:5D:9D,-49,11,1,0,1,1,1,0,0,0,0,-94,0,6,1,28875087,0,110,0,0,29.77360,384,[110 96 6 0 0 0 0 0 0 0 0 0 5 21 5 20 6 23 4 26 4 23 1 21 2 23 1 21 2 22 0 22 0 25 1 25 1 24 -1 24 -2 20 0 24 -1 21 -2 20 -1 20 -2 18 -2 19 -2 20 -3 17 -1 20 -1 21 0 19 0 0 0 19 2 18 1 19 2 17 0 17 1 17 1 18 2 16 3 17 5 14 5 15 3 14 4 14 5 14 5 13 6 14 6 16 7 12 6 12 7 11 6 13 6 12 7 12 8 11 6 11 7 10 0 0 0 0 0 0 0 0 0 0 -1 -1 -1 -1 -2 -24 -4 -24 -8 -25 -5 -20 4 -17 3 -16 2 -18 4 -18 2 -16 2 -14 1 -16 0 -14 0 -17 0 -15 1 -17 -1 -16 -1 -17 -1 -15 -1 -14 -2 -14 -4 -15 -1 -14 -4 -12 -2 -13 -2 -12 -3 -12 -2 -12 -5 -12 -3 -13 -4 -13 -9 -11 -4 -13 -3 -12 -4 -11 -4 -11 -3 -11 -4 -10 -4 -9 -4 -9 -3 -9 -3 -8 -3 -9 -3 -8 -3 -8 -2 -7 -3 -6 -3 -6 -3 -6 -2 -5 -2 -5 -1 -4 -2 -4 -2 -3 -2 -3 -2 -3 -2 -2 -2 -2 0 0 -1 -1 -1 -1 -1 -1 -1 -1 -1 -1 -1 -1 -1 -1 0 0 0 0 -1 -1 23 26 23 25 24 28 23 31 21 29 18 26 19 31 18 25 23 32 17 31 20 34 19 32 21 35 18 34 15 29 15 31 19 30 14 32 15 26 13 28 11 26 15 28 11 26 14 27 13 31 15 24 27 18 14 26 13 25 15 23 13 20 15 24 17 21 15 20 17 20 17 19 15 16 19 17 16 18 19 17 18 16 19 11 18 13 19 14 17 12 18 11 17 12 19 9 18 9 18 12 19 10 17 10 17 11 22 0 28 -3 29 -4 26 -7 -1 -1 ]
CSI_DATA,STA,08:3A:F2:51:5D:9D,-49,11,1,0,1,1,1,0,0,0,0,-94,0,6,1,28875603,0,110,0,0,29.87424,384,[110 96 6 0 0 0 0 0 0 0 0 0 -20 10 -20 10 -22 11 -25 10 -22 9 -21 6 -23 7 -21 6 -22 7 -22 5 -25 6 -25 7 -24 6 -24 5 -21 3 -24 6 -22 4 -21 2 -21 3 -20 3 -20 2 -21 3 -18 1 -20 3 -22 3 -20 5 0 0 -20 4 -18 6 -20 6 -17 6 -18 3 -17 5 -18 5 -16 5 -17 6 -13 8 -14 9 -14 6 -14 7 -13 8 -13 8 -13 10 -15 9 -11 10 -11 10 -9 9 -12 9 -11 9 -11 9 -10 11 -11 8 -9 9 0 0 0 0 0 0 0 0 0 0 -1 -1 -1 -1 22 -6 23 -7 22 -11 18 -9 17 1 16 0 17 0 17 1 16 0 14 0 15 -1 13 -3 16 -3 15 -3 15 -2 14 -4 16 -4 14 -4 12 -3 14 -5 13 -7 13 -4 10 -5 11 -5 11 -4 11 -5 11 -5 10 -7 12 -5 10 -7 9 -11 11 -6 11 -5 9 -5 9 -6 10 -5 9 -6 8 -6 7 -5 7 -5 6 -5 7 -4 7 -4 7 -4 6 -4 5 -4 5 -3 4 -4 4 -3 3 -4 3 -3 2 -3 2 -3 2 -3 1 -2 1 -2 1 -3 0 0 -1 -1 -1 -1 -1 -1 -1 -1 -1 -1 -1 -1 -1 -1 0 0 0 0 -1 -1 -24 28 -22 28 -26 29 -29 29 -27 27 -24 23 -28 25 -23 23 -29 29 -30 24 -32 26 -31 25 -33 27 -32 25 -28 20 -31 22 -29 24 -31 20 -25 19 -27 18 -26 16 -26 21 -26 17 -26 19 -31 19 -24 20 -17 30 -25 19 -24 19 -22 19 -19 18 -23 19 -19 21 -19 19 -18 21 -17 22 -15 19 -16 22 -16 20 -15 22 -14 21 -10 22 -11 20 -12 22 -11 20 -8 20 -9 19 -7 21 -7 20 -10 21 -9 21 -8 20 -9 20 2 23 5 27 6 27 10 25 -1 -1 ]
CSI_DATA,STA,08:3A:F2:51:5D:9D,-49,11,1,0,1,1,1,0,0,0,0,-94,0,6,1,28876013,0,110,0,0,29.97742,384,[110 96 6 0 0 0 0 0 0 0 0 0 -20 -11 -20 -10 -23 -12 -23 -15 -21 -14 -17 -13 -19 -14 -18 -14 -18 -14 -18 -15 -20 -18 -20 -17 -19 -17 -18 -17 -14 -16 -19 -17 -16 -16 -14 -16 -15 -15 -14 -14 -14 -15 -15 -15 -11 -15 -14 -15 -16 -16 -15 -13 0 0 -15 -14 -16 -12 -16 -13 -15 -11 -13 -12 -15 -11 -15 -12 -14 -10 -15 -10 -15 -6 -16 -7 -13 -8 -14 -8 -15 -6 -14 -6 -16 -5 -17 -7 -15 -4 -15 -4 -14 -2 -14 -5 -14 -4 -15 -4 -15 -3 -13 -4 -13 -2 0 0 0 0 0 0 0 0 0 0 -1 -1 -1 -1 20 13 20 12 23 9 19 8 9 13 9 12 10 12 9 14 9 11 8 10 9 11 9 8 11 10 10 9 10 10 10 9 12 9 11 8 9 8 10 7 12 5 10 7 10 4 9 6 9 6 10 5 9 6 11 3 11 6 10 4 12 -2 11 4 10 5 9 4 9 3 9 4 9 3 8 3 8 3 7 3 7 2 7 3 7 3 6 2 6 2 5 1 4 1 5 1 4 1 3 0 3 1 3 0 3 0 3 0 2 0 2 -1 2 -1 0 0 -1 -1 -1 -1 -1 -1 -1 -1 -1 -1 -1 -1 -1 -1 0 0 0 0 -1 -1 -35 0 -35 1 -38 -2 -40 -3 -36 -3 -33 -3 -36 -6 -31 -3 -39 -4 -35 -8 -39 -8 -37 -7 -40 -7 -38 -8 -32 -7 -34 -9 -36 -6 -33 -10 -30 -6 -30 -9 -28 -9 -32 -6 -28 -9 -30 -7 -33 -11 -29 -5 -33 9 -30 -7 -29 -6 -28 -3 -25 -4 -29 -5 -27 -1 -26 -3 -28 0 -27 0 -24 1 -26 3 -25 0 -25 3 -25 3 -22 7 -23 4 -25 5 -21 5 -20 5 -20 5 -20 8 -20 7 -22 6 -21 6 -19 6 -20 6 -16 17 -16 23 -16 24 -13 24 -1 -1 ]
CSI_DATA,STA,08:3A:F2:51:5D:9D,-49,11,1,0,1,1,1,0,0,0,0,-94,0,6,1,28876442,0,110,0,0,29.108283,384,[110 96 6 0 0 0 0 0 0 0 0 0 17 -15 16 -14 18 -16 22 -15 20 -14 18 -11 20 -12 19 -10 19 -12 20 -10 23 -11 22 -12 22 -11 22 -9 19 -7 22 -11 20 -8 19 -6 19 -8 17 -7 18 -7 19 -8 17 -4 19 -7 20 -8 17 -9 0 0 18 -8 16 -10 17 -10 14 -10 15 -7 15 -9 16 -9 14 -9 14 -11 10 -11 12 -12 12 -9 12 -10 11 -11 11 -11 10 -13 12 -13 8 -12 9 -12 7 -12 9 -12 8 -12 8 -12 7 -13 8 -11 7 -11 0 0 0 0 0 0 0 0 0 0 -1 -1 -1 -1 -22 10 -21 10 -21 15 -17 11 -18 1 -17 2 -18 3 -19 1 -16 2 -15 2 -16 3 -13 5 -16 5 -15 4 -16 4 -15 5 -16 6 -14 6 -13 5 -13 6 -13 8 -14 4 -10 7 -12 5 -12 5 -11 7 -11 5 -10 8 -12 6 -11 7 -7 12 -11 7 -11 6 -9 7 -9 6 -10 5 -9 6 -8 6 -8 5 -8 5 -7 5 -8 5 -7 5 -6 4 -7 4 -6 4 -5 3 -5 3 -5 3 -4 3 -4 2 -3 3 -3 2 -3 2 -2 2 -2 2 -2 1 0 0 -1 -1 -1 -1 -1 -1 -1 -1 -1 -1 -1 -1 -1 -1 0 0 0 0 -1 -1 14 -33 12 -33 16 -35 17 -36 17 -32 16 -29 20 -31 15 -29 20 -35 21 -30 22 -33 21 -32 22 -34 22 -32 19 -28 22 -28 20 -32 24 -26 17 -25 20 -24 20 -22 19 -26 19 -22 18 -25 22 -26 16 -25 5 -34 18 -26 17 -24 14 -25 13 -22 16 -25 13 -25 13 -24 12 -25 11 -26 8 -22 8 -25 9 -24 8 -25 8 -25 3 -24 5 -24 5 -25 4 -23 3 -22 4 -22 1 -23 2 -23 4 -23 2 -22 2 -21 3 -22 -8 -23 -13 -26 -14 -26 -15 -23 -1 -1 ]
CSI_DATA,STA,08:3A:F2:51:5D:9D,-48,11,1,0,1,1,1,0,0,0,0,-94,0,6,1,28880725,0,110,0,0,29.118796,384,[110 96 6 0 0 0 0 0 0 0 0 0 -22 3 -21 2 -25 3 -26 0 -24 0 -21 -1 -23 -1 -22 -2 -22 -1 -23 -3 -26 -3 -25 -3 -24 -3 -24 -4 -20 -5 -25 -3 -21 -4 -20 -5 -20 -4 -19 -4 -19 -5 -20 -4 -18 -6 -20 -5 -21 -5 -19 -3 0 0 -20 -3 -19 -1 -20 -1 -18 0 -18 -3 -18 -1 -19 -1 -17 -1 -18 0 -16 3 -17 3 -15 1 -16 1 -15 3 -16 3 -15 4 -18 4 -14 5 -15 5 -12 5 -15 4 -14 4 -15 5 -14 6 -14 4 -12 5 0 0 0 0 0 0 0 0 0 0 -1 -1 -1 -1 22 9 23 8 25 3 21 3 15 10 15 9 16 9 16 11 15 8 14 7 16 7 14 5 17 6 15 6 16 6 16 5 17 5 16 4 14 4 15 3 16 1 15 4 13 0 13 2 13 3 13 2 13 2 13 -1 14 2 14 0 14 -5 14 0 13 1 12 0 12 -1 12 1 11 -1 10 -1 10 0 10 -1 10 -1 10 0 9 0 9 0 8 -1 8 -2 7 -1 7 -1 6 -1 6 -2 6 -1 5 -2 4 -2 4 -2 4 -1 3 -2 4 -2 0 0 -1 -1 -1 -1 -1 -1 -1 -1 -1 -1 -1 -1 -1 -1 0 0 0 0 -1 -1 -34 16 -33 16 -37 16 -39 15 -37 13 -33 11 -38 12 -33 11 -40 14 -38 8 -42 10 -40 10 -42 11 -41 9 -35 7 -38 7 -38 10 -38 5 -32 7 -34 5 -32 4 -34 7 -32 3 -33 6 -37 4 -32 8 -29 18 -33 7 -31 7 -29 9 -27 8 -31 8 -28 11 -28 9 -28 11 -27 12 -24 12 -25 14 -25 12 -25 14 -23 14 -20 16 -21 14 -23 16 -19 14 -18 15 -18 14 -18 17 -17 16 -20 15 -18 16 -17 15 -18 15 -11 21 -10 27 -10 27 -6 27 -1 -1 ]
CSI_DATA,STA,08:3A:F2:51:5D:9D,-48,11,1,0,1,1,1,0,0,0,0,-94,0,6,1,28881136,0,110,0,0,29.129071,384,[110 96 6 0 0 0 0 0 0 0 0 0 -21 -7 -20 -6 -24 -7 -24 -11 -22 -10 -19 -10 -21 -11 -19 -10 -20 -10 -19 -12 -22 -14 -22 -13 -21 -13 -20 -14 -16 -13 -21 -13 -18 -12 -16 -13 -17 -12 -16 -12 -16 -13 -17 -12 -13 -13 -16 -13 -18 -14 -17 -11 0 0 -17 -11 -18 -9 -18 -10 -17 -8 -15 -10 -17 -9 -17 -10 -15 -8 -17 -7 -15 -4 -17 -5 -14 -6 -15 -6 -15 -4 -15 -4 -16 -3 -18 -4 -15 -1 -15 -2 -14 0 -15 -3 -15 -2 -15 -2 -15 -1 -14 -2 -14 -1 0 0 0 0 0 0 0 0 0 0 -1 -1 -1 -1 21 12 22 11 25 8 21 6 11 13 11 12 12 12 11 14 11 11 9 10 11 11 11 8 13 9 12 10 12 10 12 9 14 9 12 8 11 8 13 7 14 5 12 8 12 4 11 6 11 7 12 5 11 6 12 3 12 6 12 4 14 -2 12 4 11 4 11 3 10 3 10 4 10 3 10 2 10 2 9 2 8 2 9 3 9 3 8 2 8 2 7 0 6 1 7 1 5 1 5 0 5 1 5 0 5 0 4 0 4 0 3 -1 3 -1 0 0 -1 -1 -1 -1 -1 -1 -1 -1 -1 -1 -1 -1 -1 -1 0 0 0 0 -1 -1 -35 5 -34 6 -37 5 -38 3 -36 3 -32 1 -37 0 -32 1 -40 2 -37 -3 -40 -2 -38 -2 -41 -2 -39 -3 -33 -3 -36 -3 -36 0 -35 -6 -31 -2 -31 -5 -29 -6 -33 -2 -29 -6 -31 -4 -35 -7 -30 -1 -31 13 -31 -3 -30 -2 -29 0 -26 1 -29 -1 -28 2 -27 0 -28 3 -28 5 -24 4 -25 6 -25 3 -26 6 -25 6 -21 10 -22 7 -25 9 -21 7 -20 9 -21 7 -20 10 -19 10 -22 8 -21 10 -19 8 -20 8 -15 19 -15 26 -15 25 -10 26 -1 -1 ]
CSI_DATA,STA,08:3A:F2:51:5D:9D,-44,11,0,0,0,0,0,0,0,0,0,-94,0,6,1,28906206,0,110,0,0,29.139606,128,[110 96 6 0 0 0 0 0 0 0 0 0 -11 -25 -10 -25 -11 -27 -11 -28 -9 -27 -7 -25 -7 -26 -5 -25 -6 -26 -5 -26 -7 -27 -7 -28 -6 -26 -6 -26 -3 -24 -6 -27 -3 -24 -3 -23 -3 -23 -3 -23 -3 -21 -4 -23 -2 -20 -5 -21 -6 -22 -5 -21 0 0 -6 -20 -7 -20 -7 -20 -7 -19 -6 -17 -7 -18 -8 -18 -7 -17 -8 -17 -8 -17 -9 -17 -8 -15 -9 -15 -9 -16 -9 -15 -9 -15 -10 -15 -10 -14 -9 -14 -9 -14 -9 -13 -10 -14 -10 -13 -11 -13 -10 -12 -10 -12 0 0 0 0 0 0 0 0 0 0 ]
CSI_DATA,STA,08:3A:F2:51:5D:9D,-48,11,1,0,1,1,1,0,0,0,0,-94,0,6,1,28975610,0,110,0,0,29.144109,384,[110 96 6 0 0 0 0 0 0 0 0 0 3 -22 2 -22 2 -25 6 -26 5 -23 6 -20 7 -22 6 -20 6 -22 8 -21 9 -23 8 -24 9 -22 9 -22 9 -19 9 -23 9 -20 9 -18 8 -18 8 -17 9 -18 9 -19 9 -15 9 -18 10 -20 7 -18 0 0 7 -18 5 -18 6 -19 4 -18 7 -17 5 -18 6 -18 4 -16 4 -18 1 -16 1 -17 3 -16 2 -16 0 -17 1 -16 -1 -17 1 -19 -2 -15 -1 -16 -3 -14 0 -16 -1 -16 -1 -16 -2 -16 0 -15 -2 -14 0 0 0 0 0 0 0 0 0 0 -1 -1 -1 -1 -19 17 -19 18 -17 22 -14 18 -18 10 -17 11 -17 12 -20 11 -16 11 -14 9 -15 11 -12 11 -15 13 -14 12 -15 12 -13 12 -14 14 -13 12 -12 11 -11 13 -10 14 -12 11 -8 12 -11 11 -11 11 -9 13 -10 11 -8 13 -10 12 -8 13 -5 15 -9 12 -9 12 -7 12 -7 11 -8 11 -7 11 -7 10 -7 10 -7 9 -7 9 -7 9 -7 9 -6 9 -6 8 -5 8 -5 7 -5 7 -5 6 -5 5 -4 5 -4 5 -3 5 -3 4 -3 4 -3 4 -3 3 0 0 0 0 -1 -1 -1 -1 -1 -1 -1 -1 -1 -1 0 0 0 0 -1 -1 -1 -1 -5 -39 -7 -38 -6 -42 -3 -44 -2 -41 -1 -36 0 -41 -2 -36 -2 -44 3 -40 3 -43 2 -42 2 -45 4 -42 4 -37 4 -39 2 -41 7 -38 2 -34 5 -35 5 -33 3 -36 6 -33 4 -35 7 -37 1 -34 -7 -34 3 -35 2 -33 -1 -32 0 -29 1 -32 -2 -32 -1 -30 -3 -31 -4 -32 -5 -27 -6 -29 -4 -29 -7 -30 -7 -29 -10 -26 -8 -26 -9 -29 -9 -25 -9 -24 -8 -24 -11 -24 -12 -24 -9 -26 -10 -24 -9 -24 -9 -24 -17 -20 -22 -22 -23 -22 -25 -17 -1 -1 ]
CSI_DATA,STA,08:3A:F2:51:5D:9D,-44,11,0,0,0,0,0,0,0,0,0,-94,0,6,1,28978929,0,110,0,0,29.158935,128,[110 96 6 0 0 0 0 0 0 0 0 0 24 2 23 3 25 4 25 4 24 5 22 6 23 6 21 7 23 7 22 8 24 7 24 8 22 8 22 7 19 8 23 8 19 8 19 8 18 8 18 8 17 8 19 8 16 8 18 6 19 6 18 6 0 0 17 5 18 5 18 4 18 4 15 3 17 3 17 3 16 3 17 2 16 3 17 2 15 2 16 1 16 1 16 1 16 1 17 0 15 0 15 1 15 0 15 0 15 -1 15 0 15 -1 14 -1 14 -1 0 0 0 0 0 0 0 0 0 0 ]
CSI_DATA,STA,08:3A:F2:51:5D:9D,-48,11,1,0,1,1,1,0,0,0,0,-94,0,6,1,28979386,0,110,0,0,29.162846,384,[110 96 6 0 0 0 0 0 0 0 0 0 -4 21 -3 21 -3 23 -7 25 -6 22 -7 19 -7 21 -8 19 -7 20 -9 20 -10 22 -10 23 -10 21 -11 21 -11 17 -10 22 -10 19 -11 16 -10 17 -9 16 -10 16 -10 17 -11 14 -10 17 -11 18 -9 17 0 0 -9 17 -7 17 -8 18 -6 16 -9 15 -7 16 -7 17 -6 15 -6 16 -3 14 -3 16 -5 15 -4 15 -2 15 -3 15 -1 16 -3 17 -1 14 -1 15 1 13 -2 14 -1 14 -1 15 0 15 -2 14 0 13 0 0 0 0 0 0 0 0 0 0 -1 -1 -1 -1 15 -20 15 -21 12 -24 11 -20 16 -11 14 -11 14 -13 16 -11 13 -11 11 -9 12 -11 10 -11 12 -13 11 -12 13 -12 11 -12 11 -14 10 -13 9 -12 9 -13 8 -14 10 -12 6 -12 7 -11 8 -10 7 -12 8 -11 5 -13 8 -12 6 -13 2 -15 7 -13 6 -11 5 -11 5 -11 6 -10 5 -11 4 -10 4 -10 5 -9 4 -9 5 -9 5 -9 4 -8 4 -8 3 -7 3 -6 2 -7 3 -6 2 -5 2 -5 2 -5 1 -5 1 -4 1 -4 1 -4 1 -3 -1 -1 -1 -1 -1 -1 -1 -1 -1 -1 -1 -1 -1 -1 -1 -1 -1 -1 0 0 0 0 6 36 7 35 6 40 3 40 3 38 2 33 1 39 2 33 2 41 -2 38 -2 41 -2 40 -2 43 -3 41 -3 34 -4 37 -1 38 -6 37 -2 31 -5 32 -5 30 -3 34 -6 31 -3 32 -7 35 -2 31 9 32 -3 32 -2 30 0 29 0 27 -2 30 1 29 1 28 2 28 4 29 3 24 5 27 3 26 7 27 6 26 9 23 7 23 8 25 7 22 8 21 7 22 10 21 10 21 8 23 9 22 8 21 8 21 16 17 23 17 23 18 24 13 -1 -1 ]
CSI_DATA,STA,08:3A:F2:51:5D:9D,-49,11,1,0,1,1,1,0,0,0,0,-94,0,6,1,28979793,0,110,0,0,29.172926,384,[110 96 6 0 0 0 0 0 0 0 0 0 -17 17 -16 16 -19 19 -22 18 -20 16 -19 13 -21 14 -20 12 -20 13 -21 12 -24 13 -23 14 -22 13 -23 11 -20 8 -23 13 -21 10 -21 8 -20 9 -19 8 -20 8 -20 8 -19 5 -20 8 -22 9 -19 10 0 0 -19 9 -17 11 -18 11 -16 11 -17 8 -17 9 -18 9 -15 9 -16 11 -12 11 -13 12 -13 9 -13 10 -12 11 -12 11 -11 13 -14 13 -10 12 -11 12 -8 12 -11 11 -10 11 -11 12 -9 13 -10 11 -9 11 0 0 0 0 0 0 0 0 0 0 -1 -1 -1 -1 24 -10 24 -11 23 -16 20 -13 19 -1 18 -2 19 -3 19 0 17 -2 15 -2 17 -3 14 -4 17 -5 16 -3 17 -4 16 -5 17 -6 15 -5 14 -3 15 -6 14 -8 15 -5 11 -6 13 -5 13 -4 12 -6 12 -5 11 -7 14 -6 12 -7 9 -13 12 -7 12 -5 10 -6 10 -6 11 -5 11 -6 9 -6 9 -5 9 -5 8 -5 9 -5 8 -4 8 -4 8 -4 7 -5 6 -4 6 -4 5 -3 5 -3 4 -3 4 -3 3 -3 3 -2 3 -2 2 -3 2 -2 0 0 0 0 -1 -1 -1 -1 -1 -1 -1 -1 -1 -1 0 0 0 0 -1 -1 -1 -1 -13 36 -12 35 -15 38 -17 38 -16 35 -15 31 -19 34 -16 30 -19 37 -22 32 -22 36 -21 34 -22 37 -23 35 -20 29 -22 31 -19 33 -24 29 -18 27 -21 26 -21 24 -19 28 -21 24 -19 27 -24 28 -17 27 -5 35 -19 27 -18 26 -15 26 -14 23 -17 26 -14 26 -15 24 -13 26 -12 26 -10 24 -9 26 -11 24 -9 26 -9 26 -4 25 -6 24 -7 26 -6 23 -4 23 -6 23 -3 24 -3 23 -6 23 -4 23 -4 22 -5 23 7 24 13 28 13 28 15 25 -1 -1 ]
CSI_DATA,STA,08:3A:F2:51:5D:9D,-48,11,1,0,1,1,1,0,0,0,0,-94,0,6,1,28980109,0,110,0,0,29.183445,384,[110 96 6 0 0 0 0 0 0 0 0 0 -22 5 -21 5 -24 6 -27 3 -24 3 -21 1 -23 1 -21 0 -22 1 -22 -1 -25 -1 -25 0 -24 -1 -24 -2 -21 -3 -24 0 -22 -2 -20 -3 -20 -2 -19 -2 -20 -2 -21 -2 -18 -4 -20 -2 -22 -2 -20 0 0 0 -20 -1 -19 1 -20 1 -18 2 -18 -1 -18 1 -19 1 -17 1 -18 3 -15 5 -16 5 -15 3 -16 3 -15 5 -15 5 -15 6 -17 6 -13 7 -14 7 -12 7 -14 6 -14 6 -14 6 -13 7 -13 5 -12 7 0 0 0 0 0 0 0 0 0 0 -1 -1 -1 -1 22 9 23 9 24 6 21 4 16 10 15 9 17 9 16 11 15 8 13 7 16 7 14 5 18 6 16 6 16 6 15 5 17 6 16 5 13 5 15 3 16 1 15 4 13 1 14 3 13 4 14 2 13 3 14 0 14 3 14 0 13 -3 13 1 13 1 12 1 12 0 12 2 12 0 11 0 11 0 10 0 9 0 10 1 9 1 9 1 8 0 7 -1 6 0 7 0 6 0 5 -1 5 0 5 -1 4 -1 3 -1 3 0 3 -1 2 -1 -1 -1 -1 -1 -1 -1 -1 -1 -1 -1 -1 -1 -1 -1 -1 -1 -1 -1 0 0 0 0 -34 18 -33 18 -37 19 -38 16 -37 16 -32 13 -38 14 -33 13 -40 16 -38 11 -41 12 -39 12 -42 13 -41 11 -35 8 -38 10 -38 12 -39 7 -31 9 -34 7 -33 6 -35 10 -33 5 -33 8 -37 6 -32 10 -28 19 -32 9 -31 9 -29 10 -27 11 -30 9 -28 13 -28 12 -28 13 -28 14 -24 14 -25 15 -25 13 -25 16 -24 15 -20 18 -20 15 -23 18 -19 15 -18 17 -19 16 -17 19 -18 18 -20 17 -19 17 -18 16 -18 16 -12 21 -11 26 -11 26 -8 27 -1 -1 ]
CSI_DATA,STA,08:3A:F2:51:5D:9D,-48,11,1,0,1,1,1,0,0,0,0,-94,0,6,1,28980526,0,110,0,0,29.193632,384,[110 96 6 0 0 0 0 0 0 0 0 0 -14 -18 -13 -17 -15 -20 -14 -23 -12 -21 -9 -19 -11 -21 -9 -19 -10 -20 -9 -21 -10 -23 -10 -23 -9 -23 -8 -22 -5 -20 -9 -23 -7 -20 -5 -20 -6 -19 -6 -18 -6 -19 -6 -20 -3 -18 -6 -20 -6 -21 -7 -19 0 0 -6 -19 -8 -17 -8 -18 -8 -16 -6 -17 -8 -17 -7 -18 -7 -15 -8 -16 -10 -12 -10 -14 -8 -14 -8 -14 -10 -13 -9 -13 -11 -12 -11 -15 -10 -11 -10 -11 -11 -9 -10 -12 -10 -11 -10 -12 -11 -11 -9 -11 -10 -10 0 0 0 0 0 0 0 0 0 0 -1 -1 -1 -1 5 24 7 23 11 24 9 19 -3 17 -3 17 -2 18 -4 18 -2 15 -1 13 -1 16 1 13 0 16 -1 15 -1 16 0 15 2 16 1 15 0 13 2 14 4 13 1 14 4 11 1 12 1 12 3 12 1 12 4 12 2 13 3 12 9 10 3 12 2 11 3 10 3 9 2 11 3 9 3 9 2 9 2 9 2 8 2 8 2 8 1 8 2 7 2 6 1 5 2 5 0 4 1 4 1 4 1 3 1 3 1 3 1 3 1 2 0 2 0 0 0 0 -1 -1 -1 -1 -1 -1 -1 -1 -1 -1 0 0 0 0 -1 -1 -1 -1 -31 -17 -32 -16 -33 -19 -33 -21 -30 -20 -27 -18 -29 -23 -26 -18 -33 -22 -27 -25 -30 -26 -29 -25 -32 -26 -30 -26 -25 -23 -25 -25 -29 -23 -24 -26 -23 -20 -22 -23 -20 -22 -24 -22 -19 -22 -22 -22 -23 -27 -23 -20 -32 -10 -23 -22 -22 -20 -23 -17 -20 -17 -22 -19 -23 -16 -22 -17 -24 -16 -24 -15 -21 -12 -24 -12 -22 -14 -24 -12 -24 -12 -23 -7 -22 -9 -24 -11 -21 -9 -21 -7 -21 -8 -23 -7 -22 -6 -22 -9 -22 -8 -21 -7 -21 -8 -24 3 -28 8 -29 8 -26 11 -1 -1 ]
CSI_DATA,STA,08:3A:F2:51:5D:9D,-48,11,1,0,1,1,1,0,0,0,0,-94,0,6,1,28980861,0,110,0,0,29.204465,384,[110 96 6 0 0 0 0 0 0 0 0 0 6 -21 6 -20 7 -24 10 -24 9 -22 9 -19 10 -21 10 -18 10 -19 11 -19 12 -21 12 -21 12 -21 12 -19 12 -16 12 -21 11 -18 12 -16 11 -17 10 -15 11 -15 12 -16 12 -13 11 -16 12 -17 10 -16 0 0 10 -16 7 -17 8 -18 7 -17 9 -15 7 -16 8 -16 6 -15 6 -16 3 -15 3 -16 5 -14 4 -15 3 -15 3 -15 1 -16 3 -18 1 -15 1 -15 0 -14 2 -15 1 -15 1 -15 -1 -15 1 -14 0 -14 0 0 0 0 0 0 0 0 0 0 -1 -1 -1 -1 -17 18 -16 18 -14 21 -12 18 -17 9 -16 10 -16 11 -17 10 -14 9 -13 8 -14 10 -11 10 -13 12 -13 10 -14 10 -12 11 -13 13 -12 11 -10 9 -10 12 -9 13 -11 10 -7 11 -9 10 -9 9 -8 10 -9 9 -7 11 -9 11 -7 11 -3 13 -8 11 -8 10 -6 10 -6 10 -7 9 -6 9 -5 8 -5 8 -5 8 -5 8 -6 8 -5 7 -5 7 -5 6 -4 6 -4 5 -3 5 -4 5 -3 4 -3 4 -2 4 -2 3 -2 3 -2 3 -2 2 -1 2 0 0 0 0 -1 -1 -1 -1 -1 -1 -1 -1 -1 -1 0 0 0 0 -1 -1 -1 -1 -4 -37 -4 -36 -3 -40 -1 -40 -1 -37 0 -34 2 -38 0 -33 0 -41 5 -37 4 -41 4 -39 4 -43 5 -40 5 -34 5 -36 2 -39 7 -36 3 -32 6 -32 6 -30 3 -33 7 -30 5 -32 8 -35 3 -32 -9 -33 4 -32 3 -30 1 -30 0 -27 2 -31 -1 -29 0 -28 -2 -29 -4 -29 -3 -24 -5 -27 -3 -27 -5 -28 -5 -27 -9 -24 -7 -24 -8 -27 -7 -24 -8 -22 -7 -23 -10 -22 -10 -22 -7 -24 -9 -23 -8 -22 -8 -22 -17 -17 -22 -19 -22 -19 -24 -15 -1 -1 ]
CSI_DATA,STA,08:3A:F2:51:5D:9D,-49,11,1,0,1,1,1,0,0,0,0,-94,0,6,1,28981370,0,110,0,0,29.214982,384,[110 96 6 0 0 0 0 0 0 0 0 0 23 -4 22 -5 25 -5 27 -2 25 -2 22 0 24 0 22 0 23 -1 23 1 26 1 26 0 25 1 24 3 21 3 26 1 22 2 21 4 21 3 19 3 20 3 21 3 18 5 21 3 22 3 20 1 0 0 20 2 19 -1 20 0 18 -1 18 2 19 -1 19 0 17 -1 18 -2 15 -4 17 -5 16 -2 16 -3 15 -5 15 -4 16 -6 18 -6 14 -6 14 -6 12 -7 14 -6 14 -6 14 -6 14 -8 13 -5 12 -7 0 0 0 0 0 0 0 0 0 0 -1 -1 -1 -1 -23 -13 -24 -12 -27 -8 -22 -7 -17 -13 -17 -12 -18 -12 -18 -15 -16 -12 -15 -10 -16 -10 -15 -7 -19 -9 -17 -9 -18 -9 -18 -8 -19 -8 -18 -8 -16 -7 -17 -6 -18 -4 -16 -7 -16 -3 -15 -6 -15 -6 -16 -4 -15 -5 -16 -3 -16 -5 -16 -3 -15 1 -16 -3 -15 -4 -14 -3 -14 -2 -14 -4 -14 -3 -13 -2 -13 -3 -11 -3 -11 -1 -11 -2 -11 -3 -10 -3 -10 -3 -9 -1 -8 -2 -8 -2 -7 -1 -6 -1 -6 -1 -6 -1 -5 -1 -5 -1 -5 -1 -4 0 -4 0 0 0 0 0 -1 -1 -1 -1 -1 -1 -1 -1 -1 -1 0 0 0 0 -1 -1 -1 -1 37 -19 35 -20 39 -19 42 -17 38 -16 35 -13 40 -14 35 -13 43 -16 41 -10 43 -13 42 -12 45 -13 44 -11 38 -8 40 -9 41 -12 40 -6 34 -9 35 -6 34 -5 36 -9 33 -4 35 -8 39 -6 33 -10 30 -19 34 -9 32 -8 31 -11 28 -10 32 -9 30 -12 29 -11 29 -13 29 -14 24 -13 26 -15 26 -13 27 -17 26 -16 21 -19 22 -17 24 -18 20 -16 20 -18 20 -16 19 -19 19 -19 21 -17 19 -18 18 -17 19 -17 13 -22 14 -28 13 -29 9 -28 -1 -1 ]
CSI_DATA,STA,08:3A:F2:51:5D:9D,-48,11,1,0,1,1,1,0,0,0,0,-94,0,6,1,28981705,0,110,0,0,29.225620,384,[110 96 6 0 0 0 0 0 0 0 0 0 17 13 16 12 19 14 18 17 17 15 13 14 15 16 13 15 14 15 13 17 14 19 15 18 14 18 12 19 9 17 14 19 11 17 10 17 10 16 10 15 9 16 10 16 7 15 10 17 10 18 10 15 0 0 10 15 12 14 12 15 11 12 9 14 11 13 11 14 10 12 11 12 11 9 13 10 10 10 11 11 12 9 11 9 13 8 14 10 12 7 12 7 12 6 11 8 12 7 12 8 13 6 11 7 11 6 0 0 0 0 0 0 0 0 0 0 -1 -1 -1 -1 -8 -24 -9 -24 -12 -23 -11 -19 -1 -20 -2 -18 -3 -20 -1 -20 -3 -18 -2 -15 -3 -17 -4 -14 -5 -17 -4 -17 -3 -17 -4 -16 -5 -18 -5 -16 -3 -15 -6 -14 -8 -14 -5 -15 -7 -12 -5 -13 -4 -13 -6 -12 -4 -13 -7 -12 -5 -14 -7 -13 -11 -10 -6 -12 -6 -12 -6 -10 -6 -10 -5 -11 -6 -11 -6 -10 -6 -10 -5 -9 -5 -8 -4 -9 -4 -9 -4 -8 -3 -7 -4 -6 -3 -6 -4 -6 -3 -6 -3 -4 -3 -4 -3 -4 -3 -4 -2 -4 -3 -3 -3 -3 -2 -2 0 0 0 0 -1 -1 -1 -1 -1 -1 -1 -1 -1 -1 0 0 0 0 -1 -1 -1 -1 35 12 34 11 38 13 36 16 35 15 30 14 35 17 29 14 38 17 32 21 35 22 33 22 36 23 33 23 28 20 31 20 32 19 30 22 26 16 26 20 24 19 29 18 23 20 26 19 27 24 26 17 31 9 25 18 25 16 25 14 24 12 25 16 26 12 25 12 26 11 26 10 22 9 25 9 25 11 27 9 25 7 24 3 23 5 27 5 22 4 23 3 22 4 23 1 23 1 24 5 23 4 22 3 21 4 23 -6 26 -9 26 -10 24 -14 -1 -1 ]
CSI_DATA,STA,08:3A:F2:51:5D:9D,-44,11,0,0,0,0,0,0,0,0,0,-94,0,6,1,28988744,0,110,0,0,29.235879,128,[110 96 6 0 0 0 0 0 0 0 0 0 0 -26 0 -24 0 -27 0 -27 1 -27 2 -23 2 -25 3 -23 3 -25 5 -25 4 -26 5 -26 4 -24 4 -23 5 -21 4 -25 5 -21 5 -21 4 -20 4 -21 4 -19 3 -21 4 -18 3 -19 3 -21 2 -20 0 0 1 -19 0 -20 0 -19 0 -19 0 -16 -1 -18 -2 -18 -2 -17 -3 -18 -1 -17 -2 -18 -2 -16 -3 -16 -3 -17 -3 -16 -4 -16 -5 -17 -4 -15 -4 -15 -4 -15 -5 -14 -5 -15 -5 -15 -5 -15 -5 -14 -5 -13 0 0 0 0 0 0 0 0 0 0 ]
CSI_DATA,STA,08:3A:F2:51:5D:9D,-44,11,0,0,0,0,0,0,0,0,0,-94,0,6,1,29018314,0,110,0,0,29.239830,128,[110 96 6 0 0 0 0 0 0 0 0 0 -1 -26 0 -26 0 -28 0 -28 1 -27 3 -25 3 -26 4 -24 4 -26 5 -25 4 -26 5 -27 4 -25 4 -24 5 -22 4 -26 5 -22 5 -21 5 -21 4 -21 4 -20 4 -22 5 -19 3 -20 3 -22 2 -21 0 0 2 -20 1 -20 0 -20 0 -20 0 -17 -1 -19 -1 -19 -1 -18 -2 -18 -1 -18 -2 -18 -2 -16 -2 -17 -3 -17 -3 -17 -3 -17 -4 -17 -4 -16 -4 -16 -4 -15 -4 -15 -4 -15 -5 -15 -5 -15 -5 -14 -5 -14 0 0 0 0 0 0 0 0 0 0 ]
CSI_DATA,STA,08:3A:F2:51:5D:9D,-50,11,1,0,1,1,1,0,0,0,0,-94,0,6,1,29229206,0,110,0,0,29.396122,384,[110 96 6 0 0 0 0 0 0 0 0 0 2 -22 2 -21 2 -24 5 -25 4 -23 5 -19 6 -22 6 -20 6 -21 7 -21 9 -23 8 -23 8 -22 9 -21 9 -17 8 -23 8 -19 9 -18 8 -17 8 -17 8 -17 8 -18 9 -15 9 -17 9 -19 7 -18 0 0 7 -17 5 -18 6 -18 4 -17 6 -15 5 -16 6 -17 4 -15 4 -17 1 -15 1 -16 3 -14 3 -15 1 -15 1 -15 0 -15 1 -17 -1 -14 -1 -15 -2 -13 0 -14 -1 -14 -1 -14 -1 -14 0 -13 -2 -13 0 0 0 0 0 0 0 0 0 0 -1 -1 -1 -1 -10 20 -10 21 -6 22 -4 20 -12 11 -11 10 -12 12 -13 11 -11 11 -9 9 -10 11 -6 10 -8 13 -9 12 -10 12 -9 12 -9 13 -8 12 -7 10 -6 12 -5 12 -7 11 -4 10 -6 10 -7 10 -5 11 -6 10 -5 11 -7 11 -5 11 1 13 -5 11 -6 10 -4 9 -4 9 -6 9 -5 9 -4 8 -5 8 -5 7 -4 7 -5 7 -6 6 -6 6 -5 5 -4 5 -4 4 -4 4 -4 3 -3 3 -4 2 -2 2 -3 1 -3 0 -3 0 -2 0 -2 0 -1 -1 -1 -1 -1 -1 -1 -1 -1 -1 -1 -1 -1 -1 -1 -1 -1 -1 0 0 0 0 -10 -35 -10 -33 -11 -38 -8 -38 -8 -37 -6 -31 -6 -36 -7 -31 -8 -39 -3 -37 -3 -40 -3 -39 -4 -41 -2 -39 -2 -32 -2 -37 -4 -35 0 -36 -3 -29 -1 -31 0 -29 -3 -32 1 -30 -1 -31 2 -35 -3 -30 -14 -30 -1 -30 -2 -30 -4 -27 -5 -25 -3 -28 -6 -27 -5 -26 -7 -26 -8 -26 -7 -23 -8 -25 -6 -25 -9 -25 -9 -23 -12 -21 -9 -21 -11 -23 -10 -19 -11 -19 -10 -19 -13 -18 -12 -18 -11 -20 -11 -19 -10 -18 -10 -18 -20 -12 -24 -13 -23 -11 -25 -8 -1 -1 ]
CSI_DATA,STA,08:3A:F2:51:5D:9D,-49,11,1,0,1,1,1,0,0,0,0,-94,0,6,1,29231608,0,110,0,0,29.407460,384,[110 96 6 0 0 0 0 0 0 0 0 0 -5 -23 -5 -21 -7 -25 -3 -26 -4 -25 -2 -21 -3 -24 -2 -22 -3 -23 0 -24 0 -26 -1 -26 0 -24 1 -24 2 -20 -1 -26 1 -21 2 -22 1 -20 1 -20 1 -20 1 -21 4 -18 2 -20 2 -22 0 -20 0 0 0 -20 -3 -20 -2 -20 -3 -18 0 -17 -2 -18 -2 -19 -3 -16 -3 -18 -5 -15 -5 -16 -3 -15 -4 -16 -6 -14 -6 -15 -7 -14 -7 -17 -7 -13 -7 -13 -8 -11 -6 -13 -7 -13 -7 -14 -8 -13 -6 -13 -7 -11 0 0 0 0 0 0 0 0 0 0 -1 -1 -1 -1 3 23 4 23 7 21 8 19 -5 16 -4 15 -3 16 -5 16 -3 14 -2 12 -2 14 0 12 0 15 -1 15 -2 16 -1 15 0 16 0 14 -1 12 2 14 3 13 0 14 3 11 1 12 0 11 2 12 1 12 3 11 1 13 2 12 9 11 2 12 1 11 2 10 2 10 0 10 2 10 1 9 1 8 1 9 1 8 0 9 0 8 0 7 0 6 1 7 -1 5 -1 5 -1 5 -1 4 -1 4 -1 3 -1 2 -1 2 -1 1 -1 1 -1 0 0 0 -1 -1 -1 -1 -1 -1 -1 -1 -1 -1 -1 -1 -1 -1 0 0 0 0 -1 -1 -24 -27 -23 -25 -26 -30 -23 -30 -23 -29 -18 -25 -21 -30 -19 -25 -24 -31 -19 -32 -20 -34 -19 -33 -22 -35 -19 -34 -16 -28 -18 -32 -19 -29 -17 -32 -16 -25 -15 -28 -12 -26 -18 -27 -13 -28 -15 -28 -14 -33 -16 -25 -29 -18 -15 -26 -16 -26 -16 -21 -16 -21 -15 -24 -18 -21 -16 -20 -18 -20 -20 -19 -17 -17 -19 -17 -17 -19 -19 -17 -18 -16 -21 -12 -18 -13 -21 -15 -18 -13 -19 -11 -18 -11 -20 -9 -19 -10 -20 -13 -19 -11 -17 -10 -18 -11 -25 1 -27 4 -27 4 -26 9 -1 -1 ]
CSI_DATA,STA,08:3A:F2:51:5D:9D,-49,11,1,0,1,1,1,0,0,0,0,-94,0,6,1,29231925,0,110,0,0,29.418210,384,[110 96 6 0 0 0 0 0 0 0 0 0 19 -7 18 -8 20 -9 23 -7 20 -6 19 -4 21 -5 19 -4 19 -4 20 -3 23 -3 23 -4 22 -3 21 -1 19 0 22 -3 19 -1 18 0 19 -1 17 -1 18 0 18 0 16 1 18 0 20 0 18 -2 0 0 17 -2 17 -3 18 -3 15 -4 16 -1 16 -3 16 -2 15 -3 16 -4 12 -6 14 -6 13 -4 13 -4 13 -6 12 -5 13 -7 15 -6 11 -7 12 -7 10 -8 12 -6 11 -7 11 -7 11 -8 11 -6 10 -7 0 0 0 0 0 0 0 0 0 0 -1 -1 -1 -1 -23 3 -24 2 -23 6 -18 7 -16 -4 -15 -5 -17 -4 -16 -5 -15 -3 -13 -3 -14 -2 -12 0 -15 -1 -14 -2 -15 -2 -14 -1 -16 -1 -15 -1 -13 -2 -13 0 -13 1 -13 -1 -11 1 -12 0 -12 -1 -12 1 -12 0 -12 2 -13 0 -12 1 -11 7 -12 1 -12 0 -10 0 -10 1 -11 0 -10 0 -9 0 -10 0 -8 0 -8 0 -8 -1 -8 -2 -8 -2 -7 -2 -6 0 -6 -2 -6 0 -4 -1 -4 -1 -4 -2 -3 0 -4 -1 -3 -2 -2 -2 -2 -1 -2 -1 -1 -1 -1 -1 -1 -1 -1 -1 -1 -1 -1 -1 -1 -1 -1 -1 -1 -1 0 0 0 0 22 -25 20 -24 23 -27 25 -25 23 -24 22 -20 25 -22 20 -21 26 -25 27 -20 30 -22 28 -21 30 -23 29 -21 25 -17 28 -19 25 -21 27 -18 21 -16 24 -16 23 -13 22 -18 24 -15 24 -15 28 -15 22 -16 16 -27 22 -15 21 -16 19 -15 17 -16 20 -16 18 -18 17 -16 17 -19 16 -19 14 -18 14 -19 16 -17 15 -19 14 -19 9 -19 11 -17 12 -20 10 -17 8 -18 10 -16 7 -19 7 -18 10 -18 10 -18 9 -17 9 -17 -1 -22 -2 -26 -4 -26 -8 -25 -1 -1 ]
CSI_DATA,STA,08:3A:F2:51:5D:9D,-49,11,1,0,1,1,1,0,0,0,0,-94,0,6,1,29232224,0,110,0,0,29.428751,384,[110 96 6 0 0 0 0 0 0 0 0 0 19 11 18 11 21 12 20 16 19 14 15 14 17 15 16 14 16 14 15 15 17 18 18 17 17 17 15 17 12 16 17 17 14 16 12 16 13 15 12 14 12 15 13 15 9 15 12 15 13 16 13 13 0 0 13 14 14 11 14 13 14 10 11 12 13 11 13 12 12 9 14 10 13 6 14 7 12 8 13 8 14 6 13 6 14 5 16 7 13 4 14 4 12 2 13 4 13 4 13 4 14 3 12 4 12 2 0 0 0 0 0 0 0 0 0 0 -1 -1 -1 -1 -19 -15 -21 -16 -23 -13 -19 -9 -9 -15 -9 -14 -10 -15 -10 -16 -9 -14 -8 -12 -10 -12 -10 -9 -11 -12 -11 -12 -11 -13 -11 -12 -13 -13 -12 -12 -10 -10 -11 -10 -13 -9 -11 -11 -11 -7 -11 -9 -10 -9 -11 -7 -11 -9 -12 -7 -11 -9 -11 -7 -14 -3 -11 -8 -10 -8 -9 -7 -10 -7 -9 -8 -10 -7 -9 -6 -10 -6 -8 -7 -8 -5 -7 -7 -7 -7 -7 -7 -6 -6 -6 -5 -5 -5 -5 -4 -3 -4 -3 -3 -3 -4 -3 -3 -3 -3 -2 -3 -2 -3 -1 -2 -1 -2 -1 -1 -1 -1 -1 -1 -1 -1 -1 -1 -1 -1 -1 -1 -1 -1 -1 -1 -1 -1 0 0 35 2 33 0 38 2 37 5 35 5 31 5 34 7 30 3 38 5 34 9 37 10 36 10 39 10 37 11 31 9 33 11 34 8 32 12 28 7 29 9 26 10 29 7 27 10 28 9 31 13 28 7 33 -4 28 8 27 7 25 5 24 4 27 6 27 3 24 3 26 0 27 0 22 -1 24 -1 24 2 25 -1 24 -2 21 -6 21 -3 24 -5 20 -4 20 -6 20 -4 20 -7 19 -7 21 -5 21 -6 19 -5 19 -5 16 -16 19 -21 18 -22 13 -23 -1 -1 ]
CSI_DATA,STA,08:3A:F2:51:5D:9D,-49,11,1,0,1,1,1,0,0,0,0,-94,0,6,1,29232541,0,110,0,0,29.439020,384,[110 96 6 0 0 0 0 0 0 0 0 0 4 21 4 20 6 23 3 25 3 23 1 20 1 23 1 21 1 22 -1 22 -1 25 0 25 -1 24 -2 23 -3 20 0 24 -1 21 -3 20 -2 20 -2 18 -2 19 -2 20 -4 17 -3 19 -3 21 -1 19 0 0 -1 19 1 18 1 19 2 17 -1 17 1 17 1 18 2 15 2 17 4 14 4 15 2 14 3 15 5 14 4 14 6 14 5 16 6 12 6 12 7 11 5 13 6 12 6 12 7 12 5 12 6 11 0 0 0 0 0 0 0 0 0 0 -1 -1 -1 -1 -4 -23 -5 -24 -8 -24 -7 -20 4 -17 3 -16 2 -18 4 -18 2 -16 2 -14 1 -15 0 -13 0 -17 0 -16 0 -17 -1 -16 -1 -17 -1 -16 -1 -14 -2 -15 -4 -15 -1 -16 -4 -12 -2 -13 -1 -13 -3 -13 -2 -13 -4 -13 -2 -14 -4 -13 -10 -11 -3 -13 -3 -13 -3 -11 -3 -11 -2 -12 -3 -11 -3 -10 -3 -10 -2 -10 -2 -10 -1 -10 -1 -9 -1 -9 -1 -8 -2 -7 -1 -6 -1 -7 -1 -5 0 -5 0 -4 0 -4 0 -4 -1 -3 0 -3 0 -2 0 -2 -1 -1 -1 -1 -1 -1 -1 -1 -1 -1 -1 -1 -1 -1 -1 -1 -1 -1 -1 -1 0 0 23 26 22 24 24 28 22 29 21 28 18 25 20 30 18 24 23 29 18 31 19 33 19 31 20 33 18 32 14 27 17 31 19 28 15 32 15 24 13 27 11 25 16 26 12 26 14 26 13 31 15 24 29 18 14 25 14 25 15 21 14 20 14 23 17 20 15 19 17 19 18 18 17 16 18 16 16 17 18 16 18 15 20 10 16 12 20 13 17 12 17 10 17 11 19 9 18 8 18 11 18 10 16 9 16 10 23 -1 28 -4 27 -5 26 -9 -1 -1 ]
CSI_DATA,STA,08:3A:F2:51:5D:9D,-49,11,1,0,1,1,1,0,0,0,0,-94,0,6,1,29232947,0,110,0,0,29.449135,384,[110 96 6 0 0 0 0 0 0 0 0 0 -10 17 -10 17 -10 20 -14 19 -12 18 -12 15 -13 17 -12 15 -12 16 -14 16 -16 17 -15 18 -15 16 -15 15 -14 12 -15 17 -14 14 -15 12 -14 13 -13 12 -13 12 -14 13 -13 10 -14 12 -15 13 -12 13 0 0 -12 13 -11 14 -11 14 -10 13 -11 11 -9 13 -10 13 -9 12 -8 13 -5 13 -6 14 -7 11 -7 12 -5 12 -6 13 -4 14 -6 15 -4 13 -3 13 -1 12 -4 13 -3 12 -3 13 -2 13 -4 11 -2 11 0 0 0 0 0 0 0 0 0 0 -1 -1 -1 -1 13 -18 12 -19 9 -21 7 -18 13 -10 12 -10 12 -10 13 -9 11 -9 10 -8 10 -10 8 -10 10 -11 10 -11 10 -11 9 -11 9 -12 9 -11 8 -10 8 -12 6 -13 8 -11 5 -10 7 -10 7 -9 5 -11 7 -10 5 -11 7 -11 5 -11 0 -15 6 -11 6 -10 5 -9 5 -10 6 -9 4 -9 4 -9 4 -8 4 -8 4 -8 5 -7 4 -7 4 -6 4 -5 3 -6 3 -5 3 -5 3 -4 2 -4 2 -3 1 -3 1 -3 1 -2 0 -1 0 -1 1 -1 -1 -1 -1 -1 -1 -1 -1 -1 -1 -1 -1 -1 -1 -1 -1 -1 -1 -1 -1 -1 0 0 1 32 2 30 0 33 -2 34 -1 32 -2 28 -3 32 -2 28 -2 35 -6 33 -5 35 -5 33 -6 35 -7 34 -7 28 -7 31 -4 32 -9 31 -5 26 -7 27 -8 25 -5 28 -8 26 -7 27 -9 30 -4 26 10 30 -6 26 -6 26 -3 24 -3 23 -5 25 -1 24 -2 23 0 24 1 24 2 21 2 23 0 22 3 22 3 22 7 20 4 19 5 22 4 19 6 18 5 18 8 19 7 18 6 19 6 18 6 17 5 17 16 14 21 15 20 13 22 12 -1 -1 ]
CSI_DATA,STA,08:3A:F2:51:5D:9D,-49,11,1,0,1,1,1,0,0,0,0,-94,0,6,1,29239745,0,110,0,0,29.459302,384,[110 96 6 0 0 0 0 0 0 0 0 0 22 -5 21 -6 24 -7 26 -4 24 -4 21 -2 24 -2 21 -2 23 -2 23 0 26 0 26 -1 25 0 24 1 20 2 25 -1 21 0 21 2 20 1 19 1 20 2 21 1 17 3 20 1 22 1 20 -1 0 0 19 0 19 -2 20 -2 18 -4 17 0 18 -3 18 -2 16 -3 17 -4 14 -6 16 -6 15 -3 15 -4 14 -6 14 -6 14 -8 16 -7 12 -8 13 -8 10 -9 13 -7 12 -8 12 -7 12 -9 12 -7 10 -8 0 0 0 0 0 0 0 0 0 0 -1 -1 -1 -1 -25 0 -24 1 -25 5 -21 4 -18 -6 -17 -5 -19 -4 -19 -6 -17 -4 -14 -3 -17 -3 -14 -1 -18 -1 -17 -2 -17 -2 -17 -1 -18 0 -16 0 -15 -1 -16 1 -15 3 -15 0 -13 2 -14 1 -14 0 -14 2 -14 1 -13 3 -15 2 -13 3 -11 8 -14 3 -13 2 -11 2 -11 3 -12 1 -12 2 -11 2 -11 2 -10 2 -9 2 -9 1 -9 1 -9 0 -8 0 -7 2 -6 1 -6 1 -5 1 -5 1 -4 0 -4 1 -4 0 -3 0 -2 0 -2 1 -2 1 -1 -1 -1 -1 -1 -1 -1 -1 -1 -1 -1 -1 -1 -1 -1 -1 -1 -1 -1 -1 0 0 28 -24 26 -24 31 -25 32 -24 31 -23 27 -19 33 -20 28 -19 34 -24 34 -18 36 -20 34 -20 36 -22 35 -20 31 -15 33 -17 32 -20 34 -15 27 -15 30 -14 28 -11 30 -16 28 -12 28 -15 33 -14 26 -16 20 -29 28 -15 26 -15 24 -16 22 -16 25 -15 23 -18 23 -16 22 -18 21 -20 17 -17 18 -20 19 -17 18 -21 18 -20 12 -21 14 -19 15 -22 13 -18 12 -20 13 -19 11 -20 10 -21 13 -19 11 -20 10 -19 11 -19 1 -24 -1 -28 -1 -29 -5 -27 -1 -1 ]
CSI_DATA,STA,08:3A:F2:51:5D:9D,-49,11,1,0,1,1,1,0,0,0,0,-94,0,6,1,29240261,0,110,0,0,29.469734,384,[110 96 6 0 0 0 0 0 0 0 0 0 12 19 12 18 14 20 12 24 11 21 8 20 9 21 8 20 9 20 7 21 8 24 9 24 8 23 7 23 4 20 9 23 6 21 4 19 5 20 5 18 5 19 5 20 2 17 5 19 6 21 6 18 0 0 6 18 8 16 8 18 8 15 6 16 7 16 7 17 7 14 9 15 9 11 10 13 8 13 9 13 10 11 9 11 11 11 11 13 11 9 11 9 11 7 10 10 10 9 10 9 11 8 9 8 10 7 0 0 0 0 0 0 0 0 0 0 -1 -1 -1 -1 -9 -23 -10 -22 -15 -21 -11 -18 -2 -18 -3 -18 -4 -18 -2 -19 -3 -17 -3 -15 -3 -16 -4 -13 -5 -17 -5 -16 -5 -16 -6 -15 -7 -17 -7 -15 -6 -14 -7 -14 -9 -14 -6 -14 -8 -11 -6 -13 -6 -13 -7 -12 -6 -12 -9 -11 -7 -13 -8 -12 -12 -8 -8 -12 -7 -11 -7 -10 -7 -10 -6 -11 -7 -10 -7 -9 -7 -9 -5 -9 -6 -7 -5 -8 -5 -8 -5 -8 -5 -7 -4 -6 -4 -6 -5 -5 -3 -4 -3 -4 -2 -4 -2 -3 -3 -3 -2 -2 -3 -2 -2 -1 -2 -1 -1 -1 -1 -1 -1 -1 -1 -1 -1 -1 -1 -1 -1 -1 -1 -1 -1 -1 -1 -1 0 0 30 17 31 17 32 20 33 23 29 20 27 20 29 24 26 19 32 24 26 25 30 26 29 25 32 27 29 26 25 23 25 26 29 24 23 26 23 20 22 23 19 23 24 22 19 22 22 21 23 26 23 19 33 9 23 21 21 20 23 17 20 15 22 19 23 15 21 16 24 14 24 13 20 10 23 11 22 12 24 10 24 10 22 5 22 7 24 7 21 6 21 4 20 6 21 3 21 3 22 6 21 4 20 3 20 4 21 -6 26 -11 27 -12 23 -14 -1 -1 ]
CSI_DATA,STA,08:3A:F2:51:5D:9D,-49,11,1,0,1,1,1,0,0,0,0,-94,0,6,1,29240734,0,110,0,0,29.479861,384,[110 96 6 0 0 0 0 0 0 0 0 0 -17 15 -17 15 -19 17 -22 16 -20 15 -18 11 -21 13 -19 11 -19 12 -20 11 -23 13 -22 13 -22 13 -22 11 -20 8 -23 13 -20 10 -20 8 -19 9 -18 8 -19 8 -19 8 -18 5 -19 8 -20 9 -18 10 0 0 -18 9 -16 11 -17 11 -15 11 -16 8 -15 10 -16 10 -14 9 -14 11 -11 11 -12 12 -12 10 -11 11 -10 11 -10 11 -9 13 -11 13 -8 12 -8 12 -6 12 -9 12 -8 11 -8 12 -6 13 -8 11 -6 11 0 0 0 0 0 0 0 0 0 0 -1 -1 -1 -1 21 -8 21 -9 21 -14 17 -12 18 -3 17 -4 18 -5 19 -4 16 -4 15 -4 16 -5 13 -6 16 -7 14 -6 16 -6 15 -7 16 -8 14 -8 13 -7 13 -8 13 -11 14 -7 10 -9 11 -7 12 -6 11 -8 11 -7 10 -10 12 -8 11 -10 7 -12 11 -9 10 -7 9 -8 8 -8 10 -7 8 -8 8 -7 7 -7 7 -6 6 -6 8 -6 7 -6 6 -5 5 -5 5 -5 4 -4 4 -4 4 -4 3 -4 3 -3 2 -3 1 -3 0 -2 1 -2 0 -3 0 -2 -1 -1 -1 -1 -1 -1 -1 -1 -1 -1 -1 -1 -1 -1 -1 -1 -1 -1 -1 -1 0 0 -18 34 -17 34 -20 36 -22 37 -21 33 -20 30 -24 32 -19 29 -24 36 -26 30 -26 34 -26 33 -27 35 -27 32 -24 27 -26 29 -24 32 -27 26 -21 26 -24 24 -23 22 -23 26 -23 22 -22 25 -27 26 -20 26 -11 32 -22 25 -20 24 -18 25 -16 22 -19 25 -16 25 -16 24 -15 25 -13 26 -11 22 -11 25 -12 24 -10 26 -10 25 -5 24 -7 24 -8 25 -6 23 -4 23 -6 22 -3 23 -3 22 -6 23 -4 23 -3 21 -4 22 5 22 10 26 10 26 12 23 -1 -1 ]
CSI_DATA,STA,08:3A:F2:51:5D:9D,-49,11,1,0,1,1,1,0,0,0,0,-94,0,6,1,29241648,0,110,0,0,29.490400,384,[110 96 6 0 0 0 0 0 0 0 0 0 -18 -15 -17 -15 -20 -16 -19 -20 -18 -18 -14 -17 -16 -19 -14 -18 -15 -18 -14 -19 -16 -21 -17 -21 -15 -21 -14 -21 -11 -18 -16 -21 -12 -19 -10 -19 -11 -18 -11 -17 -10 -18 -11 -18 -8 -17 -11 -18 -12 -19 -12 -17 0 0 -11 -17 -13 -14 -13 -15 -13 -13 -11 -15 -12 -14 -12 -15 -12 -12 -13 -13 -13 -9 -14 -10 -12 -11 -13 -10 -13 -9 -13 -9 -14 -8 -16 -10 -14 -6 -13 -7 -13 -5 -13 -8 -13 -7 -13 -7 -14 -5 -12 -7 -12 -5 0 0 0 0 0 0 0 0 0 0 -1 -1 -1 -1 13 19 14 18 19 16 15 14 5 16 5 15 7 15 5 17 6 14 5 12 7 14 7 11 9 13 7 13 8 14 9 12 10 13 9 12 7 11 9 11 11 9 8 12 10 7 8 10 7 10 9 9 7 9 10 7 9 10 10 8 13 4 9 8 8 8 8 6 8 7 8 7 8 7 7 6 7 6 6 6 6 5 5 6 6 5 6 4 5 4 4 3 4 3 4 3 3 3 3 2 2 2 2 1 2 0 1 0 2 -1 1 -1 1 0 -1 -1 0 0 0 0 -1 -1 -1 -1 -1 -1 0 0 0 0 -1 -1 -1 -1 -1 -1 -36 -10 -35 -9 -39 -11 -39 -13 -36 -13 -32 -12 -36 -16 -31 -12 -39 -15 -34 -18 -38 -18 -36 -17 -39 -18 -37 -18 -31 -17 -33 -19 -35 -16 -32 -20 -29 -14 -28 -17 -26 -17 -30 -15 -26 -17 -29 -15 -31 -20 -29 -13 -35 -1 -28 -15 -28 -14 -27 -11 -25 -10 -27 -13 -28 -9 -26 -11 -28 -8 -28 -8 -25 -6 -27 -5 -26 -7 -27 -4 -26 -4 -25 0 -24 -2 -27 -2 -23 -1 -22 -1 -22 -1 -23 1 -23 1 -24 -1 -23 1 -22 0 -22 0 -21 10 -22 16 -22 17 -20 19 -1 -1 ]
CSI_DATA,STA,08:3A:F2:51:5D:9D,-50,11,1,0,1,1,1,0,0,0,0,-94,0,6,1,29337911,0,110,0,0,29.506142,384,[110 96 6 0 0 0 0 0 0 0 0 0 23 -3 23 -3 26 -4 28 -1 25 -1 22 1 25 0 23 1 23 0 24 2 27 3 26 2 25 2 25 3 21 4 26 2 22 3 21 4 21 3 20 3 20 3 21 3 18 5 21 3 22 4 20 1 0 0 20 1 19 -1 20 -1 18 -2 18 1 18 -1 19 -1 16 -1 17 -3 14 -5 16 -5 15 -2 15 -3 14 -5 14 -5 14 -6 16 -6 12 -6 13 -6 10 -7 12 -6 12 -6 12 -6 11 -7 11 -5 10 -7 0 0 0 0 0 0 0 0 0 0 -1 -1 -1 -1 -21 -3 -21 -2 -21 1 -18 0 -15 -6 -15 -5 -15 -5 -16 -6 -13 -5 -12 -4 -13 -3 -11 -1 -14 -2 -13 -2 -13 -2 -13 -1 -14 0 -13 -1 -11 -1 -12 0 -12 2 -12 -1 -10 2 -11 0 -10 -1 -11 1 -10 0 -10 2 -10 0 -10 2 -9 5 -10 1 -9 0 -8 1 -8 1 -9 0 -8 0 -7 0 -7 0 -6 -1 -6 0 -6 -1 -5 -2 -5 -3 -4 -3 -4 -2 -3 -3 -3 -3 -2 -3 -1 -3 0 -3 0 -3 1 -4 1 -4 2 -4 3 -3 4 -3 -1 -1 -1 -1 -1 -1 -1 -1 -1 -1 -1 -1 -1 -1 -1 -1 -1 -1 0 0 0 0 33 -20 32 -22 36 -21 38 -20 36 -18 32 -16 38 -16 32 -16 40 -20 37 -14 40 -16 38 -16 41 -18 40 -16 34 -13 38 -12 38 -17 38 -10 32 -13 33 -10 32 -9 33 -13 31 -9 32 -12 36 -10 30 -14 24 -27 31 -12 29 -12 27 -14 25 -13 28 -13 27 -15 25 -13 24 -16 24 -17 19 -15 21 -18 21 -16 20 -18 20 -18 15 -19 16 -18 18 -19 15 -17 15 -18 14 -16 13 -19 13 -18 14 -17 13 -18 11 -17 12 -17 5 -21 3 -26 3 -27 0 -25 -1 -1 ]
CSI_DATA,STA,08:3A:F2:51:5D:9D,-50,11,1,0,1,1,1,0,0,0,0,-94,0,6,1,29338783,0,110,0,0,29.517016,384,[110 96 6 0 0 0 0 0 0 0 0 0 0 20 0 20 1 23 -2 25 -2 22 -3 20 -3 22 -3 20 -3 21 -4 21 -5 24 -4 23 -5 23 -5 22 -6 18 -4 23 -5 20 -6 18 -5 19 -5 17 -5 18 -5 19 -6 15 -5 18 -5 19 -3 18 0 0 -4 18 -1 17 -2 18 -1 16 -4 16 -2 16 -2 17 -1 15 0 15 2 13 2 15 0 13 1 14 2 13 2 13 4 13 2 14 4 12 4 12 4 10 3 12 3 11 3 11 5 11 3 10 4 9 0 0 0 0 0 0 0 0 0 0 -1 -1 -1 -1 8 -17 7 -17 4 -20 4 -15 7 -12 6 -13 6 -13 7 -13 6 -11 4 -11 5 -12 3 -11 4 -13 3 -11 3 -12 2 -12 2 -13 2 -12 2 -10 1 -11 0 -12 2 -10 0 -10 1 -9 1 -10 0 -9 1 -9 -1 -10 0 -10 -1 -10 -3 -9 0 -9 1 -8 0 -8 0 -8 1 -8 1 -8 1 -7 1 -6 1 -6 0 -5 1 -5 2 -5 2 -4 3 -4 2 -3 2 -3 2 -2 3 -1 2 -1 2 0 2 1 3 1 2 2 2 3 2 3 1 3 -1 -1 -1 -1 -1 -1 -1 -1 -1 -1 -1 -1 -1 -1 -1 -1 -1 -1 0 0 0 0 11 34 13 34 12 37 10 40 9 36 7 33 7 38 8 33 9 40 5 37 6 41 7 39 7 41 6 40 4 35 4 37 7 39 1 36 4 32 1 32 1 31 3 34 1 30 4 32 2 35 6 30 15 28 4 31 4 29 6 29 6 25 5 29 7 27 6 26 7 26 9 26 8 21 10 23 9 23 11 23 11 22 13 18 11 19 12 20 11 18 12 16 11 16 14 16 13 15 11 17 12 15 12 14 11 15 15 10 21 10 21 10 19 7 -1 -1 ]
CSI_DATA,STA,08:3A:F2:51:5D:9D,-49,11,1,0,1,1,1,0,0,0,0,-94,0,6,1,29339112,0,110,0,0,29.526617,384,[110 96 6 0 0 0 0 0 0 0 0 0 -16 18 -15 17 -17 20 -21 19 -19 18 -17 14 -19 17 -18 15 -18 16 -19 15 -22 16 -21 17 -21 16 -21 14 -19 11 -21 16 -19 13 -19 11 -19 12 -17 11 -18 11 -19 12 -17 9 -19 12 -20 12 -16 12 0 0 -17 12 -15 13 -16 14 -13 13 -15 11 -14 12 -15 13 -13 11 -12 13 -8 13 -10 14 -10 11 -10 12 -8 13 -8 12 -7 14 -9 15 -6 12 -6 12 -4 12 -7 12 -6 12 -6 12 -5 13 -6 11 -4 11 0 0 0 0 0 0 0 0 0 0 -1 -1 -1 -1 15 -15 14 -15 12 -18 10 -15 13 -6 12 -7 12 -8 13 -7 11 -7 9 -7 10 -7 8 -8 9 -9 9 -8 9 -8 8 -9 9 -10 8 -9 7 -8 6 -9 6 -10 7 -8 4 -9 5 -8 6 -7 5 -8 5 -7 4 -9 6 -8 4 -8 1 -10 4 -8 5 -7 5 -7 3 -6 5 -6 4 -6 4 -5 4 -5 4 -4 3 -4 4 -3 4 -3 4 -3 4 -2 3 -1 3 0 3 0 2 0 1 1 2 2 1 2 1 3 1 3 0 4 -1 3 -2 5 -1 -1 -1 -1 -1 -1 -1 -1 -1 -1 -1 -1 -1 -1 -1 -1 -1 -1 0 0 0 0 -9 36 -7 36 -10 39 -12 39 -11 37 -11 33 -14 37 -11 32 -13 40 -16 35 -16 39 -16 37 -16 41 -17 38 -15 32 -17 34 -14 37 -18 33 -13 30 -16 30 -16 27 -14 32 -16 27 -14 30 -18 32 -12 29 2 35 -14 29 -13 28 -9 28 -9 25 -11 28 -8 28 -8 26 -7 27 -5 27 -5 23 -3 26 -5 25 -2 26 -2 25 2 23 0 22 0 24 0 21 1 20 0 20 3 20 3 20 1 21 2 20 2 19 2 19 12 18 17 19 17 19 18 16 -1 -1 ]
CSI_DATA,STA,08:3A:F2:51:5D:9D,-50,11,1,0,1,1,1,0,0,0,0,-94,0,6,1,29340090,0,110,0,0,29.536810,384,[110 96 6 0 0 0 0 0 0 0 0 0 -12 -22 -12 -21 -14 -24 -12 -27 -11 -25 -8 -22 -9 -24 -8 -22 -9 -23 -7 -24 -8 -27 -9 -26 -8 -26 -7 -26 -4 -22 -8 -26 -6 -23 -4 -22 -5 -22 -5 -21 -4 -21 -5 -22 -2 -20 -5 -22 -5 -23 -6 -21 0 0 -6 -21 -8 -19 -8 -20 -8 -18 -5 -18 -7 -18 -7 -19 -7 -16 -9 -17 -10 -13 -10 -15 -8 -14 -8 -14 -10 -13 -9 -13 -11 -12 -11 -15 -11 -10 -11 -11 -11 -9 -10 -11 -10 -10 -10 -10 -11 -10 -9 -10 -10 -8 0 0 0 0 0 0 0 0 0 0 -1 -1 -1 -1 7 19 9 19 12 18 9 14 0 13 1 13 1 14 0 14 1 12 1 10 2 12 3 9 4 12 3 10 3 11 3 10 5 11 4 10 3 9 4 9 6 8 3 9 5 7 3 8 3 8 4 7 4 7 5 7 4 8 5 7 9 4 4 7 3 7 3 6 3 6 2 6 2 6 2 5 1 5 1 5 2 4 0 5 0 4 -1 4 -1 4 -1 3 -2 3 -2 3 -3 2 -3 2 -3 1 -4 1 -5 0 -5 -1 -5 -1 -5 -2 -5 -2 -1 -1 -1 -1 -1 -1 -1 -1 -1 -1 -1 -1 -1 -1 -1 -1 -1 -1 0 0 0 0 -31 -22 -32 -21 -33 -25 -34 -27 -31 -25 -27 -23 -30 -28 -27 -22 -34 -27 -28 -29 -30 -30 -30 -29 -33 -31 -30 -30 -26 -26 -26 -29 -30 -27 -25 -30 -24 -23 -23 -26 -20 -25 -25 -25 -20 -24 -24 -24 -24 -29 -24 -22 -35 -11 -24 -24 -22 -22 -24 -19 -21 -17 -23 -21 -24 -18 -22 -17 -24 -16 -25 -15 -21 -12 -24 -12 -22 -14 -24 -12 -24 -12 -23 -7 -22 -9 -24 -10 -21 -8 -21 -7 -20 -7 -21 -5 -21 -5 -21 -7 -21 -5 -19 -5 -20 -6 -21 5 -24 10 -24 10 -21 12 -1 -1 ]
CSI_DATA,STA,08:3A:F2:51:5D:9D,-50,11,1,0,1,1,1,0,0,0,0,-94,0,6,1,29340568,0,110,0,0,29.547599,384,[110 96 6 0 0 0 0 0 0 0 0 0 23 -4 22 -4 26 -5 27 -2 26 -2 22 0 25 0 22 1 23 0 24 2 27 2 26 1 26 2 25 3 21 4 26 1 22 2 21 4 21 3 20 2 20 3 21 3 18 5 21 3 22 3 20 1 0 0 20 2 20 -1 21 0 18 -2 18 1 18 -1 19 0 17 -1 17 -2 14 -4 16 -4 15 -2 15 -3 14 -5 14 -4 14 -6 17 -6 12 -6 13 -6 11 -7 13 -5 12 -6 13 -6 12 -7 12 -5 10 -6 0 0 0 0 0 0 0 0 0 0 -1 -1 -1 -1 -22 -3 -22 -2 -22 2 -18 1 -15 -7 -14 -6 -16 -5 -15 -7 -14 -5 -12 -4 -13 -3 -12 -2 -14 -2 -13 -3 -13 -3 -13 -1 -14 -1 -13 -1 -11 -1 -11 0 -12 1 -12 -1 -10 1 -11 0 -10 -1 -10 1 -10 -1 -10 2 -11 0 -10 1 -8 5 -10 0 -9 0 -8 1 -8 0 -9 -1 -8 0 -7 -1 -8 -1 -7 -2 -6 -1 -6 -2 -6 -3 -5 -3 -4 -4 -4 -3 -3 -4 -3 -3 -1 -4 -1 -4 0 -4 0 -5 0 -6 1 -4 2 -5 2 -5 3 -5 -1 -1 -1 -1 -1 -1 -1 -1 -1 -1 -1 -1 -1 -1 -1 -1 -1 -1 0 0 0 0 33 -21 32 -21 36 -23 37 -20 36 -19 32 -17 38 -17 32 -17 39 -21 38 -15 40 -17 38 -17 41 -19 40 -17 34 -13 38 -14 37 -18 38 -12 31 -14 33 -11 31 -9 33 -14 31 -9 32 -12 36 -11 30 -14 25 -27 31 -13 29 -13 27 -14 25 -13 28 -13 26 -16 25 -14 24 -16 23 -17 20 -15 20 -17 21 -15 21 -18 20 -18 15 -20 16 -17 18 -20 15 -17 14 -18 15 -17 13 -19 12 -18 14 -17 13 -18 12 -17 13 -17 4 -21 2 -26 3 -26 -2 -25 -1 -1 ]
CSI_DATA,STA,08:3A:F2:51:5D:9D,-50,11,1,0,1,1,1,0,0,0,0,-94,0,6,1,29341037,0,110,0,0,29.558015,384,[110 96 6 0 0 0 0 0 0 0 0 0 13 16 13 15 15 17 14 20 13 18 10 17 11 19 10 17 11 18 10 18 10 21 11 21 10 20 9 20 7 18 11 20 9 18 6 18 7 17 7 16 7 17 7 17 4 16 7 17 7 19 8 16 0 0 8 16 9 14 10 15 9 13 7 14 9 13 8 14 8 12 9 12 9 9 10 10 8 10 9 10 10 9 9 9 11 8 11 10 10 7 10 7 10 5 10 7 10 7 9 7 10 6 8 7 9 5 0 0 0 0 0 0 0 0 0 0 -1 -1 -1 -1 -9 -17 -9 -16 -12 -16 -9 -13 -3 -14 -3 -14 -4 -14 -3 -14 -4 -12 -3 -11 -4 -12 -4 -10 -5 -12 -5 -11 -5 -11 -5 -10 -6 -11 -6 -10 -5 -9 -6 -9 -7 -9 -5 -9 -6 -7 -6 -8 -5 -8 -6 -7 -5 -8 -6 -7 -5 -8 -6 -7 -8 -5 -6 -8 -5 -7 -5 -6 -4 -7 -4 -7 -4 -6 -3 -6 -3 -6 -3 -6 -3 -5 -2 -6 -1 -5 -1 -5 0 -5 0 -5 0 -4 1 -4 2 -3 2 -3 2 -2 3 -2 3 -2 4 -1 3 0 4 0 4 1 -1 -1 -1 -1 -1 -1 -1 -1 -1 -1 -1 -1 -1 -1 -1 -1 -1 -1 0 0 0 0 31 15 31 15 33 17 32 19 30 19 27 17 30 22 27 17 33 21 28 23 31 23 29 22 33 24 30 23 25 20 27 23 30 20 25 23 24 18 23 20 20 21 24 20 20 20 23 18 24 23 24 17 31 7 23 18 22 17 23 14 21 13 22 16 23 13 21 13 23 12 23 11 19 8 22 8 21 10 23 7 22 7 21 3 20 5 22 5 19 4 19 3 18 4 19 2 19 1 19 4 19 2 17 2 18 2 18 -6 20 -10 21 -10 18 -12 -1 -1 ]
CSI_DATA,STA,08:3A:F2:51:5D:9D,-50,11,1,0,1,1,1,0,0,0,0,-94,0,6,1,29341465,0,110,0,0,29.567873,384,[110 96 6 0 0 0 0 0 0 0 0 0 -24 6 -23 6 -26 7 -29 4 -26 4 -23 2 -25 3 -24 2 -24 2 -25 1 -28 1 -28 2 -27 1 -26 0 -23 -2 -27 1 -24 0 -22 -2 -22 -1 -21 -1 -22 -2 -22 -1 -20 -3 -22 -1 -24 -1 -21 1 0 0 -21 0 -20 2 -21 2 -19 3 -19 0 -19 2 -20 2 -17 2 -18 3 -15 5 -16 6 -16 3 -15 4 -15 6 -15 5 -15 7 -17 6 -13 7 -13 7 -11 7 -13 6 -13 6 -13 7 -12 8 -12 6 -10 6 0 0 0 0 0 0 0 0 0 0 -1 -1 -1 -1 20 2 20 2 21 -1 18 -2 15 5 14 4 15 3 14 5 13 3 11 2 13 2 11 1 13 0 12 1 13 1 12 0 13 0 12 0 11 1 11 -1 11 -3 11 -1 9 -2 9 -1 10 0 9 -2 9 -1 10 -3 10 -1 9 -3 8 -5 9 -2 9 -1 8 -1 8 -2 7 0 7 0 7 0 6 0 6 1 5 0 5 1 5 2 4 2 4 2 3 2 2 3 2 3 1 3 1 3 -1 3 -1 3 -1 4 -2 4 -3 4 -4 4 -4 4 -1 -1 -1 -1 -1 -1 -1 -1 -1 -1 -1 -1 -1 -1 -1 -1 -1 -1 0 0 0 0 -35 23 -33 22 -37 24 -40 21 -38 22 -34 17 -39 19 -33 17 -41 22 -41 16 -43 17 -42 18 -44 19 -43 17 -37 13 -39 15 -38 18 -40 12 -33 14 -36 11 -34 10 -35 15 -34 9 -34 12 -39 11 -32 15 -28 24 -33 13 -31 13 -29 14 -26 14 -30 13 -27 16 -27 14 -27 16 -25 17 -22 15 -23 18 -24 15 -23 19 -21 18 -16 19 -18 17 -19 19 -16 17 -15 18 -16 17 -13 19 -14 18 -16 17 -14 17 -14 17 -14 16 -6 20 -5 25 -5 24 0 24 -1 -1 ]
CSI_DATA,STA,08:3A:F2:51:5D:9D,-50,11,1,0,1,1,1,0,0,0,0,-94,0,6,1,29343010,0,110,0,0,29.578038,384,[110 96 6 0 0 0 0 0 0 0 0 0 21 0 20 0 23 -1 25 3 22 2 19 3 21 4 20 4 21 3 21 5 23 6 23 5 22 5 21 7 18 7 23 5 19 6 18 7 18 6 17 5 17 6 18 6 15 7 18 6 19 7 17 4 0 0 17 5 17 2 18 3 16 2 15 4 16 2 16 3 15 2 16 1 13 -1 15 -1 13 1 14 0 13 -1 13 -1 13 -3 15 -2 12 -3 12 -3 11 -4 12 -2 12 -3 12 -3 12 -4 11 -2 10 -3 0 0 0 0 0 0 0 0 0 0 -1 -1 -1 -1 -18 -8 -18 -8 -20 -5 -16 -3 -12 -10 -12 -8 -12 -8 -12 -9 -11 -8 -9 -6 -11 -6 -10 -5 -12 -6 -11 -6 -11 -6 -11 -5 -12 -5 -11 -5 -10 -4 -10 -3 -11 -2 -10 -4 -9 -2 -9 -3 -9 -4 -9 -2 -9 -4 -9 -2 -10 -4 -9 -2 -9 1 -9 -3 -9 -3 -8 -2 -7 -2 -8 -4 -8 -3 -7 -3 -7 -4 -6 -4 -5 -3 -5 -4 -5 -5 -4 -5 -3 -5 -3 -4 -3 -4 -2 -5 -1 -4 -1 -5 1 -5 1 -5 1 -5 2 -4 3 -4 3 -4 4 -3 -1 -1 -1 -1 -1 -1 -1 -1 -1 -1 -1 -1 -1 -1 -1 -1 -1 -1 0 0 0 0 33 -12 32 -13 36 -13 37 -11 35 -10 31 -8 36 -8 31 -8 39 -11 36 -4 39 -7 38 -6 41 -7 39 -6 33 -4 36 -5 36 -8 35 -3 30 -5 31 -3 29 -1 32 -5 29 0 31 -4 34 -1 30 -5 27 -16 30 -4 28 -5 26 -7 24 -7 28 -5 26 -8 25 -6 25 -8 25 -10 20 -9 22 -10 23 -8 22 -11 22 -11 17 -14 18 -11 20 -13 17 -11 16 -12 16 -11 16 -13 15 -13 17 -11 15 -12 15 -11 15 -11 9 -17 9 -22 9 -22 5 -22 -1 -1 ]
CSI_DATA,STA,08:3A:F2:51:5D:9D,-50,11,1,0,1,1,1,0,0,0,0,-94,0,6,1,29343431,0,110,0,0,29.588225,384,[110 96 6 0 0 0 0 0 0 0 0 0 22 8 21 7 25 8 25 12 23 11 19 10 22 12 19 11 21 11 20 13 22 15 23 14 21 14 20 15 16 14 22 14 18 13 16 14 17 13 16 12 16 13 17 13 13 13 17 13 18 14 16 11 0 0 16 11 17 9 18 10 16 8 14 10 16 9 16 9 15 7 16 8 14 4 16 4 14 6 15 5 15 3 14 4 15 2 17 4 13 1 14 1 13 0 14 2 14 1 14 2 14 0 12 2 11 0 0 0 0 0 0 0 0 0 0 0 -1 -1 -1 -1 -19 -12 -19 -12 -21 -9 -17 -7 -9 -13 -9 -12 -11 -12 -10 -13 -9 -11 -8 -9 -10 -10 -9 -8 -11 -9 -10 -9 -10 -10 -10 -9 -11 -8 -11 -8 -9 -7 -10 -6 -11 -5 -9 -7 -10 -4 -9 -6 -8 -6 -10 -5 -9 -6 -10 -4 -9 -7 -9 -5 -11 -1 -9 -6 -8 -5 -8 -4 -7 -5 -7 -6 -7 -5 -6 -5 -6 -5 -5 -6 -4 -5 -4 -6 -4 -6 -3 -6 -2 -6 -2 -6 -1 -6 -1 -5 1 -5 0 -6 2 -5 2 -5 2 -5 3 -4 4 -3 4 -3 5 -3 -1 -1 -1 -1 -1 -1 -1 -1 -1 -1 -1 -1 -1 -1 -1 -1 -1 -1 0 0 0 0 38 -4 37 -5 40 -4 41 -1 39 -1 35 0 40 2 34 0 43 -1 39 5 42 4 41 4 44 4 42 4 35 4 38 5 39 1 38 6 32 2 33 6 31 7 34 3 31 7 33 4 36 8 32 3 34 -11 32 4 31 2 29 0 27 0 30 2 29 -2 27 0 28 -2 28 -4 24 -3 26 -4 26 -2 26 -5 25 -6 21 -10 21 -7 24 -8 20 -7 20 -9 20 -7 19 -9 19 -10 21 -7 19 -8 18 -8 19 -8 14 -17 14 -22 15 -22 9 -23 -1 -1 ]
CSI_DATA,STA,08:3A:F2:51:5D:9D,-48,11,1,0,1,1,1,0,0,0,0,-94,0,6,1,29704513,0,110,0,0,29.871174,384,[110 96 6 0 0 0 0 0 0 0 0 0 12 -18 11 -17 13 -21 16 -20 15 -19 14 -15 15 -17 15 -15 14 -16 17 -15 19 -16 18 -17 18 -16 18 -15 16 -11 18 -17 16 -13 17 -12 16 -12 15 -12 15 -12 16 -13 15 -9 17 -11 18 -13 15 -13 0 0 15 -13 13 -14 14 -14 12 -14 13 -11 13 -13 13 -14 11 -13 12 -14 8 -14 9 -15 10 -12 10 -13 8 -14 8 -14 7 -15 10 -17 6 -14 7 -15 4 -14 7 -14 6 -14 7 -15 6 -15 7 -13 5 -13 0 0 0 0 0 0 0 0 0 0 -1 -1 -1 -1 -17 20 -18 21 -14 23 -12 20 -17 6 -16 5 -17 7 -17 5 -15 6 -13 5 -15 6 -11 7 -14 9 -14 7 -15 7 -13 7 -14 9 -13 8 -12 7 -11 8 -10 10 -12 8 -8 8 -10 8 -11 6 -9 8 -11 7 -9 9 -11 8 -9 9 -4 16 -10 9 -9 7 -7 7 -8 8 -9 7 -8 8 -7 6 -7 7 -7 6 -7 6 -8 5 -8 5 -7 5 -7 4 -5 5 -5 4 -5 4 -5 3 -4 4 -5 3 -4 3 -4 3 -4 2 -4 1 -3 2 -3 2 -1 -1 -1 -1 -1 -1 -1 -1 -1 -1 -1 -1 -1 -1 -1 -1 -1 -1 -1 -1 0 0 2 -33 2 -32 2 -36 4 -34 4 -34 4 -29 7 -34 4 -29 4 -37 10 -33 10 -36 9 -35 9 -38 9 -36 9 -29 9 -32 6 -32 10 -33 6 -27 9 -28 11 -25 6 -29 10 -27 9 -28 12 -31 6 -28 -9 -34 8 -28 6 -27 4 -25 3 -25 6 -26 2 -27 4 -25 2 -27 1 -27 1 -24 0 -26 2 -25 -1 -26 -1 -25 -6 -23 -2 -22 -4 -25 -2 -22 -5 -22 -3 -22 -6 -21 -6 -21 -3 -24 -4 -23 -5 -21 -3 -22 -19 -19 -23 -19 -24 -20 -27 -14 -1 -1 ]
CSI_DATA,STA,08:3A:F2:51:5D:9D,-48,11,1,0,1,1,1,0,0,0,0,-94,0,6,1,29706234,0,110,0,0,29.882374,384,[110 96 6 0 0 0 0 0 0 0 0 0 -17 -14 -17 -13 -20 -16 -19 -18 -18 -17 -14 -16 -16 -17 -14 -16 -15 -16 -14 -18 -15 -21 -16 -20 -15 -20 -13 -20 -10 -18 -15 -20 -12 -18 -11 -18 -11 -17 -11 -17 -11 -17 -12 -18 -8 -17 -11 -18 -11 -20 -11 -17 0 0 -11 -17 -13 -15 -13 -16 -13 -14 -10 -15 -12 -15 -12 -16 -12 -13 -13 -14 -13 -10 -13 -11 -11 -12 -12 -12 -13 -10 -13 -10 -14 -9 -15 -12 -13 -8 -14 -8 -13 -6 -13 -9 -14 -9 -14 -9 -14 -8 -12 -9 -12 -7 0 0 0 0 0 0 0 0 0 0 -1 -1 -1 -1 15 20 16 22 19 19 17 15 3 18 3 16 4 18 2 18 4 16 3 13 4 15 5 12 6 15 5 15 5 16 5 14 7 16 6 15 5 13 7 12 8 11 6 12 7 9 6 11 5 12 8 11 5 11 8 10 6 13 7 10 14 7 7 10 6 10 6 8 6 8 5 9 7 9 5 7 6 8 5 8 5 7 4 8 5 8 4 7 4 7 4 5 2 5 4 6 3 5 3 4 1 4 2 3 2 3 2 3 1 3 1 3 1 2 -1 -1 -1 -1 -1 -1 -1 -1 -1 -1 -1 -1 -1 -1 -1 -1 -1 -1 -1 -1 0 0 -35 -8 -33 -7 -37 -8 -35 -10 -35 -10 -30 -10 -35 -14 -29 -10 -38 -11 -33 -17 -36 -17 -35 -17 -38 -17 -35 -17 -29 -15 -32 -16 -32 -13 -32 -17 -27 -11 -28 -15 -25 -15 -30 -12 -26 -17 -28 -15 -30 -20 -28 -13 -35 0 -28 -14 -27 -12 -26 -9 -25 -9 -26 -12 -28 -8 -26 -10 -27 -8 -28 -6 -23 -7 -26 -6 -26 -8 -27 -5 -26 -5 -25 1 -23 -2 -26 -2 -23 -2 -23 0 -23 -2 -23 1 -23 2 -25 -3 -24 -1 -22 -1 -23 -1 -23 12 -25 18 -25 17 -20 22 -1 -1 ]
CSI_DATA,STA,08:3A:F2:51:5D:9D,-48,11,1,0,1,1,1,0,0,0,0,-94,0,6,1,29706762,0,110,0,0,29.893202,384,[110 96 6 0 0 0 0 0 0 0 0 0 8 -21 7 -20 8 -23 11 -23 10 -22 10 -18 11 -21 10 -18 10 -20 13 -19 15 -21 14 -21 14 -19 14 -18 13 -15 14 -21 12 -17 13 -16 12 -16 11 -16 12 -15 12 -17 13 -13 13 -16 14 -17 11 -16 0 0 11 -16 9 -18 9 -18 7 -17 10 -15 8 -17 8 -17 7 -16 7 -17 4 -16 5 -17 6 -15 6 -15 3 -16 4 -16 2 -17 4 -19 1 -15 2 -16 0 -15 2 -16 1 -16 2 -16 1 -16 3 -15 1 -14 0 0 0 0 0 0 0 0 0 0 -1 -1 -1 -1 -21 15 -22 16 -20 19 -15 17 -20 8 -18 8 -19 10 -20 8 -17 9 -15 7 -16 10 -14 9 -16 12 -16 9 -17 9 -16 10 -17 12 -15 11 -13 9 -13 12 -12 13 -14 11 -9 11 -12 10 -12 9 -10 11 -12 10 -10 12 -13 11 -11 12 -7 14 -10 11 -10 11 -8 10 -8 11 -10 9 -9 10 -8 9 -8 9 -8 9 -8 8 -8 8 -8 7 -8 7 -7 6 -6 7 -6 5 -6 7 -5 5 -5 5 -5 4 -4 4 -4 4 -4 3 -4 2 -4 2 -4 2 -1 -1 -1 -1 -1 -1 -1 -1 -1 -1 -1 -1 -1 -1 -1 -1 -1 -1 -1 -1 0 0 4 -39 3 -37 3 -42 6 -41 6 -40 6 -35 8 -40 6 -35 7 -44 13 -39 14 -42 13 -40 13 -43 13 -41 11 -34 11 -39 9 -39 13 -38 8 -32 11 -33 12 -30 8 -35 13 -31 11 -33 16 -36 9 -33 1 -35 10 -33 7 -32 4 -31 4 -30 7 -31 3 -33 4 -31 2 -31 1 -32 2 -28 0 -30 3 -30 -1 -31 -2 -30 -6 -28 -4 -27 -5 -30 -4 -25 -6 -26 -4 -26 -8 -26 -9 -26 -4 -27 -5 -26 -5 -25 -5 -26 -13 -22 -18 -25 -18 -25 -22 -20 -1 -1 ]
CSI_DATA,STA,08:3A:F2:51:5D:9D,-48,11,1,0,1,1,1,0,0,0,0,-94,0,6,1,29709989,0,110,0,0,29.903811,384,[110 96 6 0 0 0 0 0 0 0 0 0 21 1 19 1 24 1 25 4 23 3 19 4 22 4 20 4 21 3 21 7 23 8 23 7 22 8 21 8 17 8 23 7 19 7 18 8 18 7 17 6 17 7 19 7 16 9 18 8 19 9 18 6 0 0 18 6 18 4 19 4 18 3 16 5 18 3 18 4 16 2 18 2 16 -1 17 0 15 2 16 1 15 -1 16 -1 15 -2 19 -1 14 -3 15 -3 13 -4 15 -2 15 -3 15 -2 15 -3 14 -1 13 -3 0 0 0 0 0 0 0 0 0 0 -1 -1 -1 -1 -26 -4 -27 -5 -26 0 -23 2 -15 -11 -14 -9 -16 -10 -15 -11 -15 -9 -12 -8 -15 -8 -13 -6 -16 -7 -15 -7 -15 -8 -15 -7 -17 -7 -15 -7 -13 -6 -14 -4 -14 -3 -14 -5 -12 -2 -14 -4 -12 -6 -13 -3 -13 -4 -14 -2 -14 -5 -13 -3 -14 5 -13 -3 -13 -3 -11 -2 -12 -1 -11 -3 -13 -2 -11 -2 -11 -2 -10 -2 -10 -2 -10 -3 -10 -3 -9 -3 -9 -3 -8 -1 -7 -2 -8 -1 -6 -2 -6 -1 -5 -2 -6 -1 -5 -1 -4 -2 -4 -2 -4 -1 -4 -1 -1 -1 -1 -1 -1 -1 -1 -1 -1 -1 -1 -1 -1 -1 -1 -1 -1 -1 -1 -1 0 0 28 -16 26 -15 31 -17 30 -14 31 -16 26 -12 32 -12 26 -11 33 -16 33 -9 35 -11 34 -10 36 -11 34 -11 28 -8 32 -10 29 -12 32 -9 25 -9 28 -8 26 -5 28 -11 28 -5 28 -7 33 -5 27 -9 25 -25 27 -7 26 -9 22 -10 22 -10 25 -9 24 -14 23 -10 23 -13 22 -15 21 -12 21 -14 22 -12 21 -15 20 -14 15 -18 16 -14 18 -17 16 -14 15 -16 16 -14 15 -16 14 -17 18 -15 16 -15 15 -15 16 -14 6 -25 5 -30 5 -30 -2 -30 -1 -1 ]
CSI_DATA,STA,08:3A:F2:51:5D:9D,-48,11,1,0,1,1,1,0,0,0,0,-94,0,6,1,29710478,0,110,0,0,29.914311,384,[110 96 6 0 0 0 0 0 0 0 0 0 6 20 5 19 7 22 4 24 5 23 2 19 3 22 2 20 3 21 1 22 0 24 1 24 1 23 0 23 -2 19 1 24 0 20 -1 20 0 19 0 18 -1 19 0 20 -3 17 -2 20 -2 21 0 19 0 0 0 19 3 18 2 19 3 17 0 17 3 17 2 18 3 16 4 17 5 14 5 16 3 15 4 15 6 14 5 14 7 14 7 17 7 12 7 13 8 11 6 14 7 13 7 14 8 13 5 13 6 11 0 0 0 0 0 0 0 0 0 0 -1 -1 -1 -1 -2 -26 -1 -28 -6 -26 -7 -23 6 -19 5 -17 4 -20 6 -18 4 -17 4 -14 3 -17 2 -15 1 -18 3 -18 4 -18 2 -17 2 -19 2 -17 2 -15 0 -16 -2 -16 0 -16 -2 -13 -1 -14 1 -14 -2 -14 0 -15 -3 -15 0 -16 -2 -15 -8 -14 -1 -14 -2 -14 -2 -12 -3 -13 -1 -12 -2 -13 -3 -11 -2 -11 -2 -11 -2 -10 -1 -11 -1 -11 -1 -10 -1 -9 -2 -9 -1 -8 -2 -8 -1 -6 -1 -7 0 -6 -1 -6 -2 -6 -1 -5 -1 -4 0 -4 -1 -4 -1 -1 -1 -1 -1 -1 -1 -1 -1 -1 -1 -1 -1 -1 -1 -1 -1 -1 -1 -1 0 0 22 27 21 25 25 29 21 29 22 29 17 25 19 31 17 25 24 32 17 33 18 35 17 34 19 36 17 35 13 28 17 32 18 29 16 33 14 24 14 28 11 26 17 27 11 29 13 28 12 33 14 27 26 22 13 27 15 26 15 22 16 21 14 24 19 22 15 22 18 20 20 20 16 18 18 19 16 21 19 19 18 18 21 12 17 14 21 15 16 13 19 11 18 14 20 11 20 10 19 15 19 13 18 12 17 13 26 2 30 0 29 0 29 -8 -1 -1 ]
CSI_DATA,STA,08:3A:F2:51:5D:9D,-49,11,1,0,1,1,1,0,0,0,0,-94,0,6,1,29801257,0,110,0,0,29.968514,384,[110 96 6 0 0 0 0 0 0 0 0 0 -23 10 -22 10 -25 11 -28 9 -25 8 -23 5 -25 7 -23 5 -24 6 -24 4 -27 4 -27 6 -26 4 -26 3 -23 1 -26 5 -23 3 -22 1 -22 2 -21 2 -21 2 -22 2 -19 0 -22 2 -23 3 -20 4 0 0 -21 4 -20 6 -21 6 -18 6 -19 3 -18 5 -19 5 -17 5 -18 7 -14 8 -15 9 -15 6 -15 7 -14 8 -14 8 -14 10 -16 10 -12 10 -12 10 -10 10 -12 9 -12 9 -12 9 -11 11 -11 9 -10 9 0 0 0 0 0 0 0 0 0 0 -1 -1 -1 -1 25 -2 24 -3 25 -7 20 -6 19 3 18 1 19 1 19 3 17 1 15 0 17 0 15 -2 18 -2 16 -1 18 -2 16 -3 18 -3 17 -3 14 -2 15 -5 15 -7 15 -3 12 -6 13 -4 14 -3 13 -5 13 -4 12 -7 14 -5 13 -7 10 -11 13 -7 12 -6 11 -6 10 -6 11 -5 11 -6 9 -6 9 -6 9 -5 8 -6 8 -5 9 -5 8 -5 7 -5 5 -6 5 -5 5 -5 4 -5 4 -5 4 -4 3 -5 2 -5 3 -4 2 -4 2 -5 2 -4 0 0 -1 -1 -1 -1 -1 -1 -1 -1 -1 -1 -1 -1 -1 -1 0 0 0 0 -1 -1 -29 28 -29 29 -32 30 -35 29 -33 27 -30 23 -35 25 -30 23 -36 28 -36 22 -38 25 -37 24 -39 26 -38 24 -34 19 -35 21 -34 24 -36 18 -30 19 -32 17 -31 15 -31 20 -30 14 -31 18 -35 18 -28 20 -21 29 -30 19 -28 18 -25 20 -23 18 -27 19 -24 21 -24 19 -23 21 -22 22 -18 19 -18 22 -20 20 -18 23 -18 23 -13 23 -14 21 -16 24 -13 21 -12 21 -12 20 -10 23 -10 22 -13 22 -11 22 -10 21 -11 21 -2 24 1 29 2 29 6 27 -1 -1 ]
CSI_DATA,STA,08:3A:F2:51:5D:9D,-44,11,1,0,0,1,1,0,0,0,0,-94,0,6,1,29803477,0,110,0,0,29.979503,256,[110 96 6 0 0 0 0 0 0 0 0 0 -20 20 -20 18 -21 20 -22 21 -22 19 -21 16 -22 17 -22 15 -22 16 -23 14 -24 17 -24 16 -22 15 -22 15 -21 12 -23 16 -21 12 -21 12 -20 12 -19 12 -19 11 -19 13 -18 10 -18 12 -19 14 -17 13 0 0 -16 13 -16 14 -15 14 -15 14 -14 13 -13 14 -13 14 -12 13 -12 15 -12 13 -12 15 -11 13 -10 14 -11 14 -11 14 -10 14 -10 16 -9 14 -8 14 -8 14 -8 14 -8 14 -8 14 -7 15 -7 13 -6 13 0 0 0 0 0 0 0 0 0 0 -1 -1 -1 -1 -1 -1 0 0 -4 54 -5 48 -21 43 -20 44 -22 44 -24 46 -24 41 -26 40 -25 42 -29 37 -29 42 -28 38 -28 40 -30 41 -26 38 -27 39 -28 35 -27 40 -25 32 -27 30 -26 33 -27 31 -26 32 -26 31 -24 30 -22 29 -23 31 -21 31 -1 -1 -18 31 -18 30 -17 30 -16 33 -14 28 -15 31 -13 31 -13 29 -12 30 -12 33 -9 33 -9 29 -8 29 -10 29 -8 29 -7 29 -7 29 -6 28 -5 29 -5 28 -4 30 -5 28 -3 27 -2 29 -2 26 -2 27 6 23 7 25 -1 -1 -1 -1 -1 -1 ]
CSI_DATA,STA,08:3A:F2:51:5D:9D,-48,11,1,0,1,1,1,0,0,0,0,-94,0,6,1,29805160,0,110,0,0,29.987008,384,[110 96 6 0 0 0 0 0 0 0 0 0 22 5 21 4 24 5 25 8 23 7 19 8 22 8 19 8 21 8 20 10 22 11 22 10 21 11 20 12 17 11 22 10 18 10 16 11 17 10 16 9 16 10 17 10 14 10 17 10 18 11 17 8 0 0 17 8 17 6 18 7 16 5 15 8 16 5 17 6 15 5 16 4 15 1 16 2 14 4 15 3 15 1 15 1 15 0 17 1 14 -1 14 -1 13 -2 14 0 14 -1 14 0 14 -2 13 0 12 -2 0 0 0 0 0 0 0 0 0 0 -1 -1 -1 -1 -21 -12 -22 -13 -23 -9 -20 -6 -13 -14 -12 -13 -14 -13 -13 -14 -13 -12 -10 -10 -13 -10 -12 -8 -15 -9 -13 -10 -13 -10 -13 -9 -15 -10 -14 -9 -12 -8 -14 -7 -14 -5 -13 -7 -12 -4 -13 -6 -12 -6 -13 -4 -12 -6 -13 -4 -13 -6 -13 -4 -14 1 -12 -4 -12 -4 -11 -3 -11 -3 -11 -4 -11 -3 -10 -2 -10 -3 -9 -2 -9 -2 -9 -3 -9 -3 -8 -3 -7 -2 -7 0 -6 -1 -7 -1 -6 -1 -5 0 -5 -1 -5 0 -5 0 -4 0 -4 0 -3 1 -4 1 0 0 -1 -1 -1 -1 -1 -1 -1 -1 -1 -1 -1 -1 -1 -1 0 0 0 0 -1 -1 37 -6 35 -6 40 -7 40 -4 39 -5 33 -2 39 -2 33 -3 42 -4 39 2 42 2 40 2 43 2 41 3 33 3 38 2 37 0 37 4 31 1 32 3 30 4 33 0 30 5 32 3 36 7 31 1 32 -11 31 2 30 0 28 -2 27 -3 29 0 29 -5 27 -3 27 -5 28 -6 24 -5 26 -7 26 -4 26 -8 25 -8 21 -12 21 -9 24 -11 20 -9 20 -11 20 -10 19 -13 19 -13 22 -10 20 -11 19 -10 19 -10 14 -19 15 -24 14 -24 9 -25 -1 -1 ]
CSI_DATA,STA,08:3A:F2:51:5D:9D,-48,11,1,0,1,1,1,0,0,0,0,-94,0,6,1,29806104,0,110,0,0,29.997210,384,[110 96 6 0 0 0 0 0 0 0 0 0 -9 22 -8 22 -8 25 -13 25 -11 24 -11 19 -12 22 -11 20 -11 21 -13 20 -15 23 -14 23 -15 21 -15 20 -14 16 -14 23 -13 18 -14 17 -13 17 -11 16 -12 16 -12 18 -13 14 -13 17 -14 18 -11 17 0 0 -11 17 -8 18 -9 18 -7 17 -10 15 -7 17 -8 17 -6 16 -6 17 -3 15 -4 17 -6 15 -5 15 -2 15 -2 16 -1 16 -2 18 0 15 0 15 2 13 0 15 0 14 0 15 1 15 -1 14 1 13 0 0 0 0 0 0 0 0 0 0 -1 -1 -1 -1 11 -23 10 -23 8 -25 4 -21 13 -15 11 -15 11 -16 13 -15 10 -15 8 -12 9 -15 7 -14 7 -17 8 -15 9 -16 7 -15 8 -17 7 -15 6 -13 4 -16 2 -16 4 -16 1 -13 3 -14 4 -13 2 -14 4 -14 1 -15 4 -15 1 -15 -4 -14 1 -14 1 -14 0 -12 0 -13 2 -12 0 -12 0 -11 0 -11 -1 -11 -1 -10 0 -10 0 -10 0 -9 0 -9 -2 -8 -2 -7 -2 -7 -2 -6 -2 -6 -2 -6 -3 -5 -2 -5 -2 -5 -2 -4 -3 -4 -3 -4 -1 -1 -1 -1 -1 -1 -1 -1 -1 -1 -1 -1 -1 -1 -1 -1 -1 -1 0 0 0 0 1 41 2 38 3 43 -1 42 1 42 -1 35 -3 43 -2 35 1 45 -8 42 -8 45 -7 43 -7 46 -8 43 -7 36 -5 40 -3 39 -7 40 -3 32 -6 35 -7 31 -2 36 -9 33 -6 34 -10 38 -4 33 9 35 -4 33 -2 32 1 30 1 28 -2 31 3 31 1 29 4 29 6 29 4 26 6 27 3 28 7 28 7 27 12 23 8 22 11 25 8 21 11 20 9 21 13 20 13 19 10 23 10 21 10 20 10 20 20 14 25 14 24 14 28 7 -1 -1 ]
CSI_DATA,STA,08:3A:F2:51:5D:9D,-48,11,1,0,1,1,1,0,0,0,0,-94,0,6,1,29806595,0,110,0,0,30.7433,384,[110 96 6 0 0 0 0 0 0 0 0 0 -16 -17 -15 -16 -18 -19 -16 -22 -16 -20 -11 -18 -14 -20 -12 -19 -13 -19 -11 -21 -12 -23 -12 -23 -11 -22 -10 -22 -8 -19 -13 -22 -10 -19 -8 -20 -9 -18 -9 -18 -8 -18 -10 -19 -6 -18 -8 -19 -8 -21 -9 -18 0 0 -9 -17 -12 -16 -11 -16 -12 -15 -8 -16 -11 -15 -11 -16 -10 -14 -12 -14 -11 -11 -12 -12 -9 -13 -11 -12 -12 -11 -12 -11 -13 -9 -14 -12 -12 -8 -13 -8 -12 -7 -12 -9 -13 -8 -12 -9 -13 -8 -11 -9 -11 -7 0 0 0 0 0 0 0 0 0 0 -1 -1 -1 -1 15 17 15 18 18 15 16 11 4 15 4 14 5 15 3 15 5 13 3 11 5 13 6 10 8 12 6 13 6 13 6 12 8 12 7 11 5 10 8 9 9 7 7 10 7 6 7 9 5 8 8 7 6 9 8 7 8 9 8 7 12 3 8 7 7 7 6 5 7 5 7 6 7 5 6 4 7 5 6 4 6 4 5 5 6 4 5 4 5 3 5 1 4 1 4 2 3 1 3 1 3 1 3 0 3 0 3 0 3 0 3 0 2 -1 0 0 -1 -1 -1 -1 -1 -1 -1 -1 -1 -1 -1 -1 -1 -1 0 0 0 0 -1 -1 -34 -13 -32 -12 -37 -14 -34 -16 -35 -15 -28 -14 -33 -18 -28 -14 -37 -16 -31 -22 -34 -22 -32 -22 -35 -22 -33 -22 -27 -19 -30 -19 -30 -16 -30 -20 -25 -14 -26 -18 -22 -18 -29 -16 -24 -20 -25 -18 -27 -23 -25 -16 -34 -4 -25 -16 -26 -15 -24 -11 -24 -10 -24 -14 -26 -10 -24 -11 -25 -9 -26 -7 -22 -8 -24 -7 -24 -9 -25 -6 -24 -6 -23 0 -22 -3 -25 -2 -21 -3 -21 0 -21 -2 -21 0 -21 1 -23 -3 -22 -2 -20 -1 -20 -2 -20 12 -22 17 -22 15 -18 20 -1 -1 ]
CSI_DATA,STA,08:3A:F2:51:5D:9D,-49,11,1,0,1,1,1,0,0,0,0,-94,0,6,1,29807087,0,110,0,0,30.18102,384,[110 96 6 0 0 0 0 0 0 0 0 0 23 -7 22 -7 25 -9 27 -6 26 -7 22 -4 25 -5 23 -3 24 -5 24 -2 27 -2 27 -2 26 -1 25 0 21 1 27 -3 22 -2 22 0 21 -1 20 -1 20 0 22 -2 19 2 21 0 23 0 20 -2 0 0 20 -2 19 -5 20 -5 18 -6 17 -2 18 -5 19 -4 16 -5 17 -6 14 -8 16 -8 15 -5 15 -6 14 -8 14 -8 13 -10 16 -10 11 -10 12 -10 10 -10 12 -9 11 -10 12 -9 11 -10 11 -9 10 -9 0 0 0 0 0 0 0 0 0 0 -1 -1 -1 -1 -23 10 -23 12 -22 14 -18 13 -18 -1 -17 0 -18 1 -18 -1 -16 1 -14 0 -16 2 -14 3 -16 4 -16 3 -16 3 -15 4 -16 5 -15 4 -13 3 -13 6 -12 7 -14 5 -10 6 -12 5 -12 4 -12 6 -12 5 -11 7 -13 5 -11 7 -7 13 -11 7 -11 6 -8 6 -9 6 -10 5 -9 6 -8 5 -8 5 -8 5 -8 5 -7 5 -7 5 -6 4 -6 4 -5 5 -5 3 -5 4 -5 3 -4 3 -4 4 -3 4 -2 3 -2 3 -2 3 -2 3 -2 3 -1 -1 -1 -1 -1 -1 -1 -1 -1 -1 -1 -1 -1 -1 -1 -1 -1 -1 0 0 0 0 22 -28 21 -27 24 -30 25 -28 24 -28 21 -23 27 -25 22 -23 27 -30 29 -24 30 -26 29 -24 30 -27 29 -25 25 -21 28 -23 24 -25 28 -22 21 -20 24 -19 23 -16 23 -22 24 -17 23 -19 28 -20 21 -20 11 -36 22 -20 21 -20 17 -20 16 -19 19 -20 17 -22 17 -20 15 -23 14 -23 13 -20 12 -22 14 -21 12 -23 12 -23 6 -23 8 -21 8 -24 8 -20 6 -21 8 -20 5 -22 4 -21 8 -22 6 -21 5 -20 6 -21 -7 -24 -12 -28 -12 -27 -16 -24 -1 -1 ]
CSI_DATA,STA,08:3A:F2:51:5D:9D,-48,11,1,0,1,1,1,0,0,0,0,-94,0,6,1,29807683,0,110,0,0,30.28496,384,[110 96 6 0 0 0 0 0 0 0 0 0 22 4 21 4 24 4 25 7 23 7 19 7 22 8 19 8 20 7 20 10 22 11 22 10 21 11 20 11 16 11 22 10 18 9 17 11 17 9 16 9 16 10 17 9 14 10 17 10 18 11 16 8 0 0 17 8 17 6 18 7 16 5 15 7 17 6 17 6 15 5 16 4 15 2 16 2 14 4 15 3 14 1 14 1 15 -1 17 1 13 -1 14 -1 13 -2 14 0 14 -1 14 0 14 -2 13 0 12 -1 0 0 0 0 0 0 0 0 0 0 -1 -1 -1 -1 -22 -11 -22 -12 -23 -8 -21 -5 -13 -14 -12 -12 -14 -13 -13 -14 -13 -11 -10 -9 -13 -10 -12 -8 -14 -8 -13 -10 -14 -10 -13 -9 -15 -9 -13 -9 -11 -8 -13 -6 -14 -5 -13 -7 -12 -3 -13 -5 -11 -6 -13 -4 -12 -6 -13 -4 -13 -6 -13 -4 -13 2 -12 -4 -12 -4 -11 -2 -11 -2 -11 -4 -11 -3 -10 -2 -10 -3 -9 -2 -9 -2 -9 -3 -9 -3 -8 -2 -7 -2 -7 0 -6 -1 -7 0 -6 -1 -5 0 -5 0 -5 0 -4 0 -5 0 -4 0 -4 0 -4 1 0 0 -1 -1 -1 -1 -1 -1 -1 -1 -1 -1 -1 -1 -1 -1 0 0 0 0 -1 -1 37 -7 35 -7 40 -8 39 -5 39 -6 33 -3 39 -2 32 -3 41 -5 39 3 42 2 40 2 43 2 41 3 33 3 38 1 36 -2 38 2 30 -1 33 2 29 4 33 -1 31 5 32 3 36 6 31 1 32 -10 31 1 30 -1 28 -3 26 -4 28 -1 29 -6 27 -3 27 -5 27 -7 25 -6 25 -7 26 -4 26 -8 24 -8 21 -13 20 -9 23 -11 19 -9 19 -11 20 -10 19 -13 18 -13 22 -10 20 -11 19 -10 18 -10 13 -20 13 -24 14 -23 7 -27 -1 -1 ]
CSI_DATA,STA,08:3A:F2:51:5D:9D,-48,11,1,0,1,1,1,0,0,0,0,-94,0,6,1,29808165,0,110,0,0,30.38680,384,[110 96 6 0 0 0 0 0 0 0 0 0 -16 16 -15 16 -16 19 -20 17 -18 16 -17 13 -18 15 -17 13 -17 14 -19 12 -22 13 -21 14 -21 13 -21 11 -18 9 -21 14 -18 10 -19 9 -18 9 -17 10 -18 9 -18 10 -17 6 -18 9 -19 10 -17 10 0 0 -17 10 -15 12 -16 12 -13 11 -15 9 -13 11 -15 11 -13 10 -13 12 -10 12 -11 12 -11 10 -11 11 -9 12 -10 12 -9 13 -11 14 -7 12 -7 12 -5 12 -8 12 -7 12 -8 12 -7 12 -8 11 -6 11 0 0 0 0 0 0 0 0 0 0 -1 -1 -1 -1 20 -11 22 -11 19 -14 16 -14 18 -3 16 -4 17 -6 18 -3 16 -5 13 -4 15 -6 12 -6 15 -8 15 -7 15 -6 14 -6 16 -8 13 -7 12 -6 12 -9 11 -10 12 -8 8 -9 10 -8 10 -7 9 -9 11 -7 9 -10 12 -8 10 -9 7 -12 9 -9 9 -9 7 -8 8 -9 8 -8 7 -9 6 -8 6 -8 6 -7 6 -7 6 -6 6 -7 5 -6 5 -6 3 -6 3 -5 2 -6 3 -5 2 -5 3 -5 1 -5 1 -5 1 -4 1 -5 1 -4 1 -4 0 0 -1 -1 -1 -1 -1 -1 -1 -1 -1 -1 -1 -1 -1 -1 0 0 0 0 -1 -1 -17 35 -16 33 -17 39 -20 35 -19 36 -18 29 -22 35 -18 30 -21 39 -27 32 -28 34 -27 32 -28 35 -28 33 -23 26 -23 32 -21 31 -25 30 -19 25 -22 26 -22 23 -20 29 -24 23 -22 25 -28 27 -20 26 -13 32 -20 25 -18 27 -15 25 -14 25 -17 24 -13 27 -15 25 -12 26 -11 28 -10 24 -11 25 -12 24 -10 26 -9 25 -3 25 -6 22 -6 26 -6 21 -3 23 -4 22 -1 24 0 23 -5 24 -4 22 -4 22 -4 21 7 22 10 25 9 24 16 21 -1 -1 ]
CSI_DATA,STA,08:3A:F2:51:5D:9D,-49,11,1,0,1,1,1,0,0,0,0,-94,0,6,1,29808546,0,110,0,0,30.49176,384,[110 96 6 0 0 0 0 0 0 0 0 0 -17 17 -16 16 -19 20 -22 18 -21 17 -19 13 -21 15 -19 13 -20 14 -21 13 -24 14 -23 15 -23 13 -23 12 -20 8 -23 14 -20 10 -21 9 -19 10 -19 9 -19 8 -20 10 -19 6 -20 9 -21 10 -18 10 0 0 -18 10 -17 12 -17 11 -15 11 -16 8 -16 11 -17 11 -14 10 -15 12 -11 12 -12 13 -13 10 -12 11 -11 12 -11 12 -10 13 -12 14 -8 12 -9 13 -7 12 -9 12 -9 12 -9 12 -8 13 -9 11 -7 11 0 0 0 0 0 0 0 0 0 0 -1 -1 -1 -1 21 -12 22 -13 19 -17 16 -15 18 -4 17 -4 17 -5 18 -3 16 -5 14 -4 15 -5 13 -6 15 -8 15 -7 16 -7 15 -7 15 -9 14 -8 12 -6 12 -9 11 -11 13 -8 9 -9 11 -8 11 -7 10 -9 11 -8 10 -10 12 -8 10 -10 6 -14 10 -10 9 -9 8 -8 8 -9 9 -8 8 -9 7 -8 7 -7 7 -8 6 -8 7 -7 6 -6 5 -7 5 -6 4 -7 4 -6 3 -6 3 -5 2 -5 2 -5 2 -5 1 -5 1 -5 1 -4 1 -5 1 -5 0 0 0 0 -1 -1 -1 -1 -1 -1 -1 -1 -1 -1 0 0 0 0 -1 -1 -1 -1 -14 37 -13 36 -16 40 -18 38 -18 37 -16 32 -21 36 -17 31 -20 39 -24 34 -25 37 -24 35 -25 38 -25 35 -22 29 -23 32 -20 33 -24 31 -18 27 -22 27 -21 24 -19 30 -22 25 -21 27 -26 29 -18 27 -7 35 -20 27 -18 27 -14 26 -14 25 -17 26 -14 27 -14 25 -12 26 -11 28 -9 24 -9 26 -11 25 -8 26 -8 25 -2 25 -5 23 -5 27 -5 23 -2 23 -4 22 -2 23 -1 22 -4 24 -3 23 -3 22 -3 22 9 22 14 25 13 25 17 22 -1 -1 ]
CSI_DATA,STA,08:3A:F2:51:5D:9D,-49,11,1,0,1,1,1,0,0,0,0,-94,0,6,1,29963387,0,110,0,0,30.129957,384,[110 96 6 0 0 0 0 0 0 0 0 0 -19 3 -18 3 -21 4 -23 2 -21 2 -19 0 -21 1 -19 0 -20 0 -20 -1 -22 -1 -23 0 -22 -1 -21 -2 -18 -3 -22 -1 -19 -2 -18 -3 -18 -2 -17 -2 -17 -3 -18 -2 -15 -4 -18 -2 -19 -2 -17 -1 0 0 -17 -1 -17 1 -18 1 -16 2 -16 -1 -16 1 -17 1 -15 1 -16 2 -13 4 -14 4 -13 2 -14 3 -13 4 -13 4 -13 6 -15 5 -12 6 -12 6 -10 7 -12 5 -12 5 -12 6 -12 7 -11 5 -10 6 0 0 0 0 0 0 0 0 0 0 -1 -1 -1 -1 22 2 21 1 24 -3 19 -2 15 6 14 5 16 4 16 7 14 4 12 4 15 3 13 1 15 2 14 3 15 3 15 2 17 2 15 2 13 2 14 0 15 -2 14 2 12 -1 13 1 13 2 13 0 12 1 13 -2 14 1 13 -1 13 -5 13 -1 12 0 11 0 11 -1 12 1 11 -1 10 0 10 0 9 1 9 0 9 1 9 2 8 2 8 2 7 0 5 1 6 1 4 1 4 1 3 2 3 1 3 1 2 2 2 2 1 1 1 1 0 0 -1 -1 -1 -1 -1 -1 -1 -1 -1 -1 -1 -1 -1 -1 0 0 0 0 -1 -1 -26 17 -26 18 -28 18 -30 17 -29 16 -25 14 -30 15 -25 13 -31 18 -31 12 -34 13 -33 14 -35 15 -33 13 -29 11 -30 11 -30 14 -30 9 -26 11 -27 9 -26 7 -27 11 -25 7 -27 10 -31 9 -25 11 -21 20 -26 10 -24 10 -23 12 -20 11 -24 11 -21 13 -21 12 -21 14 -20 15 -18 13 -18 15 -19 13 -18 16 -18 15 -13 16 -14 15 -17 17 -14 15 -12 15 -13 15 -12 17 -11 17 -14 16 -13 16 -12 15 -12 15 -4 19 -3 25 -2 25 1 24 -1 -1 ]
CSI_DATA,STA,08:3A:F2:51:5D:9D,-50,11,1,0,1,1,1,0,0,0,0,-94,0,6,1,29964350,0,110,0,0,30.141066,384,[110 96 6 0 0 0 0 0 0 0 0 0 23 5 21 5 25 5 25 9 24 7 20 8 23 9 20 9 21 8 21 11 23 12 23 11 22 12 21 12 17 12 23 11 19 10 18 12 17 11 17 10 16 11 18 11 14 12 17 11 19 12 17 9 0 0 17 9 18 7 18 7 18 5 15 8 17 6 17 7 15 5 17 5 15 2 17 2 15 4 16 4 15 1 16 1 16 0 18 1 14 -1 15 -1 14 -2 15 0 15 -1 15 -1 15 -2 14 0 13 -2 0 0 0 0 0 0 0 0 0 0 -1 -1 -1 -1 -25 -10 -25 -8 -28 -5 -23 -4 -15 -13 -15 -12 -16 -13 -15 -14 -14 -12 -13 -10 -14 -11 -14 -7 -17 -10 -15 -10 -16 -10 -15 -9 -17 -9 -16 -9 -14 -8 -15 -7 -17 -5 -15 -9 -14 -5 -14 -7 -13 -8 -15 -6 -14 -7 -15 -4 -15 -8 -15 -5 -17 2 -15 -6 -14 -7 -12 -5 -13 -5 -13 -7 -13 -6 -12 -6 -12 -6 -11 -6 -10 -5 -9 -6 -9 -6 -9 -6 -8 -6 -8 -4 -7 -4 -7 -5 -6 -4 -6 -4 -4 -5 -5 -4 -3 -4 -3 -4 -2 -4 -2 -4 -1 -3 0 0 -1 -1 -1 -1 -1 -1 -1 -1 -1 -1 -1 -1 -1 -1 0 0 0 0 -1 -1 33 -11 32 -12 36 -11 36 -10 35 -8 31 -7 36 -6 30 -7 39 -9 36 -3 39 -5 37 -5 40 -6 38 -5 32 -3 36 -2 35 -7 36 -1 29 -4 31 -1 29 1 31 -4 28 0 30 -2 34 0 29 -5 28 -21 30 -3 29 -3 26 -6 24 -5 28 -5 27 -7 26 -6 25 -8 26 -9 21 -8 23 -10 24 -8 23 -11 23 -11 19 -15 19 -12 21 -14 18 -12 18 -12 19 -12 17 -14 17 -14 20 -13 18 -14 17 -13 18 -13 9 -23 9 -29 9 -30 5 -29 -1 -1 ]
CSI_DATA,STA,08:3A:F2:51:5D:9D,-50,11,1,0,1,1,1,0,0,0,0,-94,0,6,1,29965170,0,110,0,0,30.151661,384,[110 96 6 0 0 0 0 0 0 0 0 0 -1 20 -1 20 0 23 -3 24 -3 22 -4 19 -4 21 -5 19 -4 20 -6 20 -7 23 -6 23 -7 22 -8 21 -8 17 -6 22 -7 19 -7 17 -7 18 -6 16 -7 17 -7 18 -8 14 -7 17 -8 18 -6 17 0 0 -6 17 -3 17 -4 18 -2 16 -5 15 -3 16 -4 16 -2 15 -2 16 0 14 0 15 -1 14 -1 14 1 14 1 14 2 14 1 16 3 13 3 13 4 12 2 13 3 13 2 13 4 13 2 12 3 11 0 0 0 0 0 0 0 0 0 0 -1 -1 -1 -1 6 -23 5 -23 2 -25 2 -21 10 -15 9 -15 8 -16 10 -16 8 -14 7 -13 7 -15 5 -14 6 -16 6 -15 7 -16 6 -15 6 -17 5 -15 5 -14 4 -15 2 -16 5 -15 1 -13 4 -14 5 -13 2 -14 4 -13 1 -14 4 -15 2 -15 -3 -16 3 -15 3 -13 2 -12 2 -13 4 -12 2 -12 2 -11 2 -11 3 -11 3 -10 4 -10 4 -9 4 -9 3 -8 2 -8 3 -7 3 -7 3 -6 2 -5 3 -4 3 -4 2 -4 2 -3 2 -2 2 -2 2 -1 0 0 -1 -1 -1 -1 -1 -1 -1 -1 -1 -1 -1 -1 -1 -1 0 0 0 0 -1 -1 12 31 12 30 13 34 11 35 10 33 8 29 8 35 8 29 11 37 4 34 6 38 6 36 7 39 5 37 4 31 4 34 7 34 2 34 5 28 2 30 1 28 5 30 1 28 3 29 1 33 5 28 17 27 4 29 4 27 7 25 6 23 6 26 9 25 6 24 9 24 10 23 8 20 11 22 9 22 12 21 12 21 14 17 12 17 13 19 12 17 13 16 12 17 14 15 14 14 13 17 14 16 13 15 13 16 20 9 25 8 26 7 25 3 -1 -1 ]
CSI_DATA,STA,08:3A:F2:51:5D:9D,-49,11,1,0,1,1,1,0,0,0,0,-94,0,6,1,29982754,0,110,0,0,30.161507,384,[110 96 6 0 0 0 0 0 0 0 0 0 9 19 8 18 10 21 8 24 8 22 5 19 6 22 5 19 6 20 4 21 4 24 5 24 4 23 3 22 1 19 5 23 2 20 1 19 2 19 2 18 2 18 2 19 -1 17 2 19 2 20 3 18 0 0 3 18 5 17 4 18 5 16 2 16 5 16 4 17 5 14 6 15 7 12 7 13 5 13 6 13 7 12 7 12 8 11 9 14 8 10 9 10 9 8 8 11 8 10 8 10 9 10 7 10 8 8 0 0 0 0 0 0 0 0 0 0 -1 -1 -1 -1 -7 -22 -7 -23 -10 -22 -10 -18 1 -17 0 -16 -1 -18 1 -17 -1 -16 0 -13 -1 -15 -2 -13 -3 -16 -2 -16 -2 -16 -3 -15 -3 -17 -3 -15 -3 -13 -5 -14 -6 -13 -4 -14 -6 -11 -5 -13 -3 -12 -6 -12 -3 -13 -6 -12 -5 -14 -5 -13 -10 -10 -5 -12 -5 -12 -5 -10 -5 -11 -4 -11 -5 -11 -4 -10 -5 -9 -3 -9 -4 -9 -2 -9 -3 -9 -2 -9 -2 -8 -2 -7 -2 -6 -3 -6 -1 -5 -1 -5 -1 -5 -1 -4 -1 -4 -1 -3 -1 -3 0 -2 0 -2 -1 -1 -1 -1 -1 -1 -1 -1 -1 -1 -1 -1 -1 -1 -1 -1 -1 -1 0 0 0 0 27 22 26 20 29 22 26 25 27 23 21 21 25 26 22 20 29 26 23 29 24 30 24 29 26 31 23 30 18 25 22 28 22 25 20 28 18 21 18 24 15 23 20 23 15 24 17 24 17 29 18 22 28 15 17 23 18 22 18 18 17 17 17 20 20 17 18 17 20 15 21 15 18 13 20 14 18 15 21 13 20 12 21 7 18 9 22 10 17 8 19 6 18 8 19 5 19 5 20 8 19 7 18 7 18 7 22 -3 25 -6 25 -6 23 -12 -1 -1 ]
CSI_DATA,STA,08:3A:F2:51:5D:9D,-49,11,1,0,1,1,1,0,0,0,0,-94,0,6,1,29983784,0,110,0,0,30.171526,384,[110 96 6 0 0 0 0 0 0 0 0 0 -20 -9 -20 -9 -23 -10 -23 -14 -21 -12 -17 -12 -20 -13 -18 -12 -19 -12 -18 -14 -20 -16 -20 -15 -19 -15 -18 -16 -14 -14 -20 -15 -16 -14 -14 -15 -15 -14 -14 -13 -14 -14 -15 -14 -12 -14 -15 -14 -16 -15 -15 -12 0 0 -15 -12 -16 -11 -16 -11 -15 -9 -13 -11 -15 -10 -15 -11 -14 -9 -15 -9 -14 -5 -15 -6 -13 -7 -14 -7 -14 -5 -14 -5 -15 -4 -17 -6 -14 -3 -14 -3 -13 -2 -14 -4 -14 -3 -14 -3 -14 -2 -13 -4 -12 -2 0 0 0 0 0 0 0 0 0 0 -1 -1 -1 -1 18 12 19 12 21 8 18 6 9 13 8 12 10 12 9 13 9 11 7 9 9 10 9 7 11 9 11 9 10 10 10 9 12 10 10 8 9 8 11 7 12 5 10 8 10 5 10 6 9 6 10 5 9 6 11 5 10 7 10 5 13 0 10 5 9 6 9 4 9 4 8 5 9 4 8 4 7 4 6 4 6 4 6 4 6 4 5 4 5 4 4 2 3 2 4 3 2 2 3 1 2 1 2 1 2 1 1 1 0 1 0 0 0 0 -1 -1 -1 -1 -1 -1 -1 -1 -1 -1 -1 -1 -1 -1 -1 -1 -1 -1 0 0 0 0 -35 1 -33 1 -38 1 -37 -2 -37 -1 -31 -2 -37 -4 -31 -2 -39 -2 -37 -6 -40 -7 -38 -7 -41 -7 -38 -8 -32 -7 -35 -7 -35 -5 -35 -9 -29 -5 -30 -8 -28 -8 -31 -5 -29 -9 -31 -8 -33 -11 -29 -6 -32 7 -29 -7 -29 -5 -27 -3 -25 -2 -27 -5 -27 0 -26 -2 -27 0 -26 2 -23 1 -25 2 -25 0 -25 2 -24 3 -22 7 -21 4 -24 6 -20 4 -19 7 -20 5 -19 8 -19 7 -22 5 -21 6 -19 5 -19 5 -16 17 -16 21 -15 20 -11 23 -1 -1 ]
CSI_DATA,STA,08:3A:F2:51:5D:9D,-49,11,1,0,1,1,1,0,0,0,0,-94,0,6,1,29984229,0,110,0,0,30.181922,384,[110 96 6 0 0 0 0 0 0 0 0 0 0 -25 -1 -24 -1 -28 2 -30 2 -27 3 -23 3 -26 4 -24 3 -24 5 -25 7 -28 5 -28 6 -27 7 -25 8 -21 6 -27 7 -23 8 -21 7 -22 6 -20 7 -21 7 -22 8 -18 7 -21 7 -23 5 -21 0 0 5 -21 3 -21 3 -21 2 -20 5 -19 3 -20 3 -20 2 -18 2 -20 -2 -17 -1 -18 1 -17 0 -17 -2 -17 -1 -17 -3 -17 -2 -19 -4 -16 -4 -16 -5 -14 -3 -16 -4 -15 -4 -16 -5 -15 -3 -15 -4 -13 0 0 0 0 0 0 0 0 0 0 -1 -1 -1 -1 -7 24 -6 25 -3 25 -2 22 -11 15 -10 14 -10 16 -12 16 -9 15 -8 12 -8 14 -5 13 -6 16 -7 15 -8 16 -7 15 -6 17 -6 16 -5 13 -4 15 -3 15 -6 15 -2 12 -4 13 -4 12 -2 14 -4 13 -1 13 -4 14 -3 14 3 14 -3 13 -3 13 -2 11 -2 11 -3 11 -2 11 -1 9 -2 9 -3 9 -2 9 -3 9 -3 8 -2 7 -3 7 -2 6 -2 5 -2 5 -2 4 -2 3 -2 3 -1 3 -1 2 -1 2 -1 1 -1 0 -1 0 -1 -1 -1 -1 -1 -1 -1 -1 -1 -1 -1 -1 -1 -1 -1 -1 -1 -1 0 0 0 0 -17 -38 -17 -36 -18 -41 -15 -42 -16 -40 -12 -35 -13 -41 -13 -34 -17 -43 -9 -42 -9 -45 -9 -44 -10 -47 -8 -45 -7 -37 -8 -41 -10 -41 -6 -41 -8 -34 -6 -35 -5 -33 -9 -36 -4 -35 -5 -36 -3 -40 -8 -35 -19 -33 -6 -34 -8 -33 -9 -30 -9 -28 -8 -31 -12 -29 -10 -28 -13 -28 -14 -28 -12 -25 -14 -27 -11 -27 -15 -26 -14 -25 -18 -21 -14 -21 -17 -23 -14 -20 -16 -18 -15 -19 -18 -17 -18 -17 -16 -21 -17 -19 -15 -19 -15 -19 -24 -11 -28 -10 -28 -9 -29 -3 -1 -1 ]
CSI_DATA,STA,08:3A:F2:51:5D:9D,-49,11,1,0,1,1,1,0,0,0,0,-94,0,6,1,29985359,0,110,0,0,30.192705,384,[110 96 6 0 0 0 0 0 0 0 0 0 -7 23 -6 22 -7 26 -10 27 -9 25 -10 21 -11 23 -11 20 -10 22 -12 21 -14 24 -13 25 -13 23 -14 22 -13 18 -13 24 -13 19 -14 18 -13 18 -12 17 -13 17 -13 18 -14 14 -13 17 -14 19 -11 18 0 0 -11 17 -9 18 -10 19 -8 17 -10 16 -9 17 -9 17 -8 16 -7 17 -4 15 -4 17 -6 15 -5 16 -3 16 -4 15 -2 16 -4 18 -1 15 -1 15 0 14 -3 15 -1 15 -1 15 0 15 -2 14 0 13 0 0 0 0 0 0 0 0 0 0 -1 -1 -1 -1 9 -23 8 -25 5 -26 3 -22 12 -13 11 -13 11 -15 12 -13 10 -13 8 -11 9 -13 6 -12 8 -15 7 -14 9 -14 7 -14 7 -15 7 -14 6 -13 5 -13 3 -15 6 -13 2 -13 4 -12 5 -12 3 -13 5 -12 2 -13 5 -13 3 -13 -3 -15 3 -13 4 -12 3 -11 3 -11 3 -11 3 -11 2 -10 2 -10 3 -9 2 -8 3 -8 3 -8 3 -7 2 -7 1 -6 2 -5 1 -5 1 -4 1 -4 1 -3 0 -3 0 -3 0 -2 0 -2 0 -1 -1 -1 -1 -1 -1 -1 -1 -1 -1 -1 -1 -1 -1 -1 -1 -1 -1 -1 -1 -1 0 0 0 0 9 36 9 34 9 39 7 40 7 38 5 33 4 38 5 32 7 41 2 39 1 42 1 40 2 43 0 41 0 34 -1 38 3 37 -2 38 1 30 -2 33 -3 30 1 33 -3 31 -1 32 -4 36 1 31 17 32 0 31 0 31 2 28 2 26 1 29 5 27 3 26 6 26 7 27 6 23 7 25 5 25 8 25 8 24 12 20 9 21 11 22 9 19 11 18 9 19 12 18 12 16 10 20 11 19 10 17 10 18 21 11 27 12 27 10 28 5 -1 -1 ]
CSI_DATA,STA,08:3A:F2:51:5D:9D,-49,11,1,0,1,1,1,0,0,0,0,-94,0,6,1,29985703,0,110,0,0,30.202723,384,[110 96 6 0 0 0 0 0 0 0 0 0 -13 17 -13 16 -14 19 -17 18 -16 17 -15 14 -17 16 -16 14 -15 15 -17 14 -20 15 -19 16 -19 15 -19 13 -17 10 -19 15 -17 12 -17 10 -16 11 -16 10 -17 10 -17 11 -16 7 -17 10 -18 11 -15 11 0 0 -16 11 -13 12 -14 12 -12 12 -14 10 -13 11 -13 12 -11 10 -12 12 -8 11 -9 13 -10 10 -9 11 -8 12 -8 11 -7 13 -9 13 -6 12 -6 12 -4 12 -7 12 -6 12 -6 11 -5 12 -6 11 -5 11 0 0 0 0 0 0 0 0 0 0 -1 -1 -1 -1 16 -14 18 -15 14 -18 12 -16 15 -6 14 -6 14 -8 15 -6 13 -7 11 -6 12 -7 10 -7 12 -9 12 -8 12 -8 12 -8 12 -9 11 -8 10 -7 10 -10 9 -11 10 -9 7 -9 8 -9 9 -7 7 -9 9 -8 7 -10 9 -8 7 -9 4 -12 7 -9 8 -8 6 -7 6 -8 7 -7 6 -8 5 -7 5 -7 6 -6 5 -6 6 -6 5 -5 5 -4 4 -4 4 -4 3 -3 2 -4 2 -2 2 -3 2 -2 1 -2 1 -2 0 -1 0 -1 0 -1 -1 -1 -1 -1 -1 -1 -1 -1 -1 -1 -1 -1 -1 -1 -1 -1 -1 -1 -1 -1 0 0 0 0 -7 34 -6 33 -8 37 -11 36 -10 35 -10 29 -13 34 -9 29 -11 38 -15 34 -17 36 -16 35 -17 37 -17 35 -15 28 -16 32 -14 32 -17 31 -12 26 -15 27 -15 24 -13 29 -16 25 -15 27 -19 29 -13 27 -2 32 -14 26 -12 26 -10 25 -8 23 -11 25 -7 25 -8 24 -7 25 -5 26 -5 23 -5 24 -7 23 -3 25 -4 23 1 22 -2 21 -1 24 -1 20 1 20 0 20 3 20 3 19 0 21 0 20 0 19 0 19 11 19 15 21 15 20 18 17 -1 -1 ]
CSI_DATA,STA,08:3A:F2:51:5D:9D,-49,11,1,0,1,1,1,0,0,0,0,-94,0,6,1,29986141,0,110,0,0,30.213086,384,[110 96 6 0 0 0 0 0 0 0 0 0 -22 3 -21 3 -24 3 -27 1 -24 1 -21 -1 -23 -1 -21 -1 -22 -1 -22 -2 -26 -3 -25 -2 -24 -3 -24 -4 -20 -5 -24 -3 -21 -4 -20 -5 -20 -4 -19 -4 -19 -5 -20 -5 -17 -6 -20 -5 -21 -5 -19 -3 0 0 -19 -3 -19 -1 -20 -2 -18 -1 -17 -3 -18 -1 -18 -2 -16 -1 -17 0 -15 2 -16 2 -15 0 -15 1 -15 2 -14 2 -15 4 -17 3 -13 4 -13 4 -12 5 -13 3 -13 4 -13 4 -13 5 -13 3 -11 4 0 0 0 0 0 0 0 0 0 0 -1 -1 -1 -1 21 3 21 2 23 -1 19 -1 13 6 13 6 14 5 14 7 13 5 11 4 13 4 12 2 14 3 13 3 13 4 13 2 15 2 13 3 12 2 13 1 13 -1 12 2 11 -1 11 1 11 2 11 0 10 1 11 -1 12 1 11 -1 10 -6 11 0 10 0 9 0 9 -1 10 0 10 -1 8 -1 8 0 7 0 7 0 7 1 7 1 6 0 5 0 4 0 4 0 4 0 3 0 2 0 2 0 1 -1 1 0 1 0 0 0 0 -1 -1 -1 -1 -1 -1 -1 -1 -1 -1 -1 -1 -1 -1 -1 -1 -1 -1 -1 -1 -1 0 0 0 0 -30 18 -29 19 -33 19 -35 18 -33 17 -30 14 -34 15 -28 14 -36 18 -35 12 -38 14 -36 13 -39 15 -37 13 -32 10 -35 10 -34 14 -35 8 -29 10 -31 8 -29 6 -31 10 -29 6 -30 8 -34 7 -28 10 -25 22 -29 9 -28 9 -26 10 -23 10 -27 9 -25 12 -24 10 -24 13 -23 14 -20 11 -21 14 -22 12 -21 14 -20 14 -16 16 -17 14 -19 16 -16 14 -14 15 -16 14 -14 16 -14 15 -16 14 -15 15 -14 14 -14 14 -7 21 -5 26 -4 26 -1 25 -1 -1 ]
CSI_DATA,STA,08:3A:F2:51:5D:9D,-49,11,1,0,1,1,1,0,0,0,0,-94,0,6,1,29986710,0,110,0,0,30.223326,384,[110 96 6 0 0 0 0 0 0 0 0 0 -1 -22 -1 -22 -1 -25 2 -27 1 -24 3 -21 2 -23 3 -21 3 -22 4 -22 4 -25 3 -25 4 -24 5 -23 6 -20 4 -24 5 -21 6 -19 5 -20 4 -18 5 -19 5 -19 6 -16 4 -20 5 -21 3 -19 0 0 3 -19 1 -18 1 -20 0 -17 3 -17 1 -18 1 -18 0 -16 0 -17 -3 -15 -3 -16 -1 -15 -2 -15 -3 -15 -3 -15 -5 -15 -4 -17 -5 -13 -5 -13 -6 -12 -4 -14 -5 -13 -5 -13 -7 -13 -4 -12 -5 -11 0 0 0 0 0 0 0 0 0 0 -1 -1 -1 -1 -3 21 -2 22 1 23 2 19 -7 14 -6 13 -6 15 -8 15 -6 13 -5 12 -4 13 -2 12 -3 14 -3 14 -4 14 -3 14 -2 15 -2 14 -2 11 -1 12 1 13 -2 12 1 11 -1 11 -1 11 1 11 -1 11 2 11 -1 12 1 11 5 11 0 11 0 11 1 9 0 10 0 9 1 9 1 8 0 8 0 7 0 7 -1 7 0 6 0 6 -1 5 -1 4 -1 3 0 3 -1 3 0 2 -1 2 -1 1 0 1 0 0 0 0 0 0 0 -1 -1 -1 -1 -1 -1 -1 -1 -1 -1 -1 -1 -1 -1 -1 -1 -1 -1 -1 0 0 0 0 -17 -31 -17 -30 -18 -34 -16 -35 -16 -33 -13 -30 -13 -34 -13 -28 -16 -36 -11 -35 -13 -39 -13 -37 -14 -39 -12 -38 -9 -32 -10 -35 -12 -35 -8 -35 -9 -29 -8 -30 -6 -28 -11 -30 -6 -29 -9 -30 -7 -35 -10 -29 -22 -25 -9 -29 -9 -28 -11 -25 -10 -23 -10 -27 -13 -24 -11 -23 -14 -23 -14 -23 -13 -20 -15 -21 -13 -21 -15 -21 -15 -20 -17 -16 -15 -17 -17 -19 -15 -16 -15 -14 -15 -15 -17 -13 -16 -13 -17 -16 -17 -14 -15 -14 -15 -14 -22 -6 -26 -4 -26 -3 -26 2 -1 -1 ]
CSI_DATA,STA,08:3A:F2:51:5D:9D,-50,11,1,0,1,1,1,0,0,0,0,-94,0,6,1,29996276,0,110,0,0,30.234027,384,[110 96 6 0 0 0 0 0 0 0 0 0 -5 21 -4 20 -5 23 -8 24 -7 22 -8 19 -8 20 -8 19 -8 20 -9 19 -10 22 -10 22 -10 21 -11 20 -10 16 -10 21 -10 18 -10 16 -10 16 -9 15 -10 16 -10 17 -10 13 -10 16 -11 17 -8 16 0 0 -8 16 -6 16 -7 17 -5 15 -7 14 -6 15 -6 16 -5 14 -5 15 -2 13 -2 14 -4 13 -3 13 -2 13 -2 13 0 14 -2 15 1 12 0 12 2 11 0 12 0 12 0 12 1 12 0 11 1 11 0 0 0 0 0 0 0 0 0 0 -1 -1 -1 -1 13 -14 12 -15 10 -18 9 -15 11 -10 10 -9 11 -10 12 -10 10 -9 8 -8 9 -10 7 -10 8 -11 8 -9 8 -10 7 -10 8 -12 7 -10 6 -9 6 -10 4 -12 6 -9 4 -10 5 -8 6 -8 4 -9 5 -8 3 -9 5 -9 4 -9 1 -9 4 -9 5 -8 3 -7 3 -7 5 -6 4 -6 4 -5 4 -5 4 -4 3 -4 4 -3 4 -2 4 -1 4 -1 3 -1 3 0 3 0 2 1 2 1 1 2 1 3 1 3 0 4 0 4 -1 4 -2 5 -1 -1 0 0 0 0 -1 -1 -1 -1 0 0 0 0 0 0 -1 -1 -1 -1 -1 -1 4 36 5 36 3 39 1 41 0 37 0 34 -1 38 0 34 0 41 -4 37 -3 40 -3 39 -3 42 -5 40 -5 35 -5 36 -3 38 -8 35 -4 32 -6 31 -7 30 -4 33 -7 29 -5 31 -8 34 -2 30 7 30 -4 31 -4 29 -1 29 -1 25 -2 29 0 28 0 26 1 27 2 27 3 23 5 24 2 24 5 25 5 24 7 21 6 21 6 23 6 20 7 19 6 19 9 19 8 18 6 20 7 18 7 18 6 18 12 15 17 16 18 16 18 13 -1 -1 ]
CSI_DATA,STA,08:3A:F2:51:5D:9D,-48,11,1,0,1,1,1,0,0,0,0,-94,0,6,1,30126912,0,110,0,0,30.293453,384,[110 96 6 0 0 0 0 0 0 0 0 0 14 -17 14 -16 16 -20 19 -19 17 -17 16 -14 18 -15 16 -13 17 -14 18 -13 21 -15 20 -15 20 -14 20 -13 18 -10 20 -15 18 -12 18 -10 17 -11 16 -10 17 -10 17 -11 16 -7 18 -11 18 -11 16 -11 0 0 17 -11 14 -12 15 -13 13 -12 14 -10 12 -12 13 -11 10 -11 13 -11 8 -12 10 -14 8 -11 9 -12 8 -12 11 -13 8 -14 8 -14 6 -14 4 -11 6 -13 8 -11 6 -14 7 -14 4 -14 5 -11 5 -13 0 0 0 0 0 0 0 0 0 0 -1 -1 -1 -1 -21 12 -18 16 -16 17 -14 15 -17 4 -15 4 -16 6 -16 4 -14 5 -12 4 -14 6 -10 6 -13 8 -13 7 -13 7 -12 7 -13 9 -12 8 -10 7 -10 8 -9 10 -11 8 -7 8 -9 8 -10 7 -8 9 -9 8 -7 10 -10 9 -8 10 -3 13 -8 9 -8 8 -7 8 -7 8 -8 8 -6 8 -6 7 -7 7 -7 7 -6 7 -7 7 -6 6 -6 6 -6 5 -5 6 -5 5 -5 5 -5 4 -4 5 -5 3 -4 4 -4 3 -3 3 -4 2 -4 2 -4 2 -1 -1 -1 -1 -1 -1 -1 -1 -1 -1 -1 -1 -1 -1 -1 -1 -1 -1 -1 -1 0 0 11 -35 10 -34 13 -38 15 -38 14 -36 13 -31 17 -35 13 -30 16 -38 20 -33 20 -36 19 -35 20 -37 21 -35 18 -29 19 -32 16 -34 20 -31 14 -27 18 -28 18 -24 15 -29 17 -25 17 -27 21 -29 15 -28 5 -33 16 -27 14 -26 12 -27 10 -23 12 -28 10 -27 9 -25 8 -26 7 -28 4 -24 6 -27 4 -23 5 -28 5 -25 0 -23 3 -21 -1 -26 3 -21 -3 -21 2 -22 0 -18 -2 -24 -1 -23 0 -23 -1 -19 1 -24 -8 -22 -15 -22 -16 -25 -18 -16 -1 -1 ]
CSI_DATA,STA,08:3A:F2:51:5D:9D,-48,11,1,0,1,1,1,0,0,0,0,-94,0,6,1,30169718,0,110,0,0,30.336095,384,[110 96 6 0 0 0 0 0 0 0 0 0 20 8 19 7 23 8 22 12 22 11 17 10 20 11 18 10 19 10 18 13 20 15 20 14 19 15 18 15 14 13 20 14 16 13 15 14 15 12 14 12 14 12 16 13 12 13 14 14 15 14 15 11 0 0 15 11 16 9 16 10 16 8 13 10 15 8 15 9 14 7 15 7 14 4 15 5 13 7 14 6 14 4 14 4 14 2 17 4 13 2 14 1 13 0 14 2 14 1 14 2 14 1 13 3 12 1 0 0 0 0 0 0 0 0 0 0 -1 -1 -1 -1 -22 -11 -23 -11 -24 -7 -20 -5 -12 -13 -11 -11 -13 -12 -11 -13 -12 -11 -9 -9 -12 -10 -11 -7 -13 -8 -13 -10 -12 -10 -12 -9 -14 -9 -13 -8 -11 -8 -13 -6 -13 -4 -13 -7 -11 -4 -12 -5 -11 -7 -12 -4 -12 -6 -13 -3 -13 -6 -13 -4 -14 3 -12 -4 -12 -4 -11 -3 -11 -3 -11 -4 -12 -3 -10 -3 -11 -3 -10 -3 -10 -2 -10 -3 -10 -4 -9 -3 -8 -4 -8 -1 -7 -2 -8 -1 -6 -2 -6 -2 -6 -3 -6 -1 -6 -2 -5 -2 -5 -2 -4 -2 -4 -2 -1 -1 -1 -1 -1 -1 -1 -1 -1 -1 -1 -1 -1 -1 -1 -1 -1 -1 -1 -1 0 0 35 -3 32 -4 38 -5 36 -1 37 -3 30 -1 37 2 31 0 40 -2 38 5 39 5 38 5 41 4 39 5 31 4 36 3 34 2 36 5 28 2 31 5 28 6 32 1 29 7 30 5 34 9 29 3 31 -11 29 3 29 2 26 0 25 -1 26 1 28 -3 26 -1 26 -4 26 -5 23 -3 25 -4 25 -2 25 -6 23 -6 20 -11 19 -7 22 -10 18 -6 19 -10 19 -8 18 -11 17 -11 21 -8 20 -9 18 -8 18 -8 13 -20 12 -25 13 -23 7 -27 -1 -1 ]
CSI_DATA,STA,08:3A:F2:51:5D:9D,-48,11,1,0,1,1,1,0,0,0,0,-94,0,6,1,30179048,0,110,0,0,30.347157,384,[110 96 6 0 0 0 0 0 0 0 0 0 20 -7 19 -7 23 -9 25 -6 23 -6 20 -4 23 -4 20 -4 21 -4 22 -3 25 -3 24 -4 24 -2 23 -1 19 0 24 -3 20 -1 20 0 19 -1 18 -1 19 0 20 -1 17 1 19 0 21 0 19 -2 0 0 19 -2 18 -3 19 -3 16 -4 16 -2 17 -4 17 -3 15 -4 16 -5 13 -7 15 -7 14 -4 14 -5 13 -7 13 -7 13 -8 15 -8 11 -8 12 -8 9 -9 12 -8 12 -8 12 -8 11 -9 11 -7 10 -8 0 0 0 0 0 0 0 0 0 0 -1 -1 -1 -1 -24 -1 -24 -2 -23 2 -20 3 -17 -6 -16 -5 -19 -5 -18 -7 -17 -4 -14 -4 -16 -3 -14 0 -17 -1 -16 -2 -17 -2 -17 -1 -18 -1 -16 -1 -14 -1 -16 1 -15 3 -15 0 -12 2 -14 1 -14 0 -14 2 -14 1 -14 3 -15 1 -14 3 -12 7 -14 3 -14 2 -11 2 -12 3 -12 1 -12 3 -11 3 -11 3 -10 2 -10 3 -10 2 -10 1 -10 1 -9 1 -9 2 -8 1 -8 2 -7 2 -6 1 -6 1 -6 2 -6 1 -5 0 -5 0 -4 1 -4 0 -1 -1 -1 -1 -1 -1 -1 -1 -1 -1 -1 -1 -1 -1 -1 -1 -1 -1 -1 -1 0 0 29 -24 27 -24 32 -26 33 -23 32 -23 28 -19 33 -21 26 -20 34 -24 34 -19 37 -20 36 -19 38 -20 37 -18 31 -15 35 -17 33 -19 35 -15 27 -15 30 -14 28 -12 29 -16 29 -13 30 -14 34 -13 28 -15 23 -24 28 -15 27 -15 24 -15 22 -16 25 -15 23 -18 22 -16 22 -19 21 -19 19 -18 20 -19 21 -17 19 -20 19 -20 14 -21 15 -18 16 -22 13 -18 12 -20 12 -18 10 -21 11 -21 14 -20 13 -20 12 -18 12 -18 4 -23 4 -28 1 -28 -3 -27 -1 -1 ]
CSI_DATA,STA,08:3A:F2:51:5D:9D,-48,11,1,0,1,1,1,0,0,0,0,-94,0,6,1,30179645,0,110,0,0,30.357809,384,[110 96 6 0 0 0 0 0 0 0 0 0 16 14 15 13 19 15 17 18 16 17 12 16 14 17 13 16 14 17 13 18 14 20 14 20 13 20 12 20 9 17 13 20 10 17 9 18 10 17 9 16 9 17 10 17 6 16 9 17 10 18 10 15 0 0 10 15 12 14 12 15 12 13 9 14 11 13 11 14 10 11 12 12 12 9 12 10 10 10 11 10 12 8 11 8 13 7 14 10 12 6 13 6 12 4 12 7 12 6 12 6 13 5 10 6 11 5 0 0 0 0 0 0 0 0 0 0 -1 -1 -1 -1 -10 -21 -12 -22 -15 -19 -13 -16 -4 -18 -5 -17 -6 -19 -5 -19 -6 -17 -5 -14 -6 -15 -7 -13 -8 -16 -7 -15 -7 -16 -8 -15 -9 -16 -9 -15 -7 -13 -9 -13 -11 -12 -8 -14 -10 -10 -9 -11 -8 -12 -9 -11 -8 -12 -11 -10 -9 -13 -10 -11 -12 -7 -9 -10 -9 -11 -9 -9 -9 -9 -9 -10 -10 -9 -9 -8 -9 -8 -8 -8 -8 -7 -7 -8 -7 -8 -7 -8 -7 -7 -7 -6 -5 -6 -7 -6 -5 -5 -5 -5 -5 -5 -5 -4 -5 -4 -4 -4 -3 -4 -3 -4 -3 -3 -1 -1 -1 -1 -1 -1 -1 -1 -1 -1 -1 -1 -1 -1 -1 -1 -1 -1 -1 -1 0 0 34 13 33 11 38 15 37 17 36 16 29 15 33 18 30 14 37 18 33 21 35 22 34 21 36 23 34 23 28 19 31 22 33 19 30 23 26 17 26 19 24 18 28 18 24 20 26 19 28 23 26 17 32 8 26 18 25 17 25 14 24 12 25 15 26 12 24 12 27 10 27 10 24 8 26 8 24 9 26 7 25 6 24 2 23 4 26 4 22 3 22 1 21 2 23 -1 23 -1 24 2 23 2 21 1 21 2 22 -7 25 -11 24 -12 22 -16 -1 -1 ]
CSI_DATA,STA,08:3A:F2:51:5D:9D,-48,11,1,0,1,1,1,0,0,0,0,-94,0,6,1,30184529,0,110,0,0,30.368093,384,[110 96 6 0 0 0 0 0 0 0 0 0 21 6 20 6 24 6 24 9 22 8 18 8 21 10 19 9 20 9 19 11 22 12 22 11 21 12 20 12 16 12 22 12 18 11 17 12 16 11 15 10 16 11 17 11 14 11 16 11 18 12 17 9 0 0 16 9 17 7 18 7 17 6 14 8 16 6 17 7 15 5 16 5 15 2 16 2 14 4 15 3 14 1 15 2 15 0 17 2 14 -1 15 0 13 -2 14 0 14 -1 14 -1 14 -2 13 0 12 -2 0 0 0 0 0 0 0 0 0 0 -1 -1 -1 -1 -24 -7 -25 -7 -24 -2 -21 1 -14 -10 -13 -10 -15 -10 -14 -11 -14 -9 -11 -7 -13 -7 -12 -5 -15 -6 -14 -7 -15 -7 -14 -6 -15 -6 -14 -6 -12 -5 -14 -4 -14 -2 -14 -4 -12 -2 -13 -3 -12 -4 -13 -1 -13 -3 -13 -1 -14 -4 -13 -1 -13 5 -13 -1 -12 -2 -11 -1 -12 -1 -11 -2 -11 -1 -10 -1 -10 -1 -10 -1 -10 0 -10 -1 -10 -2 -9 -2 -8 -2 -8 0 -7 -1 -7 0 -6 -1 -5 -1 -5 -1 -5 0 -5 -1 -5 -1 -4 -1 -4 -1 -4 -1 0 0 -1 -1 -1 -1 -1 -1 -1 -1 -1 -1 -1 -1 -1 -1 0 0 0 0 -1 -1 33 -8 31 -9 36 -10 35 -7 35 -8 29 -5 35 -4 29 -6 37 -8 36 -2 39 -2 37 -2 40 -3 38 -1 31 0 35 -1 33 -4 35 -1 27 -3 30 -1 27 1 30 -3 29 1 30 0 34 2 28 -3 29 -18 29 -2 28 -3 25 -4 24 -5 26 -4 25 -7 24 -5 24 -8 24 -9 22 -8 23 -10 24 -7 23 -10 21 -10 18 -14 18 -11 21 -13 17 -10 16 -12 17 -11 15 -14 15 -14 19 -13 17 -12 16 -12 16 -12 9 -22 8 -27 7 -26 1 -28 -1 -1 ]
CSI_DATA,STA,08:3A:F2:51:5D:9D,-48,11,1,0,1,1,1,0,0,0,0,-94,0,6,1,30187985,0,110,0,0,30.378460,384,[110 96 6 0 0 0 0 0 0 0 0 0 8 20 7 20 9 23 7 26 6 22 4 21 4 23 3 21 4 22 2 22 3 25 4 25 3 24 1 24 -1 21 2 25 0 22 -1 20 0 21 -1 19 -1 20 -1 21 -3 17 0 20 0 22 1 19 0 0 0 19 3 18 3 20 3 17 0 18 2 17 2 18 2 16 3 17 5 13 6 15 3 14 4 15 6 14 5 14 7 14 6 16 7 13 6 13 7 11 5 13 6 12 6 12 8 12 6 12 6 10 0 0 0 0 0 0 0 0 0 0 -1 -1 -1 -1 2 -24 1 -24 -4 -26 -2 -21 6 -17 5 -17 4 -18 6 -18 4 -16 3 -14 3 -16 2 -14 2 -17 2 -16 2 -17 1 -16 0 -18 0 -16 1 -15 0 -15 -2 -16 1 -15 -3 -14 -1 -14 0 -14 -2 -14 0 -13 -3 -14 -1 -15 -3 -14 -7 -13 -2 -14 -2 -13 -3 -13 -2 -12 -1 -12 -3 -12 -2 -11 -2 -11 -1 -11 -2 -10 -1 -11 -2 -10 -2 -9 -2 -9 -2 -8 -1 -8 -2 -8 -1 -7 -1 -6 -1 -6 -1 -5 -1 -5 -2 -5 -2 -5 -1 -4 -1 -4 -1 -1 0 0 0 0 -1 -1 -1 -1 -1 -1 0 0 0 0 -1 -1 -1 -1 -1 -1 25 26 26 25 26 29 26 32 23 29 20 27 22 32 20 26 25 33 19 32 22 35 21 34 23 36 21 35 17 31 17 33 20 33 15 34 16 28 13 29 11 28 16 30 11 28 15 29 13 33 16 27 26 21 15 28 14 27 17 25 14 22 15 26 17 23 15 23 17 22 18 22 16 17 19 19 17 20 19 19 19 18 19 13 18 15 19 17 18 14 18 13 17 13 19 12 19 12 18 14 19 12 17 12 17 13 22 4 28 1 29 0 27 -3 -1 -1 ]
CSI_DATA,STA,08:3A:F2:51:5D:9D,-48,11,1,0,1,1,1,0,0,0,0,-94,0,6,1,30188406,0,110,0,0,30.388450,384,[110 96 6 0 0 0 0 0 0 0 0 0 -19 16 -18 16 -20 18 -24 17 -21 15 -20 12 -22 14 -21 12 -21 13 -22 12 -25 13 -24 14 -24 13 -24 11 -21 8 -25 13 -22 10 -22 8 -21 9 -19 8 -20 8 -21 9 -19 5 -21 8 -22 9 -19 10 0 0 -19 9 -18 11 -19 11 -16 11 -17 8 -17 10 -17 10 -15 10 -16 11 -11 12 -13 13 -13 10 -13 11 -11 12 -11 12 -11 13 -13 14 -9 13 -9 13 -7 12 -10 12 -9 12 -9 12 -8 13 -9 11 -7 12 0 0 0 0 0 0 0 0 0 0 -1 -1 -1 -1 21 -14 19 -15 18 -20 16 -16 17 -5 16 -6 16 -6 18 -5 15 -5 13 -6 15 -6 12 -8 15 -9 14 -8 14 -9 13 -9 14 -11 13 -10 12 -8 12 -10 11 -13 13 -9 9 -10 10 -9 11 -8 10 -9 10 -9 8 -11 11 -10 9 -11 5 -15 10 -11 9 -9 8 -9 8 -9 9 -9 8 -9 7 -8 7 -9 7 -8 6 -9 7 -8 6 -7 6 -7 6 -7 5 -7 5 -6 4 -6 4 -5 3 -6 3 -5 3 -5 3 -4 2 -4 2 -3 2 -3 2 -3 -1 -1 0 0 0 0 -1 -1 -1 -1 -1 -1 0 0 0 0 -1 -1 -1 -1 -1 -1 -12 35 -10 36 -15 37 -16 39 -16 34 -15 32 -19 34 -14 31 -19 38 -20 33 -21 36 -19 35 -21 38 -21 36 -19 30 -22 31 -19 35 -23 29 -17 27 -20 26 -20 25 -19 29 -19 24 -18 27 -22 29 -15 27 -1 36 -18 28 -18 26 -13 27 -13 23 -16 27 -12 27 -13 25 -11 27 -10 27 -8 23 -7 26 -8 24 -6 26 -6 26 -2 24 -4 24 -5 26 -3 23 -2 22 -3 22 0 23 -1 22 -3 23 -1 22 -1 21 -2 22 10 21 16 25 17 25 18 21 -1 -1 ]
CSI_DATA,STA,08:3A:F2:51:5D:9D,-48,11,1,0,1,1,1,0,0,0,0,-94,0,6,1,30188884,0,110,0,0,30.398959,384,[110 96 6 0 0 0 0 0 0 0 0 0 -21 -9 -21 -9 -24 -10 -24 -13 -22 -12 -18 -12 -21 -13 -19 -12 -20 -12 -19 -14 -22 -16 -22 -15 -21 -15 -19 -16 -16 -14 -21 -15 -17 -14 -15 -15 -16 -13 -15 -13 -15 -14 -17 -14 -13 -14 -16 -14 -17 -15 -16 -12 0 0 -16 -12 -17 -10 -17 -11 -16 -9 -14 -11 -16 -10 -16 -11 -15 -9 -17 -9 -15 -5 -17 -5 -14 -7 -15 -7 -15 -5 -15 -5 -16 -3 -18 -5 -15 -2 -15 -2 -14 -1 -15 -3 -15 -3 -15 -3 -15 -1 -13 -3 -13 -1 0 0 0 0 0 0 0 0 0 0 -1 -1 -1 -1 20 12 21 11 24 8 19 6 10 12 10 12 11 12 11 13 10 11 9 9 11 10 10 7 12 8 11 8 12 9 12 8 13 8 12 8 11 6 12 6 13 4 11 7 11 3 10 5 10 6 12 4 10 5 12 2 11 5 12 3 13 -3 12 3 11 4 10 3 10 2 10 3 10 2 9 2 9 3 9 2 8 2 8 2 8 3 7 2 7 2 6 1 5 1 6 1 5 1 5 0 4 1 4 0 4 0 3 0 3 0 2 0 2 0 -1 -1 -1 -1 -1 -1 -1 -1 -1 -1 -1 -1 -1 -1 -1 -1 -1 -1 -1 -1 0 0 -36 2 -35 4 -39 2 -40 0 -37 0 -33 -1 -38 -3 -32 -1 -41 0 -37 -6 -41 -5 -39 -4 -42 -4 -40 -6 -34 -5 -36 -6 -37 -3 -35 -8 -31 -4 -32 -7 -29 -8 -33 -4 -30 -7 -32 -6 -35 -9 -31 -3 -33 11 -31 -4 -30 -4 -29 -1 -26 -1 -30 -2 -28 1 -27 -1 -28 2 -28 3 -24 2 -26 4 -26 2 -26 5 -25 5 -22 8 -22 6 -25 7 -22 6 -20 8 -21 6 -20 9 -20 9 -22 7 -21 8 -19 8 -20 8 -15 17 -16 23 -14 24 -10 25 -1 -1 ]
CSI_DATA,STA,08:3A:F2:51:5D:9D,-48,11,1,0,1,1,1,0,0,0,0,-94,0,6,1,30189362,0,110,0,0,30.409469,384,[110 96 6 0 0 0 0 0 0 0 0 0 3 -23 2 -22 2 -25 6 -26 5 -24 6 -21 7 -23 6 -21 6 -22 8 -22 9 -24 8 -25 9 -23 10 -23 9 -19 9 -24 9 -21 9 -18 9 -19 8 -18 9 -18 9 -19 9 -16 9 -18 10 -20 7 -19 0 0 7 -19 5 -19 5 -20 4 -18 6 -17 5 -18 5 -18 3 -17 4 -18 0 -16 1 -17 3 -15 2 -16 0 -16 0 -16 -1 -16 0 -18 -2 -15 -2 -15 -3 -14 -1 -15 -2 -15 -2 -15 -3 -15 -1 -14 -3 -13 0 0 0 0 0 0 0 0 0 0 -1 -1 -1 -1 -10 22 -8 22 -5 24 -4 20 -12 12 -11 12 -11 13 -13 13 -10 12 -8 11 -9 13 -7 11 -7 14 -8 13 -8 14 -7 14 -7 15 -6 13 -6 12 -5 13 -3 14 -6 13 -3 12 -5 11 -5 11 -4 12 -4 11 -2 12 -4 13 -3 12 4 14 -3 13 -3 11 -2 11 -2 11 -3 10 -1 11 -2 9 -2 9 -2 9 -2 9 -3 9 -2 9 -2 8 -2 7 -1 6 -2 6 -1 6 -2 5 -1 5 -2 5 0 4 0 4 -1 3 -1 3 -1 2 -1 3 -1 -1 0 0 0 0 -1 -1 -1 -1 -1 -1 0 0 0 0 -1 -1 -1 -1 -1 -1 -11 -36 -11 -35 -11 -39 -9 -40 -7 -38 -6 -34 -5 -39 -6 -33 -8 -41 -3 -39 -4 -42 -4 -40 -4 -43 -3 -41 -2 -35 -1 -38 -4 -39 1 -37 -3 -32 0 -33 1 -31 -3 -34 1 -31 -1 -33 1 -37 -4 -32 -17 -31 -2 -32 -3 -31 -5 -29 -4 -27 -4 -30 -7 -29 -6 -28 -8 -28 -8 -28 -8 -24 -10 -26 -8 -26 -10 -26 -11 -25 -14 -21 -11 -22 -13 -24 -11 -20 -12 -19 -11 -20 -14 -19 -14 -19 -12 -21 -13 -19 -12 -19 -12 -19 -20 -12 -26 -11 -26 -11 -26 -7 -1 -1 ]
CSI_DATA,STA,08:3A:F2:51:5D:9D,-48,11,1,0,1,1,1,0,0,0,0,-94,0,6,1,30189783,0,110,0,0,30.420090,384,[110 96 6 0 0 0 0 0 0 0 0 0 21 -12 21 -11 23 -14 26 -11 24 -11 21 -7 24 -9 22 -7 23 -8 24 -6 27 -7 26 -7 26 -6 25 -5 22 -3 26 -7 23 -5 22 -3 21 -4 20 -3 21 -3 22 -4 19 -1 22 -3 23 -3 20 -5 0 0 20 -5 19 -7 20 -7 18 -7 18 -4 18 -6 19 -6 16 -6 17 -8 14 -9 15 -10 15 -6 15 -7 13 -9 13 -9 13 -11 15 -11 11 -10 12 -11 9 -11 12 -10 11 -10 12 -10 11 -11 11 -9 9 -10 0 0 0 0 0 0 0 0 0 0 -1 -1 -1 -1 -22 13 -21 14 -19 18 -16 15 -16 1 -16 2 -16 2 -17 1 -15 2 -13 2 -14 3 -12 4 -15 5 -14 4 -15 4 -13 5 -14 6 -13 6 -12 4 -12 6 -11 8 -13 5 -10 6 -11 5 -11 5 -11 6 -11 5 -9 7 -11 6 -10 7 -5 14 -10 7 -11 5 -9 6 -9 5 -10 6 -9 6 -8 5 -8 5 -8 5 -7 5 -8 5 -8 5 -7 4 -7 4 -6 5 -5 4 -6 3 -5 3 -4 3 -5 2 -4 3 -3 2 -4 1 -4 1 -3 2 -3 1 -1 -1 0 0 0 0 -1 -1 -1 -1 -1 -1 0 0 0 0 -1 -1 -1 -1 -1 -1 14 -31 13 -31 17 -32 18 -33 18 -30 16 -27 21 -29 16 -26 20 -33 22 -27 23 -30 21 -29 22 -32 22 -30 20 -26 23 -25 19 -30 24 -25 17 -23 21 -22 20 -20 18 -25 19 -20 18 -23 23 -24 16 -23 1 -38 18 -23 17 -21 14 -22 13 -20 16 -23 13 -23 14 -21 12 -24 11 -24 9 -20 8 -23 10 -21 8 -23 8 -23 2 -22 5 -21 5 -23 5 -21 4 -21 5 -20 2 -21 2 -20 4 -21 3 -21 2 -19 3 -20 -11 -22 -17 -25 -18 -26 -20 -21 -1 -1 ]
CSI_DATA,STA,08:3A:F2:51:5D:9D,-48,11,1,0,1,1,1,0,0,0,0,-94,0,6,1,30190293,0,110,0,0,30.430525,384,[110 96 6 0 0 0 0 0 0 0 0 0 19 10 19 9 22 10 22 14 20 13 16 12 19 14 16 13 18 12 17 15 19 17 19 16 18 16 17 16 13 14 19 16 15 14 13 15 14 14 13 14 13 15 14 14 10 14 14 15 15 16 14 13 0 0 14 13 15 11 15 12 15 9 12 11 14 10 14 11 13 9 15 9 13 6 15 6 13 8 13 7 14 5 14 5 15 4 16 6 13 3 14 3 13 2 13 4 14 3 14 4 14 2 12 4 12 2 0 0 0 0 0 0 0 0 0 0 -1 -1 -1 -1 -19 -17 -19 -15 -22 -13 -18 -11 -9 -16 -10 -15 -11 -15 -10 -16 -10 -13 -8 -12 -10 -13 -9 -10 -12 -12 -11 -13 -12 -13 -11 -11 -13 -12 -12 -11 -11 -10 -12 -9 -14 -8 -11 -10 -12 -7 -11 -9 -11 -9 -12 -8 -10 -8 -13 -6 -12 -9 -12 -7 -15 0 -12 -7 -12 -7 -11 -6 -10 -6 -11 -7 -11 -6 -10 -5 -10 -6 -9 -5 -9 -5 -9 -5 -9 -5 -8 -5 -7 -5 -7 -3 -6 -4 -7 -4 -6 -3 -5 -3 -5 -3 -5 -2 -5 -2 -4 -3 -4 -2 -3 -2 -3 -1 -1 -1 0 0 0 0 -1 -1 -1 -1 -1 -1 0 0 0 0 -1 -1 -1 -1 -1 -1 36 1 36 -1 38 2 39 4 37 3 33 4 37 7 32 5 40 5 36 10 39 9 37 8 41 9 39 9 33 9 35 10 36 7 34 12 31 7 30 10 28 11 32 8 27 11 30 8 33 12 29 6 32 -7 30 8 28 7 28 4 25 4 29 5 28 2 27 4 28 1 28 0 23 -1 26 -2 25 0 26 -2 26 -2 22 -7 23 -5 25 -5 22 -4 21 -6 21 -4 22 -7 21 -7 22 -5 21 -6 19 -6 20 -6 16 -15 18 -22 18 -23 14 -23 -1 -1 ]
CSI_DATA,STA,08:3A:F2:51:5D:9D,-48,11,1,0,1,1,1,0,0,0,0,-94,0,6,1,30194740,0,110,0,0,30.440764,384,[110 96 6 0 0 0 0 0 0 0 0 0 1 -23 1 -22 1 -26 5 -27 4 -25 5 -22 5 -24 6 -22 5 -23 7 -23 8 -25 7 -25 8 -24 9 -23 9 -19 8 -25 8 -21 9 -19 8 -19 8 -18 9 -19 8 -19 9 -16 8 -19 9 -21 7 -19 0 0 7 -19 5 -19 5 -20 4 -18 6 -17 5 -18 5 -19 4 -17 3 -18 0 -16 0 -18 2 -15 2 -16 0 -16 0 -16 -1 -17 0 -19 -2 -15 -1 -16 -3 -14 -1 -16 -1 -15 -2 -15 -3 -15 -1 -14 -3 -13 0 0 0 0 0 0 0 0 0 0 -1 -1 -1 -1 -17 16 -17 18 -14 20 -11 17 -17 11 -15 11 -15 12 -17 11 -13 11 -12 9 -13 12 -11 11 -12 14 -12 12 -13 13 -11 13 -12 14 -11 13 -10 11 -9 13 -8 15 -11 12 -6 12 -8 12 -9 11 -7 13 -8 11 -6 13 -8 12 -7 13 -4 14 -7 13 -7 12 -5 11 -6 11 -7 10 -5 11 -5 10 -5 10 -6 9 -5 9 -5 9 -5 9 -5 8 -4 7 -4 7 -4 6 -4 7 -4 5 -3 5 -4 5 -3 4 -1 4 -2 3 -1 3 -2 2 -2 2 -1 -1 0 0 0 0 -1 -1 -1 -1 -1 -1 0 0 0 0 -1 -1 -1 -1 -1 -1 -7 -41 -7 -40 -7 -44 -4 -46 -4 -43 -2 -38 -1 -44 -2 -38 -2 -47 4 -43 3 -46 2 -45 3 -48 4 -46 4 -38 4 -42 2 -43 7 -41 2 -36 5 -36 7 -34 3 -38 8 -35 4 -37 8 -39 2 -36 -5 -36 4 -36 2 -34 0 -33 -1 -30 2 -34 -2 -33 -1 -32 -3 -32 -3 -33 -4 -28 -6 -30 -4 -30 -6 -30 -6 -29 -11 -26 -8 -26 -9 -29 -8 -25 -9 -25 -8 -24 -11 -25 -11 -24 -9 -25 -10 -24 -9 -23 -9 -23 -15 -19 -21 -20 -21 -21 -23 -16 -1 -1 ]
CSI_DATA,STA,08:3A:F2:51:5D:9D,-48,11,1,0,1,1,1,0,0,0,0,-94,0,6,1,30333850,0,110,0,0,30.500401,384,[110 96 6 0 0 0 0 0 0 0 0 0 21 1 20 1 25 0 25 4 24 3 19 4 23 4 20 4 21 4 22 6 24 7 24 6 23 7 22 8 17 7 24 6 19 5 20 6 17 5 17 6 17 7 18 7 16 6 18 7 21 8 17 4 0 0 19 3 18 1 19 2 18 2 16 3 18 0 19 3 15 1 17 1 15 -2 15 -1 15 2 14 0 14 -3 15 -2 15 -5 18 -3 14 -4 14 -4 12 -6 14 -4 14 -4 14 -3 14 -6 13 -3 12 -5 0 0 0 0 0 0 0 0 0 0 -1 -1 -1 -1 -24 1 -25 -4 -28 2 -23 2 -16 -9 -16 -7 -17 -8 -17 -9 -16 -6 -13 -6 -15 -5 -14 -3 -17 -4 -16 -5 -16 -5 -15 -4 -17 -4 -16 -4 -13 -4 -15 -2 -15 1 -15 -2 -12 0 -14 -1 -13 -2 -14 0 -14 -2 -14 1 -15 -1 -14 1 -13 6 -13 0 -13 0 -11 1 -12 1 -12 -1 -12 0 -11 0 -11 0 -10 0 -10 0 -10 -1 -10 -2 -9 -2 -9 -2 -8 0 -7 -1 -8 -1 -6 -1 -6 -1 -6 -2 -5 -1 -5 -1 -4 -2 -3 -2 -3 -2 -4 -2 -1 -1 -1 -1 -1 -1 -1 -1 -1 -1 -1 -1 -1 -1 -1 -1 -1 -1 -1 -1 0 0 29 -16 27 -15 32 -17 31 -14 31 -15 27 -11 33 -12 27 -12 34 -16 34 -9 37 -10 35 -10 38 -12 36 -11 29 -9 34 -10 30 -15 34 -9 27 -10 30 -7 27 -4 27 -10 30 -6 29 -6 35 -7 24 -10 25 -20 29 -10 29 -11 22 -13 22 -10 23 -11 23 -15 22 -9 20 -13 22 -15 20 -12 20 -17 19 -12 20 -14 20 -17 13 -19 16 -16 17 -16 15 -14 12 -17 15 -15 12 -17 10 -18 17 -16 14 -17 12 -17 14 -15 6 -25 4 -29 2 -29 -3 -28 -1 -1 ]
CSI_DATA,STA,08:3A:F2:51:5D:9D,-48,11,1,0,1,1,1,0,0,0,0,-94,0,6,1,30372208,0,110,0,0,30.538576,384,[110 96 6 0 0 0 0 0 0 0 0 0 -19 -13 -18 -13 -21 -14 -21 -18 -19 -16 -15 -15 -17 -18 -15 -16 -16 -16 -15 -18 -16 -21 -17 -20 -16 -20 -14 -20 -11 -17 -16 -20 -13 -18 -11 -19 -12 -17 -11 -17 -11 -17 -12 -18 -7 -18 -11 -18 -11 -19 -12 -16 0 0 -11 -17 -13 -15 -12 -16 -13 -13 -10 -15 -12 -15 -13 -15 -12 -13 -13 -14 -12 -10 -13 -11 -10 -12 -12 -12 -13 -10 -12 -11 -14 -9 -16 -12 -14 -7 -13 -9 -13 -6 -12 -9 -13 -8 -13 -8 -14 -8 -11 -9 -12 -7 0 0 0 0 0 0 0 0 0 0 -1 -1 -1 -1 14 20 14 22 15 19 16 16 3 17 3 14 4 17 2 18 4 16 2 11 4 15 4 13 8 15 6 15 4 16 4 14 7 16 5 14 5 13 8 14 8 11 7 13 7 10 6 12 5 11 8 10 5 12 8 11 7 13 7 11 13 7 7 10 8 11 7 9 7 10 5 10 7 8 6 8 6 6 6 7 6 7 6 8 5 8 5 7 4 6 3 4 3 4 5 4 3 4 2 3 3 3 3 3 4 2 3 3 4 3 2 2 3 2 0 0 0 0 -1 -1 -1 -1 -1 -1 -1 -1 -1 -1 0 0 0 0 -1 -1 -1 -1 -38 -10 -35 -9 -42 -10 -38 -14 -40 -12 -31 -12 -38 -15 -32 -11 -41 -14 -37 -20 -38 -22 -37 -21 -39 -22 -37 -23 -29 -19 -34 -19 -33 -18 -35 -21 -27 -14 -30 -17 -25 -18 -32 -15 -27 -21 -28 -20 -30 -24 -29 -17 -33 -8 -26 -17 -29 -15 -24 -12 -27 -11 -27 -14 -28 -10 -26 -10 -27 -9 -29 -8 -25 -7 -26 -9 -25 -11 -27 -8 -26 -8 -25 -1 -22 -3 -28 -4 -22 -3 -23 -2 -23 -2 -24 1 -23 2 -26 -2 -24 -2 -23 -3 -22 -3 -22 9 -24 14 -26 12 -20 19 -1 -1 ]
CSI_DATA,STA,08:3A:F2:51:5D:9D,-48,11,1,0,1,1,1,0,0,0,0,-94,0,6,1,30383310,0,110,0,0,30.550165,384,[110 96 6 0 0 0 0 0 0 0 0 0 -7 21 -7 21 -7 23 -11 25 -9 22 -10 19 -11 21 -11 19 -10 20 -12 19 -14 22 -13 22 -13 21 -14 20 -14 16 -13 21 -13 18 -14 16 -13 17 -12 15 -13 16 -13 17 -13 13 -13 16 -14 18 -11 17 0 0 -12 16 -9 17 -10 18 -8 16 -11 15 -9 16 -10 16 -8 15 -8 16 -4 15 -5 17 -6 14 -6 15 -4 15 -5 15 -3 16 -5 18 -2 15 -2 15 -1 14 -3 15 -2 14 -2 15 -1 15 -3 14 -1 13 0 0 0 0 0 0 0 0 0 0 -1 -1 -1 -1 20 -17 18 -18 17 -22 15 -19 18 -10 17 -11 17 -12 19 -11 16 -11 14 -10 15 -11 12 -12 15 -13 14 -12 15 -13 14 -14 14 -15 13 -13 12 -12 12 -13 11 -16 12 -12 8 -13 10 -12 11 -12 9 -13 10 -12 8 -15 11 -14 9 -15 4 -17 9 -15 8 -13 7 -13 7 -13 9 -12 7 -13 6 -13 6 -12 7 -11 6 -11 6 -11 6 -11 6 -10 6 -11 5 -10 5 -9 4 -9 4 -9 4 -8 4 -7 4 -8 3 -8 3 -6 3 -6 3 -6 3 -6 0 0 0 0 -1 -1 -1 -1 -1 -1 -1 -1 -1 -1 0 0 0 0 -1 -1 -1 -1 0 39 2 39 -1 41 -3 44 -3 40 -4 36 -6 40 -4 36 -5 43 -9 38 -9 43 -8 42 -9 44 -10 42 -10 36 -10 38 -8 41 -13 36 -8 33 -11 33 -12 31 -9 35 -11 30 -9 33 -13 36 -7 33 3 34 -9 34 -8 31 -5 32 -5 28 -7 32 -4 30 -5 29 -2 31 -1 31 0 27 1 29 -1 28 2 29 2 29 5 25 4 26 4 28 4 25 6 24 4 24 8 24 7 23 4 25 7 24 6 23 5 24 14 20 20 23 22 23 21 19 -1 -1 ]
CSI_DATA,STA,08:3A:F2:51:5D:9D,-48,11,1,0,1,1,1,0,0,0,0,-94,0,6,1,30383816,0,110,0,0,30.560622,384,[110 96 6 0 0 0 0 0 0 0 0 0 -23 3 -23 3 -25 4 -28 1 -25 1 -23 -1 -24 -1 -23 -1 -23 -1 -23 -2 -27 -3 -26 -2 -25 -3 -25 -4 -21 -5 -25 -3 -22 -4 -21 -5 -21 -5 -20 -4 -20 -5 -21 -5 -18 -6 -21 -5 -23 -5 -20 -3 0 0 -21 -3 -20 -1 -21 -2 -19 0 -19 -3 -19 -2 -20 -2 -18 -1 -19 0 -15 3 -18 3 -16 1 -17 1 -17 2 -16 2 -17 4 -19 3 -15 5 -15 4 -13 5 -15 4 -15 4 -15 4 -15 6 -14 4 -13 5 0 0 0 0 0 0 0 0 0 0 -1 -1 -1 -1 23 10 25 8 27 5 23 4 16 11 16 10 17 10 17 12 15 10 14 8 16 8 15 6 17 7 16 7 17 7 17 6 18 7 17 6 15 6 16 4 18 2 15 5 14 2 14 4 14 5 15 3 14 3 15 0 16 3 16 1 15 -5 16 1 14 3 14 2 13 1 14 3 14 0 12 0 12 1 12 1 11 -1 12 1 12 2 12 1 11 1 10 0 9 0 9 0 8 0 7 -1 8 1 7 -1 7 0 6 0 6 0 6 0 6 0 0 0 0 0 -1 -1 -1 -1 -1 -1 -1 -1 -1 -1 0 0 0 0 -1 -1 -1 -1 -34 18 -33 19 -37 19 -40 17 -37 15 -34 13 -39 13 -33 13 -41 15 -38 11 -42 12 -41 12 -43 13 -42 11 -36 8 -39 8 -39 11 -39 6 -34 8 -35 6 -33 5 -35 8 -32 4 -35 7 -38 4 -32 9 -29 20 -34 8 -32 7 -30 10 -27 9 -32 8 -30 11 -28 10 -29 12 -29 14 -23 13 -25 15 -26 12 -25 15 -25 14 -21 17 -22 15 -24 16 -20 15 -19 16 -20 14 -18 18 -18 17 -21 16 -19 17 -19 15 -19 15 -12 22 -11 29 -11 29 -7 29 -1 -1 ]
CSI_DATA,STA,08:3A:F2:51:5D:9D,-48,11,1,0,1,1,1,0,0,0,0,-94,0,6,1,30385061,0,110,0,0,30.570869,384,[110 96 6 0 0 0 0 0 0 0 0 0 22 -1 22 -1 25 -2 27 2 24 1 21 3 23 3 21 4 22 3 22 5 25 5 25 5 24 5 23 6 19 7 24 5 21 6 19 7 20 7 18 6 19 7 19 7 16 8 19 7 21 7 19 5 0 0 19 6 19 3 20 4 17 2 17 5 18 3 18 4 17 3 18 2 16 -1 17 -1 16 1 16 0 16 -1 16 -1 16 -3 18 -1 15 -3 16 -3 13 -4 15 -2 15 -3 15 -3 15 -5 14 -3 13 -4 0 0 0 0 0 0 0 0 0 0 -1 -1 -1 -1 -27 -8 -26 -7 -29 -3 -24 -2 -16 -12 -15 -11 -17 -12 -16 -13 -15 -11 -13 -9 -15 -10 -13 -7 -17 -8 -16 -9 -16 -9 -16 -8 -18 -8 -16 -7 -14 -7 -15 -5 -17 -4 -15 -7 -14 -3 -14 -6 -13 -6 -15 -4 -14 -5 -16 -2 -15 -6 -15 -3 -16 4 -16 -3 -14 -4 -14 -3 -13 -3 -14 -4 -13 -3 -12 -2 -13 -3 -12 -3 -12 -2 -13 -3 -12 -3 -11 -2 -11 -3 -10 -1 -9 -1 -10 -2 -9 -2 -8 -1 -8 -2 -8 -1 -7 -1 -7 -2 -7 -2 -6 -1 -6 -2 0 0 0 0 -1 -1 -1 -1 -1 -1 -1 -1 -1 -1 0 0 0 0 -1 -1 -1 -1 30 -18 30 -18 33 -18 35 -17 33 -15 29 -13 34 -12 29 -13 36 -16 35 -10 38 -12 36 -12 39 -13 38 -11 33 -9 34 -8 35 -12 35 -7 29 -9 31 -6 29 -4 31 -9 29 -4 30 -8 35 -5 29 -9 26 -24 30 -8 28 -7 27 -10 24 -8 28 -9 26 -11 25 -9 25 -12 25 -13 21 -11 23 -14 23 -11 23 -15 23 -14 17 -17 19 -14 20 -16 18 -14 17 -15 18 -14 16 -17 16 -17 19 -15 17 -16 16 -15 17 -15 8 -24 7 -31 7 -31 2 -30 -1 -1 ]
CSI_DATA,STA,08:3A:F2:51:5D:9D,-48,11,1,0,1,1,1,0,0,0,0,-94,0,6,1,30399449,0,110,0,0,30.581395,384,[110 96 6 0 0 0 0 0 0 0 0 0 -16 15 -15 15 -17 18 -21 16 -19 15 -17 12 -20 14 -18 12 -18 13 -20 11 -23 12 -22 12 -22 11 -22 10 -19 7 -22 12 -19 9 -20 8 -19 8 -18 8 -19 7 -19 9 -18 5 -20 7 -21 8 -18 8 0 0 -18 8 -17 10 -18 10 -16 10 -17 7 -16 10 -17 9 -15 9 -15 10 -12 11 -13 12 -13 8 -13 9 -11 10 -12 11 -11 12 -14 13 -10 11 -10 12 -8 12 -11 11 -10 11 -11 11 -10 12 -11 10 -9 10 0 0 0 0 0 0 0 0 0 0 -1 -1 -1 -1 25 -7 25 -7 24 -11 22 -14 20 1 19 -1 20 -1 20 1 18 -2 15 -1 18 -3 15 -3 19 -5 18 -3 19 -3 18 -4 19 -5 17 -4 15 -3 16 -7 15 -9 16 -5 12 -7 14 -6 14 -5 14 -7 15 -5 13 -8 16 -6 15 -8 11 -13 14 -8 14 -7 11 -7 12 -8 13 -6 12 -8 11 -7 10 -7 10 -7 11 -7 11 -6 11 -6 11 -6 10 -5 9 -7 8 -5 9 -7 8 -5 7 -5 7 -4 7 -5 6 -5 6 -4 6 -3 6 -3 6 -3 0 0 0 0 -1 -1 -1 -1 -1 -1 -1 -1 -1 -1 0 0 0 0 -1 -1 -1 -1 -20 34 -17 32 -21 37 -23 35 -22 34 -20 28 -24 33 -20 28 -25 36 -28 30 -30 32 -29 31 -30 32 -30 31 -25 25 -27 30 -25 30 -29 28 -22 25 -25 25 -25 21 -23 27 -26 22 -25 23 -31 24 -23 24 -15 31 -23 24 -20 24 -18 24 -17 23 -20 22 -17 26 -18 24 -16 24 -15 26 -14 22 -14 23 -15 24 -13 25 -13 23 -9 25 -10 23 -9 27 -11 25 -6 23 -7 23 -5 22 -4 24 -10 24 -9 21 -7 23 -8 23 1 22 9 31 8 29 9 26 -1 -1 ]
CSI_DATA,STA,08:3A:F2:51:5D:9D,-44,11,1,0,0,1,1,0,0,0,0,-94,0,6,1,30401931,0,110,0,0,30.591964,256,[110 96 6 0 0 0 0 0 0 0 0 0 -18 16 -18 15 -20 17 -20 17 -20 16 -18 13 -20 14 -19 12 -20 14 -21 13 -21 14 -22 14 -20 13 -20 12 -19 10 -21 14 -18 10 -19 10 -18 10 -18 10 -17 10 -18 11 -17 9 -16 11 -17 12 -16 11 0 0 -15 12 -15 13 -14 12 -14 13 -12 11 -12 13 -12 13 -12 12 -11 14 -12 13 -11 14 -10 12 -10 13 -10 13 -10 13 -9 13 -9 15 -8 13 -8 13 -8 13 -7 13 -7 13 -7 14 -7 14 -7 13 -6 13 0 0 0 0 0 0 0 0 0 0 -1 -1 -1 -1 -1 -1 0 0 -6 48 -10 41 -21 37 -18 37 -19 39 -20 38 -20 39 -21 33 -21 38 -24 32 -22 38 -27 35 -27 36 -28 36 -25 33 -25 32 -24 29 -22 38 -21 27 -24 30 -21 29 -24 30 -21 29 -21 30 -23 28 -22 27 -22 29 -20 28 -1 -1 -15 28 -15 29 -14 26 -13 31 -13 24 -11 29 -11 29 -11 26 -8 28 -11 31 -9 31 -9 28 -7 27 -8 26 -6 29 -5 26 -5 29 -5 26 -2 27 -3 27 -2 28 -2 27 -3 28 -2 28 -2 26 -1 25 9 24 9 23 -1 -1 -1 -1 -1 -1 ]
CSI_DATA,STA,08:3A:F2:51:5D:9D,-48,11,1,0,1,1,1,0,0,0,0,-94,0,6,1,30409234,0,110,0,0,30.599420,384,[110 96 6 0 0 0 0 0 0 0 0 0 11 17 12 17 14 19 12 22 11 20 8 18 10 20 8 18 9 19 8 20 8 23 9 22 8 22 6 22 5 19 8 22 6 20 5 19 6 19 5 17 5 18 6 19 2 17 5 19 5 20 7 17 0 0 7 18 8 16 8 18 9 15 6 16 8 16 8 17 8 14 9 15 10 11 10 13 7 13 9 13 10 11 9 12 11 11 12 13 11 10 11 10 11 8 11 10 11 10 11 10 12 9 10 10 10 8 0 0 0 0 0 0 0 0 0 0 -1 -1 -1 -1 -12 -25 -13 -26 -16 -23 -14 -20 -1 -20 -2 -19 -3 -21 -1 -22 -3 -19 -2 -16 -4 -18 -5 -15 -6 -19 -5 -18 -4 -19 -5 -18 -6 -19 -6 -18 -5 -16 -7 -16 -9 -16 -6 -17 -8 -13 -7 -14 -6 -15 -8 -14 -6 -15 -9 -13 -8 -16 -9 -14 -15 -11 -9 -15 -9 -14 -8 -13 -8 -12 -7 -13 -9 -13 -9 -11 -8 -12 -7 -12 -8 -11 -7 -12 -7 -12 -7 -12 -7 -11 -7 -9 -6 -9 -7 -10 -5 -9 -5 -8 -4 -8 -6 -8 -6 -8 -4 -8 -4 -8 -3 -7 -2 -7 0 0 -1 -1 -1 -1 -1 -1 -1 -1 -1 -1 -1 -1 -1 -1 0 0 0 0 -1 -1 29 16 29 14 32 17 31 20 30 18 24 17 28 20 25 15 32 20 27 22 29 24 28 23 31 24 28 24 23 21 26 23 27 21 25 24 22 18 22 20 20 19 24 19 20 21 22 20 23 25 23 18 32 8 22 19 22 18 22 15 21 14 22 17 24 13 22 13 24 12 24 11 21 10 24 11 22 12 25 10 24 9 23 3 22 6 25 6 21 6 21 3 21 5 23 2 22 1 23 5 22 4 21 4 21 4 25 -8 28 -13 27 -14 25 -18 -1 -1 ]
CSI_DATA,STA,08:3A:F2:51:5D:9D,-49,11,1,0,1,1,1,0,0,0,0,-94,0,6,1,30409864,0,110,0,0,30.609636,384,[110 96 6 0 0 0 0 0 0 0 0 0 -18 15 -17 15 -19 18 -23 16 -20 15 -19 12 -21 14 -20 12 -20 13 -21 11 -24 12 -24 13 -23 12 -23 11 -20 7 -24 13 -21 9 -21 7 -20 8 -19 8 -20 7 -20 9 -19 5 -21 7 -22 8 -19 9 0 0 -19 9 -18 11 -19 11 -16 10 -17 7 -17 10 -18 10 -15 10 -16 11 -12 13 -13 13 -13 10 -13 11 -12 13 -12 12 -11 14 -14 15 -10 13 -10 14 -8 13 -11 12 -10 13 -10 12 -10 14 -11 11 -8 12 0 0 0 0 0 0 0 0 0 0 -1 -1 -1 -1 22 -20 24 -21 19 -23 13 -22 18 -6 18 -6 18 -7 18 -5 16 -6 15 -5 16 -6 12 -9 15 -9 16 -8 17 -8 16 -9 17 -10 14 -9 14 -7 13 -10 13 -13 15 -10 9 -9 12 -9 12 -8 11 -10 13 -10 11 -12 15 -10 12 -12 6 -18 12 -12 12 -10 9 -10 9 -10 11 -10 10 -11 8 -10 8 -10 9 -10 9 -10 10 -10 11 -8 9 -8 8 -8 7 -9 7 -8 7 -9 6 -7 5 -8 6 -5 5 -8 6 -7 7 -6 7 -4 6 -4 7 -4 0 0 -1 -1 -1 -1 -1 -1 -1 -1 -1 -1 -1 -1 -1 -1 0 0 0 0 -1 -1 -10 34 -9 31 -11 36 -14 34 -13 34 -12 28 -15 32 -11 28 -13 36 -17 32 -19 34 -18 33 -19 36 -19 33 -17 27 -18 31 -14 31 -18 30 -14 24 -17 25 -17 23 -14 29 -17 24 -17 26 -21 28 -14 26 0 35 -15 25 -15 26 -11 24 -10 23 -12 25 -9 25 -10 24 -8 26 -7 25 -6 24 -6 26 -8 24 -4 26 -5 25 1 24 -3 22 -2 26 -2 21 0 21 -2 22 1 21 1 22 -1 23 -2 23 -1 21 -2 22 17 22 19 25 20 23 25 18 -1 -1 ]
CSI_DATA,STA,08:3A:F2:51:5D:9D,-48,11,1,0,1,1,1,0,0,0,0,-94,0,6,1,30410642,0,110,0,0,30.620260,384,[110 96 6 0 0 0 0 0 0 0 0 0 -2 -22 -2 -21 -3 -24 0 -26 0 -24 2 -20 1 -23 1 -21 1 -22 3 -22 4 -25 3 -25 3 -24 4 -23 5 -20 4 -25 4 -21 6 -20 4 -19 4 -18 4 -19 4 -20 6 -17 4 -20 5 -21 3 -19 0 0 3 -20 1 -20 2 -20 0 -18 2 -17 1 -18 1 -19 0 -17 0 -18 -3 -16 -3 -17 -1 -16 -1 -17 -3 -16 -2 -16 -4 -16 -4 -19 -5 -15 -5 -16 -6 -13 -4 -15 -5 -15 -5 -16 -6 -15 -4 -15 -5 -14 0 0 0 0 0 0 0 0 0 0 -1 -1 -1 -1 -1 27 0 28 3 26 6 23 -9 16 -8 15 -8 17 -10 16 -7 15 -7 12 -6 15 -4 13 -4 16 -5 16 -6 17 -5 16 -4 18 -5 16 -4 13 -3 15 -1 15 -4 15 0 13 -3 14 -3 13 -1 15 -3 14 0 14 -3 16 -1 15 8 15 -1 14 -1 14 0 12 0 13 -1 13 1 13 0 12 0 12 -1 12 0 11 -1 13 -1 12 -1 11 -1 10 0 10 -1 9 0 10 -1 9 0 8 -1 8 0 8 0 7 -1 7 -2 7 -2 6 -2 6 0 0 -1 -1 -1 -1 -1 -1 -1 -1 -1 -1 -1 -1 -1 -1 0 0 0 0 -1 -1 -19 -28 -19 -26 -21 -30 -18 -31 -18 -29 -14 -26 -16 -31 -15 -25 -20 -32 -14 -33 -15 -35 -15 -34 -16 -36 -14 -34 -11 -29 -13 -32 -15 -30 -12 -33 -12 -25 -11 -28 -9 -26 -14 -27 -9 -28 -10 -28 -9 -33 -12 -27 -27 -23 -11 -27 -12 -27 -12 -23 -12 -22 -12 -25 -15 -22 -13 -22 -15 -22 -17 -21 -15 -19 -16 -20 -14 -22 -17 -20 -17 -19 -19 -15 -15 -16 -20 -18 -16 -16 -17 -14 -17 -15 -18 -13 -18 -13 -18 -17 -18 -15 -17 -15 -17 -15 -27 -4 -31 -2 -30 -1 -31 5 -1 -1 ]
CSI_DATA,STA,08:3A:F2:51:5D:9D,-49,11,1,0,1,1,1,0,0,0,0,-94,0,6,1,30411359,0,110,0,0,30.631136,384,[110 96 6 0 0 0 0 0 0 0 0 0 20 -11 19 -11 22 -13 25 -11 22 -10 20 -7 23 -8 21 -7 22 -8 22 -6 25 -7 25 -8 25 -7 24 -5 21 -3 25 -7 22 -5 21 -3 21 -4 20 -4 20 -3 21 -4 18 -1 21 -3 22 -4 20 -5 0 0 20 -5 19 -7 20 -6 17 -7 18 -4 18 -6 19 -6 16 -6 17 -8 14 -9 15 -10 15 -7 16 -8 14 -10 14 -9 14 -11 16 -11 12 -11 13 -11 10 -11 13 -10 13 -11 13 -11 12 -12 12 -10 10 -11 0 0 0 0 0 0 0 0 0 0 -1 -1 -1 -1 -29 2 -30 2 -30 7 -24 7 -22 -5 -21 -5 -23 -4 -23 -7 -21 -4 -17 -4 -21 -3 -17 -1 -21 -1 -21 -2 -22 -2 -21 -1 -23 -1 -21 -1 -19 -1 -20 1 -19 4 -20 0 -17 3 -18 1 -18 0 -18 3 -18 1 -18 4 -20 1 -18 4 -16 11 -18 3 -19 2 -17 3 -16 4 -17 2 -17 4 -15 4 -16 3 -15 3 -15 4 -16 2 -16 2 -15 2 -14 1 -13 3 -12 2 -13 2 -12 1 -11 2 -11 1 -10 2 -10 1 -10 0 -9 -1 -9 -1 -8 -1 0 0 -1 -1 -1 -1 -1 -1 -1 -1 -1 -1 -1 -1 -1 -1 0 0 0 0 -1 -1 25 -30 23 -30 27 -33 29 -31 28 -30 25 -24 30 -28 24 -25 30 -32 31 -25 34 -28 33 -27 36 -29 35 -26 29 -22 32 -24 30 -26 33 -22 26 -21 28 -20 27 -18 27 -23 28 -17 28 -20 34 -20 26 -22 19 -32 27 -20 26 -21 23 -21 21 -20 25 -21 22 -23 21 -22 20 -24 19 -24 17 -22 18 -24 20 -22 18 -25 17 -25 11 -26 13 -23 14 -27 12 -23 10 -24 11 -23 9 -25 9 -25 13 -25 11 -25 11 -23 11 -23 0 -28 -3 -33 -3 -33 -9 -32 -1 -1 ]
CSI_DATA,STA,08:3A:F2:51:5D:9D,-48,11,1,0,1,1,1,0,0,0,0,-94,0,6,1,30412528,0,110,0,0,30.641887,384,[110 96 6 0 0 0 0 0 0 0 0 0 -18 11 -18 11 -20 13 -23 12 -21 10 -19 8 -21 9 -20 8 -20 8 -21 7 -24 7 -23 8 -23 7 -23 6 -20 4 -23 8 -21 6 -20 4 -20 5 -19 5 -19 4 -20 5 -18 1 -20 4 -22 5 -19 6 0 0 -19 6 -17 7 -19 7 -17 8 -17 5 -17 6 -18 7 -16 7 -17 7 -12 9 -14 9 -14 7 -15 7 -14 9 -13 9 -12 11 -15 10 -12 11 -11 11 -9 11 -12 9 -12 10 -12 10 -12 11 -11 8 -10 10 0 0 0 0 0 0 0 0 0 0 -1 -1 -1 -1 24 -11 27 -8 24 -16 22 -15 20 0 19 1 19 0 19 2 19 0 15 -2 17 -1 14 -3 17 -3 17 -3 18 -2 17 -3 17 -5 16 -3 14 -3 15 -6 16 -8 15 -3 12 -4 13 -5 12 -2 12 -8 15 -5 13 -7 14 -6 13 -6 11 -12 12 -7 14 -7 11 -7 13 -7 13 -7 11 -6 10 -5 9 -5 11 -5 10 -5 12 -5 12 -4 10 -6 10 -5 10 -7 10 -5 9 -6 9 -5 7 -4 6 -4 6 -5 8 -4 7 -5 5 -3 7 -2 7 -2 0 0 -1 -1 -1 -1 -1 -1 -1 -1 -1 -1 -1 -1 -1 -1 0 0 0 0 -1 -1 -19 29 -17 28 -21 31 -23 30 -21 29 -19 24 -23 27 -18 25 -22 31 -25 26 -27 28 -26 27 -28 28 -28 26 -23 22 -26 24 -23 27 -26 23 -20 22 -24 20 -22 19 -21 23 -23 19 -23 20 -28 21 -22 21 -13 33 -21 21 -21 21 -19 21 -17 19 -19 22 -16 22 -15 21 -15 23 -14 23 -12 22 -12 22 -14 22 -12 23 -12 23 -6 22 -8 21 -10 25 -9 20 -6 20 -8 21 -4 22 -5 22 -8 23 -8 21 -8 20 -7 21 5 24 10 27 10 30 16 26 -1 -1 ]
CSI_DATA,STA,08:3A:F2:51:5D:9D,-48,11,1,0,1,1,1,0,0,0,0,-94,0,6,1,30413069,0,110,0,0,30.652369,384,[110 96 6 0 0 0 0 0 0 0 0 0 -7 -21 -7 -20 -8 -23 -6 -25 -6 -23 -3 -20 -4 -23 -4 -21 -4 -22 -3 -22 -2 -25 -3 -25 -2 -24 -1 -24 0 -20 -2 -25 -1 -21 1 -21 0 -20 -1 -19 0 -20 0 -21 2 -18 0 -20 0 -22 -2 -20 0 0 -1 -20 -4 -19 -3 -20 -4 -18 -1 -18 -3 -18 -3 -19 -3 -17 -4 -18 -6 -14 -6 -16 -4 -16 -5 -16 -7 -15 -6 -15 -8 -15 -8 -18 -8 -13 -8 -14 -9 -12 -7 -14 -8 -14 -8 -14 -9 -14 -7 -14 -8 -12 0 0 0 0 0 0 0 0 0 0 -1 -1 -1 -1 -1 26 0 27 5 27 4 23 -8 18 -7 17 -7 19 -9 18 -6 17 -6 14 -5 17 -3 15 -3 18 -4 17 -5 18 -3 17 -3 19 -3 17 -3 15 -2 17 1 17 -3 16 1 13 -1 15 -2 14 0 15 -1 15 1 15 -2 17 1 16 8 15 0 16 0 15 1 13 0 14 -1 14 2 14 1 13 1 12 0 13 0 12 0 13 0 13 0 12 0 11 1 11 0 9 0 11 -1 9 0 8 -2 9 0 8 1 8 -1 7 -2 7 -2 6 -2 6 0 0 -1 -1 -1 -1 -1 -1 -1 -1 -1 -1 -1 -1 -1 -1 0 0 0 0 -1 -1 -25 -26 -25 -24 -27 -28 -25 -29 -24 -28 -19 -25 -22 -30 -20 -25 -26 -31 -20 -31 -21 -34 -21 -32 -22 -35 -20 -34 -16 -29 -18 -32 -20 -30 -16 -32 -16 -25 -15 -28 -13 -26 -18 -27 -13 -28 -15 -28 -15 -33 -16 -26 -28 -20 -15 -28 -16 -26 -17 -23 -16 -22 -16 -25 -19 -22 -17 -22 -20 -21 -21 -21 -18 -17 -20 -19 -18 -20 -21 -19 -20 -19 -22 -14 -19 -15 -22 -17 -19 -14 -20 -13 -19 -14 -21 -12 -21 -12 -21 -15 -21 -14 -20 -14 -19 -14 -27 -3 -31 -1 -31 0 -31 5 -1 -1 ]
CSI_DATA,STA,08:3A:F2:51:5D:9D,-48,11,1,0,1,1,1,0,0,0,0,-94,0,6,1,30433757,0,110,0,0,30.663369,384,[110 96 6 0 0 0 0 0 0 0 0 0 1 20 1 19 2 22 -1 24 -1 22 -2 19 -2 22 -2 20 -2 20 -4 21 -4 23 -3 23 -4 22 -5 22 -5 18 -3 23 -4 20 -6 18 -5 18 -4 18 -4 18 -4 19 -6 17 -5 19 -6 20 -4 18 0 0 -3 19 -2 18 -1 19 0 17 -3 16 -1 17 -1 17 0 16 0 17 3 14 1 16 0 15 1 15 3 14 2 15 4 14 4 17 5 13 5 14 5 12 3 14 4 14 3 14 6 14 2 14 3 12 0 0 0 0 0 0 0 0 0 0 -1 -1 -1 -1 11 -21 12 -22 7 -26 5 -24 14 -17 11 -15 13 -18 15 -14 12 -15 10 -14 11 -15 6 -14 8 -17 10 -16 11 -17 10 -16 9 -17 9 -15 9 -14 7 -15 6 -16 8 -17 3 -14 5 -15 7 -15 4 -14 5 -15 4 -15 5 -16 4 -16 3 -15 5 -15 4 -16 5 -14 3 -14 6 -12 3 -16 2 -13 3 -12 2 -13 3 -12 5 -11 6 -11 4 -10 3 -10 3 -11 4 -10 3 -10 3 -8 4 -8 3 -7 3 -7 3 -8 4 -6 4 -5 3 -5 4 -3 0 0 -1 -1 -1 -1 -1 -1 -1 -1 -1 -1 -1 -1 -1 -1 0 0 0 0 -1 -1 12 35 12 33 13 37 10 38 11 36 8 31 8 38 8 31 11 39 4 38 5 41 5 39 5 42 3 40 3 34 5 37 7 37 2 38 5 30 3 32 2 30 6 33 0 32 2 33 0 37 4 32 12 29 3 32 5 30 7 29 8 27 4 30 10 27 9 27 9 28 12 26 9 22 11 26 8 28 12 27 12 24 15 21 13 20 15 25 12 20 16 18 13 20 17 19 17 18 14 22 15 19 14 19 13 20 21 16 25 13 27 16 28 8 -1 -1 ]
CSI_DATA,STA,08:3A:F2:51:5D:9D,-49,11,1,0,1,1,1,0,0,0,0,-94,0,6,1,30478858,0,110,0,0,30.673352,384,[110 96 6 0 0 0 0 0 0 0 0 0 -21 6 -21 6 -23 7 -26 4 -23 4 -21 2 -23 3 -22 2 -22 3 -23 1 -25 1 -25 2 -25 1 -24 0 -21 -2 -25 1 -22 0 -21 -2 -21 -1 -20 -1 -20 -1 -21 -1 -18 -3 -21 -1 -22 -1 -20 1 0 0 -20 0 -19 2 -20 2 -18 3 -18 0 -19 2 -19 2 -17 2 -18 3 -15 5 -16 5 -15 3 -16 4 -15 5 -15 5 -15 7 -17 6 -13 7 -14 7 -12 8 -14 6 -13 6 -13 6 -13 8 -13 6 -11 7 0 0 0 0 0 0 0 0 0 0 -1 -1 -1 -1 23 -6 24 -6 23 -9 18 -8 15 3 14 2 16 2 15 3 14 2 12 1 13 1 11 -1 14 -2 13 0 14 0 13 -1 15 -2 13 -1 11 -1 12 -3 12 -5 12 -2 9 -4 11 -3 11 -2 10 -4 10 -3 10 -5 12 -3 10 -5 8 -11 10 -5 10 -4 9 -4 8 -4 9 -3 8 -4 7 -4 7 -4 7 -4 6 -4 7 -3 7 -3 7 -3 6 -3 5 -4 5 -3 4 -3 4 -2 3 -3 3 -2 2 -3 2 -3 2 -2 2 -2 2 -2 1 -2 -1 -1 -1 -1 -1 -1 -1 -1 -1 -1 -1 -1 -1 -1 -1 -1 -1 -1 -1 -1 0 0 -24 23 -22 23 -25 25 -27 23 -26 23 -23 19 -28 20 -22 19 -28 25 -29 19 -31 21 -31 20 -32 23 -31 20 -26 16 -29 18 -27 20 -29 17 -23 16 -26 15 -24 13 -25 18 -25 13 -26 15 -31 15 -24 16 -17 30 -25 16 -24 15 -21 16 -19 15 -22 16 -20 18 -20 16 -18 19 -18 20 -16 17 -16 19 -18 17 -16 19 -15 18 -10 20 -13 17 -13 20 -12 17 -9 18 -11 17 -9 18 -8 18 -12 19 -11 18 -9 17 -11 17 2 24 4 28 5 27 9 26 -1 -1 ]
CSI_DATA,STA,08:3A:F2:51:5D:9D,-48,11,1,0,1,1,1,0,0,0,0,-94,0,6,1,30627639,0,110,0,0,30.794215,384,[110 96 6 0 0 0 0 0 0 0 0 0 6 20 6 19 7 22 5 24 5 22 3 20 3 22 3 20 4 20 1 21 1 24 2 24 1 23 0 22 -2 19 2 24 0 20 -1 20 0 19 0 18 0 19 -1 20 -3 17 -1 19 -1 21 0 18 0 0 1 19 2 18 2 19 3 16 0 17 2 17 2 17 2 16 3 17 5 14 5 15 2 15 4 14 6 13 5 13 6 13 6 16 6 12 7 11 7 10 6 12 7 12 6 12 7 12 6 12 6 10 0 0 0 0 0 0 0 0 0 0 -1 -1 -1 -1 -2 -23 -2 -26 -7 -23 -8 -23 5 -19 4 -16 3 -17 5 -15 4 -16 2 -14 2 -16 0 -14 1 -15 2 -16 3 -16 2 -15 1 -16 0 -16 2 -13 -3 -15 -5 -14 -1 -15 -3 -12 -2 -12 -1 -12 -3 -11 -1 -13 -4 -12 -2 -14 -2 -12 -9 -9 -1 -12 -2 -11 -4 -9 -4 -10 -3 -10 -4 -11 -2 -8 -4 -9 -2 -9 -1 -9 -1 -9 -2 -9 -1 -9 0 -8 -1 -8 -1 -7 -3 -7 -1 -6 -2 -5 1 -5 0 -4 -2 -3 -2 -4 0 -3 0 -3 0 -1 -1 -1 -1 -1 -1 -1 -1 -1 -1 -1 -1 -1 -1 -1 -1 -1 -1 -1 0 0 0 0 23 26 21 25 25 28 21 29 23 29 17 25 20 31 18 25 25 31 17 33 19 35 18 34 19 35 17 34 13 28 17 31 18 29 16 32 15 25 13 28 11 27 16 28 10 28 13 28 12 33 14 26 24 21 13 27 15 25 14 21 16 21 14 23 17 21 15 21 17 20 19 19 16 17 17 17 15 20 19 17 18 16 20 12 15 11 20 15 16 13 18 11 17 11 19 10 19 9 18 13 18 11 18 11 16 11 22 4 27 2 25 0 27 -7 -1 -1 ]
CSI_DATA,STA,08:3A:F2:51:5D:9D,-48,11,1,0,1,1,1,0,0,0,0,-94,0,6,1,30628425,0,110,0,0,30.804804,384,[110 96 6 0 0 0 0 0 0 0 0 0 -20 -8 -20 -8 -23 -9 -23 -12 -22 -11 -18 -10 -21 -11 -18 -11 -20 -11 -19 -13 -21 -15 -21 -14 -20 -14 -19 -14 -15 -13 -21 -14 -17 -12 -16 -14 -17 -12 -15 -11 -15 -12 -16 -13 -14 -13 -16 -13 -17 -13 -16 -11 0 0 -16 -10 -18 -9 -17 -9 -17 -7 -15 -9 -17 -8 -17 -9 -16 -7 -17 -6 -15 -3 -16 -4 -15 -6 -15 -6 -15 -4 -15 -3 -16 -2 -18 -4 -14 -1 -15 -1 -14 0 -14 -2 -15 -2 -15 -1 -14 0 -13 -2 -13 -1 0 0 0 0 0 0 0 0 0 0 -1 -1 -1 -1 17 14 19 14 19 11 18 7 11 13 9 12 11 13 10 13 10 11 9 9 12 10 11 8 12 9 12 10 11 11 12 9 14 9 12 9 10 7 12 6 13 4 13 7 11 4 11 5 11 7 12 4 10 7 12 4 11 6 12 5 14 2 11 4 11 4 10 2 10 2 10 4 10 2 9 2 9 3 9 3 8 1 7 3 7 4 7 3 7 1 6 1 5 1 6 1 4 0 4 1 4 1 4 1 3 0 2 1 2 0 1 1 1 -1 -1 -1 -1 -1 -1 -1 -1 -1 -1 -1 -1 -1 -1 -1 -1 -1 -1 -1 -1 -1 0 0 -37 -1 -35 0 -40 -1 -39 -4 -39 -2 -33 -4 -39 -5 -33 -3 -43 -3 -38 -9 -41 -10 -39 -10 -43 -9 -41 -10 -34 -8 -37 -7 -37 -5 -37 -10 -31 -6 -32 -8 -30 -9 -34 -5 -31 -11 -32 -8 -35 -12 -32 -6 -33 6 -32 -5 -31 -5 -29 -2 -29 -2 -30 -4 -30 0 -29 -1 -29 1 -29 3 -25 1 -28 2 -28 0 -28 3 -27 2 -23 9 -23 5 -26 7 -22 6 -21 9 -22 6 -20 9 -20 10 -24 7 -22 9 -21 7 -21 7 -18 15 -17 20 -17 21 -13 22 -1 -1 ]
CSI_DATA,STA,08:3A:F2:51:5D:9D,-48,11,1,0,1,1,1,0,0,0,0,-94,0,6,1,30634748,0,110,0,0,30.815465,384,[110 96 6 0 0 0 0 0 0 0 0 0 -13 18 -11 18 -13 21 -17 20 -15 18 -14 15 -15 17 -14 16 -14 17 -16 16 -19 17 -18 17 -18 16 -19 15 -16 12 -18 17 -16 14 -17 12 -16 13 -15 12 -16 12 -16 13 -16 9 -16 12 -17 13 -15 13 0 0 -14 13 -13 14 -14 14 -12 14 -13 11 -12 13 -13 13 -10 13 -11 13 -7 13 -9 14 -9 12 -9 13 -7 13 -7 13 -6 14 -8 16 -5 13 -5 14 -3 13 -6 13 -5 13 -5 13 -4 14 -6 12 -4 12 0 0 0 0 0 0 0 0 0 0 -1 -1 -1 -1 17 -15 20 -16 16 -18 14 -17 17 -8 15 -7 16 -9 17 -7 15 -8 13 -7 14 -8 11 -9 14 -11 13 -9 15 -9 13 -10 14 -11 13 -10 10 -8 11 -11 10 -12 12 -10 8 -10 9 -9 9 -9 8 -10 10 -10 8 -11 10 -10 8 -11 5 -13 8 -11 8 -10 6 -9 7 -10 8 -8 6 -10 5 -8 5 -9 6 -8 6 -8 6 -7 6 -7 5 -7 5 -6 4 -7 3 -5 3 -6 3 -5 2 -5 3 -5 2 -4 1 -4 1 -4 1 -3 1 -3 0 -3 -1 -1 -1 -1 -1 -1 -1 -1 -1 -1 -1 -1 -1 -1 -1 -1 -1 -1 -1 -1 0 0 -9 37 -7 34 -8 40 -11 38 -10 38 -11 32 -13 37 -10 32 -11 40 -17 36 -18 39 -17 37 -18 40 -18 37 -16 30 -17 36 -13 35 -18 34 -13 29 -16 29 -15 26 -13 32 -16 28 -16 29 -20 32 -13 29 -4 34 -14 29 -13 28 -10 27 -9 27 -12 27 -7 28 -8 26 -7 27 -5 28 -5 24 -5 27 -7 26 -4 27 -3 26 1 25 -2 23 0 27 -1 22 2 22 1 23 4 23 4 22 0 24 1 23 1 21 1 21 11 22 15 23 15 21 19 19 -1 -1 ]
CSI_DATA,STA,08:3A:F2:51:5D:9D,-48,11,1,0,1,1,1,0,0,0,0,-94,0,6,1,30638698,0,110,0,0,30.825940,384,[110 96 6 0 0 0 0 0 0 0 0 0 18 -12 18 -12 20 -14 23 -12 21 -12 19 -8 21 -10 19 -9 20 -10 21 -7 24 -8 24 -9 23 -8 23 -6 19 -5 24 -8 20 -6 20 -4 19 -5 18 -5 19 -4 20 -5 18 -2 20 -4 21 -5 19 -6 0 0 19 -6 17 -8 18 -7 16 -8 16 -5 16 -8 17 -7 14 -7 16 -8 12 -9 14 -10 13 -7 14 -8 12 -10 12 -9 12 -11 14 -11 10 -11 11 -11 8 -11 11 -10 10 -11 11 -10 10 -11 10 -9 9 -10 0 0 0 0 0 0 0 0 0 0 -1 -1 -1 -1 -22 12 -22 13 -18 16 -16 15 -17 1 -16 1 -17 2 -17 0 -15 2 -12 1 -14 2 -12 3 -14 5 -15 4 -15 3 -14 4 -15 5 -14 4 -12 3 -12 5 -11 7 -12 5 -9 5 -11 5 -11 4 -10 6 -11 5 -10 6 -12 5 -10 6 -6 12 -10 6 -10 5 -8 5 -8 5 -9 4 -9 6 -7 5 -8 5 -7 4 -7 5 -7 4 -7 3 -7 3 -6 3 -5 4 -5 3 -5 3 -4 3 -4 3 -4 2 -3 2 -3 2 -3 1 -3 1 -3 1 -2 2 -1 -1 -1 -1 -1 -1 -1 -1 -1 -1 -1 -1 -1 -1 -1 -1 -1 -1 -1 -1 0 0 14 -31 13 -30 15 -34 18 -31 16 -32 15 -25 20 -29 14 -26 18 -34 22 -28 24 -30 22 -29 23 -32 23 -29 19 -24 22 -27 18 -28 22 -26 16 -22 20 -23 19 -20 17 -25 19 -21 19 -22 24 -24 17 -23 6 -34 18 -22 17 -23 14 -21 12 -21 15 -21 12 -24 13 -21 10 -23 9 -24 8 -22 8 -23 11 -22 9 -23 8 -23 2 -23 6 -20 5 -24 5 -20 3 -20 4 -20 1 -21 1 -20 5 -22 3 -21 3 -20 4 -20 -11 -23 -14 -25 -14 -25 -20 -21 -1 -1 ]
CSI_DATA,STA,08:3A:F2:51:5D:9D,-48,11,1,0,1,1,1,0,0,0,0,-94,0,6,1,30639242,0,110,0,0,30.836408,384,[110 96 6 0 0 0 0 0 0 0 0 0 21 -8 20 -8 22 -9 26 -7 23 -6 21 -4 23 -5 21 -4 21 -4 22 -3 25 -3 25 -4 24 -3 24 -1 20 0 25 -3 21 -1 20 1 20 0 19 0 20 0 20 0 17 2 20 0 22 0 19 -2 0 0 19 -1 18 -3 20 -3 17 -4 17 -1 17 -3 18 -3 16 -3 17 -4 13 -6 15 -6 15 -4 15 -5 14 -7 14 -6 14 -8 16 -7 12 -8 13 -8 10 -8 13 -7 12 -8 13 -8 12 -9 12 -7 10 -8 0 0 0 0 0 0 0 0 0 0 -1 -1 -1 -1 -25 -6 -25 -6 -26 -2 -22 0 -17 -9 -17 -8 -19 -8 -19 -10 -17 -7 -14 -6 -17 -5 -14 -4 -18 -4 -17 -5 -18 -6 -17 -4 -19 -4 -17 -4 -15 -4 -17 -2 -17 0 -16 -3 -14 0 -15 -2 -14 -2 -15 -1 -14 -2 -15 0 -15 -2 -15 0 -14 4 -14 0 -14 -1 -13 0 -13 0 -13 -1 -12 1 -11 0 -12 0 -11 0 -10 0 -11 -1 -10 0 -10 0 -9 0 -8 1 -7 0 -8 0 -7 0 -6 0 -5 0 -5 0 -5 1 -5 0 -4 0 -3 0 -3 0 -1 -1 0 0 0 0 -1 -1 -1 -1 -1 -1 0 0 0 0 -1 -1 -1 -1 -1 -1 31 -24 29 -24 33 -25 35 -24 33 -22 30 -18 35 -20 29 -19 36 -23 36 -17 40 -18 38 -18 41 -19 39 -17 33 -14 37 -15 36 -18 37 -13 30 -14 32 -12 30 -11 32 -15 31 -10 32 -12 37 -11 30 -14 26 -22 30 -13 29 -14 27 -15 25 -14 28 -13 25 -16 24 -15 24 -17 23 -18 20 -16 22 -18 23 -16 22 -19 21 -18 16 -20 18 -18 19 -21 16 -18 15 -19 15 -18 13 -20 13 -20 17 -19 15 -19 14 -18 15 -18 7 -23 7 -28 5 -28 1 -28 -1 -1 ]
CSI_DATA,STA,08:3A:F2:51:5D:9D,-48,11,1,0,1,1,1,0,0,0,0,-94,0,6,1,30639730,0,110,0,0,30.846969,384,[110 96 6 0 0 0 0 0 0 0 0 0 9 19 9 19 11 22 9 24 8 22 6 20 7 22 5 20 7 21 4 22 4 25 5 24 4 24 3 23 1 20 5 24 2 21 1 21 2 20 2 19 2 19 2 20 -1 18 1 20 1 21 3 19 0 0 3 19 5 18 5 19 5 17 2 17 5 17 4 18 4 15 5 17 6 13 7 15 4 14 5 14 7 13 7 13 9 13 8 15 8 11 9 11 9 10 8 12 8 11 8 12 9 11 7 11 8 10 0 0 0 0 0 0 0 0 0 0 -1 -1 -1 -1 -10 -22 -10 -24 -13 -20 -14 -17 0 -17 0 -16 -1 -17 1 -17 -1 -15 0 -12 -1 -15 -3 -13 -3 -15 -3 -15 -2 -16 -3 -14 -4 -16 -3 -14 -2 -12 -5 -13 -6 -13 -4 -14 -5 -10 -4 -12 -3 -11 -6 -12 -4 -12 -6 -11 -4 -13 -6 -12 -13 -8 -5 -11 -5 -11 -4 -9 -5 -9 -4 -10 -5 -9 -5 -8 -4 -8 -4 -8 -5 -8 -4 -8 -4 -8 -3 -7 -3 -6 -4 -6 -3 -5 -4 -6 -2 -5 -3 -4 -3 -4 -3 -3 -2 -3 -3 -3 -2 -3 -2 -3 -3 -2 -1 -1 0 0 0 0 -1 -1 -1 -1 -1 -1 0 0 0 0 -1 -1 -1 -1 -1 -1 28 18 26 17 30 20 27 21 28 21 22 19 25 23 22 18 30 22 25 25 26 27 24 26 27 27 25 27 19 22 23 25 23 22 22 25 18 19 19 22 16 21 22 20 17 22 18 22 19 27 19 20 32 10 18 21 19 20 18 16 18 15 18 18 20 15 18 15 20 14 21 13 18 12 20 12 19 14 20 12 19 11 21 5 18 8 21 8 18 8 18 5 18 7 19 4 18 4 20 7 19 6 17 6 18 6 23 -7 26 -11 24 -10 23 -16 -1 -1 ]
CSI_DATA,STA,08:3A:F2:51:5D:9D,-48,11,1,0,1,1,1,0,0,0,0,-94,0,6,1,30640141,0,110,0,0,30.856964,384,[110 96 6 0 0 0 0 0 0 0 0 0 -16 -17 -15 -16 -18 -18 -17 -22 -16 -20 -12 -18 -14 -20 -13 -18 -13 -19 -12 -20 -13 -23 -14 -22 -13 -22 -12 -22 -9 -19 -13 -22 -10 -20 -8 -20 -10 -19 -9 -18 -9 -18 -10 -19 -6 -18 -9 -19 -10 -20 -10 -17 0 0 -10 -18 -12 -16 -12 -17 -12 -14 -9 -16 -11 -15 -12 -16 -11 -13 -12 -14 -13 -10 -13 -11 -11 -12 -12 -12 -13 -10 -12 -10 -14 -9 -15 -11 -13 -8 -13 -8 -13 -6 -13 -8 -13 -8 -13 -8 -14 -7 -12 -8 -12 -6 0 0 0 0 0 0 0 0 0 0 -1 -1 -1 -1 15 17 16 19 19 15 17 11 5 15 4 14 7 16 5 16 6 14 5 11 7 13 7 10 9 12 8 13 7 13 8 12 9 13 8 12 6 10 9 10 10 8 8 10 8 7 8 8 7 9 9 8 8 8 10 7 9 9 9 7 13 2 9 7 8 7 7 6 9 6 8 7 8 5 7 4 7 5 7 5 7 4 6 5 6 5 6 4 5 4 5 2 4 3 5 3 4 3 4 1 3 2 3 1 3 1 2 1 2 1 2 0 3 0 -1 -1 -1 -1 -1 -1 -1 -1 -1 -1 -1 -1 -1 -1 -1 -1 -1 -1 -1 -1 0 0 -34 -12 -32 -11 -37 -12 -35 -15 -36 -14 -29 -13 -33 -17 -29 -12 -37 -14 -33 -19 -35 -21 -34 -20 -37 -21 -34 -21 -28 -17 -32 -19 -32 -16 -31 -20 -26 -14 -27 -17 -24 -17 -29 -15 -25 -18 -27 -17 -29 -22 -27 -15 -35 -3 -26 -15 -27 -14 -25 -12 -24 -10 -26 -13 -27 -8 -25 -10 -27 -8 -27 -7 -25 -6 -26 -6 -25 -8 -26 -5 -25 -5 -24 1 -22 -3 -26 -2 -22 -2 -21 1 -21 -1 -21 2 -21 2 -24 -1 -23 0 -21 0 -21 0 -21 13 -23 17 -22 17 -17 22 -1 -1 ]
CSI_DATA,STA,08:3A:F2:51:5D:9D,-48,11,1,0,1,1,1,0,0,0,0,-94,0,6,1,30640595,0,110,0,0,30.867713,384,[110 96 6 0 0 0 0 0 0 0 0 0 -9 -21 -9 -21 -10 -23 -8 -27 -7 -23 -5 -22 -5 -23 -5 -22 -5 -22 -4 -22 -4 -26 -5 -26 -4 -25 -3 -24 -2 -21 -4 -25 -2 -22 -1 -21 -2 -21 -2 -20 -1 -21 -2 -21 0 -18 -2 -21 -2 -22 -4 -20 0 0 -3 -20 -5 -19 -5 -20 -6 -17 -3 -18 -5 -18 -5 -19 -5 -16 -6 -17 -8 -14 -8 -15 -6 -15 -7 -15 -8 -14 -8 -14 -10 -14 -9 -16 -10 -12 -9 -12 -10 -10 -9 -13 -9 -12 -10 -12 -11 -11 -8 -11 -9 -10 0 0 0 0 0 0 0 0 0 0 -1 -1 -1 -1 2 25 3 25 8 24 5 20 -3 19 -3 17 -4 17 -4 17 -3 16 -1 13 -1 16 1 13 1 17 0 16 0 16 1 16 2 17 1 15 1 14 2 15 4 14 2 14 3 12 2 12 1 13 6 13 2 10 6 12 3 13 5 11 9 11 4 12 4 12 4 10 4 10 3 10 3 10 3 8 3 10 4 10 4 6 3 9 2 9 1 7 3 7 2 5 2 5 3 5 2 5 2 4 2 3 3 3 3 2 1 1 0 3 2 2 2 0 -1 -1 -1 -1 -1 -1 -1 -1 -1 -1 -1 -1 -1 -1 -1 -1 -1 -1 -1 -1 0 0 -26 -28 -26 -27 -28 -31 -26 -33 -25 -31 -21 -28 -23 -32 -22 -27 -27 -34 -21 -34 -23 -37 -23 -35 -24 -38 -22 -36 -18 -31 -20 -34 -22 -33 -17 -34 -18 -27 -17 -30 -15 -29 -19 -28 -14 -30 -16 -29 -16 -35 -17 -27 -28 -21 -17 -28 -18 -26 -18 -24 -18 -22 -18 -26 -21 -22 -19 -23 -22 -21 -22 -20 -20 -18 -22 -18 -21 -19 -23 -19 -22 -17 -24 -13 -20 -15 -24 -15 -20 -12 -21 -11 -20 -12 -22 -9 -22 -9 -22 -13 -22 -12 -21 -10 -19 -11 -23 1 -25 -1 -27 4 -29 9 -1 -1 ]
CSI_DATA,STA,08:3A:F2:51:5D:9D,-48,11,1,0,1,1,1,0,0,0,0,-94,0,6,1,30641095,0,110,0,0,30.878542,384,[110 96 6 0 0 0 0 0 0 0 0 0 18 -12 17 -12 20 -14 23 -12 21 -12 19 -9 21 -10 19 -9 20 -10 21 -8 24 -9 23 -10 23 -9 22 -7 19 -5 23 -9 20 -6 20 -5 19 -6 18 -6 19 -6 19 -6 17 -4 19 -5 21 -6 18 -7 0 0 18 -7 17 -9 18 -9 15 -9 16 -6 16 -8 16 -8 14 -8 15 -10 11 -11 13 -11 13 -8 12 -9 11 -11 11 -10 11 -12 13 -12 9 -11 10 -12 7 -12 10 -11 9 -11 9 -12 8 -12 9 -10 7 -11 0 0 0 0 0 0 0 0 0 0 -1 -1 -1 -1 -21 12 -22 13 -19 16 -16 15 -18 2 -16 2 -17 3 -18 2 -16 3 -14 2 -15 4 -12 5 -15 6 -15 5 -15 4 -14 5 -15 7 -14 6 -12 5 -13 6 -12 8 -13 6 -9 7 -11 6 -11 5 -10 7 -11 6 -10 8 -12 7 -10 8 -5 13 -10 7 -10 7 -8 6 -8 7 -9 6 -8 6 -7 6 -7 6 -7 5 -6 6 -7 5 -7 4 -6 4 -6 4 -5 4 -5 3 -4 4 -4 4 -3 3 -4 2 -3 3 -3 2 -2 2 -2 2 -2 2 -2 2 -1 -1 -1 -1 -1 -1 -1 -1 -1 -1 -1 -1 -1 -1 -1 -1 -1 -1 -1 -1 0 0 16 -31 14 -30 17 -33 19 -32 18 -31 16 -26 20 -30 15 -27 20 -33 22 -29 24 -31 23 -30 24 -33 24 -30 20 -25 23 -27 20 -29 23 -26 17 -23 20 -23 19 -21 18 -25 19 -21 19 -23 24 -24 17 -24 6 -34 18 -24 18 -23 14 -23 13 -22 16 -23 12 -24 12 -22 11 -24 9 -26 7 -22 8 -24 10 -23 8 -25 8 -24 2 -23 5 -21 5 -25 4 -21 2 -21 3 -21 1 -22 1 -21 3 -23 3 -22 2 -20 3 -21 -11 -23 -13 -26 -15 -25 -17 -21 -1 -1 ]
CSI_DATA,STA,08:3A:F2:51:5D:9D,-49,11,1,0,1,1,1,0,0,0,0,-94,0,6,1,30654290,0,110,0,0,30.889049,384,[110 96 6 0 0 0 0 0 0 0 0 0 -22 5 -21 5 -25 6 -26 3 -24 3 -21 1 -24 2 -22 1 -23 2 -23 0 -26 -1 -26 0 -25 -1 -24 -2 -20 -3 -25 0 -21 -2 -21 -3 -20 -2 -19 -2 -20 -3 -21 -2 -18 -4 -20 -3 -22 -3 -20 -1 0 0 -19 -1 -19 1 -20 1 -18 2 -17 -1 -18 1 -19 0 -17 1 -17 2 -15 4 -16 4 -15 2 -15 3 -14 4 -15 4 -14 6 -17 5 -13 6 -13 6 -11 7 -13 5 -13 5 -13 6 -13 7 -12 5 -11 6 0 0 0 0 0 0 0 0 0 0 -1 -1 -1 -1 22 0 23 0 23 -4 20 -4 16 5 15 4 16 4 16 5 15 4 13 3 15 3 13 1 16 1 15 2 15 2 15 1 16 0 15 0 13 1 14 -2 14 -4 14 0 11 -3 12 -1 13 0 12 -2 12 -1 12 -3 13 -1 12 -3 11 -8 12 -3 12 -2 11 -3 10 -3 10 -2 10 -3 9 -3 9 -2 8 -2 8 -3 8 -2 8 -2 7 -2 7 -2 6 -2 5 -3 5 -2 5 -2 3 -2 4 -2 3 -3 2 -2 2 -2 2 -2 2 -2 1 -3 -1 -1 -1 -1 -1 -1 -1 -1 -1 -1 -1 -1 -1 -1 -1 -1 -1 -1 -1 -1 0 0 -29 22 -28 22 -32 24 -34 21 -33 21 -29 17 -35 18 -29 16 -36 22 -36 15 -38 17 -36 16 -39 18 -37 16 -32 13 -35 14 -33 17 -36 12 -29 13 -31 10 -30 8 -31 13 -30 8 -30 11 -34 10 -28 13 -23 24 -29 12 -28 11 -25 13 -23 13 -27 12 -24 15 -24 13 -24 15 -23 17 -20 14 -20 16 -21 14 -20 17 -19 17 -15 18 -16 16 -17 18 -15 16 -14 17 -15 16 -13 18 -12 17 -15 17 -13 17 -13 16 -13 16 -5 22 -1 27 -2 27 2 25 -1 -1 ]
CSI_DATA,STA,08:3A:F2:51:5D:9D,-49,11,1,0,1,1,1,0,0,0,0,-94,0,6,1,30725490,0,110,0,0,30.899756,384,[110 96 6 0 0 0 0 0 0 0 0 0 19 -12 18 -12 21 -14 24 -12 22 -12 19 -9 21 -10 20 -9 21 -10 22 -8 24 -8 24 -9 23 -8 23 -7 20 -5 24 -9 21 -7 21 -5 20 -6 18 -6 19 -5 20 -6 18 -3 20 -5 21 -6 18 -7 0 0 18 -7 17 -9 18 -9 16 -9 16 -6 16 -8 17 -8 14 -8 15 -10 12 -10 13 -11 13 -8 13 -9 11 -10 11 -11 10 -12 13 -13 9 -12 9 -12 7 -12 9 -11 9 -12 9 -12 8 -12 9 -10 7 -11 0 0 0 0 0 0 0 0 0 0 -1 -1 -1 -1 -23 5 -25 6 -22 8 -18 11 -20 -1 -18 0 -20 1 -20 -1 -18 1 -15 0 -17 3 -15 3 -17 5 -18 3 -18 3 -17 3 -18 4 -17 4 -14 2 -15 7 -14 7 -15 6 -11 6 -13 5 -13 4 -12 7 -14 5 -13 6 -15 5 -13 7 -10 10 -12 6 -13 6 -10 6 -11 7 -11 4 -10 6 -10 5 -10 5 -9 5 -9 5 -9 4 -9 3 -8 3 -8 2 -7 4 -6 2 -6 3 -5 2 -4 2 -4 1 -4 2 -3 1 -3 0 -2 0 -2 0 -2 0 0 0 -1 -1 -1 -1 -1 -1 -1 -1 -1 -1 -1 -1 -1 -1 0 0 0 0 -1 -1 25 -30 22 -29 26 -34 27 -30 27 -33 24 -25 29 -30 24 -25 29 -34 33 -26 35 -28 33 -27 36 -29 35 -27 28 -21 31 -27 28 -27 32 -26 24 -22 27 -22 26 -19 26 -25 28 -19 28 -21 33 -21 25 -22 20 -30 25 -21 24 -23 20 -22 19 -23 22 -21 19 -25 19 -22 18 -24 16 -26 16 -22 15 -24 17 -23 15 -25 13 -23 8 -26 10 -22 10 -27 9 -22 6 -24 7 -22 5 -24 4 -24 9 -25 7 -23 7 -22 7 -22 -3 -25 -5 -27 -5 -26 -12 -26 -1 -1 ]
CSI_DATA,STA,08:3A:F2:51:5D:9D,-49,11,1,0,1,1,1,0,0,0,0,-94,0,6,1,30737404,0,110,0,0,30.915192,384,[110 96 6 0 0 0 0 0 0 0 0 0 20 -9 19 -9 22 -11 25 -9 23 -8 20 -6 23 -7 20 -6 21 -7 22 -5 25 -5 25 -6 24 -4 24 -3 20 -2 25 -5 21 -3 21 -2 20 -3 19 -3 19 -3 20 -3 18 0 20 -2 22 -3 19 -4 0 0 19 -4 18 -6 19 -6 17 -6 17 -4 17 -6 18 -6 15 -6 16 -8 13 -9 14 -9 14 -6 14 -7 12 -9 12 -9 12 -10 14 -10 10 -10 11 -10 8 -11 11 -10 10 -10 10 -10 10 -11 10 -9 8 -10 0 0 0 0 0 0 0 0 0 0 -1 -1 -1 -1 -24 1 -25 2 -23 6 -20 7 -19 -3 -18 -2 -19 -2 -20 -3 -18 -1 -15 -1 -17 0 -14 2 -18 2 -17 1 -18 1 -17 2 -18 3 -17 2 -15 2 -16 4 -15 6 -16 3 -12 5 -14 4 -14 3 -13 5 -14 4 -13 6 -15 4 -13 6 -10 9 -13 6 -13 5 -11 5 -11 5 -12 4 -11 5 -10 5 -10 4 -9 4 -9 4 -9 4 -8 3 -8 3 -7 3 -6 4 -6 3 -5 3 -5 3 -4 3 -4 2 -3 3 -3 2 -2 2 -2 1 -2 2 -2 2 -1 -1 -1 -1 -1 -1 -1 -1 -1 -1 -1 -1 -1 -1 -1 -1 -1 -1 0 0 0 0 29 -26 26 -27 31 -28 33 -27 31 -26 28 -21 32 -24 27 -23 34 -27 34 -22 38 -23 36 -23 38 -24 37 -21 31 -18 35 -20 33 -23 35 -18 28 -18 30 -17 28 -15 29 -19 29 -15 30 -17 34 -16 28 -19 22 -27 28 -18 27 -18 24 -19 22 -18 25 -18 22 -21 22 -19 21 -22 20 -23 17 -21 18 -22 19 -20 17 -22 16 -22 12 -24 13 -21 14 -24 11 -21 10 -22 10 -21 8 -23 8 -23 11 -22 10 -22 9 -21 9 -21 1 -24 -1 -28 -2 -28 -7 -27 -1 -1 ]
CSI_DATA,STA,08:3A:F2:51:5D:9D,-49,11,1,0,1,1,1,0,0,0,0,-94,0,6,1,30737924,0,110,0,0,30.926144,384,[110 96 6 0 0 0 0 0 0 0 0 0 17 13 17 13 20 15 19 18 18 16 14 15 16 17 15 15 16 16 14 17 16 20 17 19 15 19 14 19 11 17 16 19 12 17 11 17 12 17 11 15 11 16 12 17 8 16 11 16 12 18 12 15 0 0 12 15 13 13 13 14 13 12 11 13 13 12 13 13 12 10 13 10 12 7 14 8 12 9 13 9 13 7 13 7 14 6 15 8 13 4 14 4 12 3 13 5 13 4 13 4 13 3 12 4 12 3 0 0 0 0 0 0 0 0 0 0 -1 -1 -1 -1 -20 -14 -21 -15 -23 -10 -19 -8 -10 -15 -9 -14 -11 -14 -10 -15 -10 -12 -8 -11 -10 -11 -10 -9 -12 -11 -12 -11 -11 -12 -12 -11 -13 -10 -12 -10 -10 -9 -12 -8 -13 -6 -12 -8 -12 -5 -12 -7 -10 -8 -12 -6 -11 -7 -12 -5 -12 -8 -12 -6 -14 0 -12 -6 -12 -6 -10 -4 -10 -5 -10 -5 -10 -4 -9 -3 -10 -4 -9 -4 -8 -3 -8 -4 -8 -4 -8 -4 -7 -3 -6 -2 -5 -2 -6 -2 -5 -2 -4 -1 -4 -1 -4 0 -4 0 -4 0 -4 0 -3 0 -3 0 -1 -1 -1 -1 -1 -1 -1 -1 -1 -1 -1 -1 -1 -1 -1 -1 -1 -1 0 0 0 0 34 5 32 4 37 5 36 7 35 7 30 7 34 9 29 6 38 7 35 12 37 13 36 12 38 12 36 13 29 11 33 12 33 9 33 13 27 8 28 11 25 11 29 9 27 12 28 10 31 14 28 9 34 -5 27 9 27 8 25 6 24 5 26 7 26 3 24 4 26 2 26 0 22 0 24 0 24 2 25 -1 24 -1 21 -6 21 -3 24 -4 20 -3 19 -6 20 -4 19 -7 19 -7 21 -5 20 -6 19 -5 19 -5 16 -17 17 -22 16 -22 12 -25 -1 -1 ]
CSI_DATA,STA,08:3A:F2:51:5D:9D,-49,11,1,0,1,1,1,0,0,0,0,-94,0,6,1,30738389,0,110,0,0,30.936369,384,[110 96 6 0 0 0 0 0 0 0 0 0 -10 20 -9 19 -10 22 -14 22 -13 20 -12 17 -14 20 -13 18 -13 18 -14 18 -17 19 -16 20 -16 18 -17 17 -15 14 -16 19 -15 16 -16 14 -15 15 -14 14 -14 14 -15 15 -15 11 -15 14 -16 15 -13 15 0 0 -13 15 -11 15 -12 16 -10 15 -12 13 -10 15 -11 15 -9 14 -9 15 -6 14 -7 15 -8 13 -7 14 -5 14 -6 14 -5 15 -6 16 -3 13 -3 14 -2 13 -4 14 -3 13 -3 14 -2 14 -4 13 -2 12 0 0 0 0 0 0 0 0 0 0 -1 -1 -1 -1 15 -18 16 -18 13 -21 11 -18 15 -10 13 -10 14 -11 16 -10 13 -10 11 -9 12 -11 10 -10 11 -13 11 -12 12 -12 11 -12 11 -13 10 -12 9 -11 9 -13 7 -14 9 -13 5 -12 7 -11 7 -11 6 -12 7 -11 5 -13 8 -12 6 -13 1 -14 5 -12 6 -11 4 -10 4 -11 5 -10 4 -10 3 -10 3 -10 4 -9 3 -9 4 -9 4 -8 3 -8 3 -7 2 -7 2 -6 1 -6 1 -5 1 -5 1 -4 0 -5 -1 -4 -1 -4 -1 -3 -1 -3 -1 -3 0 0 -1 -1 -1 -1 -1 -1 -1 -1 -1 -1 -1 -1 -1 -1 0 0 0 0 -1 -1 -4 38 -2 36 -4 40 -6 41 -6 39 -6 34 -9 39 -6 33 -7 42 -12 38 -13 41 -12 40 -13 42 -13 39 -12 34 -12 37 -10 38 -14 36 -9 31 -12 32 -12 29 -10 33 -13 29 -12 31 -16 34 -10 31 1 33 -10 31 -9 29 -7 29 -6 26 -9 29 -4 29 -5 27 -3 28 -2 29 -2 25 -1 27 -3 26 0 27 0 26 5 24 2 23 3 26 3 22 5 22 4 21 6 22 7 21 4 23 4 22 4 20 4 21 14 19 18 20 19 19 21 15 -1 -1 ]
CSI_DATA,STA,08:3A:F2:51:5D:9D,-49,11,1,0,1,1,1,0,0,0,0,-94,0,6,1,30738835,0,110,0,0,30.946793,384,[110 96 6 0 0 0 0 0 0 0 0 0 -23 3 -22 3 -25 4 -27 1 -25 1 -22 -1 -24 0 -22 -1 -23 0 -24 -2 -26 -3 -26 -2 -26 -2 -25 -4 -21 -4 -26 -2 -22 -3 -21 -5 -21 -3 -20 -3 -20 -4 -21 -4 -18 -5 -21 -4 -22 -4 -20 -2 0 0 -20 -2 -20 0 -20 0 -18 1 -18 -2 -18 0 -19 0 -17 1 -18 2 -15 4 -17 4 -16 1 -16 2 -15 4 -15 4 -15 5 -17 5 -13 6 -13 6 -12 7 -14 5 -13 6 -14 6 -13 7 -13 5 -11 6 0 0 0 0 0 0 0 0 0 0 -1 -1 -1 -1 22 4 24 3 24 -1 20 -2 17 6 15 5 17 5 17 7 16 5 13 3 15 3 13 1 17 1 16 2 16 2 15 1 17 1 15 1 13 1 15 -1 15 -3 14 0 12 -3 13 -1 13 0 13 -2 12 -1 12 -4 14 -1 13 -3 11 -7 13 -3 12 -2 11 -3 10 -3 11 -2 11 -4 9 -3 9 -3 9 -3 8 -4 8 -2 8 -2 8 -2 7 -2 5 -3 4 -3 5 -3 4 -2 3 -3 3 -2 2 -3 2 -3 2 -2 1 -2 1 -3 1 -3 -1 -1 -1 -1 -1 -1 -1 -1 -1 -1 -1 -1 -1 -1 -1 -1 -1 -1 0 0 0 0 -35 17 -33 18 -38 19 -39 17 -37 17 -33 13 -39 14 -33 14 -41 17 -40 11 -43 12 -42 12 -44 12 -43 11 -36 8 -39 10 -39 12 -39 8 -32 9 -34 7 -32 6 -35 10 -33 6 -34 8 -38 6 -32 10 -29 19 -33 9 -31 10 -29 11 -26 11 -30 10 -27 13 -27 12 -27 14 -26 15 -23 13 -24 15 -25 13 -24 16 -23 15 -18 18 -19 16 -21 18 -17 16 -16 17 -17 16 -15 19 -15 18 -18 17 -16 17 -16 16 -15 16 -8 22 -7 27 -6 26 -2 27 -1 -1 ]
CSI_DATA,STA,08:3A:F2:51:5D:9D,-49,11,1,0,1,1,1,0,0,0,0,-94,0,6,1,30739173,0,110,0,0,30.957153,384,[110 96 6 0 0 0 0 0 0 0 0 0 -14 -19 -13 -18 -16 -20 -14 -24 -13 -21 -10 -19 -11 -21 -10 -20 -11 -21 -10 -21 -10 -24 -11 -24 -10 -23 -9 -23 -6 -20 -10 -24 -8 -21 -6 -21 -7 -20 -7 -19 -6 -19 -7 -20 -4 -18 -7 -20 -7 -21 -8 -19 0 0 -8 -19 -10 -17 -10 -18 -10 -16 -7 -17 -9 -16 -9 -17 -9 -15 -10 -16 -11 -11 -11 -13 -9 -13 -10 -13 -11 -11 -11 -11 -12 -11 -13 -13 -12 -9 -12 -9 -11 -7 -11 -10 -12 -9 -12 -9 -12 -8 -11 -9 -11 -7 0 0 0 0 0 0 0 0 0 0 -1 -1 -1 -1 13 18 15 18 18 15 15 12 3 15 4 14 5 15 3 15 5 13 4 11 5 13 6 9 7 12 6 12 6 13 6 12 8 13 7 11 6 10 8 10 9 8 7 10 8 7 7 8 6 8 8 8 7 8 9 7 8 9 8 7 13 3 8 7 7 7 7 6 7 5 7 6 7 5 6 5 6 5 6 5 6 4 5 5 5 4 5 4 4 3 4 2 3 2 4 2 3 2 2 1 2 1 2 0 2 0 2 0 2 -1 2 -1 1 -1 -1 -1 -1 -1 -1 -1 -1 -1 -1 -1 -1 -1 -1 -1 -1 -1 -1 -1 0 0 0 0 -32 -15 -32 -14 -35 -17 -34 -19 -33 -18 -27 -16 -31 -20 -28 -15 -35 -19 -30 -22 -32 -24 -32 -23 -34 -24 -32 -24 -26 -20 -28 -23 -30 -20 -28 -23 -24 -17 -25 -20 -22 -19 -27 -18 -22 -20 -25 -19 -26 -24 -25 -17 -35 -6 -25 -18 -24 -17 -24 -14 -22 -13 -24 -15 -24 -12 -23 -12 -25 -11 -25 -10 -23 -9 -24 -8 -23 -10 -25 -7 -24 -8 -23 -2 -21 -5 -25 -5 -21 -4 -20 -2 -20 -3 -21 -1 -21 0 -22 -3 -22 -2 -20 -2 -20 -2 -21 10 -24 15 -22 15 -20 19 -1 -1 ]
CSI_DATA,STA,08:3A:F2:51:5D:9D,-49,11,1,0,1,1,1,0,0,0,0,-94,0,6,1,30739573,0,110,0,0,30.967903,384,[110 96 6 0 0 0 0 0 0 0 0 0 21 -9 20 -9 23 -10 25 -8 23 -8 20 -5 23 -6 21 -5 22 -6 23 -4 25 -4 25 -5 24 -4 24 -3 20 -1 25 -5 21 -3 21 -1 20 -2 19 -2 19 -2 20 -2 18 0 20 -2 22 -2 19 -3 0 0 19 -3 18 -6 19 -5 17 -6 17 -3 17 -5 18 -5 15 -5 16 -7 13 -8 14 -8 14 -6 14 -7 13 -8 13 -8 12 -9 15 -10 10 -9 11 -9 9 -10 11 -9 11 -9 11 -9 10 -10 10 -8 9 -9 0 0 0 0 0 0 0 0 0 0 -1 -1 -1 -1 -23 5 -23 6 -22 10 -19 9 -18 -2 -17 -1 -18 -1 -18 -2 -16 0 -14 -1 -16 1 -14 2 -16 2 -15 2 -16 2 -16 3 -16 4 -15 3 -13 3 -14 4 -14 6 -15 3 -11 5 -12 4 -13 3 -12 6 -12 4 -11 6 -13 4 -12 6 -8 10 -12 5 -11 5 -10 5 -10 5 -10 4 -9 5 -8 4 -8 5 -8 4 -8 4 -8 4 -7 3 -6 3 -6 3 -6 3 -5 3 -5 3 -4 3 -3 2 -3 2 -2 3 -2 2 -2 2 -1 2 -1 2 -1 2 -1 -1 -1 -1 -1 -1 -1 -1 -1 -1 -1 -1 -1 -1 -1 -1 -1 -1 0 0 0 0 24 -28 23 -28 27 -29 28 -29 27 -27 24 -22 29 -25 23 -23 30 -29 30 -24 32 -26 31 -25 33 -27 32 -24 28 -20 31 -21 29 -25 31 -20 24 -19 27 -18 25 -16 26 -21 26 -17 26 -19 30 -19 23 -20 16 -31 25 -19 24 -19 21 -20 19 -18 22 -19 19 -21 19 -20 18 -22 17 -23 14 -20 15 -22 16 -20 15 -23 14 -22 9 -23 11 -21 11 -23 9 -20 8 -21 9 -20 6 -22 7 -21 9 -21 7 -21 7 -20 8 -20 -3 -23 -6 -28 -8 -27 -10 -26 -1 -1 ]
CSI_DATA,STA,08:3A:F2:51:5D:9D,-47,11,1,0,1,1,1,0,0,0,0,-94,0,6,1,30934314,0,110,0,0,31.101106,384,[110 96 6 0 0 0 0 0 0 0 0 0 6 19 6 18 8 22 5 24 5 22 3 19 3 22 2 20 3 21 2 21 1 24 2 24 1 23 0 23 -1 19 2 24 0 20 -2 19 -1 19 -1 18 -2 19 -1 19 -4 16 -1 19 -1 21 0 18 0 0 0 18 2 18 1 19 2 16 -1 16 2 17 1 18 1 15 2 16 4 13 6 14 2 14 4 14 5 12 4 14 6 14 6 16 7 12 7 12 7 10 5 13 7 12 6 12 8 12 4 11 6 11 0 0 0 0 0 0 0 0 0 0 -1 -1 -1 -1 -6 -21 -9 -22 -12 -25 -12 -16 2 -16 3 -15 1 -16 1 -16 1 -14 1 -13 0 -16 -2 -12 -2 -16 -2 -15 -1 -15 -2 -14 -4 -16 -3 -14 -4 -13 -3 -13 -6 -13 -3 -12 -4 -10 -4 -11 -2 -11 -5 -13 -5 -13 -6 -11 -6 -14 -5 -10 -14 -11 -5 -13 -5 -12 -6 -9 -6 -11 -3 -11 -5 -9 -5 -9 -4 -8 -5 -9 -5 -8 -3 -10 -4 -7 -5 -9 -4 -7 -3 -7 -3 -8 -4 -7 -3 -6 -3 -7 -2 -5 -4 -4 -4 -7 -2 -6 -4 -3 -3 -4 -1 -3 -1 -1 -1 -1 -1 -1 -1 -1 -1 -1 -1 -1 -1 -1 -1 -1 -1 -1 -1 -1 0 0 24 20 23 19 26 22 23 23 24 23 19 20 21 24 19 20 25 25 20 26 22 29 21 27 22 29 20 28 16 23 19 27 21 23 17 26 15 20 15 24 13 21 17 21 14 23 14 22 15 28 15 21 29 14 15 22 15 21 15 18 14 16 15 20 16 16 15 16 18 16 18 15 15 13 18 13 17 15 19 14 19 12 19 7 16 11 20 9 17 10 16 9 17 9 17 7 17 6 17 10 17 8 16 6 17 9 24 -6 25 -7 28 -10 22 -14 -1 -1 ]
CSI_DATA,STA,08:3A:F2:51:5D:9D,-47,11,1,0,1,1,1,0,0,0,0,-94,0,6,1,30935729,0,110,0,0,31.111899,384,[110 96 6 0 0 0 0 0 0 0 0 0 -12 -18 -12 -17 -14 -20 -12 -23 -11 -21 -8 -19 -9 -21 -8 -20 -9 -20 -8 -21 -9 -24 -9 -23 -8 -23 -7 -23 -4 -20 -8 -24 -6 -21 -4 -20 -5 -20 -4 -18 -4 -19 -4 -20 -2 -18 -4 -20 -5 -21 -5 -19 0 0 -5 -19 -7 -17 -7 -19 -7 -16 -4 -17 -6 -17 -6 -18 -6 -16 -7 -17 -9 -12 -10 -14 -7 -13 -8 -14 -9 -13 -9 -13 -10 -13 -10 -15 -10 -11 -10 -11 -10 -9 -9 -12 -9 -11 -10 -11 -11 -10 -9 -11 -10 -9 0 0 0 0 0 0 0 0 0 0 -1 -1 -1 -1 -1 23 0 23 4 24 4 20 -5 18 -4 17 -4 18 -5 18 -3 16 -3 14 -2 16 0 14 0 17 -1 16 -1 17 0 16 1 18 0 16 0 14 2 16 4 16 0 16 3 13 1 14 1 13 3 14 2 14 4 13 2 15 5 14 8 12 4 14 3 14 3 12 4 12 2 13 4 12 3 11 3 11 3 11 3 10 3 11 3 11 3 10 2 10 3 9 2 8 3 8 1 8 2 7 1 7 2 7 2 5 1 6 1 5 1 4 1 4 -1 -1 0 0 0 0 -1 -1 -1 -1 -1 -1 0 0 0 0 -1 -1 -1 -1 -1 -1 -30 -22 -30 -20 -32 -24 -32 -27 -29 -25 -25 -24 -27 -27 -25 -23 -31 -29 -26 -29 -28 -32 -26 -31 -29 -34 -26 -33 -22 -27 -24 -31 -25 -31 -22 -31 -21 -24 -21 -27 -17 -25 -22 -27 -18 -28 -18 -26 -20 -32 -21 -25 -27 -18 -19 -27 -19 -25 -21 -24 -19 -20 -20 -24 -23 -21 -19 -19 -22 -20 -23 -22 -20 -16 -22 -18 -21 -18 -23 -18 -21 -17 -23 -12 -22 -14 -24 -15 -21 -12 -22 -11 -19 -11 -23 -9 -22 -10 -22 -13 -21 -11 -20 -11 -21 -11 -23 -3 -28 0 -29 0 -27 4 -1 -1 ]
CSI_DATA,STA,08:3A:F2:51:5D:9D,-47,11,1,0,1,1,1,0,0,0,0,-94,0,6,1,30938476,0,110,0,0,31.122900,384,[110 96 6 0 0 0 0 0 0 0 0 0 -3 20 -3 19 -3 22 -6 23 -5 22 -6 18 -6 21 -7 19 -6 20 -8 19 -9 22 -9 22 -9 21 -10 20 -10 16 -9 21 -9 18 -10 17 -9 17 -8 16 -9 16 -9 17 -10 14 -10 17 -10 18 -7 17 0 0 -7 17 -6 17 -6 17 -4 15 -7 14 -5 16 -6 16 -4 15 -4 15 -2 14 -3 16 -4 14 -1 15 -1 13 -1 14 0 15 -1 17 1 14 0 14 1 13 1 13 1 13 1 14 2 14 0 14 2 11 0 0 0 0 0 0 0 0 0 0 -1 -1 -1 -1 3 -22 4 -23 -2 -26 -1 -21 9 -15 7 -14 8 -15 9 -14 6 -14 5 -11 6 -14 4 -12 4 -15 5 -15 5 -15 3 -14 3 -16 3 -14 3 -13 2 -14 0 -15 3 -15 -1 -12 2 -13 2 -13 0 -13 1 -13 -1 -13 1 -14 -1 -14 -8 -14 -1 -14 0 -13 -1 -12 -1 -13 0 -13 -2 -12 -2 -11 -1 -11 -1 -11 -2 -11 -1 -11 -1 -10 -1 -10 -1 -9 -2 -10 -1 -8 -2 -9 -1 -8 -1 -8 -1 -7 -2 -7 -2 -6 -1 -6 -1 -6 -1 -5 -1 -5 -1 -1 0 0 0 0 -1 -1 -1 -1 -1 -1 0 0 0 0 -1 -1 -1 -1 -1 -1 12 29 12 27 13 31 10 32 11 31 8 26 8 31 9 26 12 32 6 32 7 34 7 33 8 36 6 34 4 29 6 31 8 31 4 32 5 25 4 27 2 25 6 28 3 26 3 27 2 31 6 27 20 25 5 27 4 27 6 23 5 21 5 24 8 23 6 23 10 23 9 20 9 18 9 21 7 21 13 21 9 19 14 16 10 16 14 20 11 17 13 15 10 17 14 13 13 10 14 15 13 15 11 15 12 13 21 5 23 4 26 3 26 -3 -1 -1 ]
CSI_DATA,STA,08:3A:F2:51:5D:9D,-48,11,1,0,1,1,1,0,0,0,0,-94,0,6,1,30938855,0,110,0,0,31.132925,384,[110 96 6 0 0 0 0 0 0 0 0 0 -20 13 -19 12 -22 15 -25 12 -23 12 -21 8 -23 10 -21 8 -22 10 -23 8 -26 9 -25 10 -25 8 -24 7 -22 4 -24 8 -22 7 -22 5 -23 4 -20 5 -22 4 -23 5 -19 3 -22 4 -23 6 -20 7 0 0 -21 5 -19 9 -20 8 -17 9 -19 7 -18 8 -20 6 -17 8 -16 7 -13 10 -15 11 -14 7 -15 8 -13 11 -14 8 -12 11 -16 11 -12 11 -12 10 -10 11 -11 11 -11 9 -11 11 -10 12 -10 9 -9 11 0 0 0 0 0 0 0 0 0 0 -1 -1 -1 -1 25 -8 24 -11 25 -14 21 -11 19 -2 18 -1 19 -2 20 0 17 -2 15 -2 17 -3 15 -5 18 -6 17 -5 17 -4 16 -6 18 -7 16 -6 15 -5 15 -7 15 -10 16 -6 12 -8 14 -6 14 -6 13 -8 13 -7 12 -10 15 -8 13 -10 9 -14 14 -10 13 -8 12 -8 11 -9 12 -7 12 -9 10 -8 11 -8 10 -8 9 -8 10 -7 10 -7 9 -6 9 -7 8 -7 7 -6 8 -7 7 -6 7 -6 6 -5 6 -6 5 -5 5 -5 5 -4 5 -5 4 -4 -1 -1 0 0 0 0 -1 -1 -1 -1 -1 -1 0 0 0 0 -1 -1 -1 -1 -1 -1 -16 32 -15 32 -19 34 -21 34 -20 31 -19 28 -22 30 -17 27 -23 34 -26 28 -28 33 -25 31 -27 34 -25 32 -25 26 -26 27 -24 33 -27 28 -22 24 -25 23 -25 23 -24 25 -24 21 -24 21 -29 26 -21 25 -9 35 -23 23 -23 24 -17 24 -16 21 -21 23 -19 25 -17 24 -16 24 -14 25 -11 20 -13 25 -13 21 -13 25 -14 25 -7 23 -9 22 -11 25 -7 25 -5 20 -8 23 -6 25 -4 22 -8 24 -8 22 -6 21 -8 22 6 24 9 30 10 32 12 27 -1 -1 ]
CSI_DATA,STA,08:3A:F2:51:5D:9D,-48,11,1,0,1,1,1,0,0,0,0,-94,0,6,1,30939216,0,110,0,0,31.143420,384,[110 96 6 0 0 0 0 0 0 0 0 0 -23 -8 -22 -8 -25 -9 -26 -13 -24 -11 -20 -12 -22 -12 -21 -12 -21 -12 -20 -13 -22 -15 -23 -15 -22 -14 -21 -16 -17 -15 -23 -16 -19 -14 -17 -15 -18 -15 -17 -13 -16 -14 -19 -13 -15 -14 -18 -14 -19 -14 -18 -14 0 0 -17 -13 -17 -10 -18 -11 -18 -10 -15 -12 -16 -11 -18 -11 -16 -9 -17 -9 -16 -6 -17 -5 -16 -6 -14 -7 -15 -5 -16 -6 -17 -4 -19 -4 -16 -3 -16 -2 -15 -1 -15 -2 -17 -3 -16 -4 -16 -2 -14 -2 -13 -1 0 0 0 0 0 0 0 0 0 0 -1 -1 -1 -1 24 13 25 12 26 7 23 9 11 13 11 14 13 13 11 15 12 12 10 11 12 11 12 8 14 10 13 10 14 11 13 9 16 10 14 9 12 8 14 7 16 5 13 8 13 4 12 6 12 7 14 5 13 6 14 3 14 6 14 4 17 -2 14 4 13 5 13 3 12 4 13 5 13 3 12 3 12 3 11 3 11 2 11 4 11 3 11 3 10 3 9 1 8 2 9 1 8 2 7 1 7 2 6 1 7 1 7 1 6 1 5 1 5 1 -1 -1 0 0 0 0 -1 -1 -1 -1 -1 -1 0 0 0 0 -1 -1 -1 -1 -1 -1 -37 6 -35 6 -39 5 -40 3 -38 3 -34 2 -39 -1 -34 2 -41 2 -39 -2 -42 -2 -41 -2 -45 -1 -42 -4 -36 -2 -38 -6 -38 -2 -37 -5 -32 -2 -32 -5 -31 -5 -35 -1 -32 -7 -35 -4 -36 -7 -30 -2 -35 14 -33 -4 -32 -2 -31 -1 -28 -1 -31 -3 -28 0 -28 1 -30 4 -30 1 -26 4 -26 4 -25 1 -27 6 -25 5 -23 11 -25 5 -27 7 -22 8 -21 10 -22 8 -21 11 -20 10 -24 7 -22 9 -20 9 -20 9 -13 20 -16 27 -16 28 -14 26 -1 -1 ]
CSI_DATA,STA,08:3A:F2:51:5D:9D,-47,11,1,0,1,1,1,0,0,0,0,-94,0,6,1,30939686,0,110,0,0,31.153992,384,[110 96 6 0 0 0 0 0 0 0 0 0 3 -24 3 -23 3 -26 6 -27 5 -25 7 -22 7 -24 7 -22 7 -23 8 -23 10 -25 9 -26 10 -24 10 -23 10 -19 10 -25 10 -21 11 -19 10 -20 9 -18 10 -19 10 -20 10 -16 9 -19 10 -21 8 -20 0 0 9 -20 6 -19 7 -20 5 -19 7 -16 5 -18 7 -19 4 -16 5 -17 1 -17 1 -18 3 -16 3 -16 -1 -17 1 -17 0 -17 2 -20 -2 -16 -1 -17 -4 -15 -1 -16 -3 -15 -1 -16 -4 -16 -1 -15 -3 -15 0 0 0 0 0 0 0 0 0 0 -1 -1 -1 -1 -17 22 -14 21 -12 24 -11 23 -16 13 -15 13 -15 14 -17 13 -14 13 -12 11 -13 14 -10 13 -11 16 -11 14 -12 16 -11 15 -11 17 -10 16 -9 13 -8 16 -7 16 -9 15 -5 14 -7 13 -8 13 -6 15 -8 14 -5 15 -8 15 -5 16 0 17 -6 16 -6 14 -5 14 -4 14 -6 13 -4 14 -4 12 -4 12 -4 12 -4 12 -5 12 -5 12 -4 11 -4 10 -3 11 -3 9 -3 10 -3 9 -2 8 -3 8 -2 7 -1 7 -2 6 -2 6 -2 6 -3 5 -1 -1 0 0 0 0 -1 -1 -1 -1 -1 -1 0 0 0 0 -1 -1 -1 -1 -1 -1 -10 -39 -10 -38 -10 -42 -8 -43 -8 -41 -4 -37 -4 -42 -5 -36 -6 -45 -1 -42 -2 -46 -2 -44 -1 -47 0 -45 1 -38 1 -42 -1 -43 4 -40 0 -36 3 -36 3 -34 0 -37 4 -34 2 -36 5 -40 -1 -34 -13 -35 2 -36 1 -35 -2 -33 -3 -30 -2 -34 -3 -31 -2 -31 -6 -32 -7 -31 -8 -28 -10 -29 -7 -27 -8 -28 -8 -29 -12 -27 -10 -26 -11 -30 -12 -24 -11 -24 -11 -23 -15 -22 -12 -21 -9 -24 -12 -24 -11 -22 -12 -24 -22 -20 -28 -20 -24 -17 -26 -16 -1 -1 ]
CSI_DATA,STA,08:3A:F2:51:5D:9D,-47,11,1,0,1,1,1,0,0,0,0,-94,0,6,1,30953275,0,110,0,0,31.164769,384,[110 96 6 0 0 0 0 0 0 0 0 0 -24 5 -24 5 -27 6 -29 3 -27 3 -24 1 -26 1 -24 0 -25 1 -25 -1 -29 -2 -29 0 -28 -1 -27 -3 -23 -4 -28 -2 -25 -3 -23 -4 -23 -4 -22 -3 -22 -4 -23 -4 -20 -6 -23 -4 -25 -4 -22 -2 0 0 -22 -3 -22 0 -23 -1 -20 1 -20 -3 -21 -1 -21 -1 -19 0 -20 1 -17 4 -19 4 -17 1 -17 2 -17 4 -17 3 -17 6 -20 4 -15 6 -16 5 -13 6 -16 5 -15 5 -16 5 -15 7 -15 5 -14 6 0 0 0 0 0 0 0 0 0 0 -1 -1 -1 -1 23 14 24 12 27 8 22 7 16 13 16 11 18 11 18 14 16 10 14 9 17 9 16 7 19 8 17 8 18 9 18 7 20 7 18 7 15 7 18 5 19 2 17 6 16 2 16 4 15 5 16 3 15 4 17 1 17 4 17 1 16 -3 17 1 16 2 16 1 15 0 15 3 15 1 14 0 14 1 13 1 13 0 13 1 13 2 12 1 12 1 11 0 10 0 10 0 9 0 9 0 9 1 8 0 7 0 6 0 6 0 6 0 6 0 0 0 -1 -1 -1 -1 -1 -1 -1 -1 -1 -1 -1 -1 -1 -1 0 0 0 0 -1 -1 -40 19 -38 20 -43 20 -46 18 -43 16 -39 13 -44 14 -39 13 -48 16 -45 9 -49 11 -47 11 -50 11 -49 9 -42 7 -45 8 -46 11 -45 4 -39 8 -40 4 -38 3 -41 6 -38 2 -40 6 -44 3 -38 8 -35 15 -39 6 -37 6 -36 9 -32 9 -37 6 -34 10 -33 8 -34 10 -33 11 -29 12 -29 14 -30 11 -30 14 -29 14 -25 17 -25 15 -28 16 -24 15 -22 16 -22 14 -22 19 -22 17 -24 15 -22 16 -21 16 -22 15 -16 20 -16 27 -16 29 -11 28 -1 -1 ]
CSI_DATA,STA,08:3A:F2:51:5D:9D,-47,11,1,0,1,1,1,0,0,0,0,-94,0,6,1,30953757,0,110,0,0,31.174952,384,[110 96 6 0 0 0 0 0 0 0 0 0 -6 -24 -5 -23 -7 -27 -4 -28 -4 -27 -1 -23 -2 -26 0 -24 -2 -25 1 -26 2 -29 0 -29 1 -27 2 -26 4 -22 0 -28 2 -24 3 -23 2 -24 2 -21 3 -23 4 -23 6 -20 4 -22 4 -26 2 -23 0 0 2 -21 0 -24 0 -22 -2 -20 2 -18 0 -20 0 -22 -1 -19 -1 -20 -5 -16 -4 -18 -1 -17 -2 -16 -5 -16 -5 -17 -6 -17 -5 -21 -7 -14 -6 -16 -7 -13 -6 -15 -6 -16 -5 -16 -8 -15 -4 -15 -5 -14 0 0 0 0 0 0 0 0 0 0 -1 -1 -1 -1 -9 26 -8 28 -2 26 -3 25 -12 17 -9 16 -10 18 -13 18 -10 17 -8 13 -8 17 -6 15 -6 18 -8 17 -9 18 -7 17 -7 19 -6 17 -6 15 -3 17 -1 17 -5 17 0 15 -3 15 -4 15 -2 16 -4 15 -1 16 -4 17 -2 17 5 16 -1 16 -2 15 0 14 0 14 -2 14 0 14 0 13 -1 13 -1 13 -1 12 -2 12 -1 13 -1 12 -1 11 0 10 0 9 0 10 -2 9 0 8 -2 8 0 7 1 7 -1 6 0 6 -1 6 -1 5 -1 -1 0 0 0 0 -1 -1 -1 -1 -1 -1 0 0 0 0 -1 -1 -1 -1 -1 -1 -23 -36 -23 -33 -25 -38 -21 -40 -21 -38 -17 -34 -18 -41 -17 -34 -22 -43 -14 -42 -15 -46 -14 -44 -16 -47 -14 -45 -11 -38 -14 -42 -16 -40 -10 -42 -11 -34 -11 -36 -8 -36 -11 -36 -4 -35 -9 -36 -6 -43 -10 -35 -25 -35 -11 -37 -12 -36 -14 -32 -14 -30 -11 -34 -15 -30 -12 -29 -15 -28 -17 -31 -15 -27 -16 -26 -14 -29 -17 -25 -17 -24 -20 -21 -17 -21 -21 -23 -17 -20 -18 -20 -17 -20 -21 -18 -20 -17 -17 -22 -19 -19 -16 -19 -17 -20 -23 -11 -30 -9 -29 -9 -31 -4 -1 -1 ]
CSI_DATA,STA,08:3A:F2:51:5D:9D,-47,11,1,0,1,1,1,0,0,0,0,-94,0,6,1,30954199,0,110,0,0,31.185906,384,[110 96 6 0 0 0 0 0 0 0 0 0 17 -17 16 -16 18 -20 22 -18 20 -18 18 -13 20 -16 19 -14 19 -15 22 -13 24 -14 24 -15 23 -13 23 -12 20 -9 24 -15 20 -11 21 -10 20 -10 18 -10 18 -8 20 -10 21 -6 19 -9 21 -9 18 -11 0 0 16 -12 17 -13 18 -13 15 -14 16 -10 16 -13 16 -12 13 -13 15 -14 10 -13 13 -15 13 -10 13 -11 11 -14 12 -14 9 -15 11 -17 9 -14 9 -15 5 -16 8 -15 8 -14 8 -15 8 -15 8 -13 6 -13 0 0 0 0 0 0 0 0 0 0 -1 -1 -1 -1 -24 15 -22 17 -21 18 -15 20 -21 5 -19 5 -19 7 -20 4 -17 6 -16 5 -17 8 -14 7 -16 10 -16 8 -17 9 -15 9 -16 10 -15 9 -13 7 -13 11 -11 12 -14 10 -10 11 -12 10 -12 8 -11 11 -12 9 -10 12 -13 10 -11 12 -5 17 -11 12 -11 10 -8 10 -8 11 -10 10 -9 11 -8 10 -8 9 -8 10 -8 9 -9 9 -8 9 -7 8 -7 8 -5 9 -5 7 -6 7 -6 7 -5 6 -5 6 -4 6 -4 6 -4 5 -4 5 -4 4 -4 4 0 0 0 0 -1 -1 -1 -1 -1 -1 -1 -1 -1 -1 0 0 0 0 -1 -1 -1 -1 12 -37 11 -36 13 -40 16 -39 15 -38 14 -33 19 -38 15 -33 17 -42 22 -36 23 -39 22 -36 23 -40 23 -38 19 -31 21 -35 17 -36 23 -33 16 -29 20 -30 18 -27 17 -31 20 -27 22 -29 25 -31 18 -31 3 -38 18 -30 16 -28 13 -28 12 -28 15 -27 13 -30 12 -27 8 -30 9 -31 7 -25 8 -28 10 -26 7 -28 6 -26 0 -26 1 -25 2 -28 2 -25 1 -26 0 -26 -2 -25 -3 -24 0 -27 0 -25 0 -24 -1 -24 -13 -23 -18 -25 -17 -25 -22 -22 -1 -1 ]
CSI_DATA,STA,08:3A:F2:51:5D:9D,-43,11,0,0,0,0,0,0,0,0,0,-94,0,6,1,30956914,0,110,0,0,31.196626,128,[110 96 6 0 0 0 0 0 0 0 0 0 29 4 28 5 31 5 31 5 31 7 27 7 28 7 27 8 28 8 28 10 29 10 30 11 27 10 27 10 24 10 29 10 23 10 24 11 22 10 23 10 22 9 23 9 20 10 22 8 23 8 22 7 0 0 22 6 23 6 22 4 22 5 19 5 21 4 21 3 20 3 21 2 20 3 20 2 18 2 20 1 19 1 19 1 18 -1 20 -2 18 -1 18 -1 18 -2 17 -3 18 -2 18 -2 18 -3 17 -3 16 -2 0 0 0 0 0 0 0 0 0 0 ]
CSI_DATA,STA,08:3A:F2:51:5D:9D,-47,11,1,0,1,1,1,0,0,0,0,-94,0,6,1,30957448,0,110,0,0,31.200175,384,[110 96 6 0 0 0 0 0 0 0 0 0 0 24 0 22 1 27 -3 28 -2 26 -3 22 -3 25 -4 23 -3 24 -6 24 -8 27 -6 27 -7 25 -8 24 -8 20 -6 27 -7 21 -9 22 -7 21 -6 20 -7 20 -7 22 -8 18 -7 21 -9 21 -6 20 0 0 -6 20 -3 21 -4 20 -3 19 -5 18 -3 19 -4 19 -3 17 -2 18 1 17 0 19 -1 16 -2 16 2 15 2 16 3 16 2 19 4 15 4 16 5 14 3 15 4 15 3 16 3 15 3 15 3 12 0 0 0 0 0 0 0 0 0 0 -1 -1 -1 -1 0 -26 1 -27 -3 -25 -7 -26 9 -18 8 -18 5 -20 9 -17 5 -17 4 -13 5 -16 2 -14 2 -17 3 -18 4 -18 3 -17 2 -19 2 -16 2 -15 -1 -17 -3 -15 -1 -18 -3 -13 -1 -15 1 -14 -3 -14 0 -16 -2 -15 1 -17 -4 -16 -11 -14 -2 -15 -2 -16 -2 -12 -4 -14 -2 -14 -4 -13 -2 -13 -4 -13 -4 -13 -1 -13 -3 -12 -1 -12 -4 -11 -1 -10 -3 -11 -3 -9 -3 -8 -3 -9 -2 -7 -2 -8 -3 -7 -2 -5 -3 -6 -1 -6 -2 -6 -1 -8 0 0 0 0 -1 -1 -1 -1 -1 -1 -1 -1 -1 -1 0 0 0 0 -1 -1 -1 -1 19 31 19 28 21 33 17 33 19 32 14 28 17 34 15 28 21 35 13 37 13 40 12 38 15 40 13 39 9 31 12 35 14 32 11 36 11 28 9 32 7 29 13 31 6 31 9 32 6 36 9 29 24 27 9 30 11 30 12 24 11 24 11 27 15 25 11 24 14 23 15 22 15 22 15 22 12 23 15 21 16 21 19 15 14 16 18 18 15 16 16 14 16 16 17 12 17 13 16 18 15 15 16 15 14 13 29 4 30 1 29 2 30 -6 -1 -1 ]
CSI_DATA,STA,08:3A:F2:51:5D:9D,-42,11,0,0,0,0,0,0,0,0,0,-94,0,6,1,31037217,0,110,0,0,31.210653,128,[110 96 6 0 0 0 0 0 0 0 0 0 -26 -4 -26 -5 -27 -5 -29 -6 -27 -7 -24 -7 -25 -8 -24 -9 -25 -9 -24 -9 -26 -9 -26 -9 -25 -9 -24 -9 -22 -10 -25 -9 -21 -10 -20 -10 -21 -10 -21 -9 -20 -9 -21 -9 -18 -9 -20 -7 -22 -7 -21 -7 0 0 -20 -6 -20 -6 -20 -5 -20 -5 -18 -4 -19 -4 -19 -3 -18 -4 -18 -3 -18 -3 -19 -2 -17 -2 -17 -1 -18 -2 -17 -2 -18 -1 -18 0 -17 0 -16 0 -16 0 -16 0 -16 0 -16 1 -16 2 -15 2 -15 1 0 0 0 0 0 0 0 0 0 0 ]
CSI_DATA,STA,08:3A:F2:51:5D:9D,-47,11,1,0,1,1,1,0,0,0,0,-94,0,6,1,31045335,0,110,0,0,31.219679,384,[110 96 6 0 0 0 0 0 0 0 0 0 22 0 21 -1 25 -1 26 2 24 1 20 3 23 3 21 3 22 3 22 5 25 6 24 5 24 6 23 7 19 7 24 5 20 6 19 7 19 6 18 6 19 6 20 6 17 7 19 7 21 7 19 5 0 0 19 5 19 3 20 3 18 1 17 5 18 2 19 3 17 2 18 1 15 -2 17 -1 16 1 16 0 16 -2 16 -2 16 -3 19 -3 14 -4 15 -4 13 -5 15 -3 15 -4 15 -3 15 -5 14 -3 13 -4 0 0 0 0 0 0 0 0 0 0 -1 -1 -1 -1 -27 -6 -27 -6 -29 -2 -24 -1 -17 -11 -17 -10 -18 -10 -18 -12 -16 -9 -14 -8 -16 -8 -15 -6 -18 -7 -17 -7 -18 -8 -17 -6 -19 -6 -17 -6 -15 -6 -16 -4 -18 -1 -17 -4 -15 -1 -16 -3 -15 -4 -16 -2 -15 -3 -16 0 -17 -3 -16 -1 -16 7 -17 -1 -16 -1 -15 0 -15 0 -15 -2 -15 0 -14 0 -15 0 -14 -1 -13 0 -14 -1 -14 -1 -13 -1 -13 -1 -12 1 -11 0 -12 0 -10 -1 -10 0 -9 -1 -9 0 -9 0 -9 -1 -8 -1 -7 -1 -7 -2 -1 -1 -1 -1 -1 -1 -1 -1 -1 -1 -1 -1 -1 -1 -1 -1 -1 -1 0 0 0 0 31 -17 30 -17 34 -18 36 -16 34 -15 30 -13 35 -13 30 -12 37 -16 36 -10 39 -11 37 -11 40 -12 38 -11 33 -9 35 -9 35 -12 36 -7 30 -9 32 -7 30 -5 32 -9 30 -5 32 -8 36 -5 30 -10 27 -24 31 -8 29 -8 27 -11 25 -10 29 -9 27 -12 26 -10 26 -13 25 -15 21 -12 23 -15 24 -12 23 -15 23 -15 17 -18 19 -16 21 -17 18 -15 17 -17 18 -15 16 -18 16 -18 19 -16 17 -17 16 -16 17 -16 8 -25 7 -31 6 -32 1 -31 -1 -1 ]
CSI_DATA,STA,08:3A:F2:51:5D:9D,-47,11,1,0,1,1,1,0,0,0,0,-94,0,6,1,31045787,0,110,0,0,31.230636,384,[110 96 6 0 0 0 0 0 0 0 0 0 6 21 6 20 8 24 5 25 5 24 2 20 3 23 2 21 3 22 1 23 1 25 1 25 1 25 0 24 -2 20 1 26 0 21 -2 21 -1 21 -1 19 -2 20 -1 21 -4 18 -1 21 -2 22 0 20 0 0 0 20 2 20 2 20 3 18 0 18 2 18 1 19 2 17 3 18 5 15 5 16 3 15 4 16 6 15 5 15 7 15 7 18 7 13 7 14 8 12 6 14 7 13 7 14 8 13 6 13 7 11 0 0 0 0 0 0 0 0 0 0 -1 -1 -1 -1 3 -27 2 -27 -3 -29 -2 -24 8 -20 6 -19 6 -21 8 -20 5 -19 4 -16 4 -18 2 -16 3 -20 3 -19 4 -20 2 -19 1 -21 1 -19 1 -17 0 -18 -3 -19 1 -18 -3 -16 -1 -16 0 -16 -2 -16 0 -16 -4 -17 -1 -18 -4 -17 -10 -16 -3 -17 -2 -17 -4 -16 -3 -15 -3 -16 -4 -16 -4 -14 -4 -14 -3 -14 -3 -13 -2 -14 -2 -14 -3 -14 -3 -13 -3 -12 -3 -11 -4 -12 -2 -11 -2 -10 -1 -10 -3 -10 -3 -10 -2 -9 -1 -9 -1 -8 -1 -8 -1 -1 -1 -1 -1 -1 -1 -1 -1 -1 -1 -1 -1 -1 -1 -1 -1 -1 0 0 0 0 23 30 23 28 25 32 23 34 22 32 18 29 19 34 18 29 23 36 16 35 18 38 18 36 20 39 18 38 15 32 15 36 19 35 13 36 14 30 12 31 10 30 15 32 10 31 14 31 12 36 15 29 26 24 14 31 13 29 16 26 14 25 14 28 17 26 15 25 17 24 19 24 15 20 19 21 17 22 20 21 20 20 21 16 19 17 21 19 18 16 20 15 18 16 21 14 21 13 20 16 20 14 19 14 19 15 24 6 31 3 32 3 29 -2 -1 -1 ]
CSI_DATA,STA,08:3A:F2:51:5D:9D,-47,11,1,0,1,1,1,0,0,0,0,-94,0,6,1,31046845,0,110,0,0,31.240737,384,[110 96 6 0 0 0 0 0 0 0 0 0 -7 -19 -8 -18 -9 -21 -7 -23 -7 -22 -4 -19 -5 -21 -4 -19 -5 -20 -3 -21 -3 -23 -4 -23 -3 -22 -2 -22 -1 -19 -3 -23 -2 -20 -1 -19 -1 -19 -2 -18 -1 -19 -1 -19 1 -17 -1 -19 -1 -21 -2 -18 0 0 -2 -19 -4 -18 -4 -19 -4 -17 -2 -17 -4 -17 -3 -18 -4 -16 -5 -17 -6 -14 -7 -15 -4 -14 -5 -15 -7 -14 -6 -14 -8 -14 -8 -16 -8 -12 -8 -12 -8 -11 -7 -13 -8 -13 -8 -13 -9 -12 -7 -12 -8 -11 0 0 0 0 0 0 0 0 0 0 -1 -1 -1 -1 -4 24 -3 24 1 24 2 20 -8 17 -6 16 -6 17 -8 17 -6 16 -5 13 -5 16 -3 14 -3 17 -4 16 -4 16 -3 16 -2 18 -2 16 -2 14 0 15 2 15 -2 15 2 13 -1 14 -1 14 1 14 -1 14 3 14 0 15 2 15 6 13 2 14 2 14 3 13 2 13 1 14 3 13 2 12 2 12 1 12 1 11 1 12 1 12 1 12 1 11 2 10 1 9 2 10 0 9 1 9 0 8 1 8 1 8 0 7 0 7 -1 6 -1 6 -1 -1 -1 -1 -1 -1 -1 -1 -1 -1 -1 -1 -1 -1 -1 -1 -1 -1 0 0 0 0 -23 -27 -23 -25 -25 -29 -23 -31 -22 -29 -18 -26 -20 -31 -18 -26 -23 -33 -17 -33 -19 -35 -18 -34 -20 -36 -18 -35 -15 -30 -17 -32 -19 -31 -15 -33 -15 -26 -14 -29 -12 -28 -16 -29 -11 -29 -14 -29 -12 -34 -15 -28 -24 -24 -14 -29 -15 -27 -16 -24 -15 -23 -15 -26 -17 -24 -15 -23 -18 -23 -18 -22 -17 -20 -19 -20 -17 -21 -19 -20 -19 -19 -21 -15 -18 -16 -21 -17 -18 -15 -19 -14 -18 -15 -20 -13 -20 -13 -19 -16 -19 -14 -19 -14 -19 -14 -23 -6 -28 -4 -28 -5 -28 0 -1 -1 ]
CSI_DATA,STA,08:3A:F2:51:5D:9D,-47,11,1,0,1,1,1,0,0,0,0,-94,0,6,1,31047550,0,110,0,0,31.251706,384,[110 96 6 0 0 0 0 0 0 0 0 0 21 -3 21 -4 24 -4 26 -1 24 -2 20 0 23 0 21 0 22 0 23 2 25 3 25 2 24 3 24 4 19 4 25 2 21 3 20 4 20 4 18 4 19 4 21 3 17 5 20 4 22 5 20 2 0 0 19 2 19 1 20 1 18 0 18 3 19 1 20 1 17 0 18 -1 15 -4 17 -3 16 0 17 -2 16 -3 15 -2 16 -6 18 -4 14 -5 15 -5 12 -7 15 -6 15 -5 15 -5 15 -6 13 -4 13 -5 0 0 0 0 0 0 0 0 0 0 -1 -1 -1 -1 -29 -8 -27 -11 -28 -5 -25 -3 -18 -11 -17 -11 -19 -12 -17 -14 -18 -8 -15 -10 -18 -9 -16 -5 -19 -7 -18 -8 -18 -8 -17 -6 -20 -5 -18 -6 -16 -7 -16 -3 -18 -1 -17 -5 -16 -1 -16 -3 -16 -4 -16 -3 -16 -4 -17 -1 -19 -2 -18 0 -20 5 -17 -2 -18 -2 -15 1 -15 -1 -17 -3 -14 0 -14 -1 -16 -1 -13 0 -13 -1 -15 -2 -15 -3 -14 -1 -14 -3 -14 -1 -11 1 -12 -1 -11 0 -10 -1 -10 -4 -11 -1 -9 -3 -9 -2 -8 -2 -7 -2 -6 -2 -1 -1 -1 -1 -1 -1 -1 -1 -1 -1 -1 -1 -1 -1 -1 -1 -1 -1 0 0 0 0 32 -19 30 -20 34 -21 36 -19 34 -18 30 -15 36 -16 30 -15 38 -19 37 -12 39 -14 37 -14 41 -15 40 -13 33 -11 36 -12 36 -15 37 -10 31 -11 32 -8 31 -7 33 -12 31 -6 32 -9 37 -7 31 -11 26 -24 32 -9 30 -10 28 -11 26 -10 29 -11 28 -13 28 -12 27 -14 26 -17 21 -13 23 -16 26 -12 24 -17 23 -16 18 -18 20 -17 22 -19 18 -17 18 -17 18 -16 17 -19 17 -19 20 -17 17 -18 15 -16 18 -17 9 -27 9 -31 6 -30 1 -28 -1 -1 ]
CSI_DATA,STA,08:3A:F2:51:5D:9D,-47,11,1,0,1,1,1,0,0,0,0,-94,0,6,1,31047951,0,110,0,0,31.262344,384,[110 96 6 0 0 0 0 0 0 0 0 0 -1 22 -1 21 0 24 -3 25 -3 23 -4 20 -4 23 -4 20 -4 22 -6 21 -8 24 -7 24 -7 23 -8 22 -8 19 -6 24 -7 20 -8 19 -7 19 -7 18 -7 19 -7 20 -9 16 -8 19 -9 21 -7 18 0 0 -7 19 -4 19 -5 20 -3 18 -6 17 -4 18 -5 19 -4 16 -3 18 0 15 -1 17 -3 15 -2 16 0 16 0 16 2 16 1 19 2 15 2 15 3 14 1 15 2 15 1 15 3 15 0 14 2 13 0 0 0 0 0 0 0 0 0 0 -1 -1 -1 -1 4 -27 4 -27 -1 -28 -1 -24 10 -16 9 -16 9 -17 10 -16 8 -15 7 -13 7 -16 5 -14 5 -17 6 -16 7 -16 6 -16 5 -18 4 -17 4 -14 3 -16 1 -16 4 -16 0 -14 2 -15 4 -14 1 -15 4 -15 0 -16 3 -17 0 -16 -8 -16 1 -16 1 -15 0 -13 0 -14 1 -15 0 -15 0 -13 0 -14 0 -13 0 -12 1 -13 1 -13 1 -13 1 -12 -1 -11 0 -10 -1 -11 1 -9 0 -9 1 -9 0 -9 0 -9 1 -8 2 -8 1 -7 2 -7 -1 -1 -1 -1 -1 -1 -1 -1 -1 -1 -1 -1 -1 -1 -1 -1 -1 -1 0 0 0 0 16 28 16 27 17 31 15 31 15 31 12 27 12 33 12 27 16 34 9 34 11 36 10 35 12 38 10 35 8 30 9 33 12 31 8 33 9 27 7 30 4 28 9 30 4 29 7 30 5 34 8 28 24 25 7 29 7 27 10 25 9 23 9 27 12 25 9 25 11 24 13 23 10 20 13 22 11 23 14 22 14 21 16 16 13 17 16 19 13 17 15 16 14 17 16 15 16 14 14 18 15 17 13 15 14 16 24 7 30 5 31 5 30 0 -1 -1 ]
CSI_DATA,STA,08:3A:F2:51:5D:9D,-47,11,1,0,1,1,1,0,0,0,0,-94,0,6,1,31048370,0,110,0,0,31.272270,384,[110 96 6 0 0 0 0 0 0 0 0 0 -12 18 -12 18 -13 20 -17 20 -15 18 -15 15 -16 17 -15 15 -15 16 -17 15 -20 17 -19 17 -19 16 -19 15 -17 11 -19 17 -17 14 -17 12 -17 12 -16 12 -17 12 -17 12 -17 9 -17 12 -19 13 -16 13 0 0 -16 13 -14 14 -15 14 -13 14 -15 11 -13 13 -14 13 -12 12 -12 14 -9 13 -10 15 -11 12 -10 13 -8 13 -9 14 -8 15 -10 16 -7 14 -7 14 -5 13 -8 14 -7 14 -7 14 -6 14 -8 13 -6 13 0 0 0 0 0 0 0 0 0 0 -1 -1 -1 -1 22 -14 22 -15 20 -19 18 -15 20 -5 18 -6 19 -7 20 -5 17 -6 15 -6 17 -7 14 -8 17 -9 16 -8 16 -8 15 -9 17 -10 14 -9 13 -8 13 -11 13 -13 14 -9 10 -11 12 -9 13 -9 12 -11 12 -9 10 -13 13 -11 11 -13 6 -16 12 -12 11 -11 10 -11 10 -11 11 -10 10 -12 10 -10 9 -11 10 -10 9 -10 10 -10 10 -10 9 -9 9 -9 8 -10 8 -8 7 -8 8 -7 7 -7 8 -6 6 -7 6 -6 6 -5 6 -5 6 -4 6 -4 -1 -1 -1 -1 -1 -1 -1 -1 -1 -1 -1 -1 -1 -1 -1 -1 -1 -1 0 0 0 0 -7 36 -6 35 -9 38 -11 39 -11 36 -11 32 -14 36 -11 32 -13 40 -16 34 -17 38 -16 37 -17 39 -17 37 -16 31 -17 34 -14 36 -19 32 -13 29 -17 29 -17 27 -16 31 -17 26 -15 30 -20 31 -13 29 -1 35 -15 30 -14 28 -11 28 -10 26 -13 28 -10 29 -11 27 -10 29 -8 29 -7 24 -5 28 -7 27 -4 28 -5 28 0 26 -2 25 -2 28 -2 25 0 24 -2 24 1 25 1 24 -2 25 0 24 0 23 -1 24 9 23 17 25 16 27 18 23 -1 -1 ]
CSI_DATA,STA,08:3A:F2:51:5D:9D,-47,11,1,0,1,1,1,0,0,0,0,-94,0,6,1,31048868,0,110,0,0,31.282922,384,[110 96 6 0 0 0 0 0 0 0 0 0 -15 16 -14 16 -16 18 -20 17 -18 16 -16 12 -18 14 -17 12 -17 13 -19 13 -21 14 -21 14 -21 13 -21 12 -19 9 -21 14 -19 11 -19 9 -18 10 -17 9 -18 9 -19 10 -18 7 -19 9 -20 10 -17 10 0 0 -18 10 -16 12 -17 12 -15 11 -16 9 -15 11 -16 11 -15 10 -15 11 -11 12 -12 13 -12 10 -12 11 -11 12 -11 12 -10 13 -13 14 -9 12 -9 12 -7 12 -10 12 -9 13 -9 12 -8 13 -9 11 -7 12 0 0 0 0 0 0 0 0 0 0 -1 -1 -1 -1 25 -8 26 -8 24 -11 20 -11 21 -1 18 -2 20 -3 21 0 18 -3 15 -2 18 -3 15 -4 18 -5 18 -4 18 -4 17 -5 19 -6 18 -6 15 -4 15 -8 15 -9 16 -6 12 -8 15 -7 15 -6 14 -8 14 -6 14 -10 16 -8 14 -9 11 -13 14 -9 14 -9 12 -9 12 -9 14 -7 13 -9 11 -8 12 -8 12 -7 11 -7 12 -7 12 -7 12 -7 12 -6 9 -8 9 -5 10 -7 8 -5 8 -6 9 -4 8 -5 8 -5 7 -3 7 -3 6 -2 7 -3 -1 -1 -1 -1 -1 -1 -1 -1 -1 -1 -1 -1 -1 -1 -1 -1 -1 -1 0 0 0 0 -15 34 -14 33 -16 38 -19 36 -18 35 -16 29 -21 34 -17 29 -20 37 -24 32 -26 34 -25 33 -26 36 -26 33 -23 27 -23 31 -21 32 -26 30 -19 26 -23 26 -23 23 -21 29 -24 23 -23 26 -28 27 -21 26 -12 33 -22 25 -20 26 -17 26 -16 25 -19 25 -16 27 -16 25 -15 27 -14 28 -12 25 -12 27 -14 25 -11 27 -11 26 -5 26 -8 24 -8 28 -7 23 -5 24 -7 24 -4 25 -4 25 -8 25 -6 25 -6 23 -6 23 4 25 8 29 8 28 13 27 -1 -1 ]
CSI_DATA,STA,08:3A:F2:51:5D:9D,-47,11,1,0,1,1,1,0,0,0,0,-94,0,6,1,31049326,0,110,0,0,31.293556,384,[110 96 6 0 0 0 0 0 0 0 0 0 -1 -22 -1 -21 -2 -25 1 -26 1 -24 3 -21 3 -23 3 -21 2 -22 5 -22 6 -25 5 -25 6 -24 7 -23 7 -19 5 -25 6 -21 7 -20 6 -20 5 -19 6 -19 6 -20 8 -17 7 -20 7 -21 5 -20 0 0 5 -20 3 -20 3 -20 2 -19 5 -18 3 -19 3 -19 2 -17 2 -19 -1 -16 -1 -18 2 -16 1 -17 -1 -17 -1 -17 -3 -17 -2 -19 -3 -15 -3 -16 -4 -14 -2 -16 -3 -16 -3 -16 -4 -16 -1 -15 -3 -14 0 0 0 0 0 0 0 0 0 0 -1 -1 -1 -1 -14 22 -14 22 -11 25 -9 21 -16 13 -14 13 -15 15 -16 14 -13 13 -12 11 -12 14 -10 13 -11 16 -11 14 -12 15 -11 14 -11 16 -10 15 -9 13 -8 15 -6 16 -9 14 -5 14 -7 14 -8 13 -6 15 -8 13 -5 15 -8 15 -6 16 0 17 -6 15 -6 15 -4 14 -4 14 -6 14 -5 14 -4 13 -5 13 -5 13 -5 12 -6 13 -5 12 -5 12 -5 11 -4 11 -4 9 -4 11 -5 9 -4 9 -5 8 -4 8 -4 8 -4 6 -4 6 -5 6 -5 5 -1 -1 -1 -1 -1 -1 -1 -1 -1 -1 -1 -1 -1 -1 -1 -1 -1 -1 0 0 0 0 -14 -36 -14 -35 -14 -38 -12 -40 -12 -38 -9 -35 -9 -39 -9 -33 -12 -42 -5 -39 -7 -43 -7 -41 -7 -44 -6 -42 -4 -36 -5 -39 -8 -40 -2 -39 -6 -33 -3 -35 -1 -33 -5 -36 0 -33 -3 -35 0 -39 -5 -34 -15 -32 -3 -35 -5 -33 -7 -31 -7 -29 -5 -32 -8 -31 -7 -30 -9 -30 -10 -31 -9 -26 -11 -27 -9 -28 -11 -28 -11 -27 -15 -24 -12 -24 -14 -26 -12 -23 -14 -22 -13 -22 -16 -22 -15 -21 -13 -24 -14 -23 -13 -22 -13 -22 -21 -16 -27 -16 -27 -16 -28 -11 -1 -1 ]
CSI_DATA,STA,08:3A:F2:51:5D:9D,-43,11,0,0,0,0,0,0,0,0,0,-94,0,6,1,31054305,0,110,0,0,31.304442,128,[110 96 6 0 0 0 0 0 0 0 0 0 23 -16 24 -14 25 -16 25 -16 25 -15 24 -12 25 -13 24 -11 25 -12 26 -10 27 -12 28 -12 26 -11 25 -10 24 -8 27 -12 24 -8 24 -7 24 -8 23 -8 21 -7 24 -9 20 -6 21 -8 23 -10 21 -10 0 0 20 -10 20 -11 19 -10 19 -11 17 -10 18 -11 19 -11 17 -11 17 -12 17 -11 17 -12 16 -11 15 -12 16 -12 15 -12 15 -13 15 -14 14 -12 14 -13 13 -12 14 -13 13 -14 13 -13 12 -13 12 -13 12 -13 0 0 0 0 0 0 0 0 0 0 ]
CSI_DATA,STA,08:3A:F2:51:5D:9D,-45,11,0,0,0,0,0,0,0,0,0,-94,0,6,1,31064737,0,110,0,0,31.308450,128,[110 96 6 0 0 0 0 0 0 0 0 0 6 26 4 26 5 28 5 29 3 28 2 26 2 26 1 25 1 27 0 26 1 28 1 29 1 26 0 26 -1 24 1 27 -1 24 -2 23 -1 23 -1 23 -1 22 0 23 -1 20 0 21 1 23 1 22 0 0 2 21 3 21 3 21 3 20 3 18 4 18 5 19 4 17 5 18 4 18 5 18 5 16 6 16 6 17 5 16 6 16 7 16 7 15 7 15 7 14 7 14 8 14 8 14 8 14 7 13 7 13 0 0 0 0 0 0 0 0 0 0 ]
CSI_DATA,STA,08:3A:F2:51:5D:9D,-44,11,1,0,0,1,1,0,0,0,0,-94,0,6,1,31272594,0,110,0,0,31.439724,256,[110 96 6 0 0 0 0 0 0 0 0 0 7 9 6 9 7 10 6 10 6 10 5 9 5 10 4 10 4 10 4 10 5 10 5 11 4 10 4 10 3 9 5 10 3 9 3 9 3 9 3 9 2 8 3 9 3 8 4 8 3 8 4 8 0 0 3 7 4 7 4 7 4 7 4 6 4 6 4 6 3 6 4 6 4 6 5 6 4 5 4 5 4 6 4 5 5 5 5 5 5 5 4 5 5 4 5 5 5 4 5 4 5 3 5 4 4 4 0 0 0 0 0 0 0 0 0 0 -1 -1 -1 -1 0 0 0 0 22 8 19 6 15 11 15 13 15 13 16 14 14 14 14 15 14 15 12 15 14 16 13 14 13 15 14 16 13 14 13 15 12 15 13 15 10 14 9 13 10 14 10 14 10 15 9 14 10 13 10 11 10 11 10 11 -1 -1 9 10 10 10 9 10 12 10 10 8 11 9 10 8 10 8 10 9 12 7 12 5 11 6 11 6 11 7 10 5 10 6 12 5 11 4 11 5 10 5 12 4 12 6 10 3 10 3 10 4 11 4 8 -1 9 -1 -1 -1 -1 -1 -1 -1 ]
CSI_DATA,STA,08:3A:F2:51:5D:9D,-44,11,1,0,0,1,1,0,0,0,0,-94,0,6,1,31273044,0,110,0,0,31.446538,256,[110 96 6 0 0 0 0 0 0 0 0 0 -4 11 -4 11 -4 12 -5 12 -5 11 -5 10 -5 10 -6 10 -6 10 -6 9 -5 11 -6 10 -6 10 -6 10 -6 9 -6 10 -6 9 -6 8 -6 8 -6 8 -6 8 -6 8 -5 7 -5 8 -5 8 -4 8 0 0 -4 8 -4 8 -4 8 -4 8 -3 7 -3 7 -3 8 -3 7 -3 7 -3 7 -2 8 -2 7 -1 7 -2 7 -2 7 -1 8 -2 8 -1 7 -2 7 -1 7 -1 7 -1 7 0 7 -1 7 -1 6 -1 6 0 0 0 0 0 0 0 0 0 0 -1 -1 -1 -1 0 0 0 0 0 24 -1 21 -3 22 -4 22 -6 21 -6 24 -6 19 -8 20 -5 20 -9 20 -8 20 -7 19 -6 20 -7 20 -7 19 -8 20 -9 18 -7 20 -9 17 -8 16 -8 16 -9 17 -9 16 -8 15 -7 15 -7 16 -6 16 -5 15 -1 -1 -5 15 -5 15 -4 15 -5 16 -4 14 -5 15 -3 15 -4 14 -3 14 -1 16 0 15 0 13 -1 13 -2 13 0 13 0 13 -1 14 0 14 -1 13 2 12 1 14 0 12 2 12 3 12 2 11 2 11 5 9 5 10 -1 -1 -1 -1 -1 -1 ]
CSI_DATA,STA,08:3A:F2:51:5D:9D,-44,11,1,0,0,1,1,0,0,0,0,-94,0,6,1,31273467,0,110,0,0,31.453141,256,[110 96 6 0 0 0 0 0 0 0 0 0 -12 1 -12 1 -13 1 -13 1 -13 0 -12 0 -13 -1 -12 -2 -13 -1 -12 -2 -13 -1 -13 -1 -12 -1 -12 -1 -11 -2 -13 -1 -11 -2 -10 -3 -10 -2 -10 -2 -10 -2 -10 -2 -9 -2 -10 -1 -11 -1 -10 -1 0 0 -10 -1 -10 -1 -10 0 -9 0 -8 0 -9 0 -9 0 -8 0 -8 1 -8 0 -9 1 -8 1 -8 1 -9 1 -8 0 -8 1 -8 2 -8 1 -8 2 -8 1 -7 1 -8 2 -7 2 -7 2 -7 2 -7 2 0 0 0 0 0 0 0 0 0 0 -1 -1 -1 -1 0 0 0 0 -21 12 -19 10 -21 6 -21 6 -22 5 -23 5 -22 2 -23 3 -21 3 -22 1 -24 1 -21 2 -22 2 -23 2 -22 2 -22 1 -22 1 -22 1 -20 0 -18 -1 -21 0 -19 0 -20 -1 -17 -1 -18 0 -17 2 -18 2 -17 2 -1 -1 -16 1 -16 2 -16 2 -17 3 -15 3 -17 2 -15 3 -15 3 -14 3 -14 5 -14 6 -13 5 -13 4 -15 4 -12 4 -13 5 -13 5 -13 6 -13 5 -12 5 -13 7 -13 5 -10 6 -11 6 -11 6 -12 6 -6 7 -7 8 -1 -1 -1 -1 -1 -1 ]
CSI_DATA,STA,08:3A:F2:51:5D:9D,-44,11,1,0,0,1,1,0,0,0,0,-94,0,6,1,31273971,0,110,0,0,31.460085,256,[110 96 6 0 0 0 0 0 0 0 0 0 -2 -12 -2 -12 -2 -13 -2 -14 -1 -13 0 -12 0 -12 0 -12 0 -12 0 -12 0 -13 0 -13 0 -12 0 -12 1 -11 1 -13 1 -12 1 -10 1 -11 1 -10 0 -10 1 -10 1 -9 0 -10 0 -11 0 -10 0 0 0 -10 -1 -10 -1 -10 -1 -9 0 -8 -1 -9 -1 -9 -1 -9 -1 -9 -1 -8 -2 -9 -2 -7 -2 -8 -2 -8 -2 -8 -2 -8 -3 -8 -3 -8 -2 -7 -2 -7 -3 -8 -2 -8 -3 -7 -3 -7 -3 -7 -3 -7 0 0 0 0 0 0 0 0 0 0 -1 -1 -1 -1 0 0 0 0 -16 -16 -14 -16 -9 -20 -10 -21 -8 -19 -10 -22 -8 -20 -6 -20 -7 -21 -5 -21 -6 -21 -6 -21 -7 -21 -7 -21 -7 -20 -6 -20 -4 -20 -6 -21 -4 -19 -3 -19 -4 -20 -2 -19 -4 -19 -2 -19 -3 -16 -3 -17 -4 -18 -4 -17 -1 -1 -6 -15 -5 -16 -6 -16 -5 -15 -4 -14 -6 -15 -6 -15 -4 -14 -7 -13 -6 -14 -8 -14 -8 -12 -8 -12 -7 -12 -8 -14 -8 -13 -7 -12 -8 -12 -8 -11 -9 -11 -8 -13 -8 -11 -9 -11 -10 -11 -9 -9 -9 -9 -11 -8 -12 -7 -1 -1 -1 -1 -1 -1 ]
CSI_DATA,STA,08:3A:F2:51:5D:9D,-44,11,1,0,0,1,1,0,0,0,0,-94,0,6,1,31274448,0,110,0,0,31.467473,256,[110 96 6 0 0 0 0 0 0 0 0 0 11 -4 11 -4 12 -4 12 -4 11 -3 11 -2 11 -2 11 -2 11 -2 11 -1 12 -2 12 -1 11 -2 11 -1 10 -1 12 -1 10 -1 10 0 9 0 9 -1 9 -1 10 -1 8 0 8 -1 10 -2 9 -1 0 0 9 -2 9 -2 8 -2 8 -2 7 -2 8 -3 8 -3 7 -2 7 -3 7 -2 7 -3 7 -3 7 -3 7 -3 7 -3 6 -3 7 -4 6 -3 6 -3 6 -3 6 -3 6 -4 6 -4 6 -5 6 -4 5 -4 0 0 0 0 0 0 0 0 0 0 -1 -1 -1 -1 0 0 0 0 12 -20 11 -17 17 -12 17 -13 17 -12 18 -12 18 -10 18 -10 19 -10 19 -8 20 -10 18 -9 19 -10 19 -10 18 -10 17 -9 18 -7 20 -9 17 -7 17 -5 17 -7 17 -6 16 -7 17 -5 14 -6 14 -6 16 -7 15 -6 -1 -1 14 -8 14 -6 14 -7 14 -8 12 -7 12 -9 12 -8 11 -7 12 -8 12 -8 11 -11 11 -9 10 -10 10 -10 10 -9 10 -10 10 -9 10 -9 8 -9 9 -10 9 -10 9 -10 8 -10 8 -11 7 -11 7 -11 4 -10 5 -13 -1 -1 -1 -1 -1 -1 ]
CSI_DATA,STA,08:3A:F2:51:5D:9D,-44,11,1,0,0,1,1,0,0,0,0,-94,0,6,1,31274880,0,110,0,0,31.474281,256,[110 96 6 0 0 0 0 0 0 0 0 0 7 8 7 9 7 10 7 10 7 9 5 9 6 10 5 9 5 10 4 10 6 10 5 11 5 10 5 9 4 9 5 10 4 9 3 9 4 9 3 8 3 8 3 9 3 7 4 7 4 8 4 8 0 0 4 7 4 7 4 7 4 7 4 6 5 6 4 6 4 6 5 6 4 6 5 6 4 5 5 5 5 5 5 5 5 5 5 5 5 5 5 4 5 5 5 4 5 4 5 4 5 4 5 4 5 3 0 0 0 0 0 0 0 0 0 0 -1 -1 -1 -1 0 0 0 0 21 0 19 4 17 9 17 9 17 10 18 12 16 11 15 12 17 12 14 12 15 13 14 12 16 13 16 12 15 11 15 12 13 13 16 12 12 12 11 13 12 12 11 12 11 13 12 13 11 11 11 10 12 11 11 11 -1 -1 11 9 11 9 11 9 12 9 10 8 11 7 11 7 10 7 11 7 13 6 13 5 12 5 11 4 11 5 12 5 11 4 12 5 12 4 11 4 11 4 12 4 11 4 10 2 13 3 11 2 10 3 10 -1 12 -3 -1 -1 -1 -1 -1 -1 ]
CSI_DATA,STA,08:3A:F2:51:5D:9D,-48,11,1,0,1,1,1,0,0,0,0,-94,0,6,1,31275482,0,110,0,0,31.480404,384,[110 96 6 0 0 0 0 0 0 0 0 0 -22 -5 -21 -5 -25 -5 -25 -8 -24 -8 -20 -8 -22 -8 -20 -8 -21 -8 -21 -10 -23 -12 -23 -11 -22 -11 -21 -12 -17 -11 -23 -11 -19 -10 -18 -11 -18 -10 -17 -9 -17 -10 -18 -10 -15 -11 -18 -11 -19 -12 -17 -9 0 0 -18 -9 -18 -7 -18 -7 -17 -6 -16 -8 -17 -6 -17 -7 -16 -5 -17 -5 -15 -2 -17 -2 -15 -4 -15 -4 -15 -1 -15 -2 -16 0 -18 -2 -14 1 -14 0 -13 2 -15 0 -14 1 -15 0 -15 2 -13 0 -13 1 0 0 0 0 0 0 0 0 0 0 -1 -1 -1 -1 22 9 22 8 24 4 21 3 13 11 12 10 13 10 13 11 12 9 11 7 13 8 13 5 14 6 14 7 14 7 14 5 16 6 14 5 12 5 14 4 15 1 14 5 12 1 13 3 12 4 13 2 12 3 13 0 14 3 14 0 14 -7 13 0 13 1 12 0 12 0 13 1 13 -1 11 -1 11 -1 11 -1 10 -1 11 -1 11 0 11 -1 10 -1 9 -2 8 -2 9 -2 8 -2 7 -2 7 -2 7 -2 7 -2 6 -2 6 -2 6 -2 6 -2 0 0 0 0 -1 -1 -1 -1 -1 -1 -1 -1 -1 -1 0 0 0 0 -1 -1 -1 -1 -34 9 -33 10 -37 9 -38 8 -36 6 -32 5 -37 4 -32 5 -39 6 -37 1 -39 2 -38 2 -40 3 -39 2 -34 1 -36 0 -36 4 -35 -1 -30 2 -32 -1 -30 -2 -32 2 -29 -2 -31 1 -34 -2 -29 2 -29 17 -31 1 -29 1 -28 4 -26 3 -29 2 -27 5 -26 4 -27 5 -26 7 -22 6 -24 8 -24 6 -24 9 -24 9 -20 12 -21 9 -23 11 -19 10 -18 10 -19 10 -18 13 -18 12 -20 11 -18 12 -17 11 -18 10 -12 20 -11 26 -10 26 -6 26 -1 -1 ]
CSI_DATA,STA,08:3A:F2:51:5D:9D,-48,11,1,0,1,1,1,0,0,0,0,-94,0,6,1,31275870,0,110,0,0,31.490783,384,[110 96 6 0 0 0 0 0 0 0 0 0 -4 -23 -4 -21 -5 -25 -2 -27 -3 -25 -1 -21 -1 -24 -1 -22 -1 -22 1 -23 1 -25 0 -25 1 -24 2 -24 3 -20 1 -25 2 -21 3 -20 2 -20 2 -19 3 -20 2 -21 4 -18 3 -20 3 -22 1 -19 0 0 1 -19 -1 -19 -1 -19 -2 -18 1 -17 -1 -18 -1 -18 -2 -16 -2 -18 -4 -15 -5 -16 -2 -15 -3 -16 -5 -15 -5 -15 -6 -14 -6 -17 -6 -13 -6 -13 -7 -11 -6 -14 -6 -13 -7 -14 -8 -13 -5 -13 -6 -11 0 0 0 0 0 0 0 0 0 0 -1 -1 -1 -1 -1 23 1 24 4 24 4 21 -7 16 -6 16 -5 17 -7 17 -4 15 -4 13 -3 15 -2 13 -1 16 -3 15 -3 16 -1 15 -1 17 -1 15 -1 13 1 14 3 14 -1 14 3 12 1 13 0 12 2 13 1 13 4 12 1 14 3 13 10 11 3 13 3 13 4 11 3 11 3 12 5 11 4 10 4 10 3 10 3 10 3 10 4 10 4 9 4 8 5 7 3 7 4 7 3 7 3 6 3 6 3 6 4 5 3 5 4 5 3 5 3 5 0 0 0 0 -1 -1 -1 -1 -1 -1 -1 -1 -1 -1 0 0 0 0 -1 -1 -1 -1 -21 -31 -22 -29 -22 -33 -21 -34 -19 -33 -16 -30 -17 -35 -17 -29 -20 -36 -14 -35 -16 -38 -15 -36 -17 -39 -15 -37 -12 -32 -13 -34 -16 -34 -12 -34 -13 -28 -11 -31 -9 -29 -14 -31 -8 -30 -11 -30 -10 -34 -13 -28 -24 -23 -12 -29 -12 -27 -14 -25 -13 -23 -13 -26 -15 -25 -14 -24 -16 -24 -17 -22 -14 -20 -17 -20 -15 -21 -17 -20 -17 -19 -19 -15 -17 -16 -20 -17 -17 -15 -17 -14 -16 -14 -19 -13 -19 -12 -18 -15 -18 -14 -17 -13 -17 -14 -23 -4 -28 -1 -27 -1 -27 4 -1 -1 ]
CSI_DATA,STA,08:3A:F2:51:5D:9D,-48,11,1,0,1,1,1,0,0,0,0,-94,0,6,1,31276340,0,110,0,0,31.501511,384,[110 96 6 0 0 0 0 0 0 0 0 0 18 -13 17 -13 20 -16 22 -13 21 -13 18 -9 20 -11 19 -10 19 -10 20 -8 23 -9 23 -10 22 -9 22 -8 18 -5 23 -10 19 -7 19 -6 19 -6 18 -6 18 -5 19 -6 17 -3 18 -6 20 -6 17 -7 0 0 17 -7 16 -9 17 -9 15 -9 15 -6 15 -8 16 -8 13 -8 15 -9 11 -10 12 -11 12 -8 12 -9 11 -11 11 -11 10 -12 12 -12 8 -11 9 -12 7 -11 9 -11 9 -11 9 -11 8 -12 9 -10 7 -11 0 0 0 0 0 0 0 0 0 0 -1 -1 -1 -1 -21 13 -19 13 -18 17 -14 15 -17 2 -16 4 -17 3 -18 2 -15 3 -13 3 -14 5 -12 5 -14 6 -14 5 -14 6 -13 6 -14 8 -13 7 -12 5 -12 7 -10 9 -12 7 -9 8 -11 7 -11 6 -10 9 -11 7 -9 9 -12 8 -9 9 -3 15 -9 9 -10 8 -8 8 -8 8 -9 8 -7 8 -8 8 -8 7 -7 8 -7 8 -7 8 -7 7 -6 7 -6 7 -5 8 -5 6 -5 7 -5 6 -4 6 -4 6 -4 6 -3 5 -4 5 -3 5 -3 5 -3 5 0 0 0 0 -1 -1 -1 -1 -1 -1 -1 -1 -1 -1 0 0 0 0 -1 -1 -1 -1 13 -31 12 -31 15 -33 16 -32 16 -30 15 -27 19 -29 14 -27 18 -33 20 -27 21 -31 20 -29 21 -33 21 -30 18 -25 20 -27 17 -29 21 -26 15 -23 19 -23 18 -20 16 -25 18 -20 17 -23 22 -24 15 -24 3 -34 16 -23 15 -22 12 -22 11 -21 14 -23 11 -24 12 -21 10 -23 9 -24 7 -21 7 -23 8 -21 6 -23 6 -23 1 -22 4 -21 3 -23 3 -20 2 -20 3 -21 0 -21 0 -20 3 -21 1 -21 1 -20 2 -20 -11 -20 -17 -22 -16 -24 -19 -20 -1 -1 ]
CSI_DATA,STA,08:3A:F2:51:5D:9D,-44,11,0,0,0,0,0,0,0,0,0,-94,0,6,1,31315312,0,110,0,0,31.512098,128,[110 96 6 0 0 0 0 0 0 0 0 0 -23 14 -23 13 -25 15 -25 15 -25 14 -23 11 -24 12 -23 10 -24 11 -25 10 -26 11 -27 11 -25 10 -24 9 -22 8 -25 11 -22 7 -23 7 -21 7 -21 8 -20 7 -22 9 -20 6 -20 8 -21 10 -19 9 0 0 -18 10 -19 10 -17 10 -17 11 -15 9 -16 11 -16 11 -14 10 -14 12 -15 11 -15 12 -13 10 -13 12 -13 12 -13 11 -12 12 -12 14 -11 12 -10 12 -10 12 -10 12 -10 13 -10 13 -9 13 -9 12 -8 12 0 0 0 0 0 0 0 0 0 0 ]
CSI_DATA,STA,08:3A:F2:51:5D:9D,-48,11,1,0,1,1,1,0,0,0,0,-94,0,6,1,31350067,0,110,0,0,31.516224,384,[110 96 6 0 0 0 0 0 0 0 0 0 9 -21 8 -19 10 -24 13 -22 12 -22 11 -17 12 -20 12 -18 12 -19 14 -18 16 -20 15 -20 15 -19 16 -17 14 -14 16 -20 14 -16 15 -15 13 -15 12 -14 13 -14 14 -15 14 -12 14 -14 15 -15 13 -15 0 0 13 -15 11 -16 11 -16 10 -16 11 -13 10 -15 11 -15 9 -14 9 -16 6 -15 7 -16 8 -13 7 -14 5 -15 6 -15 4 -16 6 -18 3 -14 3 -15 1 -14 4 -15 3 -15 3 -15 2 -15 4 -14 2 -14 0 0 0 0 0 0 0 0 0 0 -1 -1 -1 -1 -21 15 -22 15 -20 18 -16 17 -20 7 -18 7 -20 9 -21 7 -18 8 -16 7 -17 9 -14 9 -17 11 -17 9 -18 10 -16 10 -17 12 -16 11 -14 9 -14 13 -12 13 -15 11 -10 12 -12 11 -13 10 -11 12 -13 11 -11 13 -13 12 -11 13 -6 16 -11 13 -11 13 -8 12 -9 12 -10 11 -9 13 -8 11 -8 12 -9 11 -8 11 -9 11 -8 11 -8 10 -8 9 -6 10 -6 8 -6 10 -7 8 -6 9 -6 8 -5 9 -4 7 -5 7 -5 6 -5 7 -5 6 -1 -1 -1 -1 -1 -1 -1 -1 -1 -1 -1 -1 -1 -1 -1 -1 -1 -1 0 0 0 0 6 -39 5 -37 7 -43 9 -41 9 -41 9 -34 12 -40 9 -34 11 -44 16 -38 17 -41 17 -40 17 -42 17 -40 15 -33 15 -38 13 -38 17 -36 12 -32 15 -32 15 -29 12 -34 17 -30 15 -32 19 -33 12 -31 5 -34 13 -31 11 -31 8 -29 8 -28 10 -29 7 -31 8 -28 6 -30 5 -31 4 -28 3 -29 6 -28 2 -29 2 -28 -3 -28 -1 -26 -1 -29 -1 -24 -3 -26 -2 -25 -5 -26 -5 -25 -1 -27 -3 -25 -3 -24 -3 -24 -12 -23 -16 -25 -15 -25 -21 -20 -1 -1 ]
CSI_DATA,STA,08:3A:F2:51:5D:9D,-48,11,1,0,1,1,1,0,0,0,0,-94,0,6,1,31351276,0,110,0,0,31.531393,384,[110 96 6 0 0 0 0 0 0 0 0 0 -11 16 -10 15 -11 18 -14 18 -13 17 -12 13 -14 16 -13 14 -13 15 -15 14 -17 15 -17 15 -16 14 -17 13 -15 10 -17 15 -14 11 -16 10 -14 11 -14 10 -14 10 -15 11 -14 8 -15 10 -16 11 -13 11 0 0 -14 11 -12 12 -12 12 -11 12 -12 9 -11 11 -12 11 -10 10 -10 11 -7 11 -8 13 -9 10 -9 11 -7 11 -8 11 -7 13 -8 14 -5 11 -5 12 -4 12 -6 12 -5 11 -6 12 -5 12 -6 11 -4 11 0 0 0 0 0 0 0 0 0 0 -1 -1 -1 -1 10 -18 13 -21 10 -19 8 -21 13 -8 12 -8 13 -10 12 -8 12 -9 10 -7 12 -9 8 -9 11 -10 11 -10 11 -10 10 -10 12 -11 11 -10 9 -9 8 -12 6 -13 10 -11 4 -11 8 -10 9 -10 6 -12 9 -10 6 -11 8 -13 5 -13 2 -15 5 -11 6 -11 4 -9 5 -10 6 -11 3 -11 4 -9 4 -10 6 -10 4 -9 6 -10 3 -9 5 -10 5 -9 2 -10 4 -7 3 -9 3 -8 2 -10 3 -9 2 -7 1 -6 1 -7 3 -5 3 -6 3 -6 -1 -1 -1 -1 -1 -1 -1 -1 -1 -1 -1 -1 -1 -1 -1 -1 -1 -1 0 0 0 0 -2 30 -1 28 -2 32 -4 30 -4 31 -4 26 -7 31 -4 26 -4 33 -9 30 -10 33 -10 31 -10 34 -10 31 -9 25 -9 30 -7 28 -11 28 -6 24 -9 25 -10 21 -6 26 -11 23 -10 25 -13 27 -8 25 4 30 -8 23 -8 24 -5 21 -4 21 -7 23 -3 23 -4 21 -2 22 0 22 -3 19 -2 22 -3 21 -1 21 -1 20 4 19 2 18 3 20 1 18 4 17 3 18 5 17 5 16 3 19 2 18 2 17 4 17 18 14 19 14 19 13 23 12 -1 -1 ]
CSI_DATA,STA,08:3A:F2:51:5D:9D,-48,11,1,0,1,1,1,0,0,0,0,-94,0,6,1,31351610,0,110,0,0,31.542136,384,[110 96 6 0 0 0 0 0 0 0 0 0 -20 8 -19 8 -23 10 -25 7 -24 8 -20 5 -23 6 -21 5 -21 6 -23 3 -25 3 -25 4 -24 3 -24 2 -20 0 -25 4 -21 2 -22 0 -21 1 -19 2 -20 1 -21 1 -18 -2 -21 0 -22 0 -19 2 0 0 -20 1 -19 4 -19 3 -18 5 -17 1 -18 4 -18 3 -16 4 -17 4 -15 6 -15 7 -16 4 -16 5 -14 6 -15 6 -14 7 -17 8 -12 8 -12 8 -11 8 -13 8 -13 9 -13 8 -13 9 -13 7 -11 7 0 0 0 0 0 0 0 0 0 0 -1 -1 -1 -1 26 -1 27 -2 25 -7 24 -7 17 5 16 4 20 3 19 6 18 3 15 2 17 2 16 0 19 -2 18 1 19 1 17 0 19 -2 18 0 14 0 17 -3 17 -4 17 -1 14 -4 15 -2 15 -1 15 -5 17 -2 16 -5 17 -3 15 -5 11 -8 16 -5 15 -5 14 -7 13 -6 16 -4 14 -8 12 -6 12 -5 11 -4 12 -5 12 -4 13 -6 11 -6 10 -3 9 -8 9 -4 10 -7 10 -2 7 -4 9 -3 7 -7 6 -7 7 -2 7 -2 8 -3 8 -3 -1 -1 -1 -1 -1 -1 -1 -1 -1 -1 -1 -1 -1 -1 -1 -1 -1 -1 0 0 0 0 -28 26 -26 25 -30 28 -32 26 -31 25 -27 20 -33 24 -27 21 -34 27 -35 20 -38 21 -36 20 -38 22 -38 20 -31 16 -34 19 -32 21 -35 16 -28 15 -31 15 -29 13 -30 17 -30 12 -30 14 -36 14 -28 16 -24 25 -28 15 -29 16 -25 16 -22 17 -26 15 -24 19 -23 17 -22 18 -20 19 -21 17 -20 19 -21 17 -20 20 -18 19 -14 21 -16 18 -16 22 -15 18 -11 19 -13 18 -11 21 -11 22 -16 21 -13 20 -14 19 -13 19 -4 25 -3 30 -1 27 4 27 -1 -1 ]
CSI_DATA,STA,08:3A:F2:51:5D:9D,-48,11,1,0,1,1,1,0,0,0,0,-94,0,6,1,31351908,0,110,0,0,31.552561,384,[110 96 6 0 0 0 0 0 0 0 0 0 -16 -15 -16 -15 -19 -17 -18 -20 -17 -18 -13 -17 -15 -19 -13 -17 -14 -17 -13 -20 -13 -22 -14 -22 -13 -21 -11 -21 -9 -19 -13 -21 -10 -19 -9 -19 -10 -18 -9 -18 -9 -18 -10 -19 -6 -18 -9 -19 -9 -20 -10 -17 0 0 -10 -17 -11 -16 -11 -17 -12 -15 -9 -15 -11 -15 -11 -16 -11 -14 -12 -14 -12 -11 -13 -12 -11 -12 -11 -12 -12 -11 -12 -11 -13 -9 -15 -13 -13 -8 -13 -9 -12 -7 -12 -10 -13 -9 -12 -10 -13 -9 -12 -9 -12 -7 0 0 0 0 0 0 0 0 0 0 -1 -1 -1 -1 9 23 8 23 15 23 12 19 0 19 1 18 2 21 1 20 3 18 3 14 4 17 5 14 7 18 4 18 4 18 5 17 6 18 5 17 4 14 9 16 10 13 5 16 8 13 5 14 5 13 8 14 8 14 10 13 8 14 10 13 12 11 9 14 9 12 9 10 8 11 8 14 9 10 8 11 8 10 7 11 9 9 8 11 9 9 7 10 7 8 8 8 6 8 8 8 6 7 6 8 7 5 7 8 5 5 6 7 3 7 4 4 5 5 -1 -1 -1 -1 -1 -1 -1 -1 -1 -1 -1 -1 -1 -1 -1 -1 -1 -1 0 0 0 0 -35 -17 -34 -16 -38 -18 -36 -21 -36 -19 -29 -18 -34 -22 -29 -18 -38 -22 -32 -26 -34 -28 -33 -27 -35 -28 -33 -28 -27 -23 -31 -25 -31 -23 -29 -27 -26 -20 -26 -24 -23 -23 -29 -21 -22 -25 -25 -23 -26 -28 -26 -21 -33 -15 -25 -21 -25 -20 -25 -17 -25 -16 -25 -20 -27 -15 -24 -16 -27 -15 -28 -13 -24 -12 -26 -11 -26 -14 -27 -11 -26 -10 -26 -6 -23 -8 -28 -8 -24 -6 -23 -6 -23 -6 -26 -3 -24 -4 -26 -7 -25 -5 -23 -5 -23 -6 -26 3 -29 8 -26 9 -25 17 -1 -1 ]
CSI_DATA,STA,08:3A:F2:51:5D:9D,-48,11,1,0,1,1,1,0,0,0,0,-94,0,6,1,31352224,0,110,0,0,31.563515,384,[110 96 6 0 0 0 0 0 0 0 0 0 -4 -20 -4 -19 -5 -22 -2 -23 -3 -22 -1 -19 -2 -21 -1 -19 -2 -20 0 -21 1 -23 1 -23 1 -22 2 -21 2 -18 0 -23 1 -19 3 -18 1 -18 1 -18 1 -17 1 -18 4 -16 2 -18 2 -20 1 -18 0 0 0 -17 -2 -17 -1 -18 -2 -16 0 -16 -2 -17 -1 -16 -2 -15 -2 -16 -5 -14 -4 -15 -2 -14 -3 -13 -5 -14 -5 -14 -6 -13 -6 -16 -7 -11 -6 -12 -7 -11 -6 -12 -6 -12 -7 -13 -7 -12 -6 -12 -6 -11 0 0 0 0 0 0 0 0 0 0 -1 -1 -1 -1 -5 21 -5 25 -1 21 2 22 -8 16 -8 16 -7 18 -10 16 -4 16 -4 13 -5 16 -2 14 -3 17 -4 16 -5 17 -4 16 -4 18 -2 15 -3 13 0 16 2 14 -1 15 2 12 0 13 -1 13 2 13 -2 13 3 15 -1 16 2 13 6 13 2 15 1 15 4 12 4 12 1 12 3 13 2 12 4 12 3 11 3 12 2 11 3 11 2 11 3 9 4 9 3 7 3 10 2 10 4 7 3 8 2 7 3 8 1 7 1 6 2 7 0 6 -1 -1 -1 -1 -1 -1 -1 -1 -1 -1 -1 -1 -1 -1 -1 -1 -1 -1 0 0 0 0 -17 -30 -17 -28 -19 -33 -16 -33 -17 -33 -13 -28 -14 -33 -13 -27 -17 -35 -10 -35 -11 -38 -10 -37 -12 -38 -10 -37 -8 -30 -11 -34 -12 -32 -10 -34 -10 -27 -9 -30 -7 -28 -11 -29 -6 -30 -8 -30 -6 -34 -9 -29 -18 -25 -9 -28 -10 -27 -10 -24 -12 -23 -11 -25 -14 -24 -12 -23 -14 -24 -14 -23 -14 -22 -15 -21 -13 -22 -16 -21 -14 -21 -18 -16 -15 -17 -19 -18 -15 -15 -17 -15 -16 -15 -17 -13 -18 -12 -17 -17 -17 -15 -17 -14 -16 -14 -22 -7 -26 -5 -24 -7 -25 -1 -1 -1 ]
CSI_DATA,STA,08:3A:F2:51:5D:9D,-48,11,1,0,1,1,1,0,0,0,0,-94,0,6,1,31353072,0,110,0,0,31.574302,384,[110 96 6 0 0 0 0 0 0 0 0 0 14 12 14 11 16 13 16 16 15 14 11 14 13 15 12 14 13 14 12 16 12 18 13 17 12 17 11 17 8 15 12 18 10 15 8 15 9 15 9 14 9 15 9 15 7 14 9 15 9 16 9 14 0 0 9 13 11 12 11 13 10 11 8 12 10 11 10 11 10 10 11 10 10 7 12 8 10 8 10 9 11 7 11 7 12 6 13 8 11 5 12 5 12 3 11 5 12 5 12 5 12 4 10 6 10 4 0 0 0 0 0 0 0 0 0 0 -1 -1 -1 -1 -11 -18 -13 -23 -14 -18 -14 -13 -6 -19 -5 -16 -8 -19 -7 -19 -6 -16 -5 -15 -7 -16 -8 -13 -10 -16 -8 -16 -8 -17 -9 -15 -10 -16 -9 -15 -8 -13 -10 -12 -13 -12 -10 -13 -10 -10 -11 -12 -11 -12 -11 -11 -9 -14 -12 -12 -10 -15 -11 -11 -13 -7 -12 -11 -12 -10 -11 -9 -10 -9 -11 -11 -11 -10 -11 -7 -11 -8 -10 -8 -11 -7 -10 -9 -10 -8 -11 -10 -10 -8 -10 -6 -9 -7 -11 -5 -8 -4 -9 -5 -9 -6 -7 -4 -7 -5 -7 -6 -6 -7 -6 -6 -7 -4 -1 -1 -1 -1 -1 -1 -1 -1 -1 -1 -1 -1 -1 -1 -1 -1 -1 -1 0 0 0 0 31 12 30 11 34 12 32 14 32 14 27 13 30 16 26 13 35 15 29 19 31 21 30 20 32 21 30 21 24 17 28 19 29 16 27 20 24 14 24 17 22 17 25 15 22 18 24 18 25 21 24 16 29 8 23 16 24 14 23 11 21 9 22 13 25 9 23 10 24 9 26 7 21 6 23 7 23 9 24 7 23 6 23 0 20 3 24 2 20 2 21 0 21 2 21 -2 21 -3 21 2 21 0 19 0 20 0 21 -9 25 -12 23 -12 19 -18 -1 -1 ]
CSI_DATA,STA,08:3A:F2:51:5D:9D,-48,11,1,0,1,1,1,0,0,0,0,-94,0,6,1,31353388,0,110,0,0,31.584630,384,[110 96 6 0 0 0 0 0 0 0 0 0 -5 21 -4 20 -5 24 -8 24 -7 23 -8 19 -8 22 -8 19 -7 20 -9 20 -11 22 -10 22 -11 21 -12 20 -11 17 -11 22 -10 18 -12 17 -10 17 -9 16 -10 16 -10 18 -11 14 -11 17 -11 18 -9 17 0 0 -9 17 -7 17 -8 18 -5 16 -8 14 -5 17 -7 17 -5 15 -5 16 -2 15 -3 16 -4 14 -3 15 -1 15 -2 15 0 15 -1 17 0 13 1 15 2 13 0 14 1 15 1 14 2 15 0 14 2 13 0 0 0 0 0 0 0 0 0 0 -1 -1 -1 -1 4 -25 4 -28 2 -28 -1 -22 10 -16 8 -15 8 -17 11 -15 7 -16 5 -12 7 -14 4 -15 5 -17 6 -17 7 -17 6 -16 4 -18 6 -16 5 -13 3 -17 0 -17 3 -17 0 -12 2 -15 4 -15 0 -16 2 -17 0 -16 1 -16 -1 -17 -8 -17 0 -15 -1 -14 -2 -12 -2 -15 0 -12 -3 -15 0 -12 -3 -13 0 -13 0 -12 -1 -13 -1 -13 -1 -15 -2 -13 -4 -10 -1 -11 -2 -10 -2 -8 -1 -8 -2 -9 -1 -8 -3 -8 -3 -8 -3 -9 -1 -8 0 -9 -1 -1 -1 -1 -1 -1 -1 -1 -1 -1 -1 -1 -1 -1 -1 -1 -1 -1 0 0 0 0 9 33 9 31 10 36 6 35 8 35 5 29 5 36 5 29 9 38 2 37 2 39 2 37 3 40 1 38 0 30 2 35 4 33 1 36 3 27 1 31 -1 28 3 30 -1 30 0 29 -3 34 1 29 17 31 1 28 3 28 4 24 5 25 4 26 8 26 5 24 8 25 10 23 7 22 9 24 7 23 9 23 9 22 14 17 10 19 14 21 10 18 12 16 12 18 15 15 14 15 14 19 13 17 12 16 12 17 22 9 29 9 25 8 29 1 -1 -1 ]
CSI_DATA,STA,08:3A:F2:51:5D:9D,-48,11,1,0,1,1,1,0,0,0,0,-94,0,6,1,31353886,0,110,0,0,31.594696,384,[110 96 6 0 0 0 0 0 0 0 0 0 -20 10 -19 10 -22 12 -25 9 -23 9 -20 6 -22 8 -20 7 -21 8 -22 5 -25 5 -25 6 -24 5 -24 3 -20 2 -24 6 -21 4 -21 3 -20 2 -19 4 -20 3 -21 4 -19 0 -21 2 -22 3 -19 4 0 0 -19 4 -18 6 -19 6 -17 7 -17 3 -17 6 -17 5 -16 6 -17 7 -14 8 -15 8 -15 6 -14 6 -13 7 -13 9 -13 10 -15 10 -10 9 -11 11 -8 10 -11 9 -11 10 -12 10 -10 11 -11 8 -9 9 0 0 0 0 0 0 0 0 0 0 -1 -1 -1 -1 26 -7 27 -5 24 -7 18 -10 21 2 18 2 20 -1 20 2 17 0 15 0 19 -3 15 -3 18 -4 18 -2 19 -1 18 -3 19 -3 19 -4 16 -3 16 -7 15 -9 18 -6 13 -7 13 -5 14 -4 15 -8 16 -5 16 -7 17 -6 14 -7 13 -12 15 -9 15 -6 13 -8 11 -8 13 -6 13 -10 10 -9 11 -8 10 -10 10 -10 11 -8 10 -8 11 -8 10 -7 8 -9 10 -6 9 -9 7 -7 5 -7 5 -7 4 -8 6 -8 5 -7 6 -4 6 -5 6 -6 -1 -1 -1 -1 -1 -1 -1 -1 -1 -1 -1 -1 -1 -1 -1 -1 -1 -1 0 0 0 0 -29 26 -26 26 -30 30 -31 27 -30 27 -28 21 -32 25 -26 22 -32 29 -35 21 -38 22 -37 21 -39 23 -38 21 -31 18 -34 22 -31 22 -34 19 -27 17 -30 17 -28 14 -29 20 -31 14 -31 16 -36 16 -28 17 -23 25 -27 17 -27 19 -24 19 -21 19 -25 18 -23 21 -21 19 -22 21 -19 21 -18 19 -19 20 -20 19 -18 23 -17 21 -12 23 -13 20 -14 23 -12 19 -9 22 -10 21 -9 22 -7 22 -13 22 -11 22 -10 20 -10 21 -2 26 3 29 1 29 10 26 -1 -1 ]
CSI_DATA,STA,08:3A:F2:51:5D:9D,-48,11,1,0,1,1,1,0,0,0,0,-94,0,6,1,31354283,0,110,0,0,31.605195,384,[110 96 6 0 0 0 0 0 0 0 0 0 -17 -16 -16 -15 -19 -17 -18 -21 -16 -18 -13 -17 -15 -19 -13 -18 -14 -18 -13 -19 -14 -22 -15 -21 -14 -21 -12 -21 -9 -18 -13 -21 -11 -19 -9 -18 -10 -18 -9 -17 -10 -18 -10 -18 -7 -17 -10 -18 -10 -20 -11 -16 0 0 -10 -17 -12 -15 -12 -16 -12 -14 -10 -16 -12 -14 -12 -16 -11 -13 -12 -13 -13 -10 -14 -11 -10 -11 -12 -11 -13 -9 -12 -10 -14 -9 -15 -11 -13 -7 -13 -8 -14 -5 -13 -8 -13 -8 -14 -8 -14 -7 -13 -8 -13 -5 0 0 0 0 0 0 0 0 0 0 -1 -1 -1 -1 9 21 11 25 16 21 15 19 2 20 2 18 4 19 3 20 4 19 3 16 6 19 7 13 8 17 7 17 6 18 7 16 9 18 7 18 5 15 11 16 10 13 8 15 10 11 7 13 8 14 11 12 8 12 10 12 8 14 10 13 12 8 12 12 11 14 9 11 10 9 9 9 12 10 11 8 9 9 9 8 9 9 9 9 10 9 8 8 9 9 9 7 7 5 8 7 9 6 6 5 8 5 7 5 7 6 8 5 6 7 6 5 5 4 -1 -1 -1 -1 -1 -1 -1 -1 -1 -1 -1 -1 -1 -1 -1 -1 -1 -1 0 0 0 0 -35 -17 -34 -16 -39 -18 -36 -21 -36 -20 -30 -18 -34 -22 -30 -17 -37 -22 -32 -25 -34 -28 -33 -27 -36 -28 -33 -28 -27 -23 -31 -25 -32 -22 -30 -26 -26 -19 -27 -23 -24 -22 -29 -21 -24 -23 -27 -23 -27 -28 -27 -21 -32 -14 -25 -21 -27 -20 -26 -17 -25 -15 -26 -19 -28 -15 -25 -16 -27 -14 -27 -12 -25 -11 -27 -12 -25 -13 -27 -11 -27 -9 -26 -5 -24 -7 -28 -6 -24 -5 -24 -4 -23 -4 -25 -3 -24 -1 -27 -5 -26 -4 -24 -3 -24 -3 -25 8 -30 8 -26 9 -25 16 -1 -1 ]
CSI_DATA,STA,08:3A:F2:51:5D:9D,-49,11,1,0,1,1,1,0,0,0,0,-94,0,6,1,31460147,0,110,0,0,31.626563,384,[110 96 6 0 0 0 0 0 0 0 0 0 -24 5 -24 5 -27 5 -30 2 -26 2 -23 0 -26 1 -24 0 -24 0 -25 -1 -29 -2 -28 -1 -27 -2 -26 -3 -23 -5 -27 -2 -23 -4 -22 -5 -22 -4 -21 -3 -22 -4 -23 -3 -20 -5 -23 -5 -24 -4 -21 -2 0 0 -21 -3 -21 0 -22 -1 -20 1 -19 -2 -20 0 -20 -2 -18 1 -20 1 -16 4 -19 4 -17 2 -17 1 -17 4 -16 4 -17 4 -19 5 -15 5 -15 6 -12 7 -16 6 -15 5 -15 5 -14 6 -15 4 -14 6 0 0 0 0 0 0 0 0 0 0 -1 -1 -1 -1 29 2 28 2 28 0 23 -1 17 8 16 7 18 7 18 10 17 5 15 6 18 5 16 3 18 3 17 4 18 5 17 3 18 4 17 2 15 2 18 1 17 -1 16 2 14 -1 15 0 13 3 14 0 15 0 16 -3 17 1 15 -2 15 -7 14 -1 15 0 13 -2 12 -1 14 1 13 -3 12 -2 12 -2 10 -1 9 -2 10 -1 11 0 9 -1 11 -1 8 -1 6 -1 7 -2 5 0 6 0 4 -1 6 -3 4 -2 4 -2 3 -2 1 -3 3 -2 0 0 -1 -1 -1 -1 -1 -1 -1 -1 -1 -1 -1 -1 -1 -1 0 0 0 0 -1 -1 -36 21 -35 21 -39 22 -41 19 -39 19 -34 15 -40 16 -33 16 -42 20 -41 13 -46 14 -43 14 -46 15 -45 13 -37 10 -41 12 -39 14 -41 9 -33 10 -36 8 -33 6 -37 13 -35 7 -36 7 -40 6 -33 12 -32 22 -33 10 -34 12 -30 13 -27 11 -32 11 -29 13 -28 12 -28 15 -27 17 -24 14 -26 17 -26 14 -24 16 -23 17 -18 21 -20 16 -23 18 -19 17 -17 18 -17 17 -15 20 -16 19 -18 17 -17 17 -17 16 -18 17 -11 26 -8 32 -7 31 0 31 -1 -1 ]
CSI_DATA,STA,08:3A:F2:51:5D:9D,-49,11,1,0,1,1,1,0,0,0,0,-94,0,6,1,31465367,0,110,0,0,31.637831,384,[110 96 6 0 0 0 0 0 0 0 0 0 -2 -25 -2 -24 -4 -28 0 -30 0 -28 1 -24 2 -27 2 -24 2 -25 4 -26 4 -29 2 -29 4 -28 5 -27 6 -22 4 -29 5 -24 7 -23 4 -22 5 -22 6 -22 4 -23 7 -19 5 -23 6 -24 3 -23 0 0 4 -22 1 -21 1 -22 1 -21 2 -20 2 -21 2 -22 0 -17 -2 -21 -3 -17 -4 -19 -2 -17 -2 -19 -5 -17 -4 -16 -6 -18 -5 -20 -7 -15 -6 -17 -7 -12 -6 -17 -7 -16 -6 -15 -7 -16 -7 -15 -6 -14 0 0 0 0 0 0 0 0 0 0 -1 -1 -1 -1 2 26 -4 25 6 29 3 22 -8 16 -7 16 -8 20 -6 18 -6 15 -6 12 -5 18 -5 15 -1 17 -3 16 -3 18 -2 16 0 19 -1 17 -1 14 -2 15 3 17 -3 17 3 11 -1 14 -2 12 2 12 1 12 4 14 -1 14 3 12 11 15 1 15 4 12 3 11 5 14 -1 12 3 13 2 9 3 11 2 11 1 11 0 11 2 11 3 6 0 9 4 7 2 9 4 7 -1 6 2 8 0 4 2 4 -2 5 3 3 0 4 1 2 2 4 -1 -1 -1 -1 -1 -1 -1 -1 -1 -1 -1 -1 -1 -1 -1 -1 -1 -1 0 0 0 0 -22 -32 -23 -31 -23 -35 -22 -37 -20 -35 -17 -31 -18 -37 -17 -31 -21 -39 -15 -37 -18 -41 -17 -39 -19 -41 -16 -40 -13 -34 -13 -38 -17 -37 -11 -38 -14 -30 -10 -34 -9 -31 -14 -32 -9 -31 -12 -31 -10 -36 -13 -31 -29 -25 -11 -32 -10 -30 -14 -28 -13 -26 -15 -29 -15 -26 -13 -25 -17 -24 -19 -25 -17 -21 -20 -21 -17 -21 -19 -22 -20 -21 -21 -16 -18 -18 -20 -20 -18 -16 -18 -14 -18 -15 -22 -13 -19 -13 -20 -16 -20 -14 -20 -16 -17 -15 -28 -5 -31 1 -32 1 -31 5 -1 -1 ]
CSI_DATA,STA,08:3A:F2:51:5D:9D,-49,11,1,0,1,1,1,0,0,0,0,-94,0,6,1,31475226,0,110,0,0,31.649701,384,[110 96 6 0 0 0 0 0 0 0 0 0 26 1 25 0 28 0 30 4 27 3 23 5 26 5 24 6 25 5 25 7 28 8 28 7 26 8 26 9 21 9 27 8 23 8 21 10 21 8 20 7 21 9 21 8 18 9 20 8 23 11 21 6 0 0 21 7 21 4 22 5 19 4 18 6 20 4 19 5 17 3 19 2 15 -1 18 0 16 2 18 1 16 -1 16 -1 16 -3 19 -4 14 -3 15 -5 14 -5 15 -2 15 -4 14 -3 15 -4 13 -3 15 -4 0 0 0 0 0 0 0 0 0 0 -1 -1 -1 -1 -17 -18 -23 -16 -25 -13 -24 -7 -17 -16 -15 -15 -18 -15 -16 -17 -13 -12 -12 -11 -15 -12 -16 -11 -18 -12 -16 -12 -17 -12 -17 -10 -19 -12 -16 -7 -13 -10 -17 -5 -19 -4 -16 -6 -16 -6 -14 -8 -16 -8 -17 -4 -16 -7 -15 -3 -16 -7 -18 -2 -16 4 -17 -3 -16 -4 -12 -2 -13 -3 -12 -4 -13 -2 -14 -3 -14 -2 -12 -5 -13 -2 -8 -1 -9 0 -12 -2 -11 0 -6 3 -5 -1 -6 2 -5 -1 -4 0 -4 1 -5 3 -7 -1 -6 4 -5 3 -2 3 -1 6 -1 -1 -1 -1 -1 -1 -1 -1 -1 -1 -1 -1 -1 -1 -1 -1 -1 -1 0 0 0 0 44 -10 43 -11 48 -11 49 -8 47 -8 41 -5 48 -4 41 -4 52 -6 47 1 51 0 49 0 53 0 50 1 42 2 46 0 47 -1 45 5 38 -2 41 3 37 5 42 1 38 6 39 1 44 6 39 -1 35 -10 40 1 37 -1 36 -2 32 -4 36 1 35 -5 34 -3 34 -6 34 -7 28 -7 31 -8 30 -7 31 -11 29 -10 27 -14 25 -13 30 -16 23 -11 23 -16 23 -10 25 -16 23 -15 27 -11 23 -15 21 -15 22 -12 19 -22 19 -29 18 -26 12 -29 -1 -1 ]
CSI_DATA,STA,08:3A:F2:51:5D:9D,-49,11,1,0,1,1,1,0,0,0,0,-94,0,6,1,31477659,0,110,0,0,31.660337,384,[110 96 6 0 0 0 0 0 0 0 0 0 18 13 17 12 20 14 20 17 18 15 14 14 17 16 15 15 16 15 15 17 16 19 16 19 15 18 14 19 11 17 16 19 13 17 12 17 12 15 11 15 11 16 13 17 9 15 11 16 12 17 13 14 0 0 13 15 14 12 13 14 13 11 11 13 13 11 14 12 12 10 14 10 13 6 14 8 11 9 12 8 13 5 12 7 13 4 14 7 13 5 13 4 13 3 13 5 12 4 13 5 13 3 11 4 11 3 0 0 0 0 0 0 0 0 0 0 -1 -1 -1 -1 -17 -18 -16 -18 -20 -14 -16 -12 -7 -18 -7 -15 -10 -17 -9 -17 -10 -12 -7 -13 -10 -13 -9 -11 -12 -13 -11 -13 -10 -13 -11 -13 -12 -13 -11 -12 -10 -11 -11 -10 -13 -8 -12 -11 -10 -6 -12 -9 -11 -9 -11 -7 -10 -9 -13 -6 -12 -9 -11 -7 -13 -3 -11 -7 -12 -5 -9 -4 -11 -5 -10 -5 -10 -5 -10 -3 -9 -4 -8 -5 -8 -4 -6 -3 -7 -3 -6 -4 -6 -3 -6 -1 -5 0 -6 -1 -5 -2 -4 1 -4 0 -2 0 -3 0 -4 2 -4 1 -1 2 -3 1 -1 -1 -1 -1 -1 -1 -1 -1 -1 -1 -1 -1 -1 -1 -1 -1 -1 -1 0 0 0 0 37 12 35 10 40 12 38 14 39 13 32 13 38 17 32 13 42 15 36 21 38 21 36 21 40 22 37 22 30 18 35 19 34 15 35 21 28 16 29 17 26 16 31 16 26 18 29 18 30 21 29 15 32 8 29 15 29 13 27 10 26 8 27 13 30 7 27 9 29 5 28 6 24 6 27 4 26 7 28 3 27 1 24 -2 23 -1 26 -2 21 1 22 -3 22 -1 23 -4 21 -5 24 0 21 -4 22 -2 21 -2 17 -11 22 -18 20 -16 17 -18 -1 -1 ]
CSI_DATA,STA,08:3A:F2:51:5D:9D,-49,11,1,0,1,1,1,0,0,0,0,-94,0,6,1,31478365,0,110,0,0,31.670652,384,[110 96 6 0 0 0 0 0 0 0 0 0 -21 -10 -20 -9 -24 -10 -23 -13 -22 -12 -18 -12 -21 -13 -19 -12 -20 -12 -19 -15 -21 -17 -21 -16 -20 -16 -19 -17 -15 -15 -21 -15 -17 -14 -16 -15 -16 -14 -15 -13 -15 -14 -16 -14 -12 -15 -15 -14 -16 -16 -16 -12 0 0 -16 -12 -17 -10 -17 -11 -16 -9 -14 -11 -16 -10 -16 -10 -15 -8 -16 -8 -15 -5 -16 -6 -14 -7 -14 -7 -15 -5 -15 -5 -15 -3 -18 -5 -14 -2 -15 -2 -14 -1 -14 -3 -14 -2 -14 -3 -15 -2 -13 -3 -13 -1 0 0 0 0 0 0 0 0 0 0 -1 -1 -1 -1 20 7 22 8 22 4 19 1 11 10 10 9 12 9 11 10 11 8 9 7 11 7 10 5 13 6 12 7 12 8 11 6 13 6 12 6 9 5 11 3 11 1 12 4 9 1 10 3 9 4 10 1 10 3 11 1 11 3 11 1 11 -5 10 1 10 1 8 0 9 0 8 1 8 0 7 0 6 0 6 -1 6 -1 6 0 6 0 5 0 5 -1 4 -2 3 -1 4 -2 3 -1 3 -2 2 -2 1 -3 1 -3 1 -3 1 -3 1 -3 1 -3 -1 -1 -1 -1 -1 -1 -1 -1 -1 -1 -1 -1 -1 -1 -1 -1 -1 -1 0 0 0 0 -36 2 -34 2 -39 3 -37 -1 -38 1 -32 -2 -39 -3 -32 -1 -41 1 -38 -7 -41 -8 -39 -7 -42 -6 -40 -7 -32 -7 -36 -5 -34 -2 -37 -6 -29 -3 -32 -6 -28 -8 -32 -3 -30 -8 -31 -6 -35 -10 -30 -4 -34 11 -30 -5 -30 -3 -26 0 -26 0 -27 -2 -27 2 -26 0 -26 2 -26 4 -23 3 -25 4 -25 2 -25 5 -23 4 -20 10 -20 6 -23 9 -20 6 -19 9 -19 7 -18 9 -17 10 -21 8 -19 8 -18 8 -18 8 -12 20 -12 24 -11 23 -5 26 -1 -1 ]
CSI_DATA,STA,08:3A:F2:51:5D:9D,-49,11,1,0,1,1,1,0,0,0,0,-94,0,6,1,31644492,0,110,0,0,31.811056,384,[110 96 6 0 0 0 0 0 0 0 0 0 -22 1 -21 2 -25 3 -26 -1 -25 0 -21 -2 -24 -1 -22 -2 -23 -1 -23 -4 -26 -5 -26 -4 -25 -5 -24 -6 -20 -6 -26 -3 -22 -4 -21 -6 -21 -5 -20 -4 -20 -5 -21 -4 -18 -7 -21 -6 -22 -6 -20 -4 0 0 -20 -3 -20 -1 -21 -2 -19 0 -18 -3 -19 -1 -19 -1 -17 0 -19 1 -16 3 -17 2 -16 0 -16 1 -15 3 -15 3 -15 5 -18 4 -14 5 -14 5 -12 6 -14 5 -14 5 -14 4 -14 5 -13 3 -12 5 0 0 0 0 0 0 0 0 0 0 -1 -1 -1 -1 23 -1 24 -1 23 -4 19 -6 16 5 13 4 16 4 15 6 14 3 12 3 14 2 12 0 15 0 14 2 14 2 13 1 15 0 14 0 11 0 13 -2 12 -4 13 -2 10 -3 11 -2 11 -1 11 -3 12 -2 11 -3 13 -2 12 -3 11 -8 11 -3 11 -2 9 -2 10 -3 10 -1 10 -3 8 -3 9 -2 8 -2 8 -2 8 -1 9 0 8 0 7 0 6 -2 5 0 6 -1 4 1 4 -1 3 1 3 0 3 1 2 2 1 2 1 1 1 1 -1 -1 -1 -1 -1 -1 -1 -1 -1 -1 -1 -1 -1 -1 -1 -1 -1 -1 -1 -1 0 0 -32 17 -29 16 -34 20 -34 16 -34 17 -30 13 -36 14 -29 13 -37 19 -38 11 -41 11 -39 10 -42 13 -40 11 -32 8 -37 13 -34 14 -37 11 -29 10 -32 10 -30 6 -32 13 -32 6 -32 7 -37 6 -31 9 -27 22 -30 9 -30 11 -25 11 -25 12 -27 10 -25 15 -25 12 -24 14 -24 16 -21 14 -22 15 -24 13 -22 15 -20 15 -16 19 -16 15 -18 19 -16 15 -14 17 -15 16 -13 18 -12 18 -17 16 -15 16 -14 15 -14 16 -5 23 -3 26 -3 26 4 27 -1 -1 ]
CSI_DATA,STA,08:3A:F2:51:5D:9D,-49,11,1,0,1,1,1,0,0,0,0,-94,0,6,1,31647521,0,110,0,0,31.822086,384,[110 96 6 0 0 0 0 0 0 0 0 0 2 -22 2 -21 2 -25 5 -25 4 -24 5 -20 5 -23 5 -21 5 -22 7 -22 9 -24 8 -24 9 -23 9 -22 9 -18 8 -24 8 -20 9 -19 8 -19 7 -18 8 -18 8 -19 9 -16 9 -18 9 -20 7 -19 0 0 7 -19 5 -19 5 -19 4 -18 6 -16 4 -18 5 -18 3 -17 3 -18 0 -16 1 -17 3 -15 2 -16 0 -15 0 -16 -1 -16 0 -18 -2 -14 -2 -15 -3 -13 -2 -15 -2 -15 -2 -15 -3 -15 -1 -14 -2 -13 0 0 0 0 0 0 0 0 0 0 -1 -1 -1 -1 -8 21 -9 22 -5 22 -2 19 -12 13 -10 11 -10 14 -11 12 -9 12 -8 10 -8 12 -5 11 -7 14 -7 13 -8 12 -7 13 -7 14 -6 13 -6 11 -4 13 -2 12 -5 13 -2 10 -3 11 -4 11 -2 12 -5 11 -2 12 -4 12 -3 12 2 12 -3 11 -3 11 -2 9 -2 10 -3 9 -2 10 -2 9 -2 9 -3 8 -3 8 -5 7 -4 7 -4 6 -4 5 -3 6 -4 4 -3 5 -4 3 -3 3 -4 2 -3 2 -3 2 -3 0 -3 0 -3 0 -4 -1 -1 -1 -1 -1 -1 -1 -1 -1 -1 -1 -1 -1 -1 -1 -1 -1 -1 -1 -1 -1 0 0 -10 -36 -10 -33 -12 -39 -8 -37 -10 -38 -6 -32 -7 -39 -7 -32 -10 -41 -3 -40 -2 -43 -2 -42 -2 -44 -2 -43 -1 -34 -4 -39 -5 -37 -1 -39 -3 -31 -2 -34 0 -31 -5 -34 1 -33 0 -34 3 -39 -2 -33 -13 -33 -2 -32 -4 -32 -5 -28 -6 -28 -4 -29 -8 -29 -6 -28 -9 -28 -10 -28 -8 -25 -9 -27 -7 -27 -10 -26 -10 -24 -14 -21 -10 -21 -14 -23 -11 -20 -13 -19 -12 -19 -15 -18 -15 -17 -12 -21 -12 -20 -12 -19 -12 -19 -21 -12 -25 -12 -24 -11 -27 -4 -1 -1 ]
CSI_DATA,STA,08:3A:F2:51:5D:9D,-49,11,1,0,1,1,1,0,0,0,0,-94,0,6,1,31650326,0,110,0,0,31.832786,384,[110 96 6 0 0 0 0 0 0 0 0 0 -13 16 -13 15 -15 19 -18 18 -17 17 -15 13 -17 16 -16 14 -16 15 -18 13 -20 15 -20 15 -20 14 -20 13 -17 10 -20 15 -18 12 -18 10 -17 10 -16 10 -17 10 -18 11 -17 7 -18 10 -19 11 -16 11 0 0 -16 11 -15 12 -16 12 -14 12 -15 9 -14 11 -15 11 -12 10 -13 12 -9 12 -11 13 -11 10 -11 11 -9 12 -10 12 -8 13 -10 14 -7 12 -7 13 -5 12 -8 12 -7 12 -7 12 -6 12 -8 11 -6 11 0 0 0 0 0 0 0 0 0 0 -1 -1 -1 -1 18 -14 19 -14 16 -16 12 -16 16 -5 14 -5 15 -7 15 -5 14 -6 11 -5 13 -7 10 -7 12 -9 12 -8 13 -7 12 -8 13 -9 12 -8 10 -7 10 -9 9 -10 10 -9 7 -8 8 -8 9 -7 8 -9 9 -8 7 -10 10 -8 8 -10 5 -13 8 -9 8 -9 7 -7 7 -9 7 -7 7 -8 6 -7 6 -7 7 -6 7 -6 7 -5 7 -5 7 -5 6 -4 5 -5 5 -3 5 -3 4 -2 4 -3 4 -2 3 -2 2 -1 2 0 2 0 2 0 2 1 -1 -1 -1 -1 -1 -1 -1 -1 -1 -1 -1 -1 -1 -1 -1 -1 -1 -1 -1 -1 0 0 -11 33 -10 31 -11 37 -13 34 -13 36 -12 28 -15 34 -11 29 -14 39 -19 33 -21 35 -20 34 -21 37 -21 35 -18 28 -18 34 -16 32 -21 32 -14 26 -17 27 -17 25 -15 29 -19 26 -18 27 -22 29 -16 27 -6 34 -16 26 -15 27 -12 24 -11 25 -13 24 -10 27 -11 25 -8 25 -8 27 -7 24 -7 25 -9 24 -7 26 -6 24 0 24 -3 21 -2 25 -3 20 0 21 -2 21 1 21 2 21 -2 23 -2 22 -1 20 -1 21 10 21 14 23 13 21 18 18 -1 -1 ]
CSI_DATA,STA,08:3A:F2:51:5D:9D,-49,11,1,0,1,1,1,0,0,0,0,-94,0,6,1,31650697,0,110,0,0,31.843262,384,[110 96 6 0 0 0 0 0 0 0 0 0 -21 4 -20 4 -24 5 -25 2 -24 3 -20 1 -23 2 -21 1 -22 2 -23 -1 -25 -1 -25 0 -24 -1 -24 -2 -20 -3 -25 0 -21 -1 -21 -3 -20 -2 -19 -1 -20 -2 -21 -2 -18 -4 -21 -3 -22 -3 -20 -1 0 0 -19 0 -20 2 -20 1 -18 2 -17 -1 -18 2 -18 1 -16 2 -18 3 -15 5 -16 5 -15 2 -15 3 -14 5 -15 5 -14 6 -17 6 -12 6 -13 7 -11 8 -13 6 -12 6 -13 6 -12 7 -12 5 -11 6 0 0 0 0 0 0 0 0 0 0 -1 -1 -1 -1 20 -8 22 -9 19 -12 16 -12 15 0 13 0 15 -1 14 1 13 -1 11 0 12 -2 11 -3 13 -4 13 -3 13 -2 12 -3 14 -4 12 -3 10 -2 11 -5 10 -7 11 -5 8 -5 9 -5 10 -4 9 -6 10 -5 9 -6 11 -5 9 -6 6 -12 9 -5 9 -5 7 -4 8 -6 8 -4 8 -5 7 -4 7 -4 7 -4 6 -4 7 -3 7 -2 7 -2 6 -2 5 -2 4 -1 5 -1 4 -1 4 -1 4 0 3 0 3 0 2 1 2 1 1 1 1 1 -1 -1 -1 -1 -1 -1 -1 -1 -1 -1 -1 -1 -1 -1 -1 -1 -1 -1 -1 -1 0 0 -23 22 -21 20 -25 24 -25 20 -25 22 -22 17 -27 20 -21 18 -27 25 -30 19 -32 19 -30 19 -32 21 -31 19 -25 15 -29 18 -25 20 -29 18 -22 14 -25 15 -24 12 -24 17 -25 13 -25 14 -30 14 -24 16 -16 30 -24 15 -23 16 -19 15 -18 16 -21 15 -18 18 -19 16 -17 18 -16 20 -15 16 -16 18 -17 16 -15 19 -14 18 -9 20 -11 17 -11 20 -10 16 -8 17 -10 17 -7 18 -6 17 -10 19 -9 17 -8 16 -8 16 4 23 7 26 7 24 12 23 -1 -1 ]
CSI_DATA,STA,08:3A:F2:51:5D:9D,-49,11,1,0,1,1,1,0,0,0,0,-94,0,6,1,31651187,0,110,0,0,31.853607,384,[110 96 6 0 0 0 0 0 0 0 0 0 -14 -18 -13 -17 -16 -19 -14 -22 -13 -20 -10 -18 -11 -20 -10 -19 -11 -20 -10 -21 -10 -24 -11 -23 -10 -23 -9 -23 -7 -20 -10 -23 -8 -21 -6 -20 -7 -20 -7 -18 -6 -19 -7 -20 -4 -18 -7 -20 -7 -22 -7 -19 0 0 -7 -19 -9 -17 -9 -19 -9 -16 -6 -17 -9 -16 -8 -18 -8 -15 -9 -16 -10 -12 -11 -14 -8 -13 -9 -14 -10 -12 -10 -12 -11 -12 -12 -14 -11 -10 -11 -10 -11 -8 -10 -11 -11 -10 -11 -10 -12 -10 -10 -10 -10 -8 0 0 0 0 0 0 0 0 0 0 -1 -1 -1 -1 2 22 3 23 7 22 6 18 -3 17 -2 16 -1 17 -3 17 -1 16 -1 13 0 15 1 13 2 15 1 15 0 15 2 14 2 16 2 15 1 12 3 13 5 13 2 13 4 11 3 11 2 12 4 12 2 12 5 11 3 13 4 12 7 10 4 12 3 11 4 10 3 10 2 11 3 10 3 9 3 9 2 9 2 8 0 9 1 9 1 8 0 7 0 7 -1 6 -1 6 -1 5 -1 5 -2 4 -2 3 -2 3 -2 2 -3 2 -2 1 -3 0 -1 -1 0 0 0 0 -1 -1 -1 -1 -1 -1 0 0 0 0 -1 -1 -1 -1 -1 -1 -31 -21 -31 -20 -34 -23 -33 -26 -31 -24 -27 -22 -30 -26 -27 -22 -33 -27 -28 -29 -30 -32 -29 -30 -31 -33 -29 -32 -24 -28 -27 -30 -28 -29 -25 -31 -23 -24 -22 -27 -20 -26 -25 -26 -20 -28 -23 -27 -22 -32 -23 -25 -30 -18 -22 -26 -22 -24 -23 -22 -21 -20 -22 -23 -24 -20 -22 -20 -24 -19 -24 -18 -22 -15 -24 -16 -22 -17 -24 -16 -23 -15 -24 -10 -22 -12 -26 -13 -21 -10 -22 -9 -21 -10 -23 -8 -23 -7 -23 -11 -23 -9 -21 -9 -21 -9 -24 0 -27 3 -27 3 -26 7 -1 -1 ]
CSI_DATA,STA,08:3A:F2:51:5D:9D,-49,11,1,0,1,1,1,0,0,0,0,-94,0,6,1,31651668,0,110,0,0,31.864583,384,[110 96 6 0 0 0 0 0 0 0 0 0 18 -16 18 -15 20 -18 24 -17 21 -16 19 -12 21 -14 20 -13 20 -13 22 -12 24 -13 24 -14 24 -13 24 -11 21 -9 25 -13 22 -10 22 -8 21 -9 19 -9 20 -9 21 -10 19 -6 21 -9 22 -10 19 -11 0 0 19 -10 17 -12 18 -12 16 -12 17 -9 17 -11 17 -12 15 -11 15 -12 11 -13 13 -14 13 -11 13 -12 11 -13 11 -13 10 -15 12 -16 8 -14 9 -14 6 -14 9 -14 8 -14 8 -14 7 -15 8 -13 6 -13 0 0 0 0 0 0 0 0 0 0 -1 -1 -1 -1 -24 7 -26 8 -24 12 -20 11 -21 1 -19 2 -21 3 -21 1 -19 3 -17 2 -18 4 -15 5 -18 6 -18 5 -19 5 -17 6 -18 7 -17 6 -14 5 -16 8 -14 9 -16 7 -12 8 -14 7 -13 6 -13 8 -14 7 -12 9 -14 7 -13 9 -10 11 -13 8 -13 7 -11 7 -11 8 -12 6 -11 7 -10 6 -10 6 -11 6 -10 5 -10 4 -10 3 -10 3 -9 2 -9 3 -8 2 -8 2 -7 1 -6 1 -6 -1 -6 -1 -5 -1 -4 -2 -3 -2 -3 -2 -3 -2 -1 -1 -1 -1 -1 -1 -1 -1 -1 -1 -1 -1 -1 -1 -1 -1 -1 -1 -1 -1 0 0 20 -37 18 -35 21 -40 24 -38 23 -38 21 -31 25 -35 20 -32 26 -40 29 -35 30 -37 29 -36 32 -39 31 -36 26 -29 29 -34 27 -35 31 -32 23 -29 26 -28 25 -25 24 -31 27 -27 26 -29 31 -30 23 -29 14 -36 25 -28 23 -29 19 -28 17 -27 21 -27 18 -30 17 -28 16 -30 15 -31 12 -27 13 -29 15 -28 12 -30 11 -29 6 -29 8 -26 8 -31 7 -26 4 -27 6 -25 3 -27 2 -27 7 -28 4 -26 4 -25 4 -25 -6 -27 -9 -30 -9 -29 -14 -27 -1 -1 ]
CSI_DATA,STA,08:3A:F2:51:5D:9D,-49,11,1,0,1,1,1,0,0,0,0,-94,0,6,1,31652078,0,110,0,0,31.875352,384,[110 96 6 0 0 0 0 0 0 0 0 0 20 5 20 4 22 4 24 8 21 7 19 7 21 8 19 8 20 8 19 10 22 11 22 10 21 11 20 12 16 11 21 11 18 11 16 11 17 11 16 10 16 11 17 11 13 11 16 11 18 12 17 9 0 0 16 9 17 7 18 9 16 6 15 9 16 7 16 8 15 6 16 6 15 2 16 4 14 5 14 5 15 3 14 3 15 1 17 3 14 1 14 1 13 -1 14 1 14 1 14 1 14 0 13 1 12 0 0 0 0 0 0 0 0 0 0 0 -1 -1 -1 -1 -17 -16 -18 -18 -19 -14 -18 -10 -10 -16 -10 -15 -11 -16 -10 -17 -10 -14 -8 -12 -11 -13 -10 -10 -12 -11 -11 -12 -12 -13 -12 -11 -13 -12 -11 -12 -10 -10 -12 -9 -13 -9 -12 -10 -11 -7 -11 -9 -10 -9 -12 -7 -10 -9 -12 -8 -12 -10 -12 -7 -14 -4 -12 -8 -11 -8 -10 -7 -11 -6 -9 -8 -10 -7 -10 -6 -9 -7 -8 -6 -8 -7 -8 -7 -7 -8 -7 -7 -6 -7 -6 -6 -4 -6 -5 -6 -4 -5 -4 -5 -3 -5 -2 -5 -2 -4 -1 -4 0 -4 0 -3 0 -3 -1 -1 0 0 0 0 -1 -1 -1 -1 -1 -1 0 0 0 0 -1 -1 -1 -1 -1 -1 37 -4 34 -4 40 -4 39 -1 39 -2 33 1 39 1 33 -1 41 -1 39 5 42 6 41 5 44 6 41 7 34 6 38 5 38 4 38 7 31 4 33 7 31 7 34 4 32 9 33 7 37 11 32 5 34 -4 32 6 32 4 29 2 28 1 30 4 30 0 28 1 29 -1 30 -2 26 -2 28 -3 28 0 28 -3 26 -3 24 -8 23 -5 27 -7 22 -5 22 -8 22 -6 22 -9 21 -9 24 -6 22 -7 21 -7 20 -6 18 -15 21 -19 18 -19 15 -23 -1 -1 ]
CSI_DATA,STA,08:3A:F2:51:5D:9D,-49,11,1,0,1,1,1,0,0,0,0,-94,0,6,1,31652551,0,110,0,0,31.885507,384,[110 96 6 0 0 0 0 0 0 0 0 0 3 21 3 20 4 23 1 25 1 23 0 20 0 23 -1 21 0 21 -2 22 -3 25 -2 25 -3 24 -3 23 -4 19 -3 23 -3 21 -6 20 -3 19 -3 18 -5 19 -4 20 -7 17 -5 19 -5 21 -4 19 0 0 -3 19 -1 19 -2 19 0 18 -4 16 -1 17 -2 19 -1 17 0 18 2 14 3 16 0 15 1 15 3 14 2 15 3 15 3 17 4 13 4 14 5 12 3 13 4 13 4 13 5 13 3 13 4 12 0 0 0 0 0 0 0 0 0 0 -1 -1 -1 -1 7 -22 7 -23 3 -24 1 -20 10 -15 8 -14 8 -16 10 -15 7 -15 6 -12 6 -15 4 -13 5 -16 5 -15 6 -15 5 -15 5 -16 4 -15 4 -13 2 -15 1 -15 4 -15 0 -13 2 -13 3 -13 1 -13 3 -13 0 -13 3 -14 1 -14 -3 -14 1 -13 2 -13 1 -12 1 -12 2 -12 1 -12 1 -11 1 -11 2 -10 2 -10 3 -9 2 -9 3 -9 3 -7 2 -8 2 -6 2 -7 3 -5 3 -5 3 -4 2 -4 2 -3 2 -2 2 -1 2 -1 2 -1 -1 -1 0 0 0 0 -1 -1 -1 -1 -1 -1 0 0 0 0 -1 -1 -1 -1 -1 -1 18 31 18 29 19 34 17 35 17 33 13 30 14 35 14 30 17 38 11 37 12 39 11 38 12 40 10 41 9 34 11 35 12 37 7 38 12 30 8 32 6 31 8 32 4 32 6 32 6 38 8 32 19 28 7 31 8 32 10 28 10 26 8 27 12 26 10 26 11 27 13 26 11 23 14 23 11 25 14 23 13 23 17 19 13 19 16 21 13 18 15 16 14 17 17 16 16 15 15 19 15 17 14 16 13 16 21 10 25 9 25 8 26 3 -1 -1 ]
CSI_DATA,STA,08:3A:F2:51:5D:9D,-49,11,1,0,1,1,1,0,0,0,0,-94,0,6,1,31656125,0,110,0,0,31.895355,384,[110 96 6 0 0 0 0 0 0 0 0 0 2 -22 2 -21 2 -25 5 -26 5 -24 5 -20 5 -23 6 -21 5 -22 7 -22 8 -25 7 -25 8 -24 9 -23 8 -19 8 -24 8 -20 9 -19 8 -19 7 -18 8 -19 8 -19 9 -16 8 -19 9 -21 7 -19 0 0 7 -19 4 -19 5 -20 4 -19 6 -17 4 -18 5 -19 4 -17 3 -19 0 -16 0 -17 2 -16 2 -16 0 -16 0 -16 -2 -16 0 -19 -2 -15 -2 -15 -4 -14 -1 -15 -2 -15 -2 -15 -3 -15 -1 -14 -3 -13 0 0 0 0 0 0 0 0 0 0 -1 -1 -1 -1 -2 23 -3 24 1 23 2 20 -9 13 -8 12 -8 14 -9 12 -7 12 -6 10 -6 12 -4 11 -4 13 -5 12 -6 13 -5 12 -4 14 -4 12 -4 10 -3 12 -1 12 -3 11 -1 10 -2 10 -3 10 -1 11 -3 11 0 11 -3 12 -2 11 5 12 -2 11 -2 10 -1 9 -1 9 -2 9 -1 9 -1 8 -2 8 -2 8 -2 8 -3 7 -3 7 -3 6 -3 5 -2 6 -3 4 -2 5 -3 3 -2 3 -3 2 -3 2 -2 2 -3 1 -3 1 -3 0 -3 0 -1 -1 -1 -1 -1 -1 -1 -1 -1 -1 -1 -1 -1 -1 -1 -1 -1 -1 -1 -1 0 0 -13 -32 -13 -30 -15 -34 -11 -35 -13 -34 -9 -29 -10 -35 -10 -28 -14 -36 -7 -36 -8 -40 -7 -38 -9 -41 -7 -39 -6 -31 -7 -36 -9 -34 -6 -36 -6 -28 -5 -31 -4 -28 -8 -31 -3 -30 -5 -31 -3 -36 -6 -30 -22 -28 -5 -30 -7 -29 -8 -26 -9 -25 -7 -27 -11 -26 -8 -24 -12 -24 -13 -24 -12 -22 -13 -23 -10 -23 -13 -23 -12 -22 -16 -18 -12 -18 -16 -20 -12 -17 -14 -16 -13 -17 -15 -15 -15 -14 -14 -18 -14 -17 -14 -15 -13 -16 -24 -7 -28 -6 -27 -4 -28 1 -1 -1 ]
CSI_DATA,STA,08:3A:F2:51:5D:9D,-49,11,1,0,1,1,1,0,0,0,0,-94,0,6,1,31668307,0,110,0,0,31.906036,384,[110 96 6 0 0 0 0 0 0 0 0 0 -11 18 -10 18 -12 21 -15 21 -14 19 -13 16 -14 18 -14 16 -14 17 -16 16 -18 18 -17 19 -17 17 -17 16 -16 13 -17 18 -16 14 -16 13 -15 14 -15 13 -16 13 -16 14 -16 10 -16 13 -17 14 -14 14 0 0 -15 13 -13 15 -13 15 -11 14 -13 12 -12 14 -13 14 -11 13 -11 14 -8 14 -8 15 -9 12 -9 13 -7 13 -7 13 -6 14 -8 16 -5 13 -5 14 -3 13 -6 13 -5 13 -5 13 -4 14 -5 12 -4 12 0 0 0 0 0 0 0 0 0 0 -1 -1 -1 -1 14 -19 14 -19 11 -22 8 -20 14 -9 13 -9 13 -10 14 -8 12 -9 10 -8 11 -10 9 -9 11 -12 11 -10 12 -11 10 -11 11 -12 10 -11 9 -9 8 -11 7 -12 9 -11 6 -10 8 -10 8 -9 7 -11 8 -10 6 -11 8 -11 6 -12 1 -15 7 -11 7 -10 5 -9 6 -10 7 -9 6 -9 5 -9 5 -8 6 -8 5 -7 6 -7 6 -6 6 -6 6 -5 5 -6 5 -4 4 -5 4 -3 4 -4 4 -3 3 -3 3 -2 2 -1 2 -1 2 0 2 0 0 0 0 0 -1 -1 -1 -1 -1 -1 -1 -1 -1 -1 0 0 0 0 -1 -1 -1 -1 0 33 1 32 -1 36 -3 36 -2 35 -3 30 -5 35 -3 29 -3 38 -9 35 -9 38 -8 36 -8 39 -9 37 -9 31 -8 34 -6 34 -10 34 -6 28 -9 30 -10 26 -7 31 -11 27 -9 30 -12 32 -6 29 8 34 -8 29 -7 28 -4 26 -4 25 -6 28 -3 27 -4 26 -2 26 0 26 -2 24 0 26 -2 25 1 26 1 24 6 22 3 21 3 24 2 21 5 20 3 21 6 20 6 19 4 21 5 21 5 19 4 20 16 16 22 17 21 17 24 13 -1 -1 ]
CSI_DATA,STA,08:3A:F2:51:5D:9D,-48,11,1,0,1,1,1,0,0,0,0,-94,0,6,1,31741990,0,110,0,0,31.916554,384,[110 96 6 0 0 0 0 0 0 0 0 0 17 -15 16 -15 19 -17 22 -16 20 -15 18 -12 20 -14 18 -13 19 -13 21 -12 24 -12 23 -13 23 -11 22 -10 19 -8 23 -13 20 -10 21 -8 19 -9 18 -9 19 -9 20 -9 19 -6 20 -8 22 -9 18 -10 0 0 18 -9 17 -11 18 -11 16 -11 16 -8 16 -11 17 -11 14 -11 15 -12 11 -12 13 -13 13 -10 13 -11 11 -13 11 -12 10 -14 13 -15 8 -13 9 -14 6 -14 9 -13 8 -14 9 -14 8 -14 9 -12 7 -13 0 0 0 0 0 0 0 0 0 0 -1 -1 -1 -1 -28 1 -29 3 -28 6 -23 8 -24 -1 -22 0 -24 1 -24 -1 -22 1 -19 1 -22 3 -19 4 -22 5 -22 3 -23 3 -22 4 -23 5 -21 5 -19 3 -20 8 -19 9 -20 7 -16 8 -18 7 -18 5 -17 9 -19 6 -17 9 -20 7 -18 10 -14 13 -18 9 -17 9 -14 9 -15 10 -16 8 -15 10 -14 9 -14 9 -14 9 -14 9 -14 8 -14 7 -13 8 -12 8 -11 9 -10 7 -11 9 -10 7 -9 8 -10 7 -9 8 -8 7 -9 6 -9 5 -9 5 -9 5 -1 -1 -1 -1 -1 -1 -1 -1 -1 -1 -1 -1 -1 -1 -1 -1 -1 -1 0 0 0 0 25 -33 22 -32 26 -37 27 -34 27 -35 25 -29 29 -34 25 -29 31 -36 34 -29 36 -32 34 -30 37 -32 36 -30 30 -25 32 -30 31 -31 34 -28 27 -26 30 -25 28 -22 29 -27 31 -21 30 -24 36 -24 28 -25 23 -29 28 -24 26 -25 23 -25 21 -25 25 -24 22 -27 22 -25 21 -27 19 -29 17 -24 18 -27 19 -25 17 -28 15 -27 10 -29 11 -26 12 -30 10 -25 8 -27 9 -25 7 -28 6 -28 11 -27 9 -27 9 -26 8 -26 1 -28 -2 -31 -2 -30 -8 -30 -1 -1 ]
CSI_DATA,STA,08:3A:F2:51:5D:9D,-48,11,1,0,1,1,1,0,0,0,0,-94,0,6,1,31752656,0,110,0,0,31.932022,384,[110 96 6 0 0 0 0 0 0 0 0 0 -22 8 -20 8 -24 10 -26 8 -25 8 -21 5 -24 6 -22 5 -23 5 -24 4 -27 3 -27 5 -26 4 -26 2 -22 1 -27 4 -23 2 -23 0 -22 1 -21 1 -21 1 -23 1 -20 -1 -22 1 -24 1 -22 2 0 0 -22 2 -21 4 -21 4 -20 5 -19 2 -19 4 -20 4 -18 4 -19 5 -16 7 -17 7 -16 5 -16 6 -15 7 -16 7 -15 8 -18 9 -13 8 -14 8 -12 9 -14 8 -13 8 -14 9 -13 10 -13 7 -11 8 0 0 0 0 0 0 0 0 0 0 -1 -1 -1 -1 26 -5 27 -5 25 -9 23 -9 20 3 18 2 21 1 20 3 19 1 15 1 18 0 16 -2 19 -2 18 -2 20 -1 18 -2 20 -3 19 -3 16 -3 18 -4 17 -7 18 -4 13 -6 15 -5 15 -4 15 -6 16 -5 15 -8 17 -5 15 -7 13 -13 15 -7 15 -6 13 -7 14 -7 14 -6 13 -8 12 -7 12 -8 12 -6 11 -7 12 -6 12 -7 11 -7 10 -7 10 -7 9 -6 9 -8 9 -6 8 -7 8 -6 7 -7 7 -7 7 -6 7 -6 7 -5 7 -5 -1 -1 -1 -1 -1 -1 -1 -1 -1 -1 -1 -1 -1 -1 -1 -1 -1 -1 0 0 0 0 -27 27 -24 27 -29 30 -30 27 -30 28 -26 22 -31 25 -26 22 -32 29 -34 23 -36 24 -35 24 -37 26 -36 23 -31 19 -35 21 -32 23 -36 20 -27 19 -30 17 -29 15 -30 20 -31 16 -30 18 -35 17 -29 19 -21 30 -29 17 -29 18 -25 19 -24 18 -26 18 -23 21 -23 19 -22 20 -22 22 -20 19 -20 22 -21 20 -19 22 -18 21 -14 23 -15 20 -17 24 -14 19 -12 21 -13 20 -11 22 -10 22 -14 22 -12 22 -12 21 -12 20 -1 27 3 31 4 29 8 29 -1 -1 ]
CSI_DATA,STA,08:3A:F2:51:5D:9D,-47,11,1,0,1,1,1,0,0,0,0,-94,0,6,1,31753147,0,110,0,0,31.942888,384,[110 96 6 0 0 0 0 0 0 0 0 0 22 -3 22 -2 25 -4 27 0 25 -1 22 1 24 1 22 1 23 1 23 3 26 4 26 3 25 4 24 5 21 5 26 4 22 4 21 6 21 5 20 4 20 5 21 5 18 7 21 6 22 6 20 4 0 0 20 4 20 1 21 3 19 1 18 4 19 2 20 2 17 1 19 0 16 -3 18 -2 16 0 17 -1 16 -3 16 -3 16 -5 18 -4 14 -5 15 -5 13 -6 15 -5 15 -5 15 -5 15 -6 14 -4 13 -6 0 0 0 0 0 0 0 0 0 0 -1 -1 -1 -1 -28 -1 -30 0 -27 3 -24 6 -19 -8 -17 -7 -20 -8 -19 -9 -18 -6 -14 -6 -17 -5 -15 -3 -19 -3 -19 -4 -19 -5 -18 -3 -20 -3 -19 -3 -16 -3 -17 0 -17 2 -18 -1 -15 2 -16 -1 -16 -1 -16 2 -17 0 -17 2 -18 0 -16 3 -15 10 -16 2 -16 2 -14 2 -14 3 -15 1 -14 3 -13 3 -13 3 -13 3 -13 4 -13 2 -13 2 -13 2 -12 2 -11 4 -10 2 -11 4 -10 3 -8 3 -9 2 -9 4 -8 3 -9 2 -9 2 -8 2 -8 2 -1 -1 -1 -1 -1 -1 -1 -1 -1 -1 -1 -1 -1 -1 -1 -1 -1 -1 0 0 0 0 31 -21 29 -20 33 -23 34 -19 34 -20 29 -15 35 -16 28 -16 36 -21 37 -15 40 -14 38 -15 41 -16 39 -14 32 -11 36 -14 34 -15 37 -12 29 -11 31 -10 29 -9 31 -14 32 -8 32 -10 37 -8 31 -11 27 -26 30 -11 30 -12 26 -12 25 -13 28 -11 26 -15 25 -13 24 -16 25 -17 22 -16 22 -17 24 -15 23 -17 21 -17 16 -20 17 -16 19 -20 16 -16 14 -18 16 -17 13 -19 13 -19 17 -19 16 -18 14 -18 15 -17 4 -27 3 -31 1 -30 -5 -31 -1 -1 ]
CSI_DATA,STA,08:3A:F2:51:5D:9D,-47,11,1,0,1,1,1,0,0,0,0,-94,0,6,1,31753537,0,110,0,0,31.953301,384,[110 96 6 0 0 0 0 0 0 0 0 0 13 15 12 14 15 17 13 19 13 18 9 16 11 18 10 17 11 17 9 19 10 21 11 21 9 20 8 20 6 18 10 21 7 18 6 18 7 18 6 17 6 17 7 18 4 16 6 18 6 19 7 17 0 0 7 17 9 16 8 17 9 14 6 15 8 15 8 16 8 13 9 14 9 10 10 12 8 12 9 12 10 10 9 11 11 10 12 12 10 8 11 9 11 7 10 9 10 8 11 9 11 8 9 8 10 7 0 0 0 0 0 0 0 0 0 0 -1 -1 -1 -1 -13 -21 -14 -22 -17 -19 -15 -16 -3 -18 -4 -17 -5 -18 -3 -19 -5 -17 -4 -14 -5 -15 -6 -13 -7 -16 -7 -16 -6 -16 -7 -15 -9 -16 -8 -15 -7 -13 -9 -14 -10 -13 -8 -14 -9 -11 -8 -12 -8 -12 -10 -12 -8 -13 -11 -11 -9 -14 -10 -12 -15 -7 -10 -11 -10 -12 -9 -10 -10 -10 -9 -11 -10 -10 -9 -9 -10 -9 -9 -9 -9 -8 -9 -9 -9 -9 -9 -9 -8 -8 -9 -6 -7 -7 -9 -7 -7 -6 -7 -5 -7 -6 -8 -5 -8 -5 -7 -5 -7 -6 -6 -5 -6 -5 -1 -1 -1 -1 -1 -1 -1 -1 -1 -1 -1 -1 -1 -1 -1 -1 -1 -1 0 0 0 0 30 11 29 10 32 13 30 15 31 14 25 13 29 17 26 13 32 16 29 19 30 21 29 19 32 21 29 21 24 17 27 20 28 17 26 21 23 16 23 18 21 18 25 17 21 18 23 18 24 22 23 16 33 5 23 17 23 16 22 13 21 12 22 15 24 11 21 12 23 10 24 10 21 8 23 8 22 10 23 8 22 7 22 3 20 5 23 4 19 4 20 2 20 3 20 1 20 0 22 3 21 2 20 2 19 2 22 -9 24 -13 23 -14 21 -18 -1 -1 ]
CSI_DATA,STA,08:3A:F2:51:5D:9D,-47,11,1,0,1,1,1,0,0,0,0,-94,0,6,1,31753969,0,110,0,0,31.963491,384,[110 96 6 0 0 0 0 0 0 0 0 0 -15 18 -14 17 -16 20 -19 19 -18 18 -17 14 -19 17 -17 15 -17 16 -19 15 -22 16 -22 16 -21 15 -21 13 -19 11 -21 16 -19 12 -20 11 -19 11 -18 11 -19 11 -19 12 -18 8 -20 11 -21 12 -18 12 0 0 -18 12 -16 13 -17 13 -15 13 -17 10 -15 12 -16 12 -14 11 -14 13 -10 13 -12 14 -13 11 -12 12 -10 13 -10 13 -10 14 -12 16 -8 14 -8 14 -6 14 -9 14 -8 13 -8 13 -7 14 -8 13 -6 13 0 0 0 0 0 0 0 0 0 0 -1 -1 -1 -1 17 -21 19 -22 14 -24 11 -22 17 -9 15 -9 16 -10 17 -8 15 -9 12 -8 14 -10 11 -10 13 -12 14 -11 14 -11 13 -11 14 -14 13 -12 11 -10 11 -13 9 -14 12 -13 7 -12 9 -12 10 -11 8 -13 10 -12 7 -14 11 -14 8 -14 1 -19 8 -14 8 -13 7 -12 6 -12 8 -12 7 -13 5 -12 5 -12 6 -12 5 -12 7 -12 6 -11 5 -11 5 -11 3 -11 4 -9 3 -10 3 -9 3 -9 4 -9 2 -9 1 -9 2 -8 3 -8 3 -8 3 -8 -1 -1 -1 -1 -1 -1 -1 -1 -1 -1 -1 -1 -1 -1 -1 -1 -1 -1 0 0 0 0 -4 34 -4 33 -5 36 -8 36 -7 35 -7 30 -10 35 -6 30 -7 39 -13 35 -14 37 -14 36 -13 39 -14 36 -13 30 -14 34 -10 34 -15 34 -10 28 -13 29 -13 26 -11 31 -14 27 -13 29 -18 32 -11 29 3 37 -12 29 -12 28 -8 27 -8 25 -11 27 -6 27 -8 26 -5 27 -3 28 -3 23 -4 26 -6 26 -3 27 -2 25 3 24 -1 23 1 25 0 22 3 21 1 22 5 22 5 21 1 23 2 22 2 21 2 21 17 20 22 21 22 20 25 16 -1 -1 ]
CSI_DATA,STA,08:3A:F2:51:5D:9D,-47,11,1,0,1,1,1,0,0,0,0,-94,0,6,1,31754405,0,110,0,0,31.974095,384,[110 96 6 0 0 0 0 0 0 0 0 0 -23 -6 -22 -5 -26 -6 -27 -9 -25 -8 -21 -9 -23 -10 -21 -10 -22 -10 -22 -12 -24 -13 -25 -12 -24 -13 -22 -14 -19 -13 -24 -13 -20 -12 -19 -13 -19 -12 -18 -12 -18 -13 -20 -13 -16 -13 -19 -14 -20 -14 -19 -11 0 0 -19 -12 -20 -9 -20 -10 -19 -8 -17 -11 -18 -9 -19 -10 -17 -8 -19 -8 -17 -4 -18 -5 -16 -6 -17 -6 -17 -4 -17 -4 -18 -2 -20 -4 -16 -1 -17 -2 -15 0 -16 -2 -16 -2 -17 -2 -17 0 -15 -2 -15 0 0 0 0 0 0 0 0 0 0 0 -1 -1 -1 -1 23 12 24 13 26 9 23 6 13 14 12 13 14 14 13 15 14 13 11 11 13 11 13 8 16 10 14 10 15 11 15 10 17 10 15 10 13 8 16 7 16 5 15 8 14 4 14 6 14 7 15 5 14 6 15 4 15 6 15 4 18 -2 15 4 15 5 14 3 14 3 14 5 14 2 13 2 13 2 13 2 12 1 12 3 13 3 12 3 12 2 11 0 10 1 11 1 10 1 9 0 9 0 8 -1 9 -1 8 0 8 1 8 0 8 0 -1 -1 -1 -1 -1 -1 -1 -1 -1 -1 -1 -1 -1 -1 -1 -1 -1 -1 0 0 0 0 -38 7 -36 8 -41 7 -41 4 -40 5 -34 2 -40 2 -34 3 -43 4 -40 -1 -43 -2 -42 -1 -46 -1 -44 -3 -36 -3 -40 -3 -40 0 -40 -5 -34 -2 -35 -4 -33 -5 -36 -1 -34 -6 -36 -4 -39 -7 -34 -2 -36 13 -34 -4 -34 -2 -31 0 -30 0 -33 -2 -31 3 -30 1 -31 3 -30 5 -27 4 -29 5 -29 3 -29 6 -28 6 -25 10 -24 7 -28 9 -23 8 -22 10 -23 8 -22 11 -21 11 -25 9 -23 10 -22 9 -22 9 -16 21 -17 27 -16 27 -11 29 -1 -1 ]
CSI_DATA,STA,08:3A:F2:51:5D:9D,-47,11,1,0,1,1,1,0,0,0,0,-94,0,6,1,31754866,0,110,0,0,31.984688,384,[110 96 6 0 0 0 0 0 0 0 0 0 -8 -23 -8 -22 -9 -25 -6 -28 -6 -26 -4 -23 -5 -25 -3 -23 -4 -24 -3 -25 -2 -28 -3 -27 -2 -27 -1 -26 1 -22 -2 -27 0 -24 1 -23 0 -23 0 -21 1 -22 0 -23 3 -20 1 -22 1 -24 -1 -22 0 0 0 -22 -3 -21 -2 -22 -3 -20 -1 -20 -2 -20 -2 -21 -3 -19 -3 -20 -6 -16 -6 -18 -4 -17 -4 -17 -6 -17 -6 -16 -8 -17 -7 -19 -8 -15 -8 -15 -8 -13 -7 -15 -8 -15 -8 -15 -9 -14 -7 -14 -8 -13 0 0 0 0 0 0 0 0 0 0 -1 -1 -1 -1 -2 26 -1 28 3 28 4 24 -8 19 -7 18 -6 20 -9 20 -6 18 -5 16 -4 18 -2 16 -2 19 -3 18 -4 20 -3 19 -2 20 -2 19 -1 16 0 18 2 18 -2 18 2 15 0 16 0 16 2 16 0 16 3 16 1 17 3 17 9 15 3 17 2 16 3 14 3 15 2 15 4 14 4 13 4 13 3 13 4 12 2 13 3 13 3 12 3 12 4 11 3 10 4 10 3 9 3 9 3 8 4 8 5 7 3 8 3 7 3 8 2 8 -1 -1 -1 -1 -1 -1 -1 -1 -1 -1 -1 -1 -1 -1 -1 -1 -1 -1 0 0 0 0 -26 -30 -26 -29 -27 -33 -27 -35 -24 -33 -21 -30 -23 -34 -21 -29 -26 -36 -21 -37 -22 -40 -21 -39 -23 -41 -20 -40 -18 -34 -18 -38 -21 -37 -16 -38 -17 -31 -15 -33 -14 -32 -18 -33 -13 -33 -15 -33 -14 -38 -17 -32 -27 -27 -16 -33 -16 -31 -17 -28 -16 -26 -16 -30 -19 -27 -17 -25 -20 -26 -20 -25 -18 -22 -21 -24 -18 -24 -21 -24 -21 -22 -23 -17 -20 -19 -23 -20 -20 -17 -21 -16 -19 -16 -22 -14 -22 -14 -21 -17 -22 -16 -20 -15 -20 -16 -27 -5 -32 -4 -32 -2 -32 3 -1 -1 ]
CSI_DATA,STA,08:3A:F2:51:5D:9D,-47,11,1,0,1,1,1,0,0,0,0,-94,0,6,1,31758604,0,110,0,0,31.995622,384,[110 96 6 0 0 0 0 0 0 0 0 0 -6 22 -6 22 -6 25 -10 26 -9 24 -10 20 -10 23 -10 21 -10 21 -12 21 -14 24 -13 24 -13 23 -14 21 -14 18 -13 23 -13 19 -14 18 -13 18 -12 17 -14 17 -14 18 -14 14 -14 18 -15 19 -12 18 0 0 -13 18 -10 18 -11 19 -9 18 -11 16 -10 17 -11 17 -9 16 -9 17 -5 16 -6 17 -7 15 -6 16 -5 16 -5 16 -4 17 -5 19 -3 16 -3 16 -1 15 -3 16 -3 15 -3 15 -1 16 -3 14 -1 14 0 0 0 0 0 0 0 0 0 0 -1 -1 -1 -1 19 -19 20 -20 16 -24 15 -20 18 -11 17 -11 17 -13 19 -12 16 -12 14 -10 15 -12 12 -13 15 -15 14 -13 15 -14 14 -15 14 -17 13 -15 12 -13 12 -16 11 -18 13 -14 8 -15 10 -14 10 -14 10 -15 10 -14 7 -17 11 -16 8 -17 3 -18 9 -17 9 -15 7 -15 7 -15 9 -14 7 -15 5 -14 6 -14 7 -14 5 -14 6 -14 5 -13 5 -13 5 -13 4 -12 4 -12 3 -12 4 -11 3 -11 4 -11 2 -11 2 -10 3 -9 2 -10 3 -9 3 -9 -1 -1 -1 -1 -1 -1 -1 -1 -1 -1 -1 -1 -1 -1 -1 -1 -1 -1 0 0 0 0 3 40 4 39 2 43 -1 45 -1 41 -2 37 -4 42 -1 37 -3 46 -6 41 -7 46 -6 44 -7 47 -8 44 -8 38 -9 41 -7 44 -12 40 -7 36 -10 35 -10 34 -9 38 -11 34 -9 36 -13 39 -6 35 5 37 -9 36 -9 34 -6 34 -5 31 -8 34 -4 33 -4 31 -3 33 -1 33 0 27 1 31 -1 30 2 31 2 30 6 27 4 27 4 30 4 26 6 25 4 25 8 26 7 25 5 26 7 24 6 24 5 24 14 22 22 24 22 23 22 20 -1 -1 ]
CSI_DATA,STA,08:3A:F2:51:5D:9D,-43,11,0,0,0,0,0,0,0,0,0,-94,0,6,1,31761301,0,110,0,0,32.6063,128,[110 96 6 0 0 0 0 0 0 0 0 0 -23 5 -23 4 -24 4 -26 5 -24 3 -23 2 -24 1 -23 0 -24 0 -24 0 -25 2 -26 1 -24 1 -24 1 -22 -1 -25 0 -22 -1 -21 -2 -21 -1 -21 -1 -20 -2 -21 -2 -18 -1 -20 1 -21 1 -20 1 0 0 -19 1 -20 2 -19 2 -19 2 -17 2 -18 2 -18 3 -17 2 -17 3 -17 3 -17 5 -15 4 -15 5 -16 4 -15 4 -16 5 -16 5 -15 5 -14 5 -14 5 -14 5 -14 5 -13 6 -13 7 -13 7 -12 6 0 0 0 0 0 0 0 0 0 0 ]
CSI_DATA,STA,08:3A:F2:51:5D:9D,-47,11,1,0,1,1,1,0,0,0,0,-94,0,6,1,31772014,0,110,0,0,32.9826,384,[110 96 6 0 0 0 0 0 0 0 0 0 -1 21 -1 19 -1 23 -4 24 -3 23 -5 19 -5 22 -5 20 -4 21 -7 21 -8 23 -7 23 -8 22 -9 21 -8 17 -8 23 -7 19 -9 18 -8 18 -7 17 -8 17 -8 19 -10 15 -9 18 -10 19 -7 18 0 0 -7 18 -5 18 -6 18 -4 17 -7 15 -5 17 -6 17 -4 16 -4 17 -2 15 -2 16 -4 14 -3 15 -1 14 -1 15 0 15 -1 17 1 13 1 14 2 13 1 14 1 14 1 14 2 14 0 13 2 12 0 0 0 0 0 0 0 0 0 0 -1 -1 -1 -1 5 -24 5 -25 1 -26 0 -22 10 -15 9 -14 8 -16 10 -15 8 -14 6 -13 7 -15 5 -13 5 -16 6 -15 6 -16 5 -15 5 -18 4 -16 4 -14 2 -15 0 -16 3 -15 -1 -13 2 -14 3 -13 0 -14 2 -14 -1 -15 2 -15 0 -15 -7 -15 0 -15 0 -14 -1 -12 -1 -13 0 -13 -2 -13 -2 -11 -2 -12 -1 -12 -1 -11 -1 -12 -1 -12 -2 -11 -2 -11 -3 -10 -2 -9 -3 -9 -2 -9 -2 -9 -1 -9 -3 -8 -4 -8 -2 -7 -2 -7 -2 -7 -2 -8 -1 -1 -1 -1 -1 -1 -1 -1 -1 -1 -1 -1 -1 -1 -1 -1 -1 -1 0 0 0 0 13 31 13 29 14 33 11 33 11 33 9 29 9 34 9 29 13 37 5 35 6 38 6 36 7 39 6 38 5 32 5 35 9 34 4 35 5 28 3 30 1 29 6 31 0 30 3 30 1 35 5 29 19 29 3 30 4 29 6 26 6 25 5 27 9 26 6 25 9 25 10 25 7 22 9 23 8 24 11 23 11 22 14 18 11 18 13 20 11 18 13 16 11 17 14 16 14 15 12 19 13 17 12 16 12 16 21 9 26 8 26 7 26 1 -1 -1 ]
CSI_DATA,STA,08:3A:F2:51:5D:9D,-49,11,1,0,1,1,1,0,0,0,0,-93,0,6,1,31868036,0,110,0,0,32.34595,384,[110 96 6 0 0 0 0 0 0 0 0 0 9 21 9 20 11 23 9 26 8 23 5 21 6 23 5 22 6 22 5 23 5 26 5 26 5 25 3 25 1 21 5 26 3 22 1 22 2 21 2 20 1 21 2 22 -1 19 2 22 2 23 3 20 0 0 3 21 5 20 5 21 6 18 2 18 5 18 4 19 4 17 6 18 7 14 8 16 5 15 6 15 8 13 7 14 9 13 9 16 8 12 9 12 9 10 8 12 8 11 9 12 10 10 7 11 8 9 0 0 0 0 0 0 0 0 0 0 -1 -1 -1 -1 2 -25 1 -25 -3 -25 -3 -22 5 -20 3 -19 2 -20 4 -21 2 -18 2 -16 1 -19 0 -16 -1 -20 0 -18 0 -19 -2 -18 -2 -20 -3 -18 -2 -16 -4 -17 -6 -17 -3 -18 -6 -14 -4 -16 -3 -16 -5 -16 -3 -16 -7 -15 -5 -17 -7 -16 -11 -14 -7 -16 -6 -15 -7 -14 -7 -14 -5 -14 -7 -14 -7 -13 -6 -12 -5 -13 -6 -12 -5 -12 -5 -12 -5 -11 -5 -11 -5 -10 -5 -9 -6 -9 -4 -8 -4 -8 -3 -8 -5 -7 -5 -6 -4 -6 -4 -5 -4 -5 -3 -5 0 0 -1 -1 -1 -1 -1 -1 -1 -1 -1 -1 -1 -1 -1 -1 0 0 0 0 -1 -1 26 31 26 29 28 33 26 35 25 34 21 30 23 37 21 31 26 38 19 38 22 40 21 39 22 41 21 41 16 35 19 37 22 37 16 39 18 31 15 34 12 33 18 34 12 33 16 33 14 39 17 32 25 26 16 33 16 30 18 28 17 25 16 30 19 27 17 27 19 26 20 25 17 21 20 22 18 23 22 22 21 21 22 15 20 17 22 18 19 15 21 14 19 15 22 13 22 12 20 15 20 13 20 13 19 13 23 5 28 3 28 2 27 -2 -1 -1 ]
CSI_DATA,STA,08:3A:F2:51:5D:9D,-49,11,1,0,1,1,1,0,0,0,0,-93,0,6,1,31868511,0,110,0,0,32.45283,384,[110 96 6 0 0 0 0 0 0 0 0 0 -17 13 -16 12 -19 15 -22 13 -20 12 -18 9 -20 11 -19 9 -19 10 -21 9 -23 10 -23 10 -22 9 -22 8 -20 6 -23 10 -20 8 -20 6 -19 7 -18 6 -19 6 -20 7 -18 4 -20 6 -21 7 -19 7 0 0 -19 7 -17 9 -18 9 -16 9 -17 6 -16 8 -17 8 -15 8 -16 9 -13 10 -13 10 -13 8 -13 9 -12 10 -12 10 -11 11 -13 12 -9 10 -10 10 -8 10 -10 10 -9 10 -10 10 -9 11 -10 9 -7 10 0 0 0 0 0 0 0 0 0 0 -1 -1 -1 -1 22 -6 22 -6 21 -10 17 -9 18 -1 16 -2 17 -3 17 -1 16 -3 14 -3 15 -4 13 -5 15 -6 15 -4 16 -5 14 -6 16 -7 15 -7 13 -5 13 -8 12 -10 13 -7 10 -9 12 -7 12 -6 11 -9 12 -7 10 -10 13 -8 11 -10 8 -13 11 -10 11 -9 10 -9 9 -9 10 -8 9 -10 8 -9 8 -8 8 -8 7 -8 8 -7 8 -7 8 -7 7 -7 6 -7 5 -6 5 -7 5 -5 4 -6 4 -5 4 -6 3 -6 3 -5 3 -5 2 -4 2 -5 0 0 -1 -1 -1 -1 -1 -1 -1 -1 -1 -1 -1 -1 -1 -1 0 0 0 0 -1 -1 -21 30 -20 30 -23 33 -25 32 -23 30 -22 26 -27 29 -22 25 -26 33 -29 26 -30 29 -30 28 -31 30 -31 29 -27 23 -28 27 -27 29 -29 24 -23 23 -26 22 -26 19 -26 25 -27 19 -26 22 -31 22 -24 23 -17 30 -26 23 -23 23 -20 23 -19 22 -23 22 -19 24 -20 22 -19 23 -17 24 -16 21 -15 23 -17 22 -14 24 -14 23 -8 24 -10 21 -12 25 -9 21 -8 21 -9 21 -7 22 -6 22 -10 22 -8 21 -7 21 -7 20 2 22 5 26 5 26 9 24 -1 -1 ]
CSI_DATA,STA,08:3A:F2:51:5D:9D,-49,11,1,0,1,1,1,0,0,0,0,-93,0,6,1,31877016,0,110,0,0,32.55762,384,[110 96 6 0 0 0 0 0 0 0 0 0 1 21 1 20 2 23 -1 25 0 23 -2 20 -2 22 -2 20 -1 21 -4 22 -5 24 -4 25 -5 23 -6 23 -6 19 -4 24 -4 20 -6 20 -4 19 -4 18 -5 19 -4 20 -7 17 -5 19 -6 21 -4 19 0 0 -3 19 -1 19 -2 20 0 18 -3 17 -1 18 -2 19 -1 16 0 18 2 15 2 17 0 15 1 16 3 15 3 15 4 15 4 17 5 13 5 13 5 11 4 13 5 13 4 14 6 13 3 12 5 11 0 0 0 0 0 0 0 0 0 0 -1 -1 -1 -1 -2 -23 -1 -25 -5 -24 -6 -21 5 -17 4 -16 3 -18 5 -17 3 -16 3 -13 2 -16 0 -13 0 -16 0 -17 1 -16 1 -16 -1 -18 0 -16 0 -14 -3 -15 -5 -15 -2 -16 -5 -12 -3 -14 -2 -13 -5 -13 -2 -15 -5 -14 -3 -16 -4 -15 -10 -12 -5 -14 -5 -14 -5 -12 -5 -12 -4 -13 -6 -13 -5 -11 -5 -11 -5 -11 -4 -10 -3 -11 -4 -11 -3 -10 -3 -10 -4 -9 -3 -8 -5 -8 -3 -7 -3 -7 -2 -6 -3 -6 -4 -6 -3 -5 -2 -6 -2 -4 -2 -5 -1 -1 -1 -1 -1 -1 -1 -1 -1 -1 -1 -1 -1 -1 -1 -1 -1 -1 0 0 0 0 16 29 16 27 19 31 16 31 17 31 13 27 14 33 13 26 19 34 12 35 12 37 12 36 14 38 12 37 9 29 13 34 14 31 11 34 11 26 9 29 7 28 12 29 7 30 9 29 7 35 11 28 24 25 9 28 11 28 12 24 12 23 10 26 15 24 12 23 14 23 16 22 13 21 15 21 13 22 16 20 15 19 18 14 14 15 18 17 14 15 17 12 15 14 17 12 18 11 17 15 17 14 15 13 15 13 24 4 28 1 26 1 27 -6 -1 -1 ]
CSI_DATA,STA,08:3A:F2:51:5D:9D,-49,11,1,0,1,1,1,0,0,0,0,-93,0,6,1,32040158,0,110,0,0,32.207392,384,[110 96 6 0 0 0 0 0 0 0 0 0 13 13 13 13 15 14 14 17 14 16 11 14 12 16 11 15 12 15 10 17 11 19 12 19 11 18 10 18 8 16 12 19 9 17 8 17 8 16 9 15 8 16 9 17 5 16 8 17 9 19 9 16 0 0 9 16 11 15 11 16 11 14 8 15 10 14 10 15 10 13 11 14 11 11 12 12 9 12 11 12 11 10 11 11 12 10 14 12 12 8 13 8 12 7 12 9 12 8 12 9 13 8 11 9 11 7 0 0 0 0 0 0 0 0 0 0 -1 -1 -1 -1 -13 -24 -14 -25 -16 -22 -17 -18 -3 -21 -3 -18 -5 -21 -2 -20 -4 -19 -3 -16 -5 -18 -5 -15 -7 -18 -6 -18 -5 -19 -6 -18 -7 -19 -7 -18 -6 -15 -9 -16 -10 -15 -8 -17 -9 -12 -9 -15 -7 -15 -11 -14 -8 -16 -11 -14 -9 -18 -11 -16 -17 -11 -11 -15 -11 -15 -10 -13 -11 -14 -9 -15 -12 -14 -11 -13 -11 -13 -10 -14 -10 -14 -8 -16 -8 -16 -8 -15 -8 -14 -9 -13 -6 -13 -9 -13 -5 -12 -7 -12 -5 -12 -6 -12 -6 -12 -4 -12 -2 -12 -2 -11 -1 -11 -1 -1 -1 -1 -1 -1 -1 -1 -1 -1 -1 -1 -1 -1 -1 -1 -1 -1 0 0 0 0 29 9 27 8 32 9 29 12 31 11 25 11 29 14 26 10 34 11 29 17 31 19 30 18 33 19 31 18 24 15 30 17 28 14 29 18 23 12 25 15 22 15 27 14 23 17 25 17 27 22 25 16 33 6 25 16 26 14 24 11 24 11 24 13 26 9 24 11 25 9 26 7 23 9 26 9 25 11 26 8 25 7 25 1 22 5 26 3 21 4 23 1 23 3 23 0 23 -1 25 4 24 3 22 3 22 3 25 -10 28 -13 25 -13 22 -19 -1 -1 ]
CSI_DATA,STA,08:3A:F2:51:5D:9D,-45,11,1,0,0,1,1,0,0,0,0,-93,0,6,1,32042585,0,110,0,0,32.218464,256,[110 96 6 0 0 0 0 0 0 0 0 0 11 21 10 21 11 23 11 24 10 23 8 21 8 23 7 22 8 23 7 23 8 24 7 25 7 23 6 23 5 22 8 25 4 22 5 22 5 21 5 21 5 20 6 22 4 20 6 20 7 22 7 20 0 0 7 19 8 20 8 19 8 19 7 17 8 18 9 18 8 17 10 17 8 17 10 17 8 16 9 16 9 16 9 15 10 15 11 16 10 15 11 14 10 14 11 13 11 14 11 13 11 13 10 13 10 12 0 0 0 0 0 0 0 0 0 0 -1 -1 -1 -1 -1 -1 -1 -1 42 21 34 22 29 31 29 28 31 30 31 31 31 31 25 32 30 32 24 33 30 35 26 37 27 37 26 39 24 35 24 36 22 34 29 36 20 31 21 35 22 32 22 34 22 33 22 33 21 33 20 32 22 34 21 31 -1 -1 23 27 23 28 22 26 27 28 20 24 26 25 25 24 23 23 26 22 28 26 27 24 25 23 25 21 24 21 27 21 25 20 28 20 24 18 27 17 26 17 29 17 27 17 27 17 28 17 25 16 25 15 29 6 29 6 -1 -1 -1 -1 -1 -1 ]
CSI_DATA,STA,08:3A:F2:51:5D:9D,-45,11,1,0,0,1,1,0,0,0,0,-93,0,6,1,32043228,0,110,0,0,32.225208,256,[110 96 6 0 0 0 0 0 0 0 0 0 -20 -10 -20 -10 -21 -11 -21 -11 -21 -12 -18 -12 -19 -12 -18 -12 -19 -13 -18 -13 -20 -13 -20 -14 -19 -13 -18 -13 -16 -13 -20 -14 -16 -14 -16 -14 -16 -13 -16 -13 -15 -12 -16 -13 -14 -12 -16 -12 -18 -12 -17 -11 0 0 -17 -10 -18 -11 -17 -10 -17 -10 -15 -9 -17 -9 -17 -9 -16 -8 -17 -8 -16 -8 -17 -8 -15 -7 -16 -7 -16 -7 -16 -7 -16 -7 -18 -6 -16 -6 -16 -6 -16 -5 -15 -5 -16 -5 -16 -4 -16 -4 -15 -4 -15 -4 0 0 0 0 0 0 0 0 0 0 -1 -1 -1 -1 -1 -1 -1 -1 -45 0 -39 -3 -39 -10 -38 -8 -40 -10 -41 -10 -41 -12 -37 -14 -39 -11 -37 -14 -41 -14 -39 -16 -40 -17 -40 -18 -38 -17 -38 -17 -36 -17 -41 -15 -33 -17 -34 -18 -33 -16 -35 -17 -35 -16 -34 -15 -34 -16 -32 -15 -34 -15 -32 -14 -1 -1 -33 -11 -33 -11 -31 -11 -36 -10 -29 -9 -33 -8 -32 -7 -31 -8 -33 -7 -36 -7 -34 -6 -31 -6 -31 -6 -30 -6 -32 -5 -30 -5 -33 -3 -29 -3 -31 -2 -29 -2 -31 0 -31 -2 -30 -1 -31 -1 -29 -1 -29 0 -25 6 -26 5 -1 -1 -1 -1 -1 -1 ]
CSI_DATA,STA,08:3A:F2:51:5D:9D,-49,11,1,0,1,1,1,0,0,0,0,-93,0,6,1,32048861,0,110,0,0,32.233302,384,[110 96 6 0 0 0 0 0 0 0 0 0 16 6 15 5 18 6 18 9 17 8 14 8 16 9 14 9 15 8 15 10 17 12 17 11 16 11 15 12 12 11 17 12 14 11 12 11 13 11 12 10 12 11 13 12 10 11 13 11 14 13 13 10 0 0 13 11 14 9 14 10 13 8 12 10 13 9 13 10 12 8 13 8 13 5 14 6 12 7 13 7 13 5 13 5 14 4 15 6 13 3 13 4 12 2 13 5 13 4 13 4 14 3 12 4 12 2 0 0 0 0 0 0 0 0 0 0 -1 -1 -1 -1 -19 -17 -19 -17 -22 -14 -20 -11 -8 -16 -8 -15 -9 -17 -8 -17 -9 -15 -7 -13 -9 -14 -9 -11 -11 -13 -11 -14 -10 -15 -10 -13 -13 -14 -12 -13 -10 -12 -11 -11 -13 -10 -11 -13 -12 -8 -11 -11 -10 -11 -12 -9 -11 -11 -13 -10 -13 -13 -13 -10 -18 -4 -13 -10 -13 -11 -12 -9 -13 -9 -12 -11 -13 -10 -12 -9 -12 -9 -11 -9 -12 -9 -11 -11 -11 -11 -11 -11 -10 -11 -11 -9 -9 -9 -11 -10 -8 -9 -8 -9 -6 -9 -8 -9 -7 -9 -6 -9 -5 -10 -4 -9 -3 -9 -1 -1 -1 -1 -1 -1 -1 -1 -1 -1 -1 -1 -1 -1 -1 -1 -1 -1 0 0 0 0 27 -3 26 -4 29 -4 29 -1 28 -3 24 -1 29 0 24 -1 31 -2 30 2 32 2 30 2 33 2 31 3 26 3 29 4 29 1 29 5 24 2 26 4 24 4 27 2 25 5 26 4 30 8 26 2 29 -10 26 4 26 3 24 1 23 1 25 3 25 -1 23 0 24 -1 24 -2 21 -1 24 -2 24 -1 24 -3 23 -3 21 -7 20 -4 23 -5 19 -4 19 -6 19 -5 19 -7 19 -8 21 -5 21 -5 19 -5 19 -5 17 -16 19 -21 17 -22 14 -24 -1 -1 ]
CSI_DATA,STA,08:3A:F2:51:5D:9D,-49,11,1,0,1,1,1,0,0,0,0,-93,0,6,1,32049178,0,110,0,0,32.243665,384,[110 96 6 0 0 0 0 0 0 0 0 0 11 15 12 15 13 17 12 20 11 17 8 17 10 19 8 17 9 18 8 18 9 21 9 21 8 20 7 21 5 18 9 21 6 19 5 19 6 19 5 17 5 18 6 19 2 17 5 19 6 21 6 18 0 0 6 18 8 17 8 18 8 16 5 17 7 17 7 17 6 15 8 16 8 13 10 14 7 14 8 14 9 13 9 13 11 13 11 16 10 12 10 12 10 9 9 13 10 12 10 12 11 11 9 12 9 10 0 0 0 0 0 0 0 0 0 0 -1 -1 -1 -1 5 -26 5 -29 0 -29 1 -25 8 -22 7 -21 6 -23 8 -22 5 -21 5 -18 4 -21 3 -18 3 -23 3 -21 4 -22 2 -22 2 -23 2 -21 2 -19 0 -21 -2 -22 2 -21 -3 -18 0 -19 1 -19 -2 -19 1 -20 -4 -20 0 -22 -2 -21 -7 -19 -2 -21 -2 -21 -3 -20 -3 -20 0 -20 -3 -20 -3 -19 -3 -19 -1 -20 -2 -19 0 -20 0 -19 0 -19 0 -19 -1 -18 1 -17 0 -18 2 -15 1 -15 3 -15 2 -15 1 -14 4 -13 4 -13 4 -11 5 -11 0 0 0 0 -1 -1 -1 -1 -1 -1 -1 -1 -1 -1 0 0 0 0 0 0 -1 -1 27 23 27 21 29 24 28 27 27 25 22 22 26 27 22 23 28 29 23 30 25 32 25 31 26 33 24 33 19 28 23 31 24 30 21 33 20 26 18 29 16 27 21 29 16 29 18 29 18 34 20 27 25 23 19 29 19 28 20 25 19 23 18 28 21 24 20 23 21 23 23 23 20 20 23 21 20 22 23 21 22 19 24 15 21 16 25 19 21 15 22 14 21 15 24 13 24 13 23 17 23 14 22 14 20 14 26 9 31 6 31 5 32 2 -1 -1 ]
CSI_DATA,STA,08:3A:F2:51:5D:9D,-49,11,1,0,1,1,1,0,0,0,0,-93,0,6,1,32049596,0,110,0,0,32.253642,384,[110 96 6 0 0 0 0 0 0 0 0 0 -14 10 -13 10 -16 12 -18 11 -17 10 -15 7 -17 9 -16 8 -17 8 -17 7 -19 8 -19 9 -19 8 -19 7 -17 5 -20 8 -18 6 -17 5 -17 5 -16 5 -17 4 -18 5 -16 3 -18 5 -19 5 -17 6 0 0 -17 5 -16 7 -17 7 -15 7 -16 4 -16 6 -16 6 -15 6 -16 7 -12 9 -13 9 -13 6 -13 7 -12 8 -12 8 -12 9 -15 10 -11 9 -12 9 -9 9 -12 8 -11 8 -12 9 -10 10 -11 8 -10 9 0 0 0 0 0 0 0 0 0 0 -1 -1 -1 -1 24 -1 25 -2 24 -6 20 -6 18 3 16 3 18 2 18 5 17 2 14 2 16 1 14 -1 17 -1 17 0 17 0 17 0 19 -1 17 0 15 0 16 -3 16 -5 16 -2 13 -4 15 -3 15 -1 15 -4 15 -2 15 -5 17 -3 16 -5 14 -10 16 -5 16 -3 14 -4 15 -5 16 -3 15 -5 14 -5 14 -4 15 -4 14 -5 15 -2 15 -2 15 -2 14 -2 13 -3 13 -2 13 -2 12 -1 12 -2 11 0 11 -1 11 0 10 1 9 3 9 2 9 3 -1 -1 -1 -1 -1 -1 -1 -1 -1 -1 -1 -1 -1 -1 -1 -1 -1 -1 0 0 0 0 -16 25 -14 24 -18 27 -20 26 -18 25 -17 21 -20 24 -16 22 -21 27 -22 23 -24 25 -24 24 -26 25 -26 24 -22 20 -24 22 -23 23 -25 21 -19 18 -22 19 -21 16 -21 21 -23 17 -23 19 -27 19 -20 20 -14 26 -22 19 -21 19 -19 19 -18 19 -21 19 -18 20 -18 18 -17 21 -17 22 -14 20 -15 21 -17 19 -15 21 -15 21 -10 22 -12 19 -13 23 -11 19 -10 20 -10 19 -8 21 -9 20 -12 20 -11 20 -10 19 -10 19 -1 23 1 28 2 27 6 26 -1 -1 ]
CSI_DATA,STA,08:3A:F2:51:5D:9D,-49,11,1,0,1,1,1,0,0,0,0,-93,0,6,1,32049995,0,110,0,0,32.264059,384,[110 96 6 0 0 0 0 0 0 0 0 0 -19 -9 -18 -8 -20 -10 -21 -13 -19 -12 -16 -12 -18 -12 -16 -12 -17 -12 -17 -13 -19 -15 -19 -15 -18 -15 -17 -16 -14 -15 -18 -16 -15 -15 -14 -15 -14 -15 -14 -14 -14 -15 -15 -15 -11 -15 -14 -16 -16 -17 -15 -14 0 0 -15 -14 -16 -13 -16 -13 -15 -12 -13 -14 -15 -13 -15 -13 -14 -12 -15 -12 -15 -7 -16 -9 -14 -10 -14 -10 -15 -8 -14 -9 -16 -7 -18 -10 -15 -6 -15 -7 -14 -4 -15 -7 -15 -7 -15 -7 -16 -6 -14 -7 -14 -6 0 0 0 0 0 0 0 0 0 0 -1 -1 -1 -1 15 23 15 22 20 21 16 16 5 19 5 18 7 20 4 21 5 18 4 15 6 17 7 13 9 17 7 16 8 17 8 16 10 18 9 16 7 14 10 15 12 13 8 15 10 11 9 13 8 14 11 13 9 14 12 12 11 16 12 13 16 8 12 13 11 14 11 12 11 12 10 14 12 13 10 12 11 13 10 12 10 12 9 13 9 13 9 14 8 13 9 11 6 11 8 12 6 12 6 11 4 11 5 10 4 11 2 10 2 11 1 10 1 10 -1 -1 -1 -1 -1 -1 -1 -1 -1 -1 -1 -1 -1 -1 -1 -1 -1 -1 0 0 0 0 -34 -3 -33 -1 -36 -3 -37 -6 -34 -5 -30 -6 -35 -7 -30 -5 -37 -6 -34 -9 -38 -10 -36 -10 -39 -11 -38 -12 -32 -10 -34 -12 -36 -9 -33 -13 -30 -9 -30 -12 -28 -12 -33 -10 -29 -13 -31 -11 -34 -16 -31 -10 -35 2 -31 -12 -31 -11 -30 -8 -28 -8 -31 -11 -30 -6 -28 -7 -31 -6 -30 -5 -26 -2 -29 -3 -28 -5 -30 -4 -29 -3 -26 2 -26 -1 -29 -1 -26 0 -25 1 -25 0 -26 3 -25 2 -26 -1 -26 0 -24 0 -26 0 -24 11 -27 17 -27 18 -23 20 -1 -1 ]
CSI_DATA,STA,08:3A:F2:51:5D:9D,-49,11,1,0,1,1,1,0,0,0,0,-93,0,6,1,32050386,0,110,0,0,32.275036,384,[110 96 6 0 0 0 0 0 0 0 0 0 1 -18 1 -17 1 -20 4 -21 3 -19 4 -16 4 -19 5 -17 4 -18 6 -18 7 -20 6 -20 7 -19 7 -18 7 -16 7 -20 7 -17 8 -16 7 -16 7 -15 7 -15 7 -17 9 -14 8 -16 9 -17 7 -17 0 0 7 -17 5 -17 6 -17 5 -16 7 -15 5 -16 6 -16 4 -15 5 -16 1 -14 2 -16 4 -14 4 -15 2 -15 2 -15 1 -15 2 -17 0 -14 0 -15 -1 -13 1 -15 1 -15 0 -15 0 -15 1 -14 0 -13 0 0 0 0 0 0 0 0 0 0 -1 -1 -1 -1 -10 22 -11 22 -7 24 -6 20 -13 11 -12 10 -13 12 -14 11 -12 10 -10 9 -11 10 -8 10 -10 13 -10 11 -11 12 -10 12 -10 14 -10 13 -8 11 -8 12 -7 14 -9 12 -5 11 -7 11 -8 11 -6 13 -7 12 -5 13 -8 13 -6 13 1 17 -7 14 -7 13 -5 12 -6 12 -7 12 -6 13 -5 12 -5 12 -7 12 -5 12 -8 12 -7 12 -7 11 -8 11 -6 11 -7 9 -7 10 -7 9 -6 9 -7 7 -6 8 -7 7 -7 6 -8 6 -8 5 -8 4 -1 -1 -1 -1 -1 -1 -1 -1 -1 -1 -1 -1 -1 -1 -1 -1 -1 -1 0 0 0 0 -11 -26 -11 -25 -11 -30 -10 -30 -9 -29 -7 -25 -7 -29 -9 -24 -10 -32 -5 -29 -5 -32 -6 -32 -6 -34 -6 -33 -4 -27 -3 -31 -6 -31 -2 -30 -4 -26 -3 -27 -2 -25 -5 -28 -2 -26 -3 -27 -1 -31 -4 -27 -16 -27 -3 -28 -3 -27 -5 -25 -5 -23 -4 -26 -7 -25 -5 -24 -8 -25 -8 -25 -7 -20 -8 -23 -6 -23 -8 -24 -9 -23 -12 -20 -9 -20 -11 -22 -9 -19 -11 -18 -9 -19 -12 -18 -12 -18 -10 -20 -11 -19 -10 -18 -10 -19 -19 -13 -26 -14 -26 -13 -26 -8 -1 -1 ]
CSI_DATA,STA,08:3A:F2:51:5D:9D,-49,11,1,0,1,1,1,0,0,0,0,-93,0,6,1,32050771,0,110,0,0,32.285725,384,[110 96 6 0 0 0 0 0 0 0 0 0 15 -9 15 -8 16 -10 19 -8 17 -8 16 -6 17 -7 16 -6 16 -7 17 -5 20 -5 19 -6 19 -6 19 -4 17 -3 20 -6 18 -4 17 -2 17 -3 15 -3 16 -3 17 -3 15 -1 17 -2 19 -2 17 -4 0 0 17 -4 16 -5 17 -5 15 -5 16 -2 16 -5 17 -4 14 -4 15 -5 12 -7 14 -7 13 -5 14 -5 13 -7 13 -6 13 -8 15 -8 11 -8 12 -8 10 -8 12 -7 12 -8 12 -7 12 -9 11 -7 10 -8 0 0 0 0 0 0 0 0 0 0 -1 -1 -1 -1 -25 0 -26 0 -25 4 -22 4 -17 -7 -17 -6 -18 -6 -19 -7 -17 -5 -14 -4 -17 -4 -14 -2 -17 -3 -17 -3 -18 -4 -17 -2 -19 -2 -17 -2 -15 -2 -17 -1 -17 2 -17 -3 -15 1 -15 -1 -15 -1 -16 1 -15 0 -16 2 -18 0 -17 2 -16 10 -17 2 -17 0 -16 1 -15 1 -16 0 -16 1 -15 2 -15 1 -15 1 -15 1 -16 -1 -15 -1 -15 -1 -15 -1 -14 0 -13 -1 -15 -1 -13 -2 -12 -2 -11 -3 -12 -2 -11 -2 -10 -4 -10 -4 -9 -4 -9 -5 -1 -1 -1 -1 -1 -1 -1 -1 -1 -1 -1 -1 -1 -1 -1 -1 -1 -1 0 0 0 0 17 -23 16 -24 18 -25 20 -24 18 -24 17 -20 20 -23 16 -20 20 -25 22 -21 24 -23 23 -23 24 -24 24 -22 21 -19 24 -20 22 -22 25 -18 20 -18 21 -17 20 -16 21 -19 21 -15 21 -17 26 -17 21 -19 13 -28 22 -18 21 -17 19 -18 17 -16 21 -17 18 -19 18 -18 17 -19 16 -20 14 -17 15 -20 16 -18 15 -20 15 -20 10 -21 12 -19 14 -21 11 -19 10 -19 11 -18 9 -20 9 -20 12 -20 10 -20 10 -18 11 -19 1 -24 0 -29 -2 -29 -5 -27 -1 -1 ]
CSI_DATA,STA,08:3A:F2:51:5D:9D,-45,11,0,0,0,0,0,0,0,0,0,-93,0,6,1,32055409,0,110,0,0,32.296504,128,[110 96 6 0 0 0 0 0 0 0 0 0 21 5 20 6 22 6 23 6 21 7 20 8 20 8 19 9 20 9 19 9 21 9 22 10 20 9 20 9 18 10 21 10 18 10 17 10 17 10 17 10 16 9 18 10 15 9 17 8 19 8 18 8 0 0 17 7 18 7 18 7 17 6 16 6 17 6 17 6 16 5 17 5 16 5 18 4 15 4 16 3 17 4 16 4 17 4 17 3 16 3 16 3 16 3 15 3 16 2 16 2 16 1 15 1 15 1 0 0 0 0 0 0 0 0 0 0 ]
CSI_DATA,STA,08:3A:F2:51:5D:9D,-45,11,0,0,0,0,0,0,0,0,0,-93,0,6,1,32067267,0,110,0,0,32.299968,128,[110 96 6 0 0 0 0 0 0 0 0 0 -24 0 -24 0 -26 0 -27 -1 -25 -1 -24 -2 -25 -2 -23 -3 -25 -3 -24 -4 -26 -4 -27 -5 -25 -4 -25 -4 -23 -5 -26 -4 -23 -5 -22 -6 -22 -5 -22 -4 -21 -4 -23 -5 -20 -5 -22 -4 -23 -3 -22 -3 0 0 -22 -2 -22 -2 -22 -1 -21 -1 -20 -1 -21 0 -21 0 -19 0 -20 2 -20 0 -21 1 -19 1 -19 1 -20 1 -19 1 -19 2 -20 3 -19 3 -18 3 -18 3 -18 4 -18 4 -18 4 -18 4 -17 3 -17 4 0 0 0 0 0 0 0 0 0 0 ]
CSI_DATA,STA,08:3A:F2:51:5D:9D,-49,11,1,0,1,1,1,0,0,0,0,-93,0,6,1,32134318,0,110,0,0,32.304158,384,[110 96 6 0 0 0 0 0 0 0 0 0 19 -2 18 -3 21 -4 23 -1 21 -1 18 0 20 0 18 0 20 0 20 2 22 3 22 2 22 3 21 4 18 4 22 2 19 3 19 4 18 3 17 3 18 3 19 3 16 5 19 4 21 5 18 2 0 0 19 2 19 1 19 1 18 0 17 3 18 0 19 1 17 0 18 -1 16 -4 17 -3 16 0 16 -1 15 -3 16 -3 16 -5 19 -3 14 -5 15 -5 13 -6 15 -4 15 -5 16 -4 15 -6 15 -3 13 -5 0 0 0 0 0 0 0 0 0 0 -1 -1 -1 -1 -28 -10 -28 -10 -28 -6 -26 -3 -18 -14 -17 -13 -20 -13 -18 -15 -18 -12 -15 -10 -18 -10 -16 -8 -20 -9 -19 -10 -19 -11 -19 -9 -21 -10 -19 -9 -17 -8 -19 -6 -20 -4 -20 -7 -17 -3 -19 -5 -18 -7 -19 -3 -19 -7 -20 -3 -21 -7 -20 -3 -21 4 -21 -4 -21 -4 -19 -3 -19 -2 -19 -5 -21 -3 -19 -2 -19 -4 -18 -3 -19 -3 -19 -5 -19 -6 -19 -6 -18 -6 -18 -2 -15 -4 -18 -4 -14 -5 -15 -4 -14 -6 -14 -5 -14 -6 -13 -7 -11 -8 -10 -8 -10 -8 0 0 -1 -1 -1 -1 -1 -1 -1 -1 -1 -1 -1 -1 -1 -1 0 0 0 0 -1 -1 27 -16 26 -16 30 -19 30 -15 30 -16 26 -13 33 -14 27 -13 33 -18 34 -10 36 -12 35 -11 37 -12 36 -11 30 -8 34 -12 32 -13 34 -10 28 -10 30 -9 29 -6 31 -12 31 -6 31 -8 36 -6 30 -10 27 -20 31 -9 29 -10 27 -11 25 -12 28 -9 27 -14 27 -11 27 -14 27 -16 24 -14 24 -15 26 -13 25 -15 24 -15 19 -19 20 -16 22 -18 19 -15 19 -17 19 -16 18 -19 17 -19 22 -17 19 -18 19 -16 19 -16 11 -25 11 -31 11 -30 4 -32 -1 -1 ]
CSI_DATA,STA,08:3A:F2:51:5D:9D,-50,11,1,0,1,1,1,0,0,0,0,-93,0,6,1,32134852,0,110,0,0,32.314935,384,[110 96 6 0 0 0 0 0 0 0 0 0 4 20 5 19 6 22 3 24 4 22 1 20 2 22 1 20 2 21 0 22 -1 25 0 24 -1 23 -2 23 -3 20 0 25 -1 21 -4 21 -2 20 -1 19 -3 19 -2 21 -4 18 -4 20 -3 23 -1 20 0 0 -2 20 1 20 0 22 1 19 -2 18 0 19 0 20 1 18 2 19 3 16 3 18 0 16 2 17 3 17 3 17 5 16 5 19 6 15 6 16 6 13 4 16 5 16 5 16 6 15 3 15 5 14 0 0 0 0 0 0 0 0 0 0 -1 -1 -1 -1 17 -26 15 -27 13 -26 9 -25 17 -19 14 -20 17 -22 17 -19 13 -19 12 -17 14 -19 10 -18 12 -23 12 -20 13 -21 11 -21 12 -23 11 -21 10 -19 8 -22 5 -24 9 -21 4 -20 7 -21 8 -20 5 -21 8 -20 4 -23 8 -23 6 -24 1 -23 6 -23 6 -23 4 -22 4 -22 7 -22 4 -24 4 -21 4 -22 5 -21 6 -21 7 -21 7 -21 7 -21 7 -20 5 -20 6 -18 6 -21 8 -17 6 -18 8 -16 7 -16 7 -16 9 -13 9 -13 9 -11 10 -11 0 0 -1 -1 -1 -1 -1 -1 -1 -1 -1 -1 -1 -1 -1 -1 0 0 0 0 -1 -1 15 35 16 32 17 37 14 39 15 37 11 33 12 39 11 33 15 41 8 39 9 43 8 42 9 44 8 43 6 37 8 41 11 41 5 41 8 33 5 36 4 34 8 37 3 35 4 36 1 42 8 36 13 33 6 37 7 35 8 34 10 30 7 34 10 34 9 32 11 32 12 31 10 29 12 31 11 31 13 31 13 30 17 25 14 25 18 29 15 25 18 24 15 24 20 23 18 23 16 26 17 22 15 23 15 23 21 23 30 21 29 16 30 12 -1 -1 ]
CSI_DATA,STA,08:3A:F2:51:5D:9D,-49,11,1,0,1,1,1,0,0,0,0,-93,0,6,1,32140123,0,110,0,0,32.324917,384,[110 96 6 0 0 0 0 0 0 0 0 0 -20 -2 -19 -2 -22 -1 -23 -4 -22 -4 -18 -5 -21 -5 -19 -4 -20 -4 -20 -7 -22 -8 -22 -7 -22 -8 -21 -9 -17 -8 -23 -7 -19 -7 -19 -8 -18 -7 -18 -7 -18 -7 -19 -7 -16 -9 -19 -9 -20 -9 -19 -7 0 0 -19 -6 -20 -4 -20 -6 -19 -3 -17 -7 -18 -5 -20 -5 -18 -4 -18 -4 -17 -1 -17 0 -15 -3 -17 -2 -16 -1 -17 -1 -17 1 -21 0 -15 2 -16 2 -13 4 -17 1 -18 2 -17 3 -17 2 -17 -1 -15 1 0 0 0 0 0 0 0 0 0 0 -1 -1 -1 -1 24 12 25 14 26 8 24 5 15 14 13 12 17 14 15 16 16 12 12 11 15 11 15 8 18 10 17 11 17 12 16 11 19 11 17 10 15 9 18 6 18 4 18 7 16 3 17 6 16 7 18 4 17 7 18 4 19 8 19 4 20 -2 18 5 19 5 16 3 18 2 18 5 19 3 17 3 17 3 17 3 17 4 17 6 18 6 17 6 16 5 16 3 13 4 16 4 13 5 14 4 12 6 13 4 13 5 11 7 10 7 9 7 8 8 0 0 -1 -1 -1 -1 -1 -1 -1 -1 -1 -1 -1 -1 -1 -1 0 0 0 0 -1 -1 -33 7 -31 8 -36 9 -35 5 -36 7 -30 4 -36 5 -30 5 -38 8 -38 1 -40 1 -39 1 -42 1 -40 0 -32 0 -37 2 -35 4 -38 1 -31 2 -33 -1 -31 0 -34 4 -33 -2 -34 -1 -38 -4 -33 1 -33 12 -34 2 -34 3 -30 3 -31 6 -31 2 -29 6 -31 5 -31 7 -30 7 -29 6 -27 9 -28 4 -29 10 -29 8 -23 13 -23 10 -29 12 -24 12 -22 14 -20 12 -23 14 -22 16 -26 14 -24 11 -25 11 -23 11 -19 22 -14 28 -15 27 -8 29 -1 -1 ]
CSI_DATA,STA,08:3A:F2:51:5D:9D,-49,11,1,0,1,1,1,0,0,0,0,-93,0,6,1,32140660,0,110,0,0,32.335228,384,[110 96 6 0 0 0 0 0 0 0 0 0 11 -16 10 -15 12 -18 15 -17 13 -17 13 -13 14 -16 13 -14 13 -16 15 -14 18 -15 17 -16 17 -14 17 -13 14 -11 17 -16 15 -13 16 -12 15 -12 14 -12 14 -12 15 -13 15 -9 16 -12 17 -13 15 -13 0 0 15 -13 13 -14 14 -14 12 -14 13 -11 12 -14 13 -14 11 -13 12 -15 8 -14 10 -15 10 -12 10 -13 8 -14 9 -14 7 -15 10 -17 6 -15 6 -15 4 -15 7 -15 6 -15 7 -15 6 -16 7 -14 5 -14 0 0 0 0 0 0 0 0 0 0 -1 -1 -1 -1 -23 17 -24 17 -20 20 -16 19 -21 5 -20 5 -21 7 -22 4 -19 7 -16 5 -18 8 -15 8 -18 10 -18 8 -20 8 -19 9 -20 10 -18 9 -16 7 -16 11 -14 13 -17 11 -12 11 -15 11 -15 9 -13 12 -16 10 -14 13 -17 12 -15 14 -9 19 -15 13 -15 13 -12 12 -13 13 -14 12 -13 14 -12 12 -12 13 -13 13 -13 12 -15 12 -15 11 -14 11 -14 10 -12 12 -12 9 -13 11 -13 8 -12 9 -12 7 -12 9 -11 8 -12 5 -13 4 -12 3 -13 3 0 0 -1 -1 -1 -1 -1 -1 -1 -1 -1 -1 -1 -1 -1 -1 0 0 0 0 -1 -1 6 -31 4 -30 6 -34 8 -33 7 -33 8 -28 9 -33 6 -29 8 -37 13 -32 14 -35 14 -34 15 -36 14 -34 12 -29 13 -33 11 -33 14 -32 10 -27 13 -29 12 -26 10 -30 14 -27 14 -29 18 -31 12 -29 1 -35 12 -29 11 -29 8 -27 7 -27 10 -28 6 -29 7 -27 5 -29 4 -30 4 -27 4 -29 6 -28 4 -29 3 -28 -2 -27 0 -25 0 -29 0 -25 -3 -25 -1 -25 -4 -25 -4 -25 0 -27 -1 -26 -1 -25 -1 -25 -15 -24 -18 -27 -19 -26 -23 -22 -1 -1 ]
CSI_DATA,STA,08:3A:F2:51:5D:9D,-49,11,1,0,1,1,1,0,0,0,0,-93,0,6,1,32141123,0,110,0,0,32.346104,384,[110 96 6 0 0 0 0 0 0 0 0 0 17 -9 16 -9 19 -10 21 -8 19 -8 17 -6 20 -7 18 -6 19 -6 20 -5 22 -5 22 -6 22 -5 21 -4 18 -2 22 -5 19 -4 19 -2 19 -3 18 -3 19 -3 19 -3 17 -1 19 -3 21 -3 18 -4 0 0 18 -4 18 -6 19 -5 17 -6 17 -4 17 -6 18 -5 16 -6 17 -7 13 -8 15 -8 15 -6 15 -6 14 -8 14 -8 14 -10 17 -9 12 -10 13 -10 11 -10 13 -9 13 -10 13 -10 13 -11 13 -8 11 -10 0 0 0 0 0 0 0 0 0 0 -1 -1 -1 -1 -28 4 -30 4 -28 8 -24 10 -21 -5 -20 -5 -22 -4 -22 -6 -20 -3 -17 -3 -20 -2 -17 0 -21 0 -21 -2 -21 -2 -20 0 -23 0 -21 0 -18 0 -20 3 -19 5 -20 1 -17 4 -18 2 -18 1 -18 4 -19 2 -18 5 -21 2 -19 5 -17 13 -19 5 -20 4 -17 5 -17 5 -19 3 -19 6 -18 5 -18 5 -18 4 -17 5 -19 3 -19 3 -18 2 -18 2 -16 4 -15 2 -17 4 -16 1 -15 2 -15 0 -14 1 -14 1 -14 -1 -14 -3 -12 -2 -12 -3 0 0 -1 -1 -1 -1 -1 -1 -1 -1 -1 -1 -1 -1 -1 -1 0 0 0 0 -1 -1 19 -25 18 -24 21 -27 22 -25 21 -26 19 -21 23 -24 19 -21 24 -28 26 -22 28 -24 27 -23 30 -25 29 -23 24 -19 27 -22 24 -24 27 -22 21 -20 24 -19 23 -17 23 -21 25 -17 25 -19 30 -20 23 -20 16 -30 23 -19 23 -20 20 -20 19 -20 22 -20 19 -23 19 -20 18 -22 17 -24 15 -21 17 -23 19 -21 16 -23 16 -23 10 -24 12 -21 13 -25 11 -21 9 -22 11 -21 9 -24 8 -23 12 -24 11 -23 10 -22 11 -22 -1 -28 -4 -33 -4 -32 -11 -31 -1 -1 ]
CSI_DATA,STA,08:3A:F2:51:5D:9D,-49,11,1,0,1,1,1,0,0,0,0,-93,0,6,1,32141647,0,110,0,0,32.356810,384,[110 96 6 0 0 0 0 0 0 0 0 0 -5 18 -5 18 -5 20 -8 21 -7 20 -8 17 -8 19 -8 17 -8 18 -9 18 -11 20 -10 20 -10 19 -11 18 -11 15 -11 20 -10 17 -11 16 -10 16 -10 16 -10 15 -10 17 -11 13 -11 16 -12 18 -10 17 0 0 -10 17 -8 17 -9 18 -7 17 -9 15 -8 16 -8 17 -7 16 -6 17 -4 15 -4 17 -6 15 -5 15 -3 15 -4 16 -2 17 -4 18 -1 15 -1 16 0 14 -2 16 -1 15 -2 16 -1 16 -3 15 -1 14 0 0 0 0 0 0 0 0 0 0 -1 -1 -1 -1 17 -21 19 -23 14 -25 12 -23 19 -13 16 -12 17 -15 19 -12 16 -14 14 -11 15 -14 12 -13 14 -17 15 -15 16 -15 14 -16 15 -17 13 -16 12 -13 11 -17 10 -19 13 -17 7 -16 10 -16 11 -15 9 -17 11 -16 8 -18 12 -19 9 -19 3 -21 10 -18 10 -18 8 -17 8 -18 10 -17 8 -19 7 -17 8 -17 9 -17 8 -18 10 -17 10 -17 10 -16 10 -16 8 -17 9 -13 9 -16 10 -12 9 -14 9 -12 9 -13 8 -12 9 -10 10 -9 10 -8 10 -8 0 0 -1 -1 -1 -1 -1 -1 -1 -1 -1 -1 -1 -1 -1 -1 0 0 0 0 -1 -1 3 32 4 31 4 35 1 35 2 34 0 29 -1 35 0 30 2 38 -4 36 -4 39 -4 37 -4 39 -5 38 -5 31 -4 36 -2 35 -6 36 -3 29 -5 32 -6 29 -2 33 -7 31 -5 32 -9 36 -3 31 7 33 -4 32 -3 32 -1 29 0 28 -3 30 1 30 0 29 1 30 3 30 2 27 3 29 1 29 5 29 4 27 9 26 5 25 7 28 6 23 8 23 7 24 11 24 11 23 7 26 8 24 7 23 7 23 18 20 23 21 23 20 27 16 -1 -1 ]
CSI_DATA,STA,08:3A:F2:51:5D:9D,-49,11,1,0,1,1,1,0,0,0,0,-93,0,6,1,32143350,0,110,0,0,32.367140,384,[110 96 6 0 0 0 0 0 0 0 0 0 19 -2 18 -3 21 -3 23 0 21 -1 18 0 21 0 19 1 20 0 19 2 22 3 22 2 22 3 21 4 18 4 22 3 20 3 18 4 19 4 17 3 18 4 19 4 16 5 19 4 20 5 19 3 0 0 19 3 18 1 20 2 17 0 17 3 18 1 19 2 17 0 18 0 15 -3 17 -2 16 0 16 0 16 -3 16 -2 16 -4 18 -3 15 -5 15 -5 14 -6 15 -4 15 -4 15 -4 15 -6 15 -3 14 -5 0 0 0 0 0 0 0 0 0 0 -1 -1 -1 -1 -26 -11 -27 -13 -29 -8 -26 -6 -18 -16 -17 -13 -21 -17 -17 -14 -18 -12 -14 -12 -18 -10 -17 -8 -20 -10 -19 -10 -19 -11 -19 -9 -21 -10 -19 -10 -17 -9 -20 -7 -20 -5 -20 -8 -18 -4 -19 -6 -18 -7 -19 -4 -19 -7 -20 -4 -21 -7 -21 -4 -21 3 -21 -4 -21 -5 -19 -4 -19 -3 -20 -6 -20 -3 -19 -2 -19 -4 -19 -4 -19 -3 -19 -6 -19 -6 -19 -6 -18 -6 -17 -3 -16 -5 -18 -4 -15 -6 -15 -4 -14 -6 -15 -5 -14 -6 -12 -7 -12 -8 -11 -8 -10 -8 0 0 -1 -1 -1 -1 -1 -1 -1 -1 -1 -1 -1 -1 -1 -1 0 0 0 0 -1 -1 31 -14 29 -15 33 -16 33 -13 33 -14 28 -11 33 -12 28 -12 36 -15 35 -8 39 -9 36 -9 39 -10 39 -8 32 -6 36 -8 34 -10 37 -6 30 -8 30 -7 29 -4 32 -10 31 -4 33 -5 37 -4 31 -7 30 -17 32 -8 32 -8 29 -9 26 -9 30 -7 28 -13 28 -9 28 -13 28 -15 24 -13 26 -14 26 -11 26 -14 25 -13 20 -17 21 -14 24 -17 20 -15 19 -17 20 -15 19 -19 19 -20 22 -18 21 -16 19 -15 20 -17 18 -24 11 -27 15 -33 8 -30 -1 -1 ]
CSI_DATA,STA,08:3A:F2:51:5D:9D,-49,11,1,0,1,1,1,0,0,0,0,-93,0,6,1,32143657,0,110,0,0,32.377795,384,[110 96 6 0 0 0 0 0 0 0 0 0 11 15 11 14 13 16 12 19 11 17 8 16 10 18 8 16 10 17 8 18 9 20 10 20 9 20 8 20 5 18 9 20 7 19 6 18 7 18 5 16 5 17 6 18 4 16 7 18 7 19 8 17 0 0 7 18 8 16 9 18 8 15 6 16 8 16 9 16 7 14 8 16 10 11 11 14 7 13 10 14 10 13 10 12 11 12 12 14 11 11 11 12 12 9 10 12 11 10 11 12 13 10 10 11 11 9 0 0 0 0 0 0 0 0 0 0 -1 -1 -1 -1 -13 -24 -14 -29 -18 -23 -16 -19 -1 -24 -1 -21 -2 -20 -2 -22 -3 -21 -2 -17 -3 -18 -4 -17 -5 -19 -5 -19 